3722403  
2231307  
758491  
2969495  
4209428  
4371664  
8126410  
15409347  
4263999  
7136770  
3205495  
2340672  
2425199  
3772395  
3164489  
6061294  
7887639  
6724672  
8252214  
8818809  
1521690  
1647149  
4032433  
4033914  
7246394  
2169613  
1979593  
1824931  
8457261  
9394550  
3010326  
9668803  
799279  
6506981  
1873883  
1599456  
1358453  
1796877  
950905  
2453128  
1829314  
3747061  
5936271  
2359140  
693603  
2305219  
1563848  
86736  
464324  
687474  
1096283  
412347  
463064  
422004  
59099  
88671  
953207  
103100  
976753  
3591134  
1099469  
4558101  
2379700  
541680  
2854299  
3625710  
4819535  
9443101  
15376908  
4773938  
7345301  
2498474  
2656587  
2049852  
3439681  
2718571  
6586067  
7559165  
7281937  
7445929  
8653824  
1843658  
1265121  
4813047  
3590270  
7702582  
2413494  
2088765  
1747737  
8369767  
9778950  
3121010  
8974551  
929472  
6783719  
1493429  
1639262  
1870281  
1645671  
1304720  
2387786  
1522282  
2830462  
4764276  
2469549  
594035  
2271447  
1542181  
67120  
448979  
680939  
1034903  
413697  
467193  
500457  
105877  
99592  
973814  
139476  
973501  
3255755  
1289245  
9050548  
10863659  
4316802  
219572  
