393840  
483596  
668014  
485538  
913146  
640957  
372422  
262910  
285632  
235160  
578871  
688548  
653759  
883984  
230002  
581784  
265616  
941312  
641167  
724393  
823438  
234378  
504725  
634282  
389485  
381624  
461361  
518905  
643145  
263136  
226277  
322555  
544868  
402374  
390655  
458165  
508801  
606829  
779302  
716208  
868086  
632153  
404028  
437408  
589740  
427992  
842926  
669590  
444201  
601211  
436951  
784050  
582116  
515450  
640593  
852546  
723049  
672092  
826552  
587596  
801231  
567860  
635355  
550014  
566191  
538562  
615458  
685688  
464955  
613841  
471767  
584467  
508553  
536148  
497649  
323404  
359415  
534711  
505175  
597718  
760088  
498838  
724120  
521067  
460763  
453025  
400376  
489700  
792595  
493615  
855775  
452814  
421017  
563409  
425962  
471270  
504185  
656429  
466293  
502959  
411372  
450773  
669493  
330362  
298992  
671157  
423322  
760823  
413799  
367523  
695652  
524188  
330632  
234490  
291471  
718290  
795186  
233631  
218750  
256922  
622029  
326526  
172991  
572243  
406471  
438140  
516228  
471300  
675043  
501776  
659191  
342745  
419501  
475620  
370179  
444699  
331387  
162976  
347488  
340438  
537814  
245667  
182060  
161206  
173984  
210602  
196456  
231506  
167527  
177322  
361018  
135771  
118795  
212999  
198585  
141301  
156074  
399051  
459433  
224238  
66910  
107982  
107785  
91737  
262857  
101734  
70848  
97405  
162317  
254721  
282703  
702827  
209318  
249162  
214135  
405733  
412731  
488479  
359398  
942972  
725631  
512648  
608586  
318503  
444619  
526594  
583616  
273028  
513037  
593786  
203067  
722217  
667199  
203450  
440020  
209198  
756171  
330332  
389495  
601230  
867300  
497952  
579149  
284894  
427054  
530552  
476666  
320629  
405605  
114609  
461001  
301141  
176947  
190103  
274401  
299790  
196182  
162751  
195405  
141411  
155625  
170257  
320131  
174991  
113843  
127426  
124883  
225638  
228801  
82930  
134781  
176732  
94537  
136834  
337218  
552283  
381181  
280516  
409279  
580456  
696893  
290355  
298369  
709311  
420900  
673939  
949180  
327619  
467955  
575429  
618044  
673290  
636574  
397615  
333892  
582984  
523552  
420980  
155682  
192328  
310881  
272739  
314366  
284978  
199767  
274187  
348187  
256907  
340916  
605433  
282574  
258281  
234603  
328154  
315466  
486200  
206251  
199159  
173941  
102515  
215289  
378878  
392300  
702250  
420837  
348611  
260019  
537885  
537526  
681879  
447626  
170976  
162176  
403575  
422290  
304845  
235312  
426425  
420609  
466914  
955076  
590726  
571295  
407075  
606064  
323361  
278688  
406224  
355329  
351522  
320303  
413690  
582774  
464907  
535881  
437904  
622998  
590240  
672773  
752711  
324502  
525458  
489077  
440670  
837977  
714228  
588684  
616316  
545038  
933369  
393712  
226612  
300099  
181315  
249406  
269677  
290501  
242775  
110155  
86477  
328909  
182994  
184514  
157745  
289767  
164211  
168992  
42519  
205273  
47708  
115602  
88444  
280176  
250511  
301047  
89657  
365971  
396533  
445724  
366675  
161291  
139808  
215723  
297401  
195097  
189756  
414648  
465159  
547930  
630784  
343223  
171976  
251801  
128697  
542504  
145939  
220441  
222564  
267093  
371321  
520220  
248421  
283439  
263523  
276793  
212412  
253494  
397285  
391762  
576653  
296475  
353126  
591705  
446823  
400188  
378958  
460591  
440069  
1016368  
552631  
1008590  
820281  
772465  
695377  
776792  
355349  
301782  
405179  
302467  
611467  
524582  
1305729  
719772  
905370  
904620  
914860  
538785  
1041157  
906249  
607871  
554500  
668525  
587737  
620390  
888496  
570586  
859743  
725736  
561717  
718113  
673355  
1210674  
639930  
526443  
446728  
774319  
597823  
531176  
528290  
434172  
600675  
866132  
671928  
774051  
803466  
976289  
426684  
723928  
771103  
874057  
753124  
559473  
412022  
498920  
492721  
666176  
674429  
481449  
341727  
348752  
405368  
540704  
654854  
503808  
506174  
649686  
408780  
406264  
502283  
561432  
384923  
332700  
400118  
365339  
687755  
552873  
443618  
698788  
352121  
487918  
725940  
819511  
389308  
215722  
193879  
309976  
388376  
417480  
472681  
324313  
522167  
717430  
375739  
425384  
533206  
509888  
826817  
468292  
471236  
555639  
1116112  
9491536  
3976576  
5784714  
2223841  
654980  
3212886  
1643673  
315202  
301773  
511853  
495717  
858800  
656365  
406386  
305214  
269036  
270827  
595385  
743867  
592501  
992938  
250324  
635753  
404999  
824745  
726093  
392168  
439096  
134930  
424317  
638967  
466557  
396841  
534515  
371346  
585001  
289543  
224019  
325346  
451090  
324796  
347170  
419506  
456442  
488076  
820603  
677736  
533619  
273527  
772537  
558494  
742521  
387120  
835322  
523487  
558693  
561362  
367558  
756870  
684291  
534172  
606352  
930079  
931456  
479959  
690706  
547342  
733554  
351469  
486111  
718835  
502075  
686371  
519198  
739516  
491587  
692425  
320391  
390443  
505402  
379562  
302847  
253049  
263557  
438563  
303941  
486558  
663629  
676209  
661954  
393817  
387199  
482541  
517759  
374967  
808667  
493174  
788089  
539567  
284083  
384984  
395124  
438740  
448141  
635231  
527330  
501329  
427224  
336772  
655374  
311311  
395038  
644214  
530231  
807358  
438981  
339274  
547078  
510457  
360680  
205798  
220398  
832369  
1250243  
393659  
195111  
322471  
811488  
304440  
217045  
563095  
365765  
367279  
434502  
482636  
940290  
523257  
676810  
355921  
468171  
384903  
341874  
417137  
534714  
181587  
330885  
293139  
575119  
362239  
213821  
193058  
176560  
239563  
245992  
193172  
284542  
167849  
300171  
134797  
79697  
145104  
138376  
131625  
145669  
356274  
255636  
168245  
83156  
101726  
100153  
82127  
230112  
70599  
89580  
297489  
129957  
281530  
103691  
408322  
293604  
282192  
234183  
267230  
447411  
364829  
299594  
925951  
760251  
719611  
578978  
186819  
305524  
392910  
443082  
295373  
610697  
444264  
281151  
635083  
486151  
233514  
350746  
206177  
952366  
317517  
332431  
526322  
810354  
516865  
510154  
369939  
208952  
740338  
612940  
403619  
432158  
136936  
339967  
245786  
215592  
213327  
220540  
348581  
213424  
113471  
175433  
128390  
101783  
277831  
352256  
119014  
109998  
162644  
136384  
179829  
266485  
158630  
141246  
128530  
142603  
151371  
294853  
501202  
257240  
468475  
302589  
518829  
823733  
527643  
415267  
722408  
371641  
693292  
762645  
157256  
390872  
533740  
623586  
687081  
273405  
170425  
512015  
805596  
419340  
465414  
92415  
181203  
361615  
254472  
205316  
345354  
371047  
392133  
294057  
348204  
297994  
614592  
323004  
262162  
275575  
302829  
247090  
417967  
193461  
188022  
106758  
208649  
352311  
356871  
286336  
441480  
370824  
372925  
319729  
377609  
778574  
827834  
548175  
224690  
225033  
433028  
359777  
273093  
315510  
321250  
334585  
744786  
1076654  
321136  
179741  
273546  
221138  
490474  
293858  
618422  
427303  
273762  
331663  
289273  
679981  
486815  
513050  
508565  
695520  
573695  
610273  
682267  
454407  
475209  
348891  
426959  
793376  
772178  
618990  
441750  
472215  
817291  
430633  
110152  
344063  
172773  
365205  
329750  
200907  
172720  
110332  
134976  
403004  
157714  
113097  
147641  
198223  
35900  
71044  
135441  
198804  
184131  
237405  
283640  
594783  
388383  
395723  
152578  
347410  
326094  
484801  
458856  
336839  
248524  
341505  
214904  
298466  
315281  
424596  
529276  
667681  
669284  
365591  
249945  
113231  
160251  
502636  
159209  
161599  
271047  
226234  
334761  
537130  
329024  
219644  
305957  
243073  
247673  
309375  
640551  
338811  
592388  
263389  
327457  
597931  
417512  
402702  
304925  
417758  
531457  
825733  
596977  
929086  
704556  
522783  
634850  
1030715  
213673  
225050  
447383  
272161  
574233  
704672  
1140185  
804012  
1062881  
761276  
562672  
565341  
932606  
887602  
545661  
580744  
558252  
555356  
739339  
782846  
1015015  
881091  
1163110  
636890  
628113  
654528  
898785  
508393  
529910  
452620  
711456  
767916  
664186  
524090  
542595  
516219  
929278  
753142  
506263  
1035954  
1066179  
492170  
695847  
954528  
906160  
657178  
787101  
437140  
642728  
601080  
809534  
817745  
743602  
400519  
361497  
339636  
312233  
267193  
474309  
534245  
691711  
318554  
382960  
515368  
497653  
327789  
352318  
272231  
387356  
736016  
664297  
574389  
721229  
243937  
466888  
831995  
984335  
492581  
275770  
166154  
317817  
438977  
423522  
433418  
343075  
422123  
