0  1.64426e+06  45815  727345  448126  21684  547947  29553  7683  24917  5800  5770  1337  1402  1875  30859  46706  9517  29700  10620  3151  7584  118511  89235  72157  13957  29693  266705  66285  266772  32920  213743  2125  995849  114022  175399  476150  48872  125670  36556  24640  14334  148  4090  11660  193  250  2839  6720  1305  2505  3368  2054  387  294  573  4999  1281  7173  1241  5907  782  797  3394  4956  2014  491  921  5155  6214  4477  266  3297  40  7116  8782  41653  6007  3747  23993  3297  3404  45159  
1.07236e+06  0  14421  10499  699848  7750  426679  17801  2378  9334  20185  900  338  373  706  11568  16865  9637  9593  15241  1781  2211  32999  26031  22773  4490  5212  35587  17122  49268  8767  26757  293  30423  657225  662105  360409  89751  48638  26257  28411  282  160  467  1021  136  110  3128  5577  515  1332  2031  308  64  88  291  2065  458  3019  569  2825  526  633  2807  1625  851  244  518  438  638  320  71  466  10  186  14542  2913  3143  2680  910  2519  1900  157297  
35748  3710  0  175970  432  80  219405  159152  425  1094  2668  392  135  181  231  1232  586  1426  1229  2626  398  540  5332  4823  4292  967  1030  8712  3117  7343  547  2749  13  898  53409  212113  67527  8579  63957  4979  4737  1691  1100  8074  19274  467  145  18062  25370  589  856  564  2007  107  64  286  705  181  759  331  1064  358  475  1728  1476  960  383  857  1023  1176  587  43  450  9  718  8406  20002  3816  1110  4587  2421  3961  12181  
787926  2386  140254  0  523  129  21736  791682  888  2802  3166  655682  9870  8642  8683  2720  2270  5219  3637  8585  1637  1676  10584  9956  12523  4155  25492  85225  7268  21764  418  20189  43  6788  38691  394915  66453  21186  199412  14336  38369  222363  6738  103976  1.32423e+06  1376  710  91196  215454  3108  3539  2369  189637  21446  9257  6298  2776  770  2855  2217  7956  2089  2299  11166  8706  5607  2237  4530  15691  18070  11707  375  7860  50  17698  26567  370699  20286  3564  57063  9401  15036  11017  
382482  927339  1688  1036  0  890038  1.02262e+06  130229  107456  66541  19783  333  302  457  729  55665  126535  13466  63302  19291  1678  1218  38053  11237  17627  1505  2404  14671  22047  77494  37745  93864  3162  594701  430199  268206  220718  48185  2627  8640  12354  334  250  262  579  2821  3746  30290  70774  18959  5336  3241  188  217  196  523  4050  890  4915  1272  4765  969  624  3871  1448  1737  377  661  532  1397  613  134  719  25  660  24961  8784  14509  7068  231  2936  1816  143975  
86927  122090  616  410  945737  0  403026  386673  562771  1.31523e+06  5609  93  154  531  298  158860  192244  4303  61660  5808  431  216  15928  1904  13193  922  461  5382  14468  41582  31018  161610  5767  861167  33517  19322  68084  14790  734  1583  1503  231  115  120  201  617  3683  8272  72709  29461  36490  5821  57  80  217  236  4440  917  3006  781  2789  458  191  1425  398  1784  178  360  414  1545  552  107  645  41  1045  12506  5814  9740  5241  113  2342  694  27662  
544180  531560  246940  31740  1.39757e+06  397513  0  1.23948e+06  1.19086e+06  124116  66087  2648  873  1098  2094  35326  45707  38920  162618  58696  5301  5246  114011  53180  86663  10217  7524  50216  67221  127601  19624  39326  409  28215  1.20189e+06  1.25165e+06  437075  133711  90583  44120  38399  3243  5720  14524  27901  22950  16233  277723  402046  67793  19214  9882  3972  1388  610  3984  12524  3032  13858  5845  18418  6089  3801  22011  7660  7925  2907  4640  3543  6431  2739  518  2869  124  3360  166173  141105  76544  30080  4913  18693  9078  396710  
19444  11925  130484  755999  27639  43640  1.41433e+06  0  1.71453e+06  399647  535018  820904  1.39411e+06  723305  173684  29906  11645  35947  56038  425127  16443  4533  63371  17677  38099  37230  32331  21483  17591  29526  4312  19789  337  22745  655105  560960  304555  150237  41729  60264  26592  63121  14178  60486  404452  36224  61962  568679  2.17779e+06  457761  363580  132132  116465  86827  39680  39233  47739  7337  29197  16756  97536  20012  7518  47807  13295  29024  10028  13355  11783  25091  10435  1248  9144  393  18697  362823  345362  227339  95392  14969  51097  17363  434275  
7389  4283  1028  610  70012  604507  693811  1.24617e+06  0  1.16641e+06  7393  122  92  170  220  9290  13729  14744  166407  7139  611  389  33814  3073  30615  1495  843  5916  30938  39368  5874  14205  181  15902  157891  75048  83980  48250  1844  3494  4587  574  393  296  308  1894  17707  22296  157205  115592  65131  6739  62  111  150  390  4647  792  3406  1862  4028  1025  433  3911  850  4887  406  884  1102  3554  1204  139  1006  57  2835  29867  16517  21745  11677  302  5146  1353  116957  
41375  28957  2817  2119  67361  1.04218e+06  100622  707940  992568  0  247482  397  399  3170  553  2.2296e+06  202766  34073  70969  30365  1006  492  17029  3451  18610  1130  1084  12699  24468  66009  36966  356989  34658  560824  158239  110465  242144  219745  3317  9927  4801  1570  814  641  1082  1296  2399  6447  216070  18226  338674  177550  330  467  8143  1286  67517  12115  14829  5530  15495  2920  777  7414  1555  9379  1028  2164  3051  7663  2725  825  6258  650  7125  70041  79060  66886  62138  785  33304  6308  272544  
1055  526  1776  2090  694  597  6419  757167  4413  336026  0  14535  39699  1.25928e+06  3957  141437  8221  68639  1772  838549  3550  551  2925  1335  1708  662  624  1445  1520  3408  821  8767  1328  1856  64886  22748  27798  23613  2007  3532  3643  2066  1044  676  2397  2701  2375  7977  98025  6714  185104  307747  3909  7519  83564  5594  158464  40474  74712  12433  74559  9912  1436  6833  2509  9323  2602  3268  2041  12083  6369  4629  16492  1003  3306  93686  63209  40460  61267  1199  29669  9207  110764  
10345  857  5442  1.00118e+06  439  104  16474  938390  640  2250  4976  0  343468  257921  254940  2487  2142  6076  3383  97210  4672  1917  9850  7762  15522  30303  38685  31814  7242  10294  160  3175  40  738  36549  15175  42912  23505  80860  53920  55433  67246  1065  4148  249267  2808  549  41741  226264  2319  2515  6311  599951  95162  32181  77762  3659  744  4630  1931  49550  8257  1829  6930  3934  3482  8988  8565  3563  3949  2339  173  1992  22  2379  33236  49045  27384  10297  12196  9743  3843  14702  
2161  280  1347  11015  560  143  6850  1.20011e+06  1534  1864  21894  356564  0  705908  471537  2164  786  4806  1315  352312  12031  2798  3937  5055  12434  47603  48542  10785  2196  3051  106  1141  31  393  29210  4731  20204  10143  19369  92178  17792  3356  273  442  17186  1815  1745  19973  188877  9618  4200  11370  130577  369570  73851  130269  4593  947  5984  1714  102553  15264  2330  5121  5040  4830  19940  16963  1388  1776  898  193  898  49  962  21762  9807  23695  9907  2793  15275  4510  12132  
1651  380  1496  10726  521  449  5752  877036  3882  13883  1.38128e+06  162059  562875  0  708459  9845  5580  10282  1893  1.08944e+06  24758  4597  4564  6342  7371  22591  21514  5690  1855  2923  321  2559  164  710  27562  6951  25971  7719  8897  48847  9036  3162  483  452  16257  1387  1236  7906  155720  5266  74444  160269  65982  118216  444024  140791  68728  10281  21039  2225  224148  28886  3491  4139  6354  4548  11326  9348  1197  2967  1388  492  3679  292  1304  43286  24125  19778  29250  2605  22357  4648  34849  
1830  287  899  8881  215  54  2656  111608  569  1557  25551  124208  155770  419861  0  5510  1286  17542  1660  2.11345e+06  153303  55066  5215  511657  17452  142803  65005  8830  1898  2467  172  1954  112  626  36687  3494  16545  8014  8231  120812  12088  2783  180  240  10248  274  223  3108  37073  886  2895  21181  36751  30051  77045  432506  12823  2627  27543  2631  284863  25460  4709  5157  9331  4135  8581  7144  860  2376  1110  470  1952  85  489  15164  4099  11343  12486  1599  12238  5174  22529  
41650  23142  2942  2537  30625  93075  26156  45626  47766  1.95439e+06  156980  750  457  2188  750  0  1.69231e+06  383154  54375  50452  1079  521  16099  3778  22592  1400  1629  22719  32712  84437  40053  421073  166656  548750  232930  66090  387494  190871  4697  8007  7219  913  423  358  863  740  1029  3374  10609  2262  42142  44611  318  183  761  884  76782  25785  55340  8822  23707  2187  652  4055  1419  6441  896  1514  1171  7649  3972  3430  11968  672  1184  37992  16645  17459  20699  842  9205  7335  315448  
62441  93747  4026  3393  183482  149318  94527  78846  72086  271808  142693  2472  2139  10265  5735  1.9591e+06  0  315582  981042  128076  4036  1091  23462  5593  39227  3025  2873  21965  66252  324870  374974  1.63164e+06  379447  470464  320036  103720  425143  134380  10837  16939  14840  2607  1334  959  2105  1799  2260  8521  28009  6144  57314  102154  763  755  2757  4357  214487  61500  195117  22505  110229  6978  1458  9632  2954  18177  2974  4812  3359  23307  11304  6483  29342  1844  3043  108241  23883  64516  73207  1906  27259  23402  364552  
12700  5704  4225  5356  3998  3489  26615  62714  179706  109406  134648  2570  1023  1060  2343  527541  401892  0  3.22005e+06  962024  116987  7166  1.10803e+06  19571  120986  11695  11500  27978  45497  39059  1109  42823  775  15745  244159  20839  195503  102338  30885  95818  72551  3453  1276  1217  3060  566  713  6673  21358  3508  13478  21292  863  408  400  4827  22833  7525  137900  25086  155243  36393  24117  92949  30548  50089  10900  10696  5809  20852  8799  2386  10567  342  3708  166278  14131  56795  42637  2941  60767  31758  220330  
41771  21060  9010  8139  57440  37815  164146  105363  427212  134427  12809  3065  1312  1500  2943  56194  1.32741e+06  2.64032e+06  0  46924  6424  3286  1.38796e+06  17824  287925  16534  18099  64733  382762  1.11737e+06  417225  223666  1253  55993  374960  44528  436593  203061  62657  173493  138716  1946  720  651  2017  724  2009  7683  39227  13030  27965  17922  778  311  395  2338  18580  4159  69967  12193  61140  10528  7332  26376  13213  17628  3290  4356  2994  10530  4325  1004  5369  183  2114  84771  12884  61722  42607  2966  26442  19115  320665  
9154  4102  4530  8497  2252  638  20199  327489  5664  24950  971233  56061  122470  382357  2.00714e+06  108291  11531  1.13091e+06  28112  0  1.89559e+06  572724  88191  1.11506e+06  105071  351091  89568  34681  32644  22280  1556  27731  1889  8163  289523  25247  115738  60049  26541  375960  49389  10968  4001  3758  15052  2243  2319  23139  111501  6607  38655  192260  21323  32720  90951  263291  155651  48256  536317  75191  1.46763e+06  169447  58649  194423  107266  105390  26805  28405  14741  67619  29838  11491  43144  1493  10345  384493  43000  165194  162583  7387  137243  84259  323607  
772  364  322  421  158  26  1399  5153  265  582  3845  904  999  1296  72569  487  153  171323  2714  872089  0  472463  63680  277921  13228  24361  8094  3887  2453  1718  33  1418  22  539  44121  1196  8509  4415  1781  59781  4730  603  129  178  637  49  27  686  3920  151  553  1036  631  1014  1220  6621  1193  364  24800  1733  106220  122584  40280  40793  69299  7899  3574  2259  794  1505  620  64  676  34  498  22989  1117  5469  3593  289  17221  4113  15142  
2397  1163  1129  991  346  26  4361  5642  154  325  612  868  694  813  38591  268  129  15727  661  324094  641914  0  40844  709432  23693  47546  6988  7923  3671  4046  55  3060  11  1340  54041  1192  14012  3315  4156  84981  6982  443  68  149  531  34  25  434  2208  95  204  362  436  663  722  4157  358  102  6102  498  40575  70966  45221  13358  87516  5578  3912  2187  672  842  330  24  329  10  415  21256  667  4723  1662  367  23286  2361  6234  
41166  21731  8487  6696  10766  1185  53641  58636  21480  7703  5264  2161  933  904  2300  5264  4105  675177  1.3392e+06  81255  82123  32901  0  216405  882210  34431  16735  58043  822121  623430  2561  170424  324  38517  270387  20619  332048  115870  32054  111121  104048  1481  343  432  1419  282  371  3039  9958  2314  5668  3764  537  226  249  2639  3129  741  42357  4884  84284  29115  23048  95751  32714  23263  5580  3847  2105  4396  2012  122  1662  71  1283  59076  5425  21759  10282  2236  27687  9503  193505  
22713  12616  9930  7004  4031  180  42806  39698  468  929  1194  2282  1066  1141  461358  1083  702  20765  5080  587991  374145  629374  445384  0  1.44407e+06  505072  19870  51433  26549  32811  463  23113  63  9383  115856  7089  110666  18783  25874  200996  40915  1059  101  352  1261  95  66  1501  3198  322  460  531  637  429  402  3487  674  166  6189  1069  25742  10321  13228  19128  121439  10490  6884  4036  1368  1755  732  50  664  10  918  37157  2622  16728  5158  2018  41873  4203  28453  
36437  19229  13999  10641  7422  1407  70306  67684  28762  5201  6171  8524  2982  2589  42236  5692  3547  76622  206001  134527  37334  46521  1.07938e+06  1.53076e+06  0  1.6731e+06  822072  306931  3.27183e+06  177333  1731  46978  225  18476  228406  26000  192854  68194  41360  942793  134924  1575  305  459  1899  277  468  3394  10812  2387  4438  5967  1284  542  410  2796  8199  1963  27030  3799  42572  9558  8461  26026  22878  14968  5461  3749  1751  4345  1876  339  2220  87  1269  44945  6060  28877  16207  3252  31551  7518  107915  
2388  1016  1427  1197  320  47  4889  13615  598  640  1595  4070  1814  1341  78704  756  276  21081  9311  110944  24935  18205  49538  262427  1.55176e+06  0  143318  22399  45416  12999  65  4486  39  1689  22366  1715  15274  7986  4514  398282  17561  178  35  45  311  38  38  353  2568  205  660  1425  557  324  225  1597  1552  323  3528  446  11432  1570  1157  2003  3352  1308  689  475  176  521  226  67  301  10  113  5496  642  3978  2711  342  3931  935  35600  
32579  2041  2995  10508  918  258  5014  25223  977  1514  2062  13876  4550  4117  70350  2708  2040  21248  9279  64900  12140  3957  40801  18075  882068  369453  0  484627  11061  14551  594  6914  108  12695  110018  9103  116589  134375  10596  849592  500367  2716  62  198  1400  62  62  609  4336  354  889  2540  1853  693  336  2533  2712  391  5474  763  9243  1046  763  1677  1897  1328  890  849  1306  1795  1163  109  983  15  1317  8581  6309  3398  3179  5629  4361  1765  38290  
215838  18139  19083  53830  7162  3038  40792  28412  4669  9521  3188  8230  2404  2192  6276  16250  16291  14979  21601  18602  6104  7956  90167  74383  117480  53426  131639  0  207018  715273  9658  677172  1354  104834  143206  27495  223034  119529  37082  190069  424937  8609  81  595  4873  135  184  1521  4041  914  1317  2364  1897  446  262  842  3155  764  7817  1361  7143  1076  1140  3759  4816  2414  756  1081  4120  5047  3432  184  2693  36  4324  11400  21639  8683  6156  20551  4658  3178  33631  
61298  32244  19146  11481  13906  3046  101928  61145  60931  8710  12398  2375  1110  1655  5305  10834  12292  56485  415558  59558  15725  30727  1.37804e+06  266974  3.64023e+06  100990  32664  358644  0  3.60234e+06  37777  151081  482  31474  257307  34762  192829  83856  24118  394408  84783  1546  384  457  1542  412  885  4391  13677  3922  7891  12184  513  223  356  1558  19603  4927  45069  5744  45243  7516  4318  16436  16163  9729  2238  2270  1645  5761  2524  703  3764  163  1286  40299  7429  24306  21366  2594  14893  8631  159608  
161513  76751  19773  10316  51860  15137  146769  90032  78995  20108  33897  1758  1176  2802  3794  26523  348590  44865  844524  65763  11270  20076  618544  187433  284834  40493  12233  715537  3.49367e+06  0  1.06342e+06  3.46918e+06  1407  122888  299547  40525  249626  147930  16927  155728  53757  1469  496  513  1399  651  1273  5584  22400  5743  17414  32936  486  321  851  1795  51615  12641  75266  8721  52569  4814  2546  9777  11989  8625  1690  2133  1539  8520  4001  2003  8036  363  1383  45910  8979  30296  30171  2048  14173  9791  291197  
17425  16085  1900  1103  48950  9193  50862  40802  22470  7432  16039  473  462  1091  1309  13097  543854  12007  513034  25893  1178  637  21581  5063  25108  1362  819  14207  113593  1.36027e+06  0  922840  1185  18319  86075  11496  80101  59290  2066  4872  3409  504  202  194  444  249  456  2455  9815  2167  6786  15623  148  122  365  743  23132  5417  38389  4363  23338  1484  329  1907  788  3523  457  862  643  4578  2195  899  3836  137  569  20260  3390  13995  16123  416  6009  5079  113311  
421848  133734  11255  16191  125204  112074  99611  109414  40579  335926  95911  3128  2351  5656  6999  362598  1.62999e+06  118879  290826  162702  19066  10575  465571  91641  181639  24252  12091  675528  154786  3.82224e+06  806515  0  797612  967751  201339  46185  659433  120599  17874  50867  66798  3126  876  927  2337  1036  1617  7292  22979  4686  22384  83653  832  676  1924  3251  127858  31134  177672  18787  112625  6705  2244  10999  7771  15088  2269  3590  3034  18295  9076  5024  19085  846  2691  81700  15583  53811  58702  4252  22985  17761  227502  
6458  4085  306  247  4478  3644  3931  5643  875  16427  6649  124  107  250  294  69084  188858  4444  3133  9011  313  81  2186  429  1632  367  205  2816  1498  5677  4390  453597  0  188864  3688  1442  55039  5639  324  558  639  82  42  32  74  64  87  304  956  153  1157  5045  33  36  120  133  7662  2007  9152  891  5493  197  53  332  109  619  94  124  93  728  358  311  1039  47  84  3488  601  1718  1997  80  779  532  6307  
1.1006e+06  351765  2003  3344  1.01082e+06  1.37593e+06  56068  54614  22672  913076  17308  446  259  1130  855  1.25002e+06  842905  19899  37059  21477  2071  1197  43827  10554  23022  2719  4754  80951  23080  111358  55502  1.2405e+06  445729  0  30521  14135  660117  18509  2041  5013  10623  373  150  111  369  308  425  1958  7134  2087  6104  9260  153  83  283  386  17793  4383  15509  1688  10656  833  256  1342  929  1477  265  386  331  1731  798  442  1939  123  332  10223  2760  5338  5450  489  2316  1730  28616  
25354  74918  88866  26767  25857  2920  710035  1.1679e+06  96910  599346  943689  16667  14668  15969  33007  491923  67254  624034  110482  793706  64119  20155  272291  96731  214503  67122  207313  271114  121773  208568  4257  62495  1172  10620  0  3.03424e+06  375643  365013  348246  1.74925e+06  977394  3658  2473  3507  9185  5757  3391  71401  167033  20016  45447  66861  3757  1564  2975  7249  55887  11427  72894  13457  95570  17906  18019  79925  29141  25303  12129  16485  10842  15916  6209  1403  10161  445  3597  499154  46839  78607  60384  5749  83750  51084  4.12994e+06  
20451  25310  121688  44893  8704  3264  568204  372069  23966  127074  315865  3655  1943  2586  3536  99268  36265  57182  9562  130909  6047  1740  19831  8320  24528  5766  20791  46029  20122  32465  1527  16114  1238  5463  2.57345e+06  0  207474  238769  1.06285e+06  159542  127557  2571  1601  2888  6569  2420  832  41734  60081  5621  22980  30340  1314  448  1428  1442  26084  5242  15219  2987  17082  2664  2522  12864  4250  4152  1509  2736  2881  4135  1996  449  3098  157  1724  96661  30962  22581  13221  8352  11881  9595  552995  
113863  85186  167977  58986  39807  4499  690996  1.18332e+06  57495  378659  143171  8364  5377  7148  10272  181295  114012  130517  181644  115340  10775  6277  134095  42870  80993  12117  11792  61825  63104  136644  32691  116100  4417  87934  134810  326224  0  1.64171e+06  148248  28286  108537  2686  1138  2110  7247  3230  2657  37064  148116  13703  119556  91442  2646  953  3094  2781  41902  7321  28291  5823  29257  4334  4286  16557  9354  7995  1576  2204  2290  6110  2840  761  4506  296  3318  65947  46476  67589  45182  6579  20908  6793  130777  
3450  3979  4770  3916  2672  477  43126  157601  12429  208410  72449  2617  1768  1931  3458  46046  15423  73337  97855  68402  5410  1434  32106  6367  35543  5570  9117  15018  35433  46300  4561  9560  174  1545  159244  146904  1.3065e+06  0  37520  34488  122651  395  234  258  929  488  370  4638  17738  2595  16732  15755  559  194  766  880  9589  1948  12116  1839  12798  1915  1136  5640  1821  2431  567  670  413  1662  768  249  1240  71  401  25475  7856  14475  20944  1234  9286  10183  439100  
26782  3961  67982  36191  285  117  78644  30600  648  3836  17668  4685  2398  1857  2022  6162  2562  6034  2812  11443  1057  850  7705  5055  7317  2044  6590  20701  4751  8615  213  3730  58  612  230727  607654  66178  28138  0  18601  34719  599  56  368  1658  110  55  1545  2755  312  863  1707  926  139  111  460  1809  416  2054  520  1955  466  894  2780  1853  947  260  424  500  674  332  45  435  14  349  7968  3717  7017  2149  3627  2008  1586  36189  
17601  2876  4856  10307  788  226  11930  25128  1078  4283  8235  18902  10747  11442  52987  5941  2007  49582  12512  150273  48699  26732  59980  103086  359874  297445  1.64716e+06  289289  115697  88787  456  17133  91  8197  1.40206e+06  33334  112213  137330  57088  0  1.31596e+06  2953  368  571  2665  218  259  2403  7898  891  2693  10225  2830  903  613  5328  12464  2726  46287  7582  42791  7091  11439  17649  24412  18304  14909  10174  3204  7823  3499  810  4181  120  2112  89783  7885  47314  38000  5714  77617  17441  84298  
8309  1172  1378  4047  403  107  4593  6657  1193  2372  6414  3492  1670  1672  7646  5223  2680  44178  25401  35119  8969  3536  110456  20443  69846  37281  1.37489e+06  240408  31250  54583  622  19606  65  4458  599047  26885  252760  365412  24330  1.02603e+06  0  286  97  87  618  73  56  659  1772  210  877  2170  563  136  109  719  2727  559  8148  1015  8151  1232  796  2937  2209  1575  482  612  367  1123  524  101  615  17  178  18924  1377  4795  5478  631  4102  2982  177511  
21869  258  4022  51189  435  213  6151  15112  3191  4736  7960  1357  382  353  441  6355  1172  6834  1474  10164  4012  6748  1622  1113  809  207  493  8611  480  2485  76  4142  55  707  10530  12936  3136  2600  16674  1990  1166  0  1.33171e+06  85020  1.00382e+06  333835  53216  464292  97964  54885  49891  10131  4229  2246  977  6441  41145  16883  39337  53662  19076  12153  35633  271744  97310  57546  6528  27873  84917  161035  84973  10887  63339  1658  1.07279e+06  243820  194010  604023  56746  28992  30182  18832  80874  
666  507  17683  16068  284  83  12617  16249  1102  2395  4744  139  37  78  173  3139  533  4941  802  6719  2886  3276  1089  704  510  145  205  382  277  351  30  362  26  103  13028  19724  2500  2666  1097  1447  1129  1.05207e+06  0  10857  5927  523735  12764  325178  19457  11960  14217  9237  245  259  267  9797  25502  6280  25171  17936  26847  14295  19165  110269  37130  34277  8641  26140  15801  32248  9225  1405  9597  168  12477  648047  442599  312526  32815  4467  89609  33906  135910  
11245  424  19604  57538  101  18  6076  9629  172  320  500  55  17  20  23  352  68  521  142  666  335  578  263  198  136  33  71  1350  94  546  16  733  1  173  2453  34044  1179  356  12885  303  245  45711  3565  0  185726  287  433  105277  64801  2438  2145  751  123  80  48  533  2792  527  2431  2579  1495  947  2962  18507  9678  4886  661  1524  2404  10287  3641  251  1470  27  3056  22138  99498  40864  1526  14295  4519  2976  4579  
127252  1459  81736  1.67094e+06  326  83  28004  184071  826  1555  2753  267321  10666  8971  8066  1893  861  2896  1342  7141  1397  1925  3411  2848  3583  2328  5979  36099  2217  9917  159  13781  26  2765  16791  86301  17289  6699  89707  6455  12358  1.15135e+06  4327  168661  0  1488  1984  19739  728637  10473  8767  4053  1.10115e+06  64113  21783  11782  7478  1722  6886  8186  16568  4999  8356  51578  33035  16801  4598  10039  30166  57138  27031  1305  14685  110  38293  17696  433438  81891  3943  63672  8833  12741  8155  
247  422  3355  2507  3152  476  42133  52458  5868  3127  5142  439  280  131  207  3593  740  4248  946  6444  2469  1116  1229  602  621  180  198  325  320  480  68  455  32  150  17634  9944  8470  4729  767  1274  1044  494763  746613  1496  1862  0  624144  602971  121753  42573  25326  11069  366  777  387  13453  30494  17488  26789  15927  29473  14902  8450  51325  12715  20528  10451  18455  18983  24606  18606  5741  29040  1948  354658  497364  107764  187075  61072  1314  55913  16995  88834  
360  238  552  606  4731  3669  24407  110365  51834  7763  3564  93  266  154  82  2375  738  1410  2450  2414  513  155  1712  241  1107  117  66  285  804  980  185  564  18  404  10666  3983  4832  2877  393  485  394  80571  27529  1151  1696  793726  0  499243  362714  651222  1.38189e+06  8300  124  302  220  1561  92622  59763  19084  9423  8507  3017  1010  13341  1767  15844  1359  4831  13899  41842  28347  9686  153086  13754  991361  51118  41671  65775  20304  690  10085  3368  28952  
3759  4954  78345  65689  25919  2840  300861  302747  43134  7087  11737  2521  642  381  573  7029  1789  9573  3177  14773  4643  2930  3735  1776  2534  441  690  1649  1633  2182  285  1413  69  620  80871  122528  21580  13115  6540  4175  3800  271454  372060  170277  18393  1.3288e+06  795477  0  1.31379e+06  1.01299e+06  100440  18175  1010  782  581  13523  48222  14324  45569  28625  51720  25141  18617  114478  37246  64842  11522  26880  25756  69416  26147  3449  20665  1062  67554  810780  595979  266909  51708  14903  92852  32440  181193  
25970  22982  178063  263985  97192  41102  896915  2.29966e+06  593788  236905  69703  33992  40565  28821  12277  15673  6704  22898  34047  66738  10251  3775  26522  6049  15839  3232  3306  10125  10991  15408  2089  8281  146  5795  285323  301854  112177  69752  23738  12648  11401  55408  12080  72473  886368  30095  66849  1.45952e+06  0  1.56072e+06  520929  498079  1.22949e+06  1.15507e+06  585101  236123  56066  11358  66182  34689  450162  120079  20407  85262  40237  70886  93755  88575  21177  31211  16099  2122  13390  611  31396  851309  721226  331624  149433  28586  150757  44397  401471  
720  416  807  804  11531  9082  47798  163388  121363  18444  2932  101  187  90  91  1499  823  2248  5045  3044  591  308  3420  455  2204  200  140  520  1685  2142  394  960  20  1105  20001  7725  9191  6391  637  870  747  4503  3074  2390  2451  33141  927780  742917  1.42598e+06  0  1.52282e+06  4754  117  181  130  2038  23348  2978  12370  12864  9461  3687  1688  39456  3363  82280  2693  5729  8460  140753  32856  1016  7578  202  13275  177662  149597  82785  44241  1393  23118  5338  85790  
1384  743  3497  3055  2218  10034  14963  255732  148837  293202  70449  277  268  976  234  22348  6932  7232  12896  11576  1208  325  8032  841  3794  458  324  1014  2593  3767  355  1910  100  1174  53146  37316  30513  35843  1780  4117  2341  44007  16199  3237  5398  82214  1.41384e+06  96525  603053  1.38963e+06  0  198847  416  575  3840  3082  2.09608e+06  118794  43029  37169  28449  6764  2101  52033  4559  54754  2967  10517  33603  172285  71113  10030  622490  158569  774353  161965  345232  251746  187466  2444  91463  14006  192324  
1137  597  2443  2411  1522  1742  11364  121322  23614  324639  267189  533  1093  9709  1357  106358  16738  27313  10833  101250  1068  330  5037  951  3518  952  831  1470  2498  3319  574  7001  785  1577  52021  39530  30361  33767  2030  5167  3680  1472  770  703  3481  1327  1193  5032  649484  1897  290950  0  4412  13298  700392  5952  128647  8568  60922  6330  853937  23714  1375  5643  2547  4537  1813  2926  2346  5651  3162  2399  9486  716  4341  65208  48790  48812  41720  1300  19962  9030  86395  
8544  1004  13807  263751  642  76  29571  198500  764  1659  5032  706574  144419  85908  79331  1477  954  3526  1448  42282  3599  1387  3775  3359  4882  7791  10146  12219  2609  4179  71  2087  19  358  20889  16988  16706  9222  24116  14662  19525  43556  464  1799  901951  1327  341  17696  1.10056e+06  1385  3402  15774  0  494920  104766  117395  5510  510  5563  1367  134796  30348  4234  5752  9245  7890  32881  28648  4660  4083  2107  128  1945  22  1699  19127  31080  18116  7356  71255  24709  8495  10695  
2111  385  2930  15692  1701  411  19472  166039  5515  2079  9776  27756  270810  89361  59815  1152  273  4231  877  70943  4868  1469  1344  1368  1472  4450  3968  1587  389  588  49  669  22  202  9689  5993  6491  3070  1930  6803  1193  6515  384  675  65232  1002  664  8821  874286  2818  5619  38994  308917  0  403202  224292  8674  778  10547  2111  228702  55135  6502  6906  15952  14556  66492  55410  4212  3292  1708  211  1454  47  1493  16934  12281  22835  12555  28126  56291  14230  11901  
2152  385  2794  15405  1789  1020  13831  179212  16070  56455  131948  13737  72974  410922  119721  12656  2436  12859  2919  273761  15473  4293  3829  3823  2632  4619  2995  1765  931  1331  149  1924  148  516  22628  12975  10365  9497  2061  8290  1712  5977  362  686  60918  830  796  5779  884354  2158  39994  850756  151373  453187  0  636280  50736  3321  41765  3364  1.2528e+06  242570  20352  8979  32088  14735  53059  53416  4762  4223  1902  633  2971  119  1630  27151  15842  23062  18549  23383  74693  18784  29808  
1227  263  1996  8591  393  97  5574  31798  1282  2268  16861  14507  16893  46292  384639  4247  932  15318  2270  320501  18455  5998  3757  5894  2598  5502  3830  1380  727  847  73  1337  73  314  13693  3572  5502  3597  1589  10088  1885  3629  345  614  40074  378  256  4390  178272  926  2309  30228  80950  123290  417614  0  9604  1870  42729  3190  1.72814e+06  223084  102919  14819  635828  38944  237009  133237  7960  4204  1546  371  2187  158  1723  28509  6465  28302  32787  7162  155057  37937  40786  
1169  263  1563  2149  641  1167  5997  25842  8688  81525  50133  330  168  649  254  50594  21175  12122  4158  18297  953  270  2111  602  1528  335  333  1082  1211  1883  406  4128  339  732  23433  13639  10582  12369  2004  4231  2477  20971  8413  4839  10719  28180  85688  25621  58804  31802  1.73056e+06  118736  735  735  1525  2569  0  1.54059e+06  795198  38932  36325  4754  1345  52130  3029  24547  2169  8627  37652  99473  57100  9032  631803  368623  512188  139564  144882  423756  221341  4508  73636  24627  156318  
1595  536  1851  2526  1156  2447  9445  20200  11270  139030  165886  470  271  2947  1060  179285  64185  28126  4548  82385  2279  481  2556  1021  2791  1006  860  1749  2524  4525  1189  12818  1464  2227  49452  16294  15370  12841  3717  6129  3709  23138  12533  5206  10468  52054  167988  49416  61131  84400  200019  93721  1199  1630  2791  9376  1.91753e+06  0  498636  1.0014e+06  107554  17721  2564  28518  4994  19274  4531  9304  26919  98776  251321  368060  1.72164e+06  398459  314097  287572  117562  287510  188709  6797  64536  36062  226037  
2376  863  1628  2317  814  569  8744  18797  6676  17529  64724  634  351  670  1494  55499  10993  157864  28955  139285  13683  2850  17111  5476  8219  1747  2357  5010  5406  5947  516  8075  367  1917  91338  12765  37086  28641  11209  25126  15548  11259  4000  4940  10187  2725  3307  30826  73156  37021  85861  121225  1324  1518  1562  11174  909544  504451  0  2.52021e+06  1.05508e+06  172355  20913  764206  34300  118460  10950  24019  15455  125596  80770  3155  29013  1621  10024  258044  33702  269547  199458  7050  75288  126643  238453  
2238  723  2710  3674  1358  1020  15240  32343  11095  28293  92266  795  331  761  1403  83166  16726  91171  13413  121779  4662  1671  9358  3510  5988  1545  1552  3241  3833  5153  734  9770  911  1926  82537  18060  28628  23876  12208  16961  10024  20299  8985  8612  15570  8064  18685  69765  117238  187218  189299  41839  1846  2265  2045  16743  88781  1.27863e+06  2.17212e+06  0  208007  16942  6727  1.54709e+06  17054  295397  19487  39070  31169  466884  832554  682850  97302  3313  22528  414776  70028  363285  247483  11063  98500  171636  336974  
6516  2847  4876  10855  2747  1279  24987  101772  15442  50797  269003  8955  14700  37102  121989  147263  25157  388338  71551  1.21571e+06  113607  30586  64442  35827  28624  15703  13179  15010  16300  15908  1437  23679  1429  6152  211341  28215  93856  60471  21418  80247  37760  14597  3833  4454  49596  2077  1510  21631  456443  4472  41085  774818  91610  161566  480644  2.0274e+06  62731  13007  1.51279e+06  53734  0  2.43988e+06  914225  278379  1.02199e+06  209861  263567  137345  22503  58315  21716  3693  26290  1545  12538  261818  32933  168496  135504  10942  248425  112350  293477  
1027  439  540  790  251  73  2596  6876  1148  2356  4438  563  643  904  3796  2616  703  68761  15882  61142  124705  57889  31705  23880  7306  1934  1870  2556  2634  1971  65  1845  29  804  28992  2443  14210  8143  3518  19497  6453  2624  679  837  2743  253  96  3043  24175  496  1232  4447  2085  4471  5680  87858  1383  524  208294  4582  1.10407e+06  0  455227  181114  290054  47828  46185  25895  4529  7471  2773  112  3724  188  2539  48558  4068  27298  22824  1173  67342  23838  44434  
359  125  237  388  71  11  829  1706  152  242  506  141  165  214  1191  282  80  12397  3074  16449  46778  48952  11925  16317  3076  1183  904  878  629  531  7  443  3  180  18019  898  3941  1723  2240  16882  1539  2791  440  1060  2476  87  37  2060  7467  183  245  432  959  1477  1488  107365  357  121  38983  961  437182  409468  0  136936  608389  19070  54146  14337  2958  2124  812  14  1046  53  2275  29401  1876  16791  4550  1007  50131  10447  15462  
3458  1143  3589  5134  1018  378  16034  28773  5381  10117  7534  1416  720  948  3862  6035  1625  180090  40056  96984  72509  19917  98391  23056  26895  2935  2686  5419  7723  4929  135  4414  69  1612  82192  14238  35646  20935  14376  31464  14446  34872  10261  12631  23439  4191  1733  51968  114704  100746  72903  8108  1836  1472  935  26048  20757  3355  547482  1.27475e+06  279710  254321  385636  0  379785  693717  33371  49274  39358  878220  735950  6392  64929  658  30921  290591  34293  243380  68092  10196  124234  115086  202706  
1464  208  775  1921  107  29  1849  3108  321  519  946  344  301  367  1887  564  186  17578  4609  23067  46014  49559  15984  64161  5272  1904  1544  2163  1117  1077  26  950  12  314  40779  3096  8669  3490  7574  32005  2804  19764  1782  8260  17226  210  110  10549  20004  563  805  925  2941  2895  2647  636053  948  434  27820  5660  637504  322271  640318  347499  0  1.4644e+06  443844  47151  21474  26131  8046  78  8073  183  17037  64677  8891  64227  10197  5694  128119  44473  41973  
2385  337  1505  3027  472  218  4960  9683  3125  4447  5129  477  338  362  1167  4086  1056  21543  6331  23541  9437  10426  13833  18333  6623  2043  2029  3183  1533  1739  84  1723  40  538  69238  6576  13658  6571  11355  45930  4810  22473  2730  8829  21702  2072  3592  28902  45053  93757  25989  3067  5553  2996  2307  105795  5201  1812  35632  60295  64659  26813  50283  739855  1.54856e+06  0  1.42554e+06  984716  157949  2.99005e+06  81374  1400  42043  496  18630  227917  22754  112281  40828  9353  598851  139499  83409  
357  84  478  834  138  16  1914  2971  218  498  679  232  301  286  1120  405  136  3728  1057  5229  2824  1976  2777  3028  1082  405  454  617  283  329  13  275  5  92  13142  1390  2507  1234  1849  9074  1044  2333  250  794  4273  170  143  3182  30916  2229  1010  934  5569  3187  2141  198137  791  340  10489  3401  77809  27270  28830  30101  255212  1.2093e+06  0  584086  23340  75259  8382  73  6135  111  2992  43704  3235  16378  10896  1297  240568  55577  31722  
923  143  1131  2044  259  34  3644  5788  410  682  1310  557  594  575  2775  871  244  3256  784  6723  2797  2335  1619  1920  728  376  470  978  262  385  18  422  14  107  11677  2929  1860  1215  1568  6231  1070  21223  699  693  13723  1273  795  6529  74973  4073  2457  1838  17096  7501  5643  232417  2545  1412  15645  5431  79635  25102  21628  34195  53469  851397  715579  0  236233  60395  3815  287  4551  282  31708  93722  7029  67234  46607  3011  549192  336411  26682  
4693  64  1112  4417  100  76  1725  4113  998  1883  2152  354  130  120  139  1795  445  1940  449  2648  1715  2922  850  892  416  161  291  2875  199  793  18  1230  19  203  8094  5183  1317  865  4872  1894  798  99823  4070  5548  31730  6849  5796  23814  30759  12388  15787  3580  1400  837  363  2829  17723  15473  11121  10189  6152  4734  14374  60392  39883  54719  7162  193012  0  210489  88364  2361  348790  5291  207070  71391  17603  160886  29056  11950  71557  211575  24322  
3164  377  2293  5046  817  609  9342  21772  8746  9400  20191  454  160  222  479  16249  3015  33732  6588  41308  4992  4231  4587  3284  2772  722  724  2380  1458  1918  170  2769  133  634  29443  9373  12470  8094  8474  7905  3893  51645  11881  18590  37513  21162  45955  85889  82692  299000  201393  7481  1244  929  618  8614  23616  13914  57919  209503  31204  15837  23187  1.14108e+06  80717  3.2445e+06  44861  417631  273921  0  4.39917e+06  46250  205706  747  32096  116848  36968  124646  43329  9737  119635  66458  69554  
1261  253  1280  2124  823  801  8038  23454  11074  9280  30739  322  117  231  330  25264  4446  18165  3249  36869  3583  1173  2340  972  1556  389  427  1019  1008  1388  207  2736  277  551  20883  6410  5724  4621  2372  3449  1766  35640  12689  3936  10585  53850  223429  94898  73795  325850  340997  11516  521  639  518  6203  28333  173018  46045  327548  29152  14129  7981  442693  32571  115804  10912  9066  193317  4.23948e+06  0  1.12128e+06  3.96373e+06  1791  72434  93519  27390  72678  27482  3713  54299  25327  46817  
213  106  427  517  243  277  2939  7635  3460  4445  15132  103  38  123  112  13832  2439  5116  830  14155  367  66  366  127  432  125  109  200  352  512  112  1243  151  227  6303  2090  1789  1463  460  696  435  11026  5140  918  1928  24968  102594  31381  27830  111690  166267  6193  137  244  240  2500  13932  453437  9196  463017  11221  2698  465  15945  1144  7871  1677  2236  10521  119387  1.95241e+06  0  859284  735  28329  24973  9306  21608  7995  656  4145  2863  13032  
3846  383  1607  4110  902  1171  8886  20990  9334  52538  87539  462  232  1281  720  79639  23246  25191  4119  62496  9503  2225  3293  1774  2355  779  725  2632  1632  2804  569  7195  756  1291  34349  11566  10264  7892  6034  5898  2678  68606  21002  8681  25055  93599  310884  83068  74838  149168  447917  43919  1221  1285  1522  15120  473106  1.17151e+06  122132  137284  109626  53568  17101  244362  49807  93225  16386  17464  460061  278018  3.47566e+06  870062  0  532523  758757  132021  59178  305008  65608  11328  52998  55820  89770  
239  49  208  375  91  71  1058  1919  453  5658  8008  59  28  146  59  8114  2021  1750  263  4293  764  77  267  145  172  70  63  166  106  203  41  581  71  90  2825  1197  900  785  405  508  233  5607  2024  955  2117  8597  15898  5914  10826  1962  114625  6498  163  181  204  2396  255556  210972  15133  4693  18456  7061  884  4835  1698  5942  1831  3012  16019  4825  3103  5691  459555  0  339099  10427  5051  68592  12349  894  3765  5294  11388  
3383  204  1618  3972  989  500  10487  23744  6668  11304  14073  376  197  319  193  12883  3063  4483  995  9542  2423  525  1074  466  578  155  204  2069  368  925  108  1620  96  323  9286  6673  3173  2531  3401  1586  747  789885  85190  8468  21790  842749  1.6302e+06  150114  173959  56743  1.09574e+06  19413  590  872  536  6631  1.1774e+06  581102  67467  30795  38287  16786  4579  58530  10790  35182  5478  26297  186169  65371  50295  23264  1.52459e+06  754823  0  50704  26143  400458  42343  5834  14474  26255  37636  
5745  3077  19119  20373  7288  1723  125285  199028  23853  48953  114669  5022  2063  2379  5740  65299  12198  133831  19076  179808  58253  27648  25874  16459  12680  4935  8838  13177  7058  9042  697  9231  615  2181  479101  99993  65609  78915  23984  65239  47444  44761  129740  63586  40798  24731  9284  587258  966029  98624  455207  429898  9624  12972  10648  294554  747531  185582  564489  126778  1.1075e+06  453214  195996  666952  304691  424942  255486  526351  268472  247277  58930  5010  87292  2678  14434  0  2.28184e+06  296805  246218  198754  2.17848e+06  853102  3.66689e+06  
18542  1021  11165  37442  3774  986  47742  64534  13740  32616  34685  661  186  440  557  16958  2746  15926  2851  25258  5344  3009  2729  1303  1451  499  589  4241  928  2132  163  3329  124  784  35158  34964  9529  9307  21653  4499  2765  27969  32397  83470  41366  3352  11298  269469  236962  37302  82558  76883  1344  1360  1934  27701  86999  28044  50137  18919  91965  37276  20107  87409  48621  51856  21816  53067  27429  43591  13852  1386  13908  516  8905  1.61189e+06  0  308936  207171  586179  256921  58344  318608  
9270  1247  9746  19136  3113  1887  53865  149745  30173  73429  37734  3366  1491  1452  897  14996  2965  10369  6408  17134  5887  5453  12133  10334  6878  2346  922  5684  1730  3660  241  3655  101  743  44969  45357  54218  34560  55362  13692  8127  145907  62876  108945  152273  27933  19716  276849  999103  172274  424133  199729  9618  8881  5573  24425  505226  98343  356670  78866  76413  27870  26292  194223  38234  102554  19541  41717  50577  113263  33052  7631  77203  4732  92569  181099  555556  0  1.34102e+06  124324  57580  140485  98342  
414  157  1283  1569  665  348  7090  19135  4999  16520  10824  314  212  213  255  3537  720  4572  1564  5864  1671  539  2889  1219  1483  503  236  509  572  776  67  530  25  131  17776  6498  9370  19169  2774  10452  4145  6369  5643  2116  2924  6329  2315  28812  150659  47078  215389  73717  631  1213  1159  7642  172874  15498  82934  15644  31672  9518  2294  20478  4253  34598  6456  21678  8996  25444  6083  763  6358  298  5132  122510  111095  1.10218e+06  0  3746  250221  156401  351375  
7190  211  4053  9019  138  29  4731  5747  337  641  1809  552  411  475  338  1187  224  1301  226  2405  377  464  277  216  221  83  209  3416  129  988  21  1469  9  256  3542  10754  899  561  8949  584  410  21026  852  20567  27925  244  655  15648  23165  2665  3185  2962  12030  8113  3468  3005  5248  1367  3670  2513  5852  1907  2638  13495  9390  8554  2237  7284  12093  16966  9980  214  6080  32  5337  135729  539425  62188  4611  0  19923  11289  11839  
2688  380  3216  5037  250  65  4018  7132  901  3777  6982  827  473  574  1997  2619  649  15953  4005  20248  9389  9810  13790  19702  6458  3021  4482  6331  2113  2660  63  2001  17  605  103434  10026  12242  9501  11098  75651  13557  6896  1237  1704  12793  564  544  8050  40048  4106  23376  12698  12556  15317  15057  125378  14591  1766  22986  6811  66157  25503  44081  64911  100545  527137  773266  942165  154983  131983  22138  219  19957  173  7618  1.42053e+06  43262  77456  121387  15332  0  1.59523e+06  150799  
1306  182  2807  3194  153  73  3468  5828  856  1935  3860  519  319  326  1537  3205  942  6857  1423  8907  9243  10203  3398  2464  1384  461  938  2152  576  968  27  801  20  147  34540  10013  3766  4225  4084  8852  5532  3098  1426  894  5255  1573  1963  9346  29985  10001  5492  3711  7205  3894  3224  77803  7638  4266  49509  35194  49954  32713  52100  217604  74417  109050  101092  602446  133102  25771  6629  842  12715  272  6449  774106  22154  179000  288053  12743  1.37808e+06  0  191735  
6290  14985  18940  8397  10532  3220  188956  647503  100596  809347  605963  3061  3201  4426  10862  325176  41395  266470  92522  342456  37107  8969  114916  38348  103866  29709  29178  34218  53273  52727  4845  20999  698  4471  3.47948e+06  1.00649e+06  483403  1.75074e+06  39724  109542  162642  8789  18620  10453  9925  6856  7105  120069  499682  117799  609187  384857  2336  3190  7123  56463  607322  94232  388559  73436  457147  150796  35705  197079  93162  104365  38758  58018  25214  51590  13532  2936  22223  950  8304  3.14254e+06  836429  465565  2.08077e+06  8107  681214  202350  0  
