5063995  
2538257  
630207  
3923312  
3900819  
4339503  
8369763  
12926977  
4441120  
7255742  
3389387  
2508765  
2285629  
3643983  
2997997  
5913524  
8025103  
6309748  
8787501  
9775881  
1634018  
1509494  
4720324  
4202798  
7431936  
2061173  
1838159  
1935665  
7493890  
10030683  
3004507  
10593114  
848480  
7084569  
11195780  
3513432  
5278191  
2476477  
749158  
1563167  
2227455  
84059  
479789  
698578  
1115217  
411668  
473986  
422837  
59275  
86238  
959062  
104186  
1050434  
5605941  
1395701  
4720379  
2281104  
607044  
3679681  
3336265  
4854001  
7333744  
13074204  
4670475  
7368287  
2503918  
2867707  
2105995  
3514009  
3040481  
6100179  
7270676  
7222389  
8324968  
9887980  
1878774  
1359955  
5227882  
4418075  
7747113  
2289398  
2134593  
2357007  
8812545  
10797268  
3455603  
10062510  
918494  
6554580  
11542562  
3509749  
5405627  
2696924  
785838  
1703945  
2116129  
68925  
523486  
663478  
1053712  
412564  
468733  
499840  
109545  
99707  
977922  
144246  
949167  
5663066  
1641657  
14817169  
