4233485  
2471719  
661967  
3654351  
4035516  
4253088  
8717207  
13737673  
4616573  
7108628  
3378804  
2773549  
2634100  
3596206  
3227044  
6060957  
8499953  
6990122  
9807287  
9826702  
1719655  
1548733  
5622247  
4738972  
8047573  
2333462  
2054998  
2541098  
8952739  
10300610  
3017361  
10324635  
809346  
6974976  
11401579  
3735219  
6202127  
2641128  
806721  
4813036  
2352086  
4659919  
2263735  
626128  
3737441  
3154476  
4818410  
9204381  
13811265  
5217961  
8146568  
2804589  
2929970  
2335327  
3654173  
3172405  
6561758  
8284400  
7123224  
8802244  
9900879  
2016587  
1277356  
6166413  
4459298  
8531766  
2118891  
1706209  
2126339  
9475260  
10492158  
3538473  
10429416  
1043283  
7190995  
11581913  
3549284  
5836817  
2671473  
743418  
4722585  
2275296  
13803915  
