4661754  
2632741  
645351  
3279455  
4008331  
4584692  
8743665  
14869597  
3980847  
7801804  
3070485  
2542169  
2668190  
3340081  
3110446  
5963620  
8262546  
6317932  
8136279  
8935247  
1620345  
1279287  
5319477  
4068965  
7806496  
2190677  
2227357  
2628764  
8887628  
10181985  
3229313  
9964150  
873446  
7296989  
11019177  
3938470  
5998746  
2039974  
723957  
4552841  
2353105  
5370142  
2083718  
496203  
3594138  
3506983  
4979368  
7823029  
15360257  
5142412  
7871583  
2613731  
2626476  
2283266  
3477994  
3044931  
6306716  
8359270  
6586408  
8594700  
8668451  
1714873  
1331629  
5195497  
3941170  
7792560  
2169896  
1842136  
2506985  
9367697  
11300443  
3556294  
9861759  
1058101  
6920175  
11345695  
3648652  
4541925  
2048973  
637480  
4198415  
1673868  
10438466  
