4026800  
2127247  
565095  
3382425  
4180406  
4244073  
6787810  
12300520  
3900612  
6810216  
2907811  
1960938  
2468440  
3706187  
3068509  
5542432  
7550715  
5787651  
7252227  
8584756  
1301960  
1125466  
3616330  
3855577  
7202505  
2194818  
2228356  
2071482  
7642996  
9254811  
2665758  
9222248  
742349  
6575810  
1839898  
1613329  
1370098  
1771316  
948504  
2363733  
1826179  
3839405  
5948050  
2091381  
677779  
2487129  
1559607  
87666  
475357  
708071  
1108186  
413560  
473528  
426038  
58505  
88634  
961101  
103527  
947221  
3526438  
1122989  
4912374  
2078612  
501369  
2975515  
3563949  
4754235  
8014068  
12427992  
5151291  
7722266  
2119852  
2334279  
2059997  
3299311  
2716281  
5655177  
7041521  
6014094  
7739291  
7651049  
1492826  
1092516  
4750883  
3855103  
6612664  
1992849  
1624896  
1804675  
7803532  
9165800  
3305969  
8393012  
842824  
7137567  
1506022  
1605791  
1891623  
1641625  
1343878  
2363840  
1523814  
2575997  
4705096  
2438876  
674489  
2212100  
1561622  
67141  
498181  
676044  
1033580  
410454  
473552  
500900  
109016  
99506  
969520  
141188  
935557  
3254319  
1222187  
9195633  
12121722  
4894648  
222629  
