4095439  
2532517  
716822  
3807660  
4143852  
4527373  
8458718  
12395006  
3966263  
7349387  
2802232  
2492907  
2422396  
3398652  
2832327  
5610386  
8051495  
5779562  
8620406  
8456619  
1502249  
1322195  
4515199  
3701025  
8095852  
2264593  
1872221  
1771227  
8870796  
10504915  
2892632  
9101012  
792112  
6812693  
11132434  
3844751  
5602453  
2329942  
762092  
1557685  
2325219  
85771  
465890  
706654  
1097324  
411701  
472084  
423059  
58811  
88399  
962606  
100490  
1089663  
5708455  
1410534  
5281794  
2476811  
569733  
3859893  
3309097  
4528006  
7374451  
12947759  
5054578  
6821521  
1980066  
2765344  
2056204  
3135719  
2848296  
5677960  
7385884  
6589762  
8751182  
8418117  
1830552  
1284556  
6076040  
3868167  
8126545  
2169992  
2189506  
2474691  
9211233  
10477954  
3388573  
9748055  
954188  
6248687  
11840294  
3454438  
5290207  
2399706  
682448  
1697115  
2352728  
67888  
490149  
667815  
1044537  
412355  
470796  
500070  
107697  
99564  
968795  
144455  
972754  
5634420  
1612621  
18011361  
