4477794  
2291293  
440342  
3589636  
4269010  
4238515  
7453674  
12205146  
3990068  
6807966  
2703791  
2516145  
2205095  
3433605  
2986594  
5876241  
8098057  
6078491  
8921917  
8645389  
1439817  
1274333  
4178829  
4003752  
8072856  
2250506  
2056264  
2226292  
8204674  
9722007  
2907336  
9248854  
766656  
7471858  
11668070  
3893862  
5982180  
2704011  
669440  
1574717  
2421668  
84462  
482981  
693722  
1084265  
411810  
472213  
423922  
59364  
88450  
955369  
103678  
1080221  
5753221  
1445641  
4569881  
1866679  
368164  
3601777  
3042780  
4435909  
7458456  
12463552  
4804507  
7191753  
2199622  
2799250  
2057376  
3474548  
3010398  
5728687  
7499471  
6772311  
7902084  
9017908  
1860229  
1178556  
5050058  
4089386  
7691893  
2138890  
2029966  
2494429  
8823301  
9758709  
3432002  
8678616  
899584  
7226618  
12168349  
3652905  
4985775  
2640220  
668001  
1720548  
2210128  
66685  
513933  
670725  
1045239  
415539  
472005  
499274  
108451  
99458  
978996  
146286  
1015689  
5689838  
1661268  
15567768  
