0  1.65819e+06  34054  568163  257171  74655  381483  28033  4130  11783  2803  4576  1435  1452  3066  11077  40503  56666  36489  37618  8551  29038  48117  93283  27285  5012  30714  193100  71815  97725  12410  258974  4634  1.61318e+06  199911  295770  417280  108145  108019  72389  19974  11148  187  1890  17171  125  143  4643  9701  2213  1665  1382  3018  686  814  1157  4832  798  10277  2444  18429  2591  1100  4829  8315  4051  517  961  7251  2211  1262  98  2966  72  368  13225  40109  4428  2310  12484  5592  5575  110652  
901965  0  4152  2416  758213  27029  391654  50498  3865  9948  3752  185  265  287  1572  7237  14274  33491  15165  27116  4347  12905  19768  37783  14951  2167  7196  13739  11587  19103  4270  27538  1096  74208  772380  771030  314771  152540  10090  46678  14972  245  345  1409  898  124  83  4825  9425  2142  1817  1053  92  47  146  504  2673  461  5926  1384  10532  1268  408  2054  1796  981  193  391  760  681  360  42  714  49  174  15332  3749  2098  2688  391  2939  1764  374908  
39633  1530  0  123651  36  43  133926  66621  109  773  580  76  77  98  207  907  267  3619  1185  3128  374  1225  1518  2558  2155  246  2011  2443  849  1041  156  608  17  182  90319  224631  41048  14759  48779  8275  3645  10446  4116  48347  41623  91  33  32744  44436  114  327  170  2294  181  202  176  436  81  1062  460  1974  445  217  1983  1738  1125  126  845  3030  460  190  18  607  11  267  16202  63010  6662  2174  18184  2537  6955  36493  
713978  453  144164  0  57  86  6807  790448  166  431  806  1.07369e+06  18847  18530  10197  457  160  3441  1884  12365  1403  2272  3031  2603  3851  2693  15322  19337  1227  1263  99  2468  12  2045  36741  162122  24717  13412  93702  10629  23624  44873  5278  133136  918003  145  71  71674  132395  211  307  503  221318  9488  8934  2673  461  118  1468  1055  9613  3009  828  5679  7353  3944  410  2561  13297  1687  913  69  3215  5  873  23353  149987  14731  4121  46770  5271  17118  14168  
259415  881823  1455  449  0  1.15003e+06  1.23582e+06  173866  35095  42028  4383  124  343  300  1304  18377  132183  44374  46885  28671  2712  9926  26439  28511  7522  867  2703  4132  10410  67759  51037  87516  7576  674164  335501  250103  274267  84005  2038  8842  7701  99  782  346  319  788  508  49663  65540  13079  2652  1673  149  96  220  364  6099  534  5162  2412  8008  871  315  1945  1741  774  124  255  690  572  351  67  810  55  473  14393  5659  4851  3555  190  2277  1040  172444  
38948  67010  1049  290  1.20749e+06  0  445239  451994  500938  1.28318e+06  4458  66  261  245  600  51720  246187  22274  28124  15843  767  2178  8607  5728  4629  360  921  1699  12078  59258  39891  249029  32483  1.3494e+06  80550  46541  96235  25328  1132  2553  1983  162  942  441  362  1876  4448  115667  230877  120493  20220  1746  107  97  292  189  5511  543  8714  9619  6077  640  197  2561  1075  758  73  208  1054  767  553  98  1854  56  3218  17363  8276  10558  4474  164  2775  867  51330  
485266  842893  205205  5683  1.73664e+06  636195  0  1.21075e+06  1.3219e+06  125674  17310  699  1125  881  4759  43929  53692  141179  136582  104893  7610  19190  59325  47221  116372  5355  28089  34291  154619  128235  61053  44839  1489  36198  1.68186e+06  1.72134e+06  515889  197639  61447  97199  42306  6755  24887  51001  36375  8986  3290  493727  452916  68696  9252  3864  2031  512  807  1295  9561  1488  18640  11360  27194  3750  1268  11596  6699  4004  514  1773  5499  2440  1505  285  3884  160  2533  115825  146142  44032  21978  5866  16397  7083  567990  
12902  24323  79382  806100  38191  200128  1.43209e+06  0  1.90495e+06  362947  568149  674749  1.8613e+06  580949  185350  19739  19681  90249  63516  726780  65869  26950  22735  31029  43806  52040  45247  18797  16184  25641  11201  35082  1846  67255  1.01327e+06  904642  307903  184809  19593  97286  29779  17221  46816  179948  347466  15114  31084  819704  3.24782e+06  760386  244282  64612  155453  47874  46842  22049  34523  3289  55431  60313  155551  20254  3791  30330  16224  9005  1644  3877  14593  6805  4781  876  15724  412  29360  259044  291476  153374  60372  20090  36594  14056  487167  
2203  4099  1584  321  14750  562532  640399  1.35241e+06  0  1.18121e+06  1991  36  78  101  308  4809  15778  13292  51475  7945  353  809  3994  1428  6930  318  1230  1531  15687  27549  13558  11237  432  20005  186959  135171  60447  43178  2655  3240  3665  214  663  514  273  2081  10574  127996  262346  244332  94757  3878  50  36  246  115  8656  548  14167  20935  4258  493  138  3173  922  847  65  234  1366  1241  985  130  3088  107  7622  21020  9941  19678  7591  170  4640  1118  125475  
16618  16294  2984  1028  67340  1.26875e+06  85710  1.00941e+06  1.69951e+06  0  112750  138  304  1458  663  1.93443e+06  311629  52437  71408  20728  823  1729  8071  3585  6602  481  1337  4058  16739  54987  38166  388314  50598  621915  129174  98603  297625  220475  2256  8495  4016  617  828  942  567  2159  9392  31855  334726  228245  397729  29904  163  128  2126  265  59281  1439  17469  22798  9940  1017  345  3641  1184  1523  165  471  3158  1745  1231  144  6486  161  15355  39695  29638  56205  27385  414  14168  2337  188068  
740  604  916  714  849  1277  5736  832383  3309  327297  0  6339  121739  914139  5586  42078  4957  35972  2240  946308  9721  3400  1086  2166  996  429  672  695  709  1522  891  6846  1121  2503  35334  12721  16862  13186  795  2263  1084  554  705  1039  1549  1419  1275  10235  234128  22506  295120  218817  2457  8127  22666  1671  85474  4575  21623  11182  55949  3151  646  3925  1410  3260  426  674  2957  2079  932  172  5477  321  7766  43277  17658  42356  28408  596  14083  2306  47139  
17092  268  2832  1.18489e+06  113  112  5290  856353  272  526  4211  0  277739  161028  87418  388  221  5687  2259  152348  14849  4963  3736  4981  7853  10309  23956  22651  1583  1534  93  2588  34  1640  36877  10187  18948  13847  66067  19498  36990  7907  1708  42031  350092  96  36  18257  162863  200  352  1760  333665  29451  31979  11134  832  147  1865  703  47228  11076  1047  2617  3866  1870  479  1057  5707  1031  516  44  1830  18  394  8660  13107  6491  1732  6436  2437  3494  8338  
3843  548  1703  8854  731  1439  12650  1.17142e+06  3943  3561  56921  334836  0  833637  303496  1668  876  12048  3067  477713  38636  10702  3590  8710  26631  51858  56055  11391  2568  2079  332  2896  179  2146  43212  14854  19827  12883  43486  73546  28114  1025  675  2937  37302  217  218  8614  278432  3189  2611  12606  194304  574473  145044  27688  3742  377  4686  1355  120036  21767  1987  2866  4011  2016  1610  1585  4097  1530  611  62  1700  42  523  9595  7959  6238  2365  4918  4279  3512  14789  
3543  757  1259  9716  544  694  5234  750081  2046  7855  1.03925e+06  221090  907615  0  767810  5748  3372  24842  3609  1.52012e+06  92295  24943  4099  15821  31207  62631  62737  7393  3169  2759  665  6302  878  2155  29813  8239  16523  10170  27593  85441  16691  2108  439  5787  53283  323  329  6180  158745  2427  36274  71220  109115  166542  596301  79292  36779  2925  12029  2998  280344  40207  3609  4244  5673  3450  2936  2575  4671  3124  1054  136  3221  185  1274  15490  6410  8964  4839  3681  7930  2775  15056  
3865  1911  1791  7133  757  336  6238  181603  1111  1254  5753  107830  223079  517585  0  1296  2249  65573  11318  1.77611e+06  160113  139285  6569  555846  107092  274589  204504  9966  9511  7067  913  8860  632  3624  42304  7774  26771  14340  12436  256034  21709  2156  514  6522  39472  156  167  4771  56783  457  3361  12785  42699  32269  141819  415354  17447  2181  30542  5718  330518  42916  7813  7554  11011  5120  4326  3472  5071  6728  2289  320  5063  242  511  21514  5207  6411  3607  3259  12026  3121  21066  
24535  21012  7177  2164  54030  70187  60528  104723  105952  2.06405e+06  57446  417  544  1423  1749  0  2.11887e+06  644491  67570  64379  1527  2178  7269  3738  6489  812  2233  6842  22275  80535  54413  621490  262158  691498  217289  58926  445713  288177  4766  7746  3578  284  461  518  472  546  625  9547  29845  10806  43519  18231  194  122  819  581  77967  7270  19997  6595  24932  2025  810  4332  1377  4623  384  556  1407  2567  1227  202  3388  448  2041  35158  9107  14776  13586  609  8827  1686  233292  
53669  47507  14952  5246  147423  181820  125416  170615  70815  458795  39678  1335  1585  3526  8372  2.44699e+06  0  766953  1.30433e+06  334963  5519  4003  22216  7073  50972  3818  7552  20393  128142  579686  633009  2.01761e+06  723996  595731  119899  44140  599595  138493  8904  13939  5173  482  693  789  1073  759  972  21967  46966  15593  15373  29705  552  318  2385  2233  135524  10774  52021  10655  87008  5304  1147  6353  1975  6887  863  1162  2410  5076  2760  590  6417  889  2530  44523  10616  14230  10323  1349  8967  2263  137410  
33205  25159  16532  5360  10708  9076  58164  152350  21867  107618  28858  1849  1863  2372  15911  617767  421398  0  2.99567e+06  659355  103601  63784  822290  57142  245813  35146  33184  42649  172263  125524  13480  136893  8194  51466  241545  48348  338742  161071  17998  126263  32402  2713  1605  4790  2758  799  997  13153  35713  8865  13548  16493  1098  654  2585  15356  83292  19683  236849  42697  289758  49498  29105  107137  36908  37326  6091  6192  13360  28129  12339  2518  27954  3228  4180  150565  14186  33731  20399  2278  39853  10051  171986  
53606  33771  16123  6434  29151  26697  104589  216705  86637  71440  13805  2751  2680  3153  20187  19068  1.33044e+06  2.73086e+06  0  179206  12110  11008  1.6988e+06  25773  867347  52355  53105  59928  1.18157e+06  1.3094e+06  665183  518090  5963  148948  226227  55065  515540  188009  29916  72763  44499  1232  723  2327  2179  351  1050  11355  33609  18170  8348  3229  1070  576  1159  8439  11298  3251  63001  14881  115900  19492  9328  35389  12349  11652  2979  2744  5620  9696  3159  406  7280  336  1280  47491  6079  11244  6227  1320  14777  4227  121567  
26913  20600  15049  10552  7046  3287  50933  574480  4744  22034  889776  88275  236993  441757  2.13521e+06  42539  23993  1.10246e+06  90453  0  1.67937e+06  969305  57753  960745  190283  296703  175073  45561  59439  67835  8829  90825  6534  33320  347250  56362  239841  115637  17587  592028  50981  8062  3878  16418  32264  1903  1811  32933  182691  12681  56118  87628  33910  27441  90161  184137  217426  34528  451599  86016  1.77125e+06  161883  65351  165988  96353  69333  15941  15345  35042  69721  24834  4093  54232  3962  7592  252085  35009  72241  45503  5512  90706  22855  185144  
1803  1305  905  720  450  114  2783  13578  186  371  1633  2779  6104  7831  98100  320  493  199412  6665  870207  0  536130  50188  206405  24221  32556  10645  3573  3988  3954  330  5032  176  1868  35455  2825  16473  7762  1433  50727  4423  425  177  913  1984  51  32  1370  6397  132  346  581  1820  1408  2596  16963  1159  370  24505  3100  84134  140693  69013  26976  28566  8161  1570  1046  1865  2290  754  60  2250  60  133  15503  1048  3037  1594  299  7696  1235  6981  
2189  1726  1100  510  503  92  3163  7328  110  171  465  1225  2357  3441  92305  139  232  112382  3097  371386  422826  0  62892  691476  52612  90303  19789  5416  4173  4259  166  4854  82  1674  53724  1978  16319  5528  1190  97602  5949  225  105  492  889  23  6  754  2435  64  110  149  718  405  682  16615  339  63  8140  959  37482  49529  57898  19547  83573  10424  1266  854  1094  918  311  24  958  12  63  20383  541  1394  762  190  12574  607  4277  
23544  16364  8064  3012  8438  2643  39259  43631  11634  2933  1088  1569  1310  1383  5645  791  12012  810464  1.25813e+06  53768  23354  46135  0  238495  784177  38846  28718  35135  1.17119e+06  597536  21995  187618  378  45289  88572  18735  211456  77617  15506  53749  37040  752  424  1422  1135  124  178  3982  9309  2831  1025  455  644  326  446  6486  1133  554  35273  9297  73840  19300  13544  54460  18676  13681  2512  2024  3283  4610  1494  103  4083  92  304  43029  2420  7061  4063  720  12475  2894  40057  
10660  10554  4909  1365  3008  402  17553  31067  490  376  498  2670  3526  6054  611921  243  530  125136  14722  609087  316536  1.11376e+06  420959  0  1.49574e+06  928102  191793  29042  32885  27294  573  23267  124  6925  149612  7470  61110  14931  3549  455454  28230  284  161  735  1614  37  20  1521  4398  194  212  275  1018  353  505  11229  523  179  8223  1746  32143  9103  8724  52750  234061  15727  1892  1324  1513  1310  436  24  1227  24  90  29834  918  1961  908  246  23077  858  13699  
10721  8359  5403  1718  2549  1372  31948  34762  15159  1656  1071  3592  3321  5114  29174  608  5183  137272  187512  89916  34987  81578  800626  1.64413e+06  0  1.24553e+06  1.02892e+06  216127  3.15608e+06  172340  6324  28000  375  9522  224150  25146  73846  30000  8815  842995  106065  374  228  803  1601  77  148  2450  9282  2237  924  1132  1115  314  527  4256  2997  1190  19704  4375  39689  6594  2948  12017  12786  12656  1582  1237  1836  3551  1103  176  2397  149  275  23466  2005  3444  2950  510  15545  1393  55441  
3777  1840  1884  786  233  98  5344  24121  807  224  177  4414  4222  7241  66509  122  351  44679  14848  77237  37949  66555  32034  344715  1.36282e+06  0  474622  18063  32319  11060  338  4647  80  1555  29592  3733  15936  5848  1645  564882  26482  120  59  420  1855  13  19  545  5348  153  197  443  1276  239  263  2295  672  153  4156  835  10820  2397  1421  3927  4236  2291  420  322  454  544  217  27  491  16  49  5313  619  775  462  148  3588  307  16051  
53599  1644  4751  7588  276  106  7549  15243  1044  594  443  8948  7263  8928  30650  434  449  25330  14149  31183  6962  13460  23459  31001  777130  332598  0  328460  30047  8686  348  4401  64  7559  191076  22466  101744  65010  25392  726604  505155  304  66  468  3188  23  33  678  3822  244  371  946  2496  838  769  1131  2226  450  4977  1044  8983  1274  588  2891  3689  4638  529  478  1254  780  403  68  892  51  114  12783  3092  1207  694  2097  11177  951  37653  
333470  21065  36631  34484  3030  486  64079  16122  1385  1401  1051  14514  8823  8435  6866  1432  2568  36572  27819  24265  5604  25595  51393  59894  146061  7280  450284  0  272303  359611  2047  360248  223  127231  231637  55771  438273  108164  62759  234594  458848  1160  109  456  7985  54  77  1463  3697  481  445  690  5355  2305  1884  1184  1943  879  10424  2169  17836  2283  823  3142  5003  2585  378  649  3767  1630  872  124  1986  108  222  9580  14767  2716  1269  8856  3879  2847  44907  
39772  21767  11712  2687  6518  6784  93518  43593  68500  7597  2750  1047  1193  1525  17999  2040  28052  217941  631977  99169  15619  48078  1.3527e+06  117260  3.69546e+06  42080  91051  463871  0  4.6347e+06  98331  146459  1381  29473  124582  25292  159062  50687  7614  187876  26146  490  297  897  904  163  545  6020  17742  10779  2411  1973  475  277  811  6128  6702  2150  33321  7151  64911  8817  2683  9519  6406  4725  1520  1444  2471  4098  1808  302  3824  242  638  20720  2940  5052  3492  575  8209  1824  43204  
44880  32262  12204  3287  25646  43658  139097  106066  129598  31337  13046  1386  1573  2080  18678  11528  395734  270625  1.01819e+06  178085  18263  67331  709290  169473  239640  17147  26271  356945  4.21251e+06  0  2.38828e+06  3.384e+06  2535  54097  189620  37343  327213  125673  9791  132945  29276  523  437  924  1069  408  1147  14669  40643  26006  5974  10803  636  360  1711  5205  49381  4430  47688  10085  84490  8588  2474  9348  8249  5832  1447  1480  2756  5002  2414  483  5302  479  1578  32185  5709  8444  5972  713  9492  2298  95223  
5998  9778  1715  553  21612  27417  60537  53339  47210  15214  5320  175  231  323  1993  6613  812202  51629  372394  47492  1532  2458  46988  5099  24250  1768  1987  3977  64904  1.92866e+06  0  1.11841e+06  2566  18628  26764  8578  102674  40499  1388  3849  1568  96  158  192  176  177  435  8598  19172  11717  2207  4308  77  46  488  487  20347  1321  11905  2661  18511  1136  235  1310  566  1206  141  207  467  1027  550  155  1318  169  660  8259  1992  2665  1726  175  1655  434  27394  
446115  91394  15081  5164  94996  113464  108754  161366  35288  256992  44772  2020  2581  4319  24865  343202  1.74285e+06  548056  599732  428152  26428  64672  478092  137851  71819  14021  18599  309344  146023  3.07678e+06  977465  0  921645  1.27005e+06  159118  46426  557687  89926  11033  59730  33575  719  900  1251  1694  891  889  21326  48807  12520  12672  44875  962  537  4730  5199  222279  13724  97628  17601  162278  11015  2847  11945  8623  12232  1712  1981  3952  8807  4489  930  10198  1242  3581  69235  15037  19563  14296  1745  14621  3634  95207  
6783  3971  1063  423  13870  8735  6761  13588  767  26278  3921  119  126  427  736  138355  213721  17577  3793  21304  499  426  1241  641  790  214  536  1977  1317  4287  5030  417570  0  275129  3577  3237  60781  4974  621  572  365  34  56  57  94  57  50  1285  2759  456  1666  3245  37  18  171  122  15612  1057  2691  689  5334  357  64  426  142  513  41  72  174  290  140  17  384  52  177  3539  1020  1257  988  133  705  172  4519  
1.50347e+06  261393  3294  2692  971139  1.54082e+06  83112  198982  28458  990131  15110  1093  1071  1669  4648  1.07446e+06  985701  142432  82914  107544  6341  18302  66865  47247  17481  2611  10828  87336  27105  135132  88906  1.64312e+06  914958  0  94360  70310  677345  62886  3823  21424  17704  239  597  417  1034  686  822  32533  67587  22208  6336  11267  537  301  1021  1137  52221  3386  17970  5271  31400  2542  728  3489  2820  2929  405  495  1245  1851  941  158  2315  235  1192  19994  6440  7309  4939  784  4217  1138  60206  
123566  177597  274188  40401  10586  9268  775048  1.44852e+06  56187  392763  179796  13413  13027  14669  39423  219422  22463  741759  244423  636466  46096  96224  273867  150830  446489  31636  568589  451528  136919  116781  8235  109232  3848  35060  0  3.51296e+06  546894  504956  448988  2.00588e+06  912755  1781  4298  6254  7285  2438  2725  111245  253104  60492  39500  21739  3327  1641  3281  5257  37657  4028  42650  14424  86653  10230  4648  28517  17475  16492  2552  5919  10232  5218  2960  573  7866  437  3558  362175  38268  33254  30125  7196  52052  29277  3.98059e+06  
86519  65596  314147  47592  2842  2514  556453  618711  6803  72435  58826  1536  1474  1152  5000  66732  4935  111464  21770  119275  4647  8102  22926  11304  57204  2991  70209  54857  16412  12661  1327  12075  728  4964  2.54184e+06  0  211625  343957  589453  168937  89281  1492  6574  6388  7347  1981  653  86112  98481  10831  42795  14947  1011  257  1652  826  13550  849  8212  3371  16417  1717  576  4575  2263  1827  308  1028  2637  1061  595  125  2068  96  1755  70077  32986  17560  10503  3219  7411  4955  655909  
378505  187186  397549  81335  53235  14457  1.05669e+06  1.70613e+06  45852  344787  76993  7796  6999  6958  11599  209512  106854  405941  202529  273107  12719  30980  109378  56395  38706  6559  42315  84468  66501  169048  76829  100662  5969  77971  239217  1.73525e+06  0  1.89192e+06  236574  45265  86102  1733  2980  4650  8415  1746  2396  60750  226355  54614  109161  29778  3587  1678  3158  2036  47702  2982  24201  9412  45376  4121  1384  6205  5004  3737  577  979  3840  2711  1479  284  4897  263  5368  38171  27599  26480  13754  5003  9519  3317  166260  
31906  11044  33322  7997  5354  2359  117832  305552  11359  174993  30966  1767  1791  1999  6170  102196  21141  155107  80821  113968  6280  8428  31174  9754  11705  2989  10536  10704  18655  45368  20608  15681  485  7709  113155  318213  1.5551e+06  0  55703  19181  32882  238  429  628  799  395  577  11076  44965  12602  32360  10359  454  247  1065  879  15581  976  8776  2915  17476  1559  533  2458  1322  1350  266  373  928  933  494  86  1464  104  1356  14836  5591  8639  14365  618  5363  1921  429053  
103662  886  135772  54676  74  42  71109  12671  199  2235  3261  4417  3229  3161  2413  5552  854  19068  11334  12871  1401  5237  16796  9015  10388  1290  32508  53494  5067  5973  402  8203  48  4446  147724  430257  257562  74406  0  31483  62507  354  85  524  1082  26  20  721  1470  145  551  460  618  208  219  235  1052  225  2308  521  4007  509  266  993  1165  722  105  271  1179  391  216  18  495  22  55  10462  5881  1804  758  4888  1822  1309  37640  
21104  7405  10300  6175  416  152  20598  50559  790  1617  891  14402  14805  21975  86439  900  690  81950  13143  137870  43368  51587  33433  149407  732008  314697  1.22113e+06  215121  94193  45004  560  13903  114  4651  1.54614e+06  40371  72448  37264  19287  0  1.60472e+06  786  242  1810  6160  73  66  2047  12575  359  1311  3086  4184  1011  1209  4947  6621  1384  17818  3666  32506  5648  3785  20033  28548  33895  4036  3172  3965  2870  1343  196  3098  158  269  84294  3018  4240  2991  2307  79626  2514  79043  
27676  926  4561  5810  266  104  4488  8062  334  1829  1084  7921  6737  6657  6704  1019  303  21898  21652  10517  2091  11138  39323  15027  57284  37265  1.21394e+06  180447  6080  7033  283  7334  53  6300  596716  37150  102468  135086  43178  1.13952e+06  0  99  61  264  1077  25  25  763  2100  318  432  325  1751  850  650  455  750  147  1852  459  3766  557  274  1044  1119  713  104  212  551  263  148  24  323  14  37  9387  1336  1056  1171  1330  2479  1423  96188  
2911  335  7058  5717  153  242  8413  15002  694  929  500  653  815  801  603  425  284  5667  953  4520  1225  26007  1053  17617  455  181  355  420  276  386  71  637  59  374  7892  7188  2313  1412  1164  1498  507  0  1.27423e+06  73428  738135  231133  46554  607764  139501  3557  9380  1519  4285  2602  1992  2730  6752  6820  17926  31412  25319  8645  11685  134509  155414  37684  1834  21295  163730  11195  21708  4756  188504  612  1.21648e+06  180959  111767  316339  49599  20210  33911  13083  61156  
1162  785  4546  1652  137  194  20225  24725  681  863  503  397  426  498  384  456  193  3186  546  2813  500  6148  568  4543  285  105  368  351  148  251  73  412  31  241  12858  7918  1772  1511  924  850  794  925978  0  9915  2794  578966  13094  401286  51683  4657  7695  2853  2214  1340  1071  1495  10274  2689  24904  16771  34571  8593  4018  56221  36214  15789  1049  6376  22245  9273  6523  1236  38217  179  12945  529182  421411  238413  74357  5360  56204  14394  115252  
4123  1871  32340  29929  32  41  28665  28500  128  161  96  350  258  299  169  78  32  724  141  670  171  3969  198  2645  132  53  194  204  53  62  12  92  6  67  3684  6409  602  405  753  453  329  19242  1432  0  138551  179  197  125683  69565  275  651  250  1582  930  673  340  674  235  2295  3034  2920  1112  1771  17645  21610  4725  247  604  2829  751  1004  157  2386  21  3712  42470  104789  100329  23760  30343  4541  2382  21425  
82636  5572  184575  830247  77  121  83793  197015  262  363  570  139276  13897  14073  6333  222  108  2438  1015  10135  1259  4188  1703  3386  1965  1070  12017  18304  718  751  41  2550  19  2314  17611  70531  8986  4876  13315  5816  13661  737897  962  142327  0  178  176  9980  416751  304  424  871  963723  18974  15122  2933  584  232  2340  2099  12222  4082  2002  13130  22797  10944  815  7971  47590  4561  3170  160  13791  23  3266  30445  235139  40990  6173  68115  9978  18814  12095  
497  326  735  426  566  2275  15133  28527  10228  3532  1173  99  144  177  233  1083  499  4936  900  4262  565  5712  744  4243  348  78  280  284  353  591  189  929  73  975  16192  7582  4321  2841  513  1012  766  432597  723848  3811  1522  0  974607  649175  158618  70002  42211  4576  529  348  610  1726  30061  15382  40730  36298  49861  11256  4278  72814  35027  23029  1226  7184  48970  45035  40186  9870  75823  892  419758  478061  127883  281500  100519  2307  55505  16029  123143  
364  382  322  127  900  7127  7903  104524  49326  30520  3405  26  85  78  128  1404  802  3388  1502  2829  173  1585  472  1261  447  48  170  219  911  1561  654  983  70  1955  16256  7519  11727  5671  316  662  474  38938  40600  1266  590  1.1674e+06  0  729988  658509  842273  1.33443e+06  4636  113  81  471  579  46810  44968  28105  59153  17363  2930  1020  31938  9148  13892  522  1934  23147  62145  77295  16552  96825  3180  778020  96827  55665  85373  30601  524  15403  4294  48403  
3687  6053  13038  5558  10678  31916  345811  357589  126881  14358  3246  960  939  941  1062  3971  4146  17939  5535  15605  1654  18997  4196  14760  2931  392  2366  2859  2815  5317  2296  7098  347  10498  199314  143476  44870  21694  3471  6649  5300  238474  421160  136557  5395  1.11976e+06  902523  0  1.90991e+06  1.72976e+06  143755  6719  4065  2458  2113  2892  64464  13167  177006  253556  66178  14786  9569  149279  103048  48865  2090  8428  45951  83283  48019  6879  60763  839  81841  640321  625633  376837  150377  12560  110297  23723  284390  
36101  23366  160570  177762  29773  109049  694764  3.1756e+06  553849  352437  100551  33920  263612  42993  24375  17069  13114  46218  23220  119680  14259  18279  11263  17153  11845  4122  7164  7220  13690  19051  7604  22659  1122  47584  455174  286453  213140  85853  10365  17599  11984  30694  59761  103279  825116  30478  217268  1.7099e+06  0  2.16194e+06  582560  683680  1.08808e+06  745482  685693  113408  66755  14556  179239  142212  550111  154763  16280  131999  87310  32259  16369  15130  64823  19713  20012  5256  103762  2049  182596  957898  888204  687852  349388  18784  161395  37550  619428  
818  1070  609  200  2552  23854  18656  166335  144230  81631  4197  21  47  45  133  1727  1692  4656  3327  3176  176  750  1020  838  905  65  333  503  2141  4102  1906  2092  90  5294  40626  21884  31276  16030  732  1330  993  851  6454  1862  765  60867  1.11006e+06  1.05895e+06  1.51054e+06  0  1.44895e+06  2718  89  50  116  350  41265  6625  97162  221759  13657  1759  538  45438  3290  17852  603  1795  6463  40535  38496  1709  14406  383  27461  146258  168526  60333  58354  772  39501  6572  123990  
717  1009  907  408  798  4121  7449  208104  114464  395411  60853  49  101  429  261  19249  1694  8974  4184  8544  225  753  963  704  1140  119  282  364  1909  1633  555  1704  180  1249  35614  41554  37119  21765  660  1405  871  3944  7344  1647  731  39725  1.36853e+06  156001  907451  1.65636e+06  0  90787  180  125  1263  601  2.2755e+06  145933  102311  172803  25728  3332  561  27198  3238  14051  511  1616  15537  68372  68348  17783  493408  73219  715120  124537  352139  199616  177960  933  66734  10528  156187  
1330  822  1501  2247  773  1635  7944  126774  11878  222939  245207  1637  8476  34240  2881  70186  9007  34178  2861  59444  1566  838  1012  662  1233  739  988  717  1361  2831  1317  8725  1177  2317  48565  37403  19431  12976  1026  2484  1316  279  382  909  4816  504  587  3670  653287  3211  239719  0  12269  26657  806021  3380  145277  1826  19523  2182  327996  13087  759  2409  1682  1350  718  648  1735  1290  838  271  4013  679  2444  37872  19867  16091  12248  909  6705  1608  42150  
24161  438  27043  271768  207  234  10982  164626  347  1997  4077  283574  107450  85041  28713  1094  457  5592  1333  73692  10071  3769  1903  2765  2452  2465  10083  12234  820  936  139  2125  71  1619  17694  17300  10196  5975  9443  6869  16893  5584  624  5545  947332  125  83  4682  771976  221  564  11738  0  291094  233458  63075  1679  200  2880  1200  242231  85186  4543  6023  11624  5544  2957  3754  19593  2695  1434  70  5257  34  874  9229  19963  10337  1944  33954  6433  16687  7354  
10531  427  3598  24740  492  799  9223  154393  2081  4832  18405  36922  548160  201420  56771  1799  832  9649  1318  179904  19732  6275  1241  3614  1635  2178  3656  4667  656  991  254  2441  139  1977  16534  9876  8130  3189  3679  4493  2048  1215  332  1887  116696  135  171  3019  944642  1838  1363  31817  706431  0  585426  206248  2701  388  5036  1779  427316  148395  8657  8554  18086  8523  7814  8919  24676  3857  1627  96  5667  84  1047  13417  8513  16729  3535  81857  17084  29435  10067  
9593  899  3416  22357  795  1743  9288  129021  7811  136761  128262  23821  73531  551505  135875  32909  5640  35148  3100  287195  29252  8393  2157  4646  2476  2402  4284  4393  1314  2729  1013  7228  812  3028  47380  35642  18776  12013  3454  7296  2532  1255  436  2029  99576  301  268  3869  797067  1488  7754  1.11925e+06  349641  497118  0  551691  13310  1166  9580  2235  977690  257926  14440  8428  22551  10160  15364  15431  19378  4163  1651  161  6130  323  1399  22890  12109  17703  6054  57287  33252  21803  27856  
8056  1179  4771  20221  660  777  7695  47196  3406  2131  6837  10187  23236  82810  362292  3626  2338  51744  8299  290992  48634  29677  5077  16164  4359  3627  4365  2993  2696  3833  712  6570  595  3275  20097  7629  16732  8103  2559  13593  2389  2007  803  3439  45063  279  173  5230  167244  555  1213  4512  128692  159389  559318  0  2685  1082  21658  4877  1.77889e+06  297055  164045  14481  616708  64098  278761  160988  20913  12308  2914  226  8367  267  819  68688  13420  14410  8128  22936  218539  19894  22212  
1408  687  1453  814  615  726  5216  23131  7291  81298  27259  133  208  781  663  50695  13024  41119  2263  31599  376  878  998  736  1001  194  627  839  1341  4620  2356  13912  1792  2583  32794  16023  16255  9329  1148  2213  1254  4310  5706  2049  882  20204  84826  45209  113797  97970  1.86183e+06  126552  290  224  2216  938  0  1.80514e+06  702934  174931  60237  6288  934  22386  3735  14723  734  2193  19623  54826  53747  20413  725338  424767  677070  212679  107042  344746  215343  1869  72887  13130  228165  
1799  975  1448  749  723  808  6674  19369  4278  6439  9105  164  317  565  3231  17478  8546  83000  4622  68861  1604  1686  1658  1338  1879  709  1442  1515  2151  5060  1773  12092  1369  3396  29638  8408  17662  9559  1426  5507  1686  8413  16761  3677  1613  51060  169491  63345  114849  47771  476429  26631  530  523  3391  5328  2.61034e+06  0  595468  1.82474e+06  335200  40462  2636  39735  7460  29594  2210  4601  46322  188329  521600  647438  2.04416e+06  339287  508556  379282  78515  323698  153197  4825  75903  18484  277661  
7150  4193  5349  2780  2036  1485  15306  32236  6171  12757  4525  544  713  846  4535  9136  13177  196609  26008  89905  11760  9167  24391  5916  7780  1627  3794  7419  10244  16677  3366  26153  1731  9847  65737  17632  58878  29378  5140  27782  6293  9420  7644  17733  7070  4186  7063  74281  165289  88453  86676  26366  2185  1552  1522  11025  822933  615947  0  3.12314e+06  788724  113254  16790  717935  30464  87133  8321  18230  42842  54686  28341  4569  118771  9421  22710  415409  45914  267367  240754  11936  132802  79288  265625  
4980  2159  4942  3292  1163  1536  17753  40476  7241  9300  3912  704  993  1088  4211  4960  5637  118624  18939  79566  5333  6278  16816  5300  5862  1425  2646  3817  5166  7465  1576  13228  1186  5240  41805  14753  32417  16816  4066  13165  4006  16849  21413  41153  14051  19044  47073  173918  238308  172189  53400  8595  4077  2839  3550  17631  96169  1.52708e+06  2.25687e+06  0  456411  65108  8907  1.64017e+06  33275  438145  19325  45056  110476  652621  1.11133e+06  849793  451660  5490  30817  579217  87509  499564  274511  20880  132559  134672  252232  
23496  11561  13188  23193  5556  3276  38138  148069  12874  50348  79254  13338  38808  66051  198294  70264  39301  656270  93650  1.31447e+06  153394  74757  110118  48729  29120  9792  15014  20977  29792  46987  9726  78567  6597  27801  187393  50134  166782  82225  12390  84981  18521  12006  5531  20819  56817  2168  2396  36937  443475  4658  21414  363984  136537  163988  775433  1.75139e+06  52568  16160  958855  65572  0  2.5972e+06  1.32483e+06  265866  1.05086e+06  107705  145065  83923  67892  88071  24886  3535  83207  8197  10313  349018  52755  113807  95034  23897  272094  54538  199736  
1535  949  851  942  396  149  2574  6337  541  1692  2178  415  937  1414  8794  1902  1069  87949  15940  50445  145827  91709  36453  14737  4338  1213  1443  1898  2901  3333  354  4371  231  1631  13559  2523  12179  5933  959  10725  1991  1409  654  2668  2382  202  126  4200  21448  255  800  1467  3620  4263  8562  112330  763  586  169036  4720  970607  0  481527  206690  222361  31917  26839  14975  8974  7940  2435  137  7953  201  582  44889  4238  12170  10644  1035  47414  7053  15979  
534  341  292  246  122  32  848  1657  95  214  251  95  188  260  2981  241  238  35537  5680  19258  42253  83328  18630  17263  1857  665  759  635  881  1043  108  1249  47  496  7668  712  3826  1777  333  12276  734  739  290  1330  745  68  40  1985  5228  81  225  230  539  635  1188  162308  192  121  43107  1471  577974  472019  0  120456  553902  26862  29729  13249  5487  2682  1113  42  3669  53  189  27495  1604  5063  3612  397  43486  2876  5325  
2841  1391  2924  2167  451  391  9384  21482  2808  2626  917  512  591  619  2129  801  713  189001  30903  34560  20407  48454  86488  82636  8676  1896  2112  2650  3964  4207  330  4778  188  1723  28648  6753  14830  7456  2436  20166  3158  12534  13042  35190  10967  6196  23412  73926  133563  51241  19656  2335  2635  1777  1501  30187  7328  6127  393637  1.55548e+06  110739  182167  138562  0  477058  833873  30549  48051  69559  852357  1.10933e+06  16125  161693  975  9500  312721  34067  306854  98980  9664  95805  92652  112236  
1970  794  1613  1631  229  116  3428  6637  329  361  807  249  413  542  2952  497  423  50991  8637  22372  15583  254655  25394  330870  10705  2201  2440  1770  2122  2294  146  2570  108  1006  64934  2627  7558  3226  1017  90880  1677  13666  3493  21229  9660  566  194  27220  35989  386  584  367  2503  2610  3431  812277  559  257  44603  8715  537545  164251  489717  527386  0  1.91964e+06  892353  188816  127656  46663  17132  170  52572  138  1661  131503  7634  49496  5972  2541  422275  20976  27986  
2537  805  2584  2521  295  225  4888  11731  1324  1204  2942  305  803  1048  1853  1492  992  40267  6207  22986  6404  87374  13508  69251  11007  1677  2204  1625  2217  2256  301  3161  228  1232  64525  5118  8185  4185  1845  74166  1801  12228  4973  19582  9985  4148  8015  36397  63287  11532  5988  1322  3423  3855  5064  137794  3681  3886  40794  185390  72036  31533  50933  1.21541e+06  2.21434e+06  0  1.80444e+06  1.18585e+06  401321  3.17964e+06  135170  3446  67314  286  3723  341503  26969  78463  25748  5501  928245  52667  60035  
1052  336  931  1509  213  277  2354  11175  1410  865  5272  268  1364  1463  2058  1845  893  20506  2204  18606  1775  9103  2286  6910  1101  484  697  565  705  1070  225  1973  161  873  9048  2187  4557  2331  553  5111  587  2191  512  3085  3583  219  237  4395  49612  517  614  806  4443  6455  8778  329718  470  383  11357  6377  68465  22339  24854  46807  600089  1.40871e+06  0  639686  114644  49120  5651  113  13885  96  486  53481  5606  9935  4599  1507  474569  15732  18254  
2359  320  2289  3497  191  211  2389  9139  983  917  6421  688  1152  1796  1910  2209  836  18961  1784  18973  1303  7289  1591  5004  941  457  885  797  598  914  198  1917  188  815  9961  3897  4386  2518  1647  4282  842  34684  1073  3315  21391  1065  431  5223  39478  744  865  873  5663  6507  8685  232883  993  530  12183  9632  49931  14288  16375  52562  166615  907993  978150  0  287780  47021  3205  177  6736  87  15498  179712  12905  48605  21469  7203  786609  323731  32636  
5111  219  2545  6531  124  205  4210  9330  784  971  565  1210  808  1625  679  325  286  6558  1065  5665  1235  13710  1169  9316  494  154  520  883  345  414  76  871  69  533  8131  5160  2462  1505  1879  2142  823  174948  7906  15184  71223  11358  4908  33939  82606  3720  3493  1214  13023  7301  6417  6321  3953  6564  16879  35303  24794  9271  9995  120423  105072  248884  26279  318321  0  566245  600403  6642  389426  268  130024  237747  24784  155115  41766  17404  271323  241712  53271  
1583  938  1057  679  402  325  4009  10758  2660  2609  1411  159  282  342  2345  1535  1745  42985  8414  33634  4166  40264  6742  27939  3467  741  1198  1616  2518  3088  555  4927  427  1954  14634  3518  12835  6436  920  7566  1555  6592  9243  7203  3446  28769  53142  69654  49194  48284  32226  2707  907  702  1457  33987  12322  56735  72500  635467  165890  46564  24215  1.41412e+06  261159  3.73118e+06  151062  214519  469612  0  4.10723e+06  94775  76783  688  9072  112572  18612  87299  48987  2192  72521  15092  68758  
1396  813  1017  460  543  734  5330  15106  4197  3240  2155  145  304  354  2437  2142  2974  60633  5226  49596  2716  19196  3186  14335  2013  696  1194  1264  1919  3265  790  6109  575  2588  18693  4753  14076  7479  986  7142  1366  5919  35094  4626  1789  104937  176959  149294  84056  64850  92073  6156  432  406  1893  8167  28247  675245  92001  1.25571e+06  247388  39337  13158  697025  101602  201045  5802  7792  512523  4.3502e+06  0  1.79676e+06  3.41891e+06  2308  42622  166395  31437  120355  69503  2242  54677  12988  107745  
340  195  275  146  145  153  1633  4222  900  727  654  40  93  109  780  598  891  17002  1055  14535  456  500  358  386  444  183  337  310  467  868  228  1579  152  643  4961  1382  3675  1961  251  1362  320  2027  10503  1435  500  27337  44936  31156  25356  8556  23421  2082  143  124  681  1284  8381  690907  21225  1.19117e+06  79228  8896  554  28164  2129  13567  661  1244  41229  190049  2.33523e+06  0  862129  1366  14158  49739  10117  36223  19578  815  9575  3630  31502  
2348  1011  1786  1570  686  880  9175  26710  5786  9095  5135  357  551  702  3781  4455  4433  82881  5707  68296  4034  36115  4020  25452  2440  962  1756  1739  2171  4268  1222  8425  746  3222  28462  8547  17925  9616  1526  9276  1769  147432  43966  15674  13316  83179  133570  107508  193898  30170  339491  15977  2151  1321  3997  12114  473943  1.8468e+06  228845  488020  411258  66087  24486  476402  214706  105031  7281  12322  400056  141112  3.22642e+06  1.23743e+06  0  845874  846014  244198  49532  421792  94684  4726  84669  35143  183435  
140  62  99  59  60  62  521  1178  219  439  730  14  31  40  443  750  547  8034  267  6807  160  424  137  288  152  89  158  122  162  411  128  906  72  292  2478  657  1414  783  106  599  119  1455  1726  253  114  5007  5927  3511  9365  1093  40850  2015  55  51  495  669  198251  324325  23770  8878  39836  4897  357  4832  2199  3628  321  459  4347  8363  11245  9188  486167  0  345184  7254  4375  44838  7151  205  2484  914  7773  
595  412  990  578  521  1920  10045  44475  9819  16711  6281  153  360  349  1019  4213  1853  19565  1394  17599  656  4460  774  3286  655  224  450  435  786  1390  486  2759  250  1109  14732  7080  7039  3881  472  1803  573  987317  122455  11285  3746  642926  1.19956e+06  128384  384799  60577  1.22059e+06  15719  687  709  1796  2655  1.0595e+06  672366  95116  67082  100668  13692  3163  66861  27363  26856  1501  6799  104835  87588  98458  50372  1.40074e+06  705211  0  80677  31524  442876  41433  1384  14182  10247  46817  
12477  5100  31683  15416  2661  5210  113506  236318  22369  29239  13040  954  1594  1567  3100  11498  4432  69134  12853  53559  8903  54278  15783  40883  7931  1273  12845  9233  3873  5469  1387  9194  743  4766  472316  115292  45357  52720  30476  38873  45258  35143  99158  160906  66243  40481  12374  456084  2.06394e+06  66493  343658  139216  7799  4453  7371  33837  369159  41895  832486  204413  1.04236e+06  223859  61569  728415  248339  428343  49953  408044  864139  156120  72240  4756  167740  3494  20948  0  1.82242e+06  585926  794870  205730  2.43399e+06  878669  3.91594e+06  
7717  4984  45494  22228  711  800  109744  153014  2269  10408  8789  453  405  539  836  20081  2702  18266  1748  19465  777  3058  1430  2370  1097  240  1275  1151  638  1289  461  2996  319  1031  53521  46374  8501  6809  3832  3219  3032  26062  52941  200641  94908  5412  2102  239357  597597  8705  55368  41089  5414  855  1902  3381  66787  9920  67074  16311  149068  23496  3594  34573  14472  31949  2693  24000  52574  14101  6787  1172  18940  2593  5359  1.78213e+06  0  187783  260196  349243  215468  47955  363335  
14683  2516  20528  17440  1895  3727  78316  179454  20096  52546  19668  5044  7165  7386  4460  11700  3938  28705  3131  30750  2008  7607  2680  6247  1897  1079  2427  2957  1454  2641  979  6199  615  3074  52522  48543  18233  10781  13443  4835  2627  62695  91983  308437  98994  41989  12597  477001  1.44718e+06  41209  156429  52141  35650  22156  18359  8292  270979  39419  189714  151867  246872  38504  10245  223564  41241  57849  3486  18916  52419  90966  55763  7052  86972  2359  62590  222015  558249  0  1.48074e+06  173171  51574  60805  158769  
1214  484  2619  1683  383  1000  11827  33606  5295  12259  4322  190  423  444  497  3858  1049  8971  1220  8295  475  1021  1003  773  626  130  374  415  448  796  295  1500  146  695  14934  9117  6213  10519  1640  1912  1102  2689  10922  27920  8798  4922  3294  62446  362830  29910  121052  21607  2065  1480  1800  2237  110817  8530  90235  56994  124613  18905  1915  50220  4831  21723  1396  6623  10270  32458  25549  1273  9142  281  4197  188553  181231  1.45976e+06  0  15210  230393  61407  507717  
16839  395  21321  19552  21  23  7919  7479  49  206  224  530  779  1625  551  276  91  1839  316  2410  495  3392  425  2131  225  100  793  2009  127  181  16  767  22  611  3087  18013  1333  836  8432  853  665  25564  379  80659  56314  183  124  43699  13986  177  1401  1398  15836  11989  9848  3175  3056  485  6607  4235  16509  4352  2344  17753  21937  15405  1314  8327  46172  6595  2301  138  7754  38  1022  170504  499231  116714  21144  0  20414  69487  15631  
8862  916  14468  12247  351  240  7145  12867  1099  2405  6500  702  1458  2359  3244  2707  1739  41488  5657  35242  3400  16478  7414  17554  6073  1548  3332  2336  2111  2715  517  4361  371  1804  72403  19733  12371  9277  12308  52226  4070  8527  1509  10962  10294  477  288  12743  45032  1465  12338  3519  8753  14531  21060  251419  6195  847  32590  10488  93701  30499  25361  76271  191591  564059  428379  1.08145e+06  541745  62355  16964  220  42580  145  1965  1.63523e+06  44615  46281  84298  10663  0  1.71244e+06  182639  
4406  220  6924  5418  42  52  3457  4635  266  628  526  403  594  725  526  379  164  4127  709  3185  940  4151  1109  3435  444  143  677  681  174  269  45  563  41  259  16134  9873  2001  2542  4735  2324  1875  7949  1188  3963  4083  782  345  6144  21757  792  2466  1088  3246  2652  2440  11438  3918  1096  27078  25046  25682  9621  8028  127944  26538  21417  20158  695429  271908  6901  3240  267  15587  220  8374  819725  36811  97258  111728  16435  1.50479e+06  0  172221  
31744  18972  61973  12685  3995  5018  164909  505010  31694  399680  142331  1285  1833  2628  10673  234702  24071  431649  110182  348268  13064  24007  79327  40161  119660  11870  50962  30148  29457  33527  8589  26927  1973  9691  2.63773e+06  1.11128e+06  471574  1.74508e+06  104568  115448  145940  4384  9977  27391  11674  5219  6608  95711  527089  90281  370993  109230  1273  802  3960  9677  326910  25715  414037  104094  598389  105545  17743  206694  43470  68855  15392  38676  54121  39732  26247  2310  31397  1350  12949  2.66363e+06  371389  461828  2.10002e+06  35549  582954  256664  0  
