4600350  
2788501  
616549  
3954459  
4335566  
3942131  
7647797  
14812595  
4539714  
7307057  
3168719  
2647020  
2546931  
3910603  
2919029  
6099734  
8338208  
7697481  
8204968  
10038739  
1610473  
1425413  
4926218  
3929281  
8216331  
2296204  
1974045  
2176501  
9284725  
10722329  
3011884  
10417609  
887496  
6942215  
1896795  
1622607  
1355685  
1907851  
975474  
2444947  
1837253  
3444401  
5438504  
2728653  
775488  
2273065  
1575052  
88098  
488778  
694491  
1085263  
412705  
470628  
422072  
59471  
89171  
951738  
105435  
1038102  
3647626  
1100919  
5080577  
2347960  
477285  
3647818  
3391673  
4924827  
8765534  
14614941  
5297192  
8213462  
2450628  
2925826  
2268042  
3754115  
2842946  
6698480  
7850911  
7340923  
9415584  
9464869  
1799073  
1224381  
6285520  
4236110  
8253167  
2206828  
2204730  
2346058  
9662495  
9936215  
3733145  
9536897  
1017543  
7321808  
1519668  
1652873  
1934970  
1730990  
1478024  
2465451  
1531020  
3086109  
5548800  
2741202  
691768  
2275955  
1688579  
69300  
488015  
646881  
1053721  
415242  
473130  
498476  
109339  
99587  
968256  
145315  
991479  
3318566  
1299770  
9502319  
12388701  
4768871  
217876  
