4720399  
2872059  
674658  
4336335  
4384069  
4280543  
8533935  
13303708  
4143050  
6838290  
2984201  
2663088  
2296290  
3669859  
2772990  
5639793  
8606419  
6152226  
8555928  
9371987  
1402931  
1189680  
4581866  
3749817  
7425164  
1966812  
1978543  
2187779  
7846162  
10179730  
3090828  
10070099  
765071  
7421382  
11170088  
4130657  
6037560  
2322721  
859487  
4513892  
2193644  
5142975  
2156003  
669248  
3933305  
3644105  
4378571  
7414305  
12817946  
4603951  
6600538  
2464999  
2903321  
1970352  
3431708  
2627699  
5511778  
7435513  
6291644  
8384935  
9346050  
1791980  
1198796  
4897186  
3982693  
7797571  
2158454  
2151125  
1944765  
10068399  
10027979  
3620506  
8810994  
880877  
6768577  
11323213  
3470730  
5593350  
2240416  
732773  
4358713  
2092784  
12186506  
