0  1.97157e+06  71669  808978  344434  58460  833396  25686  2035  19336  4383  46960  135  632  4124  28397  33507  31212  30092  33090  8996  54990  59085  55220  27213  8174  34600  245080  25541  54233  10472  580984  4645  1.25457e+06  40591  139327  396112  92526  16517  60524  38579  16825  115  861  30417  96  109  3328  4720  593  1402  787  1109  210  289  348  1835  326  3582  490  5476  1530  979  3148  3053  1379  256  917  1767  1270  631  77  960  11  576  5945  40981  2673  2206  14151  1327  1123  31383  
1.00632e+06  0  1862  4778  790080  44780  432377  31438  2865  29684  11850  750  145  737  5030  40842  20737  39385  28888  47386  11032  70583  57405  77748  27851  9536  10548  31671  26817  41377  11681  173576  1529  95089  123934  346470  605099  214039  12651  77755  12977  460  94  138  572  186  293  2516  6520  1284  3861  1795  112  86  221  358  1666  364  3770  565  6497  1756  1116  3519  4249  1563  293  459  285  1066  490  49  521  6  139  9058  1603  3921  4385  456  1743  1269  102388  
25287  30  0  139007  45  39  161843  122019  58  1056  522  291  9  24  100  1577  95  826  265  1246  153  540  390  572  378  116  320  316  427  353  102  137  6  29  16463  48222  18052  12431  13999  959  996  148  90  1892  2605  7  8  3530  2412  38  136  84  44  10  6  5  59  6  71  8  146  24  9  67  49  44  6  85  130  33  12  1  29  2  25  1267  524  184  156  178  87  418  7402  
854267  661  179890  0  325  438  20758  457446  291  1666  1363  842785  445  1000  852  2792  604  4777  2407  6805  2492  15578  7776  15950  10677  1736  48738  100387  7047  6107  512  4147  143  3624  28128  106666  88073  23575  41110  27620  56743  101955  1411  50072  1.17656e+06  130  175  87679  106717  798  460  297  63827  2216  1338  729  230  103  620  139  2311  561  381  1001  1269  980  277  2954  6501  1681  993  31  1678  13  1713  4883  202687  2092  900  54729  1046  6160  14111  
405239  973925  1433  3148  0  1.46717e+06  1.34012e+06  372310  24640  82814  5066  1136  290  1299  5221  28582  73094  42963  91372  33033  7137  54722  79009  38616  17818  10433  11012  8410  39241  64506  42404  165761  5988  617799  214005  239028  364592  91286  1920  40615  10053  412  422  206  982  3007  8916  40276  103556  43350  5701  1341  617  619  400  564  2788  591  5749  809  8018  2093  1218  4321  2833  1937  415  731  412  1633  733  122  712  15  213  17940  5535  8113  8059  405  2893  2220  148791  
71783  107998  1047  3350  1.15309e+06  0  759239  481997  542454  1.71498e+06  5656  882  334  2817  4349  69016  95184  35888  74320  27937  3976  17146  36055  9632  20813  6373  6450  8769  38744  32983  19498  288425  20804  898495  65919  116723  435100  59493  2739  14410  8635  299  500  171  854  3717  13414  39348  180874  156822  45716  2270  457  733  553  394  3888  497  5871  764  6438  951  508  2398  885  1386  247  530  306  2132  733  79  658  16  286  16434  12507  11003  10967  390  3898  1712  71878  
472046  611122  268608  38296  1.75363e+06  841334  0  1.58436e+06  909557  241273  25382  4037  839  2545  9349  61966  90385  75058  164712  75337  13182  74283  72514  75298  92037  14618  21265  25875  154411  108715  62492  65681  1387  12905  932897  1.33622e+06  850354  366187  59406  90405  37143  1628  5172  22131  29436  14706  34673  404479  383923  78807  25272  5080  1587  1032  801  1021  5788  1104  11042  1484  15566  2771  1647  6255  4893  3998  706  3211  2475  3888  2100  242  1460  45  604  94017  36443  25527  23286  2748  9926  10781  493332  
15838  9138  119729  640287  114203  215432  1.7575e+06  0  2.13319e+06  817246  549429  669310  1.48938e+06  839625  250792  37825  34098  58387  47660  285759  23425  51352  65761  38048  40734  25648  34758  15144  40080  34927  18612  37125  1923  12562  1.19854e+06  1.09224e+06  897343  483914  30522  71424  51040  13269  11281  61808  174474  29972  86425  814477  3.48294e+06  644674  324379  131104  203761  368917  106964  35983  15350  2744  23028  4381  89649  15807  5785  12780  10687  16013  14677  19707  6920  14385  6113  567  3852  84  2162  239571  177067  84996  85107  12645  37190  24272  888775  
728  8746  263  869  56509  938972  1.31424e+06  1.68122e+06  0  1.51965e+06  8786  343  197  4553  581  5835  9809  42169  100524  7856  559  1052  10472  890  19565  1428  1933  1444  42778  15730  5830  6967  252  1365  44482  76460  43803  31805  1942  3201  3337  218  388  85  320  2496  13130  27882  214467  230998  141389  3333  153  506  510  330  2571  707  5106  1065  5258  403  128  1515  254  1873  304  602  336  3380  824  85  826  25  703  21877  14583  12675  14678  382  5174  1500  60920  
28028  30156  5084  7478  79726  1.38956e+06  409553  1.09599e+06  1.58502e+06  0  165790  1752  511  26050  3962  2.15644e+06  164922  101900  88237  40660  3013  7078  15917  5250  21298  5030  8448  11035  39866  26239  14120  316917  54067  600598  243304  348656  770297  631855  4838  20142  23657  1248  317  177  1849  1151  4192  13136  221584  69005  288016  31994  583  818  1914  824  17221  1213  14516  2462  13588  1438  504  4045  831  1903  574  1490  1316  3071  1252  124  1495  41  565  49573  32803  32368  50692  2454  22192  12712  462820  
2032  621  1281  3639  835  1546  8332  535556  4666  219262  0  19371  27464  975053  16359  85651  5518  25946  1673  875286  6737  2526  2050  1723  2806  3504  6100  2561  1179  1048  339  2740  405  1596  124549  123629  52339  80535  2509  10460  15280  1439  394  365  2184  754  1204  7158  84441  15694  238187  334787  5043  7872  25526  3193  159336  2686  51279  1526  59903  3876  1007  2678  1090  1444  856  1725  1468  1754  1459  500  4657  145  868  56395  18974  20256  22785  2554  12828  5670  141224  
22876  163  4258  698847  244  502  8319  898823  723  1331  8204  0  239366  120173  86538  618  337  2693  800  76066  5026  3731  2081  3429  3792  5985  13530  13868  1492  1183  118  837  29  302  15142  18655  16152  7722  6012  12202  23125  100123  3198  34380  336260  1535  925  137182  278765  1668  1909  4507  412297  63523  25986  16854  695  153  2023  186  42274  7619  2558  1286  4166  2537  3662  6562  6799  1808  1100  56  1433  18  1261  18837  127672  5254  2714  71976  2875  8389  9791  
2580  179  1322  28350  1374  3130  9912  1.43025e+06  4278  3890  54676  688849  0  817110  270124  1632  1177  6559  818  321015  20690  6121  1697  5431  5307  17861  18229  2815  839  610  154  904  123  285  17669  9026  9726  6252  1955  28869  9228  16741  498  4817  39831  1685  3995  39037  378307  14762  11427  27028  179592  548318  145929  44767  3439  369  7046  415  107482  18016  5304  2155  8063  7583  16708  14630  3552  1618  850  79  851  18  376  26942  20498  10006  6943  20208  5176  5509  19061  
3600  412  1445  20778  1067  2830  8825  585251  6502  14785  1.10226e+06  381141  600477  0  461413  21376  9503  33513  2345  1.11729e+06  43455  10029  2908  6873  5947  19002  19521  3225  1639  1942  709  6011  777  1152  64832  21281  27859  23761  4362  41691  11283  15685  575  3436  27871  1031  2849  20038  250570  39752  86160  114179  78619  133996  684868  146769  47784  2777  47789  1849  279269  48356  15722  4459  15274  7837  15505  13443  3082  3120  1879  474  3794  96  965  46097  24510  21482  19613  15496  14418  5845  69008  
3277  622  1224  9559  898  1058  7278  100614  1391  1510  4318  192056  137728  635689  0  2303  11889  41489  12498  1.84439e+06  77461  150324  8808  435124  38746  97552  57862  3765  4494  3082  1158  5839  1157  1861  44887  8670  30090  19501  4353  96688  11332  9730  403  2425  17079  369  338  8768  39921  1996  2383  5356  33658  25145  205653  394419  4239  1689  17588  1862  228696  34549  13501  10378  14418  6559  7692  6821  1432  3254  1572  277  1849  41  475  23722  10906  9544  6327  4285  7204  3045  28777  
41318  30924  10578  13442  46768  146208  156386  132911  71597  2.17299e+06  169661  3791  1071  10029  6004  0  2.02582e+06  625414  129954  134266  3636  5631  11382  4563  15747  4949  6298  13820  35276  40675  25035  402090  207758  544184  139354  90588  646241  319264  12923  18862  16510  2376  425  226  3346  697  883  5641  25839  5210  29135  32519  654  761  2505  848  91276  2917  50466  1142  31862  1754  504  2657  914  1066  313  770  822  1372  1440  603  5686  144  801  41282  7521  16541  20945  3114  11352  5615  217796  
52363  73201  6169  10080  116210  163396  168064  133602  43960  281267  43171  6265  3358  32025  63383  2.37474e+06  0  723993  1.59553e+06  362966  24952  15489  31243  13288  73024  45772  40319  28036  153607  439559  479032  2.40443e+06  672899  422926  54288  39860  368315  78621  11674  58258  18008  4634  1680  542  3615  2143  1654  12450  33048  9194  13414  22261  1594  2278  11418  5813  124576  9996  152427  4241  139321  7468  1772  7527  2280  4529  1334  2895  2109  6564  5164  1811  13640  402  2355  105757  9249  56746  47727  5047  28813  8556  118850  
19660  8440  7000  14324  14154  16964  101508  70362  71143  110126  45045  3867  686  5567  15953  487155  472204  0  3.01309e+06  985626  164567  33214  783076  18106  113776  31251  29393  15328  75140  26220  5329  31490  2283  18418  140021  55462  276152  128584  20276  57359  54863  4499  1022  444  4968  1413  1090  9451  20316  4036  11014  5582  674  624  1765  2908  20611  7254  100198  5714  82818  17703  8784  39189  9790  12665  2131  4855  3694  12171  6592  1325  9038  197  1969  109580  9438  39417  29079  5194  20506  11087  132780  
35229  38668  6063  16747  72367  57978  329438  82589  97753  52423  3453  4325  522  3955  35650  38109  1.34954e+06  2.67592e+06  0  404799  36602  17535  1.0086e+06  17315  296496  56475  51506  44213  696442  1.22182e+06  760887  297428  1880  66125  44278  34276  349307  86958  14878  77309  49007  2857  355  195  5747  627  825  6135  14260  5159  6166  1645  517  440  1612  1639  5523  2184  26721  2443  33114  7551  2537  18029  2881  4400  623  1336  1118  3457  2123  423  2716  61  708  29309  5879  14113  10151  3240  6336  3442  56422  
28246  7243  10625  38033  8246  6946  71863  289851  12638  28975  659834  230449  152700  545667  1.7024e+06  56783  95999  1.08787e+06  116956  0  1.45482e+06  909040  137760  659452  280920  286341  244559  37658  63872  32140  9778  66156  9130  20935  571126  116793  352610  228666  44125  558096  139671  19399  3545  2716  24824  4713  3592  36631  136742  17441  43006  82388  51799  52805  144621  305697  83195  22772  273692  25413  1.42535e+06  159136  64127  211829  63418  73690  17932  27321  15643  59576  27128  4297  31300  547  7126  372999  33664  128067  89807  17164  69924  37686  350266  
3465  1504  825  3875  1331  335  7766  9279  240  758  849  2494  1465  2426  42721  512  2364  228914  4659  728460  0  346649  106595  103450  36935  29021  24992  7787  6815  4174  334  6271  423  1946  68109  5733  36679  13459  2476  84003  15892  931  177  93  1345  235  104  1802  3669  382  550  583  897  1228  1673  7390  832  321  23896  2277  41107  107805  42128  48033  24188  8682  2546  1901  1093  2614  1585  82  1500  17  297  31948  1056  5163  1816  848  4373  1815  15550  
8101  3006  2337  8033  2225  431  21852  15623  133  797  480  2026  527  662  43689  360  1220  40919  2517  184781  279538  0  55568  513373  71660  28849  19362  28026  9389  12968  306  13755  191  3210  71492  7429  78444  14190  2256  108692  28511  844  84  67  2319  106  49  986  2103  173  226  183  500  643  850  3886  192  124  6764  736  14675  40323  35871  19052  30868  4705  2264  1295  577  1089  623  22  601  3  147  23695  1116  2084  740  828  3722  1106  13963  
21651  14308  4115  16942  14681  3324  55243  50415  5083  6620  2333  3523  163  329  15377  2305  5152  858584  928889  103053  100627  63885  0  163825  604186  92852  67542  34929  857918  336803  3920  90562  378  22416  109698  25480  251576  86156  13822  111323  79288  2251  196  140  5393  319  187  2730  5291  468  1516  457  359  283  273  1233  465  435  30518  5567  27652  31212  14569  97772  12790  14138  2000  1371  1110  3246  2074  107  1852  9  401  32157  3287  6644  2501  2378  4441  2669  63171  
13849  2545  5290  12421  1143  377  46658  25246  242  958  564  2587  562  765  493058  524  2466  45313  5586  513833  122756  730842  329779  0  1.4031e+06  857523  73975  72221  37308  35450  532  25384  342  3391  66068  11966  129906  14867  2301  198627  43753  1040  69  114  3107  116  64  1143  2770  202  266  231  361  399  379  2044  279  206  4658  1179  9142  8585  12230  18105  102144  5559  1838  1025  617  1528  752  33  620  6  134  17264  1515  2217  928  984  3222  898  27384  
12815  3219  4643  12120  2432  1902  58389  39066  8362  3716  955  12281  2312  1077  24180  1177  5024  62403  76685  48647  23979  60109  889201  1.49113e+06  0  2.10099e+06  907408  168772  2.89654e+06  61464  1350  23470  415  4246  70808  15126  134325  31979  4788  361054  76097  1277  94  141  3539  152  147  1913  6722  484  980  547  2405  1523  339  860  566  374  8082  2124  10325  7223  3382  24015  5882  6671  852  738  534  1879  941  74  812  9  208  11731  2087  3183  1917  1240  2108  1395  47228  
1424  390  473  1390  372  269  3986  14040  553  449  233  12029  2674  1863  51473  295  2440  18788  8782  44012  20028  42310  78882  309618  1.67392e+06  0  559769  11395  44387  6571  363  3531  266  811  14124  2197  13480  5701  934  363305  18675  319  32  117  825  38  35  620  4205  134  361  514  2449  1382  318  661  403  104  2263  576  4106  2469  1274  6933  2404  1611  371  322  154  592  306  16  231  2  54  3658  464  911  510  268  689  356  39561  
21478  728  1114  26917  442  434  7847  21562  1222  1060  635  27593  4390  4048  37969  622  2995  23760  13972  31183  9221  24156  29241  20969  926741  713186  0  246400  87761  5363  635  3654  351  2485  126007  9381  92248  124744  15573  545463  558696  2346  50  226  8935  72  54  1224  7604  260  888  1328  4690  1819  512  634  1059  332  2811  386  5715  1211  752  2260  1567  1287  496  562  502  978  425  58  487  8  152  7129  4196  2529  1532  2157  1466  1221  77973  
296960  13404  11921  108190  2713  1372  101359  15943  1222  2427  827  26676  173  459  3428  3343  8332  19280  15002  21990  12753  65413  49143  85998  222853  12195  315048  0  263863  427187  5716  424367  2009  38382  83172  35689  264036  57804  12320  146784  328324  9816  89  383  26265  101  94  1635  2772  281  468  348  936  263  272  375  1344  369  3571  542  5188  1704  1158  3487  4103  1584  313  680  931  1215  582  71  670  10  348  6280  18244  3464  1870  7351  1406  1065  46597  
8654  7405  3266  5551  8326  8602  129645  24284  27156  11647  910  1656  235  605  7001  3737  10864  53044  246952  39506  9576  37397  877011  44368  2.95073e+06  70758  80514  337372  0  3.00865e+06  69509  36286  317  6076  44920  13708  98833  47319  4329  102019  24190  1017  125  101  1688  248  252  2574  4874  1503  1579  486  269  211  243  461  1540  688  8674  2203  11270  5878  2273  20458  3718  5345  657  900  593  2785  1166  124  1181  23  282  10189  1733  5144  3539  998  2490  1457  39136  
37799  49366  12392  16499  55632  25137  360839  93947  27563  36075  4715  3462  627  4993  14708  51916  572524  95693  930946  87631  20302  99203  456802  105058  203069  35425  44041  453114  2.99238e+06  0  1.87015e+06  3.16438e+06  2041  39600  132496  49492  486933  263686  8512  157866  54324  2172  333  230  4146  483  684  5377  13985  4947  6025  4138  494  513  1810  1300  23599  1941  28696  1656  29213  5168  2533  10408  5849  4006  743  1249  869  3347  1655  331  2692  70  584  26974  4688  14062  14604  2341  9341  5920  161257  
6162  16609  1356  1941  24651  8689  98778  24818  6321  11921  1153  567  191  1624  5949  16936  519695  19285  574279  24514  2531  4009  15845  2882  13344  7234  6591  8611  126226  1.47697e+06  0  1.24487e+06  1342  10722  12780  11040  88141  70885  1366  11414  3246  423  85  52  509  153  194  1540  4300  1691  1935  1137  103  124  564  338  6449  510  8755  332  8431  700  219  1159  267  536  102  256  174  602  354  91  721  20  158  6991  1114  4004  4427  485  2757  1707  37616  
343521  157267  14621  23953  270031  271499  283324  189122  21299  215225  9231  6230  1556  12327  77073  379510  2.06455e+06  299647  435826  382580  55453  156480  378432  133154  181405  107299  98208  510428  134661  4.11476e+06  1.02352e+06  0  894497  1.06911e+06  132141  76673  864128  247959  16508  232240  82216  4351  995  473  6594  1378  1270  10169  26178  7427  7992  8849  997  1070  4264  3171  57832  5284  86992  3802  82840  11092  4665  19261  8675  7528  1446  2738  1923  6924  3939  994  7113  183  1569  65529  8469  37692  31983  4777  19963  8628  183295  
6603  4168  1397  2225  6077  8009  11909  20432  323  17416  1352  615  161  1133  4793  160089  290062  10144  2726  40280  3119  1465  1297  1239  2491  3081  2929  4242  1172  4487  3932  510656  0  244267  4456  6188  85005  14174  2760  4194  3940  442  63  34  653  84  78  698  2026  408  558  1178  97  94  356  214  8148  367  7487  160  7120  474  128  559  240  268  65  156  127  299  222  43  514  14  100  5204  741  2833  2365  503  1471  464  9897  
1.25331e+06  431019  16952  9439  1.02611e+06  1.54271e+06  250444  152468  5415  929889  5654  1613  430  3120  17426  1.22908e+06  717412  93329  81490  119155  14873  39521  88990  23037  29769  20172  20060  60263  34918  89883  45870  1.511e+06  569545  0  25457  46860  1.50955e+06  53784  5658  40599  38608  1043  200  166  1697  376  485  4193  12992  2183  2724  2640  286  308  1137  776  15796  1228  19688  841  20013  2510  1152  4411  1849  1757  345  636  491  1529  906  217  1869  54  383  16034  2583  8261  7241  1251  4508  1700  37408  
52401  7441  86361  99076  7635  11648  634376  1.91477e+06  15239  510178  367805  18164  6072  22163  103417  350627  13881  380628  51589  737878  86427  188558  187578  119355  269084  126444  494408  226671  134469  102584  6221  49214  1659  11969  0  3.86788e+06  385198  477497  371633  1.8156e+06  1.02903e+06  6511  1532  2403  12878  2097  3179  37879  215134  12177  67533  53136  3203  2563  5245  6889  42158  5128  66670  6963  114716  18033  7701  30500  15199  14772  5621  10806  9109  10751  5654  948  7513  155  1904  617705  31099  66767  85381  8703  41402  85848  4.56244e+06  
31762  3572  99475  84976  2356  9977  488034  421655  10097  73493  98623  7834  960  6503  21766  38688  2641  52382  9096  153400  12072  24782  23612  18137  45055  21765  70634  24691  16040  13862  1899  8125  263  2183  3.33758e+06  0  303054  499267  697643  141406  127658  1754  540  1354  5175  675  787  13931  71786  3845  32183  20547  1231  758  1989  1587  21755  1751  25203  1665  33412  3478  1189  5842  2295  2759  772  2046  1704  2685  1524  329  2574  68  526  122191  10352  23180  31331  2896  11466  15338  1.24111e+06  
313631  59215  263344  278920  49368  58846  1.24969e+06  2.22625e+06  27353  640747  246852  45200  2232  13898  44526  689634  108381  395794  157645  489910  50873  125857  158047  98428  89634  42151  54294  76686  143724  116704  70599  164599  24539  157205  170930  2.47717e+06  0  2.37815e+06  178237  137618  121220  28239  735  2837  59416  1229  2388  31912  211183  16686  111427  33709  4448  2594  3500  2305  19673  1869  25405  2206  43577  5263  3053  9362  7779  4195  1011  3126  4340  4499  2396  373  3509  66  1320  43125  57389  25382  18793  36176  10947  6980  150654  
55056  3581  40243  66899  2013  3451  167418  519055  7333  221646  80665  14661  888  4438  20057  270080  9825  156682  42366  255465  16858  11396  33378  6467  26946  17922  38312  11707  48664  23246  13530  10158  845  4072  140884  569811  1.6215e+06  0  147633  39016  143137  10597  222  636  18889  354  611  6888  42346  4349  17655  12166  1612  871  1354  876  7261  731  8656  1505  23872  2533  1591  7717  3850  1939  409  1343  2040  2265  1258  141  1511  22  498  23768  20001  26045  20056  15482  11873  16291  348692  
50379  1973  37726  139782  212  184  47012  17778  451  2226  1653  20422  151  433  3913  9980  947  23017  7720  36354  4510  11613  14556  7328  9298  3952  16769  12941  5021  3433  598  2128  116  499  78731  462246  217494  129176  0  18838  68651  7326  116  1170  14924  81  64  3232  4506  152  442  316  923  227  254  234  713  213  2155  675  3957  978  847  3824  2744  802  164  1043  2367  1190  839  65  834  9  404  13223  16251  13520  2559  18890  2015  4906  29728  
10534  1101  2591  15400  859  800  16104  21159  860  2046  1483  16521  8085  11812  28093  2244  7201  36317  16766  105660  49801  75287  28715  89358  322179  408387  1.28634e+06  103440  89190  31524  1967  14050  931  6919  1.32061e+06  14915  80917  33072  9573  0  1.20571e+06  2476  273  320  5993  301  200  2759  8383  463  1540  2653  2931  1631  1129  2884  2159  1338  10248  1651  19650  6568  4498  13636  10806  9428  4653  4196  3118  4693  2125  272  2184  41  792  50362  4129  10709  6296  4580  14103  16950  97767  
21155  753  1624  19667  420  366  7214  8839  748  2590  1677  6863  736  1229  6492  1240  994  51153  15606  30042  8844  35621  52983  14423  147071  29683  1.20091e+06  148469  14883  7125  444  6313  248  9224  631216  29308  186460  318322  47878  1.19763e+06  0  1548  74  100  5231  100  68  894  2240  156  892  496  535  181  241  385  782  388  3784  628  5528  1354  1063  3010  1834  1128  288  743  917  996  578  84  688  6  228  13993  4334  5328  3590  3235  3617  8379  170472  
7244  201  710  15488  145  186  2599  7157  420  666  813  4707  282  288  306  1539  1142  4556  1096  5236  1098  1721  2526  1061  2618  788  1066  1715  1082  473  98  829  129  209  7332  3759  5964  3475  3230  2213  2496  0  1.37638e+06  32765  748817  438793  102291  502458  35198  9373  28611  1226  1843  1228  768  2031  22153  28170  21596  16777  19581  9292  10808  90424  38086  15160  2516  104455  227226  68208  148544  10960  497906  4172  1.3797e+06  111905  49275  320701  87224  59930  18865  57695  65228  
299  75  694  2678  167  246  5593  10911  516  750  688  974  111  134  220  799  646  2762  639  3388  629  905  1316  577  1284  397  304  177  578  235  61  441  59  128  7989  3367  2593  3950  727  983  966  927226  0  2097  1246  611448  46622  318975  26562  6718  12036  3219  247  275  195  1610  10173  9275  17486  7717  18066  6670  6414  54429  28731  15660  1651  14222  14700  34704  59775  4794  69759  416  53111  555159  107191  595990  204483  10163  36044  19282  169756  
1214  52  3364  25070  6  4  3321  4455  7  22  33  4603  12  20  3  32  2  37  20  67  10  22  19  31  20  4  29  84  17  23  1  12  0  4  314  1076  365  205  383  43  74  20018  21  0  129406  10  7  100930  40856  28  26  14  213  8  3  15  25  8  54  14  72  24  17  123  115  66  11  88  83  59  59  6  34  1  17  4029  9744  3323  906  2157  210  154  1016  
67075  923  43415  1.36349e+06  152  156  65796  117119  230  708  744  415525  1212  1416  653  908  202  2404  1270  3744  1176  6830  3804  6581  4884  852  13524  27035  3132  2480  185  1377  23  341  11411  39735  41927  10132  15886  11966  25986  703803  555  186616  0  180  155  25464  312646  429  478  483  535579  6401  3704  1631  220  138  657  259  3886  848  485  1611  1343  2377  527  14275  31074  4534  3042  66  5769  21  6159  9842  130955  4538  1090  104414  1941  10490  5972  
403  232  239  1072  1338  2987  21747  54404  6206  2955  1918  1062  555  424  581  2583  1751  6263  1365  8216  1239  1671  3130  887  3175  931  616  409  1517  584  199  1092  157  285  17125  6823  6477  7077  958  2148  1709  484792  752245  820  1525  0  1.07031e+06  955869  147409  47558  83977  7895  679  951  490  4671  43766  45937  39041  23437  47597  13999  12475  99696  16678  28603  4275  22013  14262  68539  125854  14312  141388  4492  458002  702747  192611  351273  189715  4637  65570  28467  255094  
418  509  244  1029  4966  18472  50311  159340  59800  24604  2827  660  399  931  518  3225  2215  5987  2327  7705  834  1190  2502  583  2743  739  603  388  2863  1205  515  1523  188  349  25289  11307  11275  9858  959  1824  1834  65736  80447  654  1299  1.56999e+06  0  1.019e+06  385665  859181  1.90998e+06  6849  455  831  505  3256  103038  108504  36018  35900  38556  9760  6704  70878  5699  26990  3617  12560  12397  104492  84964  15004  304658  16757  1.05312e+06  307015  285332  159666  90232  1929  40171  15386  215888  
2950  2227  9539  38843  15951  21680  414614  604296  34393  11865  4552  18982  1269  2003  1005  3092  2626  6675  2947  10203  1127  2242  3891  1338  4151  1059  1425  965  3723  1832  798  1984  215  635  65536  48353  23924  17111  2993  3597  3914  285903  223372  128898  10221  1.47959e+06  1.03518e+06  0  1.5095e+06  1.21866e+06  235497  14448  4036  2701  949  4462  45470  15448  55303  26103  63987  12520  7874  93522  16444  72832  6693  36665  18765  166324  72792  5730  16485  501  13559  916418  608403  463460  226398  24530  106840  42725  312543  
26943  6875  40224  309384  64736  177334  802963  3.49125e+06  349746  222266  54270  222024  105682  57633  12690  10184  7556  16105  13611  56259  5142  6915  8753  5065  9535  3350  7962  8127  12898  8011  3326  7015  498  2121  331356  258472  119600  102552  10422  14004  18375  7635  8659  53990  676113  44107  101442  1.76554e+06  0  1.90208e+06  568785  623279  1.26912e+06  1.47023e+06  758498  273243  41291  9666  76974  28723  314847  53003  20510  68498  56510  79264  147811  156392  26172  60754  28188  1908  13259  438  9799  915058  843696  929672  543818  28239  166047  57622  732397  
297  928  192  806  8698  47080  67378  211885  106101  46162  3798  360  201  1230  296  1328  2006  3553  3979  3802  255  484  1070  327  1537  286  508  379  3778  1829  842  1833  145  421  22855  13355  16374  13612  536  1114  1738  1213  9056  387  898  118066  944903  1.30444e+06  1.84707e+06  0  2.03304e+06  3646  203  487  395  1242  16584  17369  38546  65056  26771  3476  876  63126  1855  39591  2661  6210  2561  155497  52635  3391  6535  120  3119  126194  258888  174809  96510  1213  22406  5961  118221  
770  475  425  1497  2636  18908  26342  345115  127332  158713  41744  607  298  6703  788  5986  2602  7759  3643  10535  694  1072  2536  658  2553  703  2274  1466  3265  1413  489  1698  216  667  57024  51302  38717  45902  1095  3368  8614  35888  35042  656  1580  146137  1.49671e+06  297534  1.21542e+06  1.72834e+06  0  94895  436  1003  3545  2824  2.32023e+06  227586  92372  80009  44030  6704  2692  58573  3143  24873  3045  10903  11198  99023  56416  10510  448428  112270  817796  211854  349673  422879  300813  3903  141317  17597  321309  
1977  474  1130  6331  1012  3098  9668  113697  11234  184769  295341  5905  5279  14757  1488  47888  9036  12111  1902  34973  826  1022  1543  696  1627  671  2317  1684  1643  895  274  2404  368  1139  63477  54187  33036  35217  1831  4544  8056  853  532  150  2819  848  1084  4754  519799  3680  158867  0  17450  42302  795989  8909  130407  1398  40583  849  383581  9066  1506  2342  1551  2933  5320  5535  1434  1321  846  125  1092  53  495  88854  24764  20978  24819  3146  14579  4723  110862  
19226  372  12615  285305  637  1026  17604  229962  1478  2720  7095  808451  76789  34479  14386  1598  771  3146  762  42411  3730  3230  1698  2770  2537  1446  5398  9384  1458  1225  172  908  62  205  15369  19172  15275  6328  7220  5351  9848  23990  1059  12412  592116  780  1003  51062  1.0726e+06  1643  1701  29989  0  499590  157561  104700  1420  244  9062  285  288522  51443  16846  2120  31264  10634  27961  27575  9514  1978  1061  59  1060  20  791  17821  45697  5382  2627  154249  7569  13515  10992  
9040  392  2731  58661  4402  10208  26865  442061  10752  5877  19126  101936  472558  170160  30869  1791  957  4029  789  108533  8775  3501  1380  2673  2512  2331  4042  5554  1194  1053  268  940  76  250  17816  11722  11323  5648  3885  4780  4342  3664  378  1105  26111  2684  7505  44297  1.27309e+06  19224  6867  59740  336704  0  416265  176272  2909  288  9864  381  252105  39503  13867  2114  29648  23707  65511  59797  7366  1539  838  57  598  8  283  27068  13709  11532  7147  44292  13917  8539  18895  
8607  581  2589  54549  1797  6566  15455  183544  22511  54138  127710  81032  107832  680063  88663  28647  9129  20970  2604  268938  19996  7974  3072  4384  4200  4083  6176  5664  2103  1863  558  3967  518  1025  55504  26236  29631  22588  5129  11028  7749  3956  293  561  21091  914  2162  9957  867995  15516  26673  948692  188121  528518  0  612363  12749  1285  46642  1064  1.17038e+06  198702  62814  4822  61711  17818  44078  32420  5316  2748  1479  199  1672  30  555  30500  13025  13175  9476  42865  15135  7805  46752  
10068  757  3703  71494  983  1076  11224  44705  1711  2586  7142  71721  15963  168069  333404  5268  12129  51749  6653  311207  23914  13193  3866  5345  4867  3809  6208  5804  2947  2840  1078  6709  1224  1965  48906  14714  39345  26394  7363  13866  11436  3363  365  528  22969  466  581  5355  103423  1476  2730  4875  131397  193193  629963  0  2240  1911  22215  1445  1.78549e+06  168437  241706  12082  642908  53104  194468  146962  13620  4936  2563  364  2778  33  731  36258  8687  12680  7968  23019  76190  15225  37884  
886  276  489  1254  562  1295  5109  20751  3401  13068  11128  462  142  735  525  15671  8609  10112  1239  10561  476  649  1146  343  1147  444  877  628  822  628  238  2526  470  688  24982  10569  15031  14571  1753  2431  3969  19928  29541  635  1509  82823  156969  64885  85659  68309  2.2923e+06  117001  358  667  1986  2432  0  1.9636e+06  854113  207301  61078  6598  1811  33723  2697  17332  2855  8362  8988  56845  34186  9879  752801  380761  537336  233568  50776  410151  282434  6774  131021  18992  305899  
3482  805  1742  5306  1224  2359  14407  31570  8507  8746  18253  2755  699  4291  6514  24906  21766  65416  3934  109694  1899  1849  3652  917  4368  2125  3292  1871  2576  3311  1447  12012  2032  2169  83495  22427  53014  48247  9188  9461  11750  28107  40884  1017  3360  196291  398062  110684  80708  131115  863375  15954  2393  6568  6166  29951  2.8089e+06  0  839386  1.70464e+06  407143  40683  5473  71073  10103  48006  19787  24493  15189  248063  516505  626116  2.05784e+06  350125  411224  168386  41635  197832  85529  9322  46780  16507  184358  
2859  832  1266  3787  1321  1758  12011  21626  4273  8890  12615  1180  273  1072  1461  20130  19809  69688  6798  55351  6722  4226  10374  1794  10288  2900  3607  2775  4863  3881  1389  12691  1925  2592  61168  17896  41879  32754  7768  9201  14045  24115  11376  1946  5113  22814  21865  88503  74489  123000  114371  21131  852  1232  2550  8894  951795  869272  0  3.16949e+06  937195  94275  11315  813108  11356  70529  8912  17155  16133  146760  69014  12254  79315  2023  32933  214966  25563  315983  181962  18999  71491  44087  202708  
2586  729  1126  3839  1163  1690  12534  23274  4615  5429  3901  1388  253  1024  2275  4313  10174  38473  6469  48179  3162  4503  16708  2220  19851  5724  3426  2435  7945  3099  1094  7142  1297  1734  45319  13609  37544  30276  9281  10528  11308  36318  16546  2360  6429  39511  48860  215150  67815  338171  130267  2890  908  1577  1492  23222  119004  1.52914e+06  2.23757e+06  0  305472  56683  4298  1.50118e+06  11893  190344  26427  59582  41751  985388  1.00616e+06  675280  206551  1171  53486  124709  26131  339395  153148  21042  59462  52692  127813  
28250  7134  11539  92625  9015  9273  73063  166764  17671  50817  106748  95322  36277  107451  102968  109555  105113  424677  77720  1.55424e+06  85800  51248  103661  24843  121561  41821  39413  25317  61130  27072  8807  66254  10227  18911  382318  102405  291438  180591  38954  111826  86488  23688  5962  2671  36563  8405  5923  60298  336792  11867  37753  437709  178544  249112  627854  2.44584e+06  34312  37400  848949  75272  0  2.34886e+06  919276  186134  759893  258530  384664  238770  46189  138383  52495  6037  51381  794  13962  525984  55256  225203  128790  39721  299856  84285  391895  
2600  1014  852  4562  1026  406  6341  7841  485  1045  1208  2712  961  2120  3814  1854  5743  55902  14321  58020  92987  48246  57604  20525  45204  13488  6502  3799  15600  4179  875  5762  734  1939  36306  5333  27574  12219  3022  24697  9103  3215  837  398  1912  1043  437  8355  17440  863  2927  1384  4633  6658  8051  83064  1429  2416  139416  5757  943089  0  440602  134195  202659  45264  52257  35412  7248  18750  7544  499  7008  57  1708  79105  4981  27356  13937  2790  54075  11770  29801  
792  215  274  2234  201  107  1656  2851  131  279  421  1582  332  734  1200  495  1127  13920  2218  15069  37141  34484  12181  26373  10212  4755  3435  1177  2890  927  162  1398  162  419  25717  1475  7105  3408  1498  18661  2499  3043  825  441  1089  811  258  7632  11187  321  843  319  2929  4262  4337  221627  373  497  32972  789  442149  336406  0  108812  705009  27345  50786  20478  6862  6306  5573  147  5927  14  1150  48264  2369  22291  4685  2111  51602  10457  13919  
5316  2119  1555  6548  2115  1058  13855  16834  1610  2500  1414  1766  315  554  4179  1791  10012  68939  24541  52062  20978  32997  103868  16544  109873  31178  12361  8173  37791  8858  1957  12007  1565  4047  82884  12306  61197  30565  14004  45085  21972  38066  14456  3613  7270  26249  21085  140028  99734  74200  23344  2610  917  927  754  17633  11771  21848  508560  1.05873e+06  204824  145013  130911  0  277743  772018  41333  58081  57441  989599  978152  6130  166749  578  39109  204239  23560  340992  103816  22176  84663  88973  145426  
1249  298  445  5578  266  126  2306  3883  137  340  425  3793  521  779  1496  445  1282  9764  2335  11288  11164  28315  10525  74484  13473  5117  3130  1735  4294  1219  242  1718  183  517  25231  2208  9999  4813  2821  16518  3507  12444  2837  1751  2765  1407  391  21315  17460  1290  1634  443  6692  8888  8479  801086  641  736  26724  3368  498806  160747  723227  464784  0  1.60332e+06  381531  50043  25104  40625  25568  385  21807  22  2259  58450  4053  46332  5113  5714  70678  14610  24420  
1256  339  493  4597  382  263  3037  5726  475  662  557  2708  580  404  895  643  2060  10555  3435  10029  2963  4335  11103  2983  13964  4240  2389  1470  5313  1323  323  2040  308  655  19235  2962  11268  6178  2992  9539  4054  12421  3749  1634  3022  3981  4752  38221  24060  22809  5892  702  5054  5459  3419  56556  2940  3676  31588  48020  42747  22691  14509  1.20454e+06  1.61925e+06  0  1.58495e+06  1.25963e+06  257645  2.63213e+06  127047  1195  26464  56  3395  99822  9429  51449  11421  7252  329447  39954  40185  
1013  82  524  7542  102  96  1361  5427  135  192  359  5233  1197  605  558  293  619  2561  641  3601  752  1052  1484  593  2034  741  636  537  816  263  80  534  94  166  5803  1259  2991  1769  741  2518  997  2286  440  216  3273  528  754  5547  21696  4219  1053  182  10616  12158  7066  135860  779  1122  7949  10656  41265  18599  12128  74084  229043  1.3458e+06  0  777261  68991  59908  19688  278  4053  28  989  25013  2925  7140  3706  2460  248320  21726  11257  
887  42  376  6345  43  48  864  3724  118  257  564  4128  779  482  362  418  472  1790  219  2315  326  460  449  300  575  252  385  443  227  141  37  296  54  68  3610  1071  2144  1363  909  1229  861  25463  1076  137  9706  1696  1134  2896  16159  844  1425  369  7655  9469  5339  78840  1587  1180  3007  2040  11993  4620  3749  12256  19771  1.10571e+06  651356  0  419862  18628  4727  269  3320  402  19318  66734  10365  13135  4680  17014  388576  236948  18171  
2878  148  865  10493  104  146  1963  3485  325  881  691  3410  239  282  381  1254  961  4757  977  4857  1309  1855  2717  1014  2478  731  995  1132  977  450  90  685  88  200  7785  4259  5991  3612  5969  2679  2972  315886  30536  3103  54730  21322  9790  54989  26081  5957  10053  1033  1869  1713  1098  3100  11897  13428  21412  13080  18028  10465  15005  87721  26951  250992  6630  523163  0  389165  298729  5029  504445  3280  224866  267693  65245  129350  19719  153831  220738  577191  82748  
1797  580  652  2382  799  1042  7278  11423  2683  1904  1218  800  197  493  1955  1530  4991  23224  8469  29228  2762  2571  6484  1579  10010  2685  2544  1926  6379  2040  536  3833  678  1395  21636  5465  20778  11471  3202  9492  6654  18217  26206  2168  2639  58077  73325  191164  51646  193923  62724  1011  447  580  484  7917  12257  59818  56481  206112  52529  23286  9820  1.08636e+06  52257  3.06759e+06  40240  176115  241598  0  4.269e+06  53036  114220  198  9800  92717  16219  64333  23086  6326  122058  17286  50154  
1984  605  872  2979  979  1851  11414  21450  5392  3856  6411  1189  304  1147  2250  9240  9362  36390  5908  47117  4281  5116  11015  2832  12558  3701  2671  1846  5905  2369  748  6231  953  1496  38170  9871  27082  19542  5898  9037  7386  52922  97234  3757  4961  223398  173843  368164  118775  280466  134817  3102  636  1194  1235  16911  58240  685813  99283  645602  119509  48100  28322  641297  96408  125796  16244  38344  556247  3.94042e+06  0  1.81052e+06  3.47168e+06  2739  74004  228747  36610  130374  43897  12880  124203  42170  130430  
323  94  151  401  164  448  1986  4293  1424  1011  1521  202  47  272  398  1989  2089  7144  545  10455  306  260  613  148  758  271  311  197  421  376  132  1236  185  224  7361  2105  4881  4147  874  1003  1036  3908  14743  272  447  51543  43195  55812  16989  38738  32587  627  103  279  292  4013  19237  554451  16655  749634  28190  7855  928  18284  2388  11620  3443  5184  8807  148881  2.38923e+06  0  1.01487e+06  454  14322  19694  7944  17327  6853  793  5704  2190  13029  
3938  981  1748  6795  1450  2261  14393  27584  5305  7328  21938  2671  640  2838  3511  54235  24537  58272  5739  78163  5051  5734  12228  2791  12162  3854  3292  2427  5486  3407  1168  11149  1676  2399  74897  19072  50940  38088  10452  10866  10129  381484  137993  5785  15785  294976  386751  214659  133854  45643  444572  9361  1751  3412  3025  28562  567551  1.80741e+06  206436  221622  264529  77051  35010  377906  57511  58387  24596  37247  581453  189648  3.76323e+06  1.08827e+06  0  840270  1.20085e+06  220800  58806  345106  99435  41006  78285  83783  206294  
218  56  101  291  84  148  790  1327  213  509  1333  137  36  157  228  3960  1571  2710  259  3721  158  153  327  52  370  127  140  98  228  142  67  509  80  147  4415  1153  3102  2181  432  506  498  4812  4433  122  401  14471  18561  7426  6739  1036  35316  2621  119  206  187  2100  285105  276249  14198  4209  20449  4033  408  5089  808  2282  1707  2711  2826  4162  7595  5283  522302  0  315907  9466  1774  32469  9496  1332  4249  3113  14108  
1351  394  654  1929  591  946  6485  14977  1957  2920  6871  901  294  870  1226  20044  8789  19529  2286  24643  1923  2409  5180  1183  5162  1590  1206  934  2327  1152  414  3710  602  890  27177  6763  18587  13665  3140  4337  3691  1.41609e+06  411738  3209  4017  986206  1.92e+06  159127  77899  22565  1.30008e+06  13384  735  1255  1091  11319  1.25308e+06  875371  105839  64388  110505  29729  15022  157650  17553  28082  10240  70060  125597  80681  181351  53553  1.72234e+06  770234  0  95917  22850  244147  62819  14275  28172  101854  86359  
3935  965  2555  11487  2002  2918  44044  180675  9408  25923  22186  7659  4499  4263  6368  18944  11710  45473  7390  70957  10663  13338  19096  6699  19246  7761  12759  4582  7819  3446  977  7177  1143  1949  369316  73844  49372  57652  18388  37481  37197  97527  36090  37043  18808  27150  28690  845532  1.81416e+06  55285  691017  217935  7218  16591  11629  69992  372773  26043  452885  96342  589872  175996  78143  417253  116878  359235  80440  476524  382840  244170  151195  5042  101636  454  13154  0  1.19906e+06  1.17494e+06  1.10529e+06  94869  1.88964e+06  1.27812e+06  4.06074e+06  
8026  354  1940  20654  716  3058  26281  59693  11522  9792  3122  5643  232  565  575  4991  2767  4932  1059  7290  531  696  1045  429  1032  373  987  1123  721  491  165  1106  147  270  18819  11482  9204  9144  3706  1901  3316  40515  29437  40090  53898  7825  8453  563904  443117  50917  72384  18655  1310  1053  765  4659  21286  1474  19239  4061  36679  7350  2985  17002  5819  46531  5060  64877  39142  13841  8291  312  6526  114  2174  1.56306e+06  0  296116  300948  455435  193432  106315  192567  
1696  367  1196  6785  909  3097  17162  70744  13196  17861  7322  2979  767  1672  2194  5417  3461  17187  4038  25206  3067  3724  7254  1855  6066  2430  2425  1235  2946  1255  382  2414  332  609  30463  21153  42826  43278  41602  6917  14690  410411  90734  70871  30598  65634  19429  1.18185e+06  1.64085e+06  104041  423617  78789  2669  3008  3134  14077  424863  88617  356016  73490  329621  59020  15946  164341  18519  77746  13843  34047  33602  192161  57824  7711  52621  2213  43066  326849  158384  0  2.06022e+06  213074  115574  96459  367469  
318  104  253  1180  290  937  5619  25566  3854  6841  3456  506  211  486  658  3141  1256  5631  1068  8198  787  858  1971  388  1712  696  853  386  1050  444  136  799  111  194  19237  11001  6790  24663  1306  3453  4636  21630  10794  6943  2430  16099  5028  252896  532737  33440  230501  47401  265  551  832  6019  168567  16508  94031  24348  94011  18182  1856  38945  2860  25276  5776  10105  3554  50817  13249  1386  9297  211  2354  233670  137933  1.73193e+06  0  4774  435474  46006  818872  
2845  88  1213  18319  29  26  1567  3119  70  230  208  7794  719  757  231  308  180  1203  361  2049  421  903  888  695  848  223  1196  1510  452  296  28  175  24  63  4088  5303  6122  3069  11328  2303  4275  106896  3768  10214  59029  473  358  51607  15988  723  773  525  17975  8773  5455  1829  1316  1074  6225  3848  8275  2808  2582  15890  7052  13539  998  27118  81011  23070  13232  385  17390  45  10172  44597  321999  127002  18363  0  10395  63365  4950  
1354  171  586  6250  219  206  2681  7606  499  1690  2271  3842  1003  1078  1266  2154  2431  10931  1473  12240  3290  4493  3518  2625  4631  2970  3515  1297  1431  801  234  1712  256  460  37165  5275  10014  10365  4286  17540  6259  9266  909  394  5678  862  861  8177  29038  1961  29876  10415  7095  13265  7388  87131  24691  2592  26132  4958  118656  57632  41149  50394  94913  256180  374842  904123  131089  46344  16510  554  11109  118  5384  1.04667e+06  31465  69906  141495  29012  0  1.25065e+06  186567  
455  61  482  2474  57  64  1468  2684  150  1690  689  888  191  198  269  749  432  3681  606  3305  1242  1958  2856  777  1938  680  1252  542  671  274  54  384  37  122  21667  3802  4444  4761  5103  6375  6396  15113  720  221  5188  885  665  6832  12193  1193  4225  1733  1269  1533  1010  5177  2871  1380  15826  7412  13311  8646  13306  58720  6724  51331  21050  586809  417736  14919  9748  376  17537  369  15016  631173  82972  69461  47019  76103  1.19322e+06  0  175326  
9994  2134  13726  22579  3291  6298  124517  745490  13509  528122  333519  5019  2452  13272  61785  422862  16001  257434  37642  561208  44210  41282  69629  26985  69986  78200  93499  16747  44028  18007  4615  14263  1464  4319  3.5197e+06  1.28624e+06  229400  1.49052e+06  43317  170552  276690  14559  6929  4622  5258  10950  13781  177272  783590  32328  729474  219475  2127  3851  6960  27363  431073  31630  297537  47085  393460  88910  20113  145617  46915  100503  41738  62646  41970  79479  29651  2592  24507  372  5063  2.81594e+06  301470  1.02096e+06  2.4131e+06  6368  576896  483327  0  
