3979990  
2171005  
397084  
3128156  
3840831  
4079518  
5850680  
12662751  
3674862  
6326513  
2958596  
2447413  
2376144  
3371810  
2600884  
5522041  
7132332  
5897368  
6992152  
9042603  
1344644  
1348671  
4416748  
3928972  
7003812  
2104342  
2119930  
2035425  
8176286  
9153236  
2854512  
8767613  
809074  
6888139  
10620906  
3517251  
5885472  
2312905  
698911  
4247827  
2384649  
4480262  
2434094  
345111  
2607684  
3416544  
4672660  
6235663  
12605566  
4345051  
7192448  
2311709  
2318609  
1700896  
2936570  
2626211  
5897803  
7071384  
6116933  
7842075  
8603648  
1702567  
1093035  
4217572  
3749025  
6800194  
1939678  
1936328  
1545588  
8806343  
9546750  
3249642  
8561108  
916155  
6959184  
10433085  
2388348  
4360065  
2335652  
612547  
3630198  
2109825  
11158707  
