4455159  
2750086  
690248  
3982326  
4329190  
4458950  
8618804  
14820002  
4616647  
6924711  
3082078  
2419507  
2651862  
3717327  
2871328  
6004165  
7937075  
6474217  
8717416  
8767990  
1495475  
1161482  
4208246  
3965054  
7960765  
2367166  
2176640  
2044050  
8399546  
10187073  
3046601  
9849283  
796885  
7184610  
1919978  
1629285  
1344485  
1866157  
963680  
2456516  
1821412  
4296796  
6577851  
2304650  
731884  
2551795  
1588024  
86443  
493888  
713252  
1112903  
415211  
475865  
426680  
58724  
88261  
962621  
107233  
1018393  
3564539  
1127157  
5860485  
2313375  
521437  
3994452  
3742719  
4965966  
8957748  
15072993  
4970092  
7988200  
2264739  
2979098  
2237258  
3401529  
2971373  
6207740  
7840644  
6825317  
8767078  
8276261  
1599987  
1048450  
5009790  
3979854  
7695183  
2327260  
1740267  
2095972  
9597942  
11449156  
3182781  
9678809  
1003166  
7324843  
1505376  
1667649  
1929516  
1729253  
1445540  
2462604  
1519305  
3614387  
5348212  
2293219  
780886  
2263461  
1688991  
68277  
522295  
669905  
1023511  
413476  
476046  
503433  
107630  
99126  
977127  
146014  
963581  
3285413  
1303215  
9405326  
11580577  
4728730  
220043  
