0  1.17124e+06  90362  782209  198837  80687  321792  134215  2345  21075  3373  39538  9259  6497  5983  28481  44814  40776  22768  18666  4693  6955  61479  56369  21506  3853  20725  155946  26825  25025  4882  397650  2100  929052  23546  60142  360657  16273  2627  28205  19130  18654  764  976  24744  356  48  2550  11918  341  969  517  5721  1613  775  812  738  67  5490  982  8545  381  224  832  1169  371  86  229  555  369  486  43  491  1  1097  5329  32806  2488  1162  3142  1073  548  12260  
849860  0  7924  9281  733076  63853  489553  76533  2095  19349  5044  572  814  393  3031  20463  18801  26099  9703  10279  2343  2926  19081  20934  6084  1853  3747  2658  5864  7087  2685  25666  268  23845  185141  319887  382116  49888  999  13806  5335  684  1572  393  1233  799  59  4477  11472  355  1666  707  116  161  75  246  624  67  2392  583  3089  138  118  604  415  253  37  131  275  236  145  26  135  0  218  8341  6041  3708  2261  555  928  653  64661  
24724  425  0  84443  44  9  110304  79373  50  994  332  30  9  8  137  585  29  1259  433  366  138  327  1082  2164  761  104  161  581  537  236  13  281  5  79  3584  18376  26704  1857  653  1777  624  175  95  241  375  29  1  209  708  6  113  54  8  8  4  21  25  4  223  36  290  6  9  58  51  25  4  10  29  27  31  1  20  1  33  294  1074  241  59  278  67  46  1122  
839161  1948  170184  0  496  721  21141  557504  2091  6488  3204  1.15592e+06  17556  10416  4853  3741  802  16995  10058  11791  2908  4975  20437  40961  26955  3389  20231  148914  46667  20559  1094  48532  94  40494  58866  156892  266648  14871  23564  69795  98191  45652  6099  33070  973709  1386  207  14626  206124  541  1013  699  79089  24127  16851  8017  937  337  7531  2076  21509  772  513  5535  5303  2092  337  969  3282  1413  2041  97  2236  0  6742  16851  145452  23775  3190  35364  2874  3520  17590  
375443  1.0546e+06  851  6167  0  1.47598e+06  953988  444513  22933  69378  4494  2836  15025  5680  5806  64555  126652  33637  64184  13148  1420  404  6573  1309  2906  1543  3245  2282  19708  64800  29983  35905  1394  386626  133913  167335  291430  31686  563  6564  3790  539  2126  129  1342  4877  507  34397  54032  2183  1974  681  1343  2367  378  562  1355  332  3912  1486  4299  151  109  1455  273  584  75  282  605  609  263  69  447  1  808  49287  18876  11821  13920  388  3429  1690  64780  
132972  202662  800  4996  1.02722e+06  0  460950  892638  493865  1.45779e+06  3253  1119  4509  1757  1987  120213  180347  26409  53621  7049  492  203  8196  1016  5175  773  1964  3369  35282  59839  24114  139049  6394  998476  30026  26397  256000  26456  402  2291  1168  336  541  109  998  1981  816  17373  56809  6994  2659  524  433  698  128  256  1730  262  3224  867  2871  74  53  569  125  299  49  138  282  327  141  63  433  1  1088  25665  9041  7320  7935  237  1936  825  32173  
223650  872787  150946  28513  1.87842e+06  750670  0  1.42314e+06  878097  102677  5315  1060  1928  926  6059  19609  37591  54815  139895  21811  3186  2026  36931  13417  18152  3850  15418  9434  64182  107607  29652  18302  458  32380  640104  726127  370767  67921  2884  48710  21435  2255  16726  1048  2953  12690  3042  72790  124393  7328  3367  803  357  350  191  983  3033  1202  9494  4241  9632  351  361  4673  1057  1669  282  804  1656  1760  815  228  1592  11  4121  119982  66721  43003  32310  1780  9595  4486  226914  
36160  34610  113013  766429  80796  195759  1.55756e+06  0  1.85893e+06  319317  749069  925330  1.46193e+06  624072  195035  37284  27486  100989  24221  507204  23927  8853  23971  21913  20549  28230  34035  19065  28369  44718  17094  21358  537  37535  809633  850267  567789  172060  11360  50386  31019  14814  40519  12710  112194  44108  28870  325131  2.72679e+06  287528  75619  20855  201742  122032  51922  71314  23362  7553  45730  21189  119050  6486  2318  17571  7147  8676  4549  5552  8279  8851  4191  1573  13251  106  35722  588117  283584  220485  179529  12195  51165  20657  520969  
1811  3156  476  1340  30127  534747  940241  1.45342e+06  0  1.438e+06  1533  145  220  108  542  12850  5699  43734  81312  5064  238  105  11761  450  5592  470  1933  1941  25782  23333  3817  3038  63  3059  141525  112759  69782  49830  545  3165  2684  255  404  37  244  1186  1755  6968  110355  53206  16134  657  34  44  33  140  1617  371  4736  1627  4307  60  28  509  96  452  54  144  321  620  279  94  908  18  2582  11886  4819  8677  6817  144  2556  759  105382  
32388  14862  3512  8368  48381  1.41918e+06  169192  1.27182e+06  1.51032e+06  0  73980  1016  1052  557  1660  2.35056e+06  275688  113321  100277  17738  837  356  18272  2296  8820  1252  6029  13270  50803  63721  20811  321817  47204  640294  197631  150547  505129  345780  2096  9466  6258  1158  522  106  1142  931  639  5341  197146  17262  133878  21683  222  249  326  316  15993  485  11719  2308  8635  98  82  953  366  986  82  282  634  1159  395  122  1060  6  3386  26913  24270  22768  24613  796  14763  2523  300908  
729  53  144  3579  130  173  817  567746  839  184362  0  8866  33887  913214  2392  68527  925  46302  166  688462  1769  404  212  544  294  328  804  688  482  396  146  1396  71  425  20556  16634  5878  5694  903  761  1539  595  298  106  1787  510  400  2275  260480  4766  196431  221599  3826  5226  21442  2633  118963  1214  61721  3485  51206  473  136  1295  292  1261  389  559  727  1172  616  632  1813  14  2279  33267  21128  25487  28405  546  18015  2141  36459  
105381  294  1663  876112  512  421  4833  1.17402e+06  472  1300  8684  0  364160  155793  47857  996  340  3606  1014  78751  6691  2622  2109  6091  3146  3057  8585  32632  4319  1636  149  10557  21  17634  29959  46298  29971  7632  2306  6722  18037  17454  1841  10458  346638  1157  237  9945  366891  644  662  1846  727260  96215  46572  31760  869  213  2485  1092  45545  2766  655  2414  2615  941  1154  668  910  496  593  47  735  4  2054  17453  29574  13926  6147  6957  1604  858  15702  
56937  137  425  76012  655  467  2294  1.21426e+06  334  1150  41997  542474  0  788926  314736  1013  334  5592  560  320425  28654  10783  1139  17894  7256  14019  15379  18773  1733  722  133  5710  17  9694  27577  28218  14763  7824  1385  7669  9966  4602  632  1187  37437  571  345  3844  239776  1517  1267  6035  201505  404408  70514  55885  1594  239  3987  1122  94847  8868  1637  1344  2444  1055  3165  1916  619  370  322  47  551  3  989  13167  6669  7259  4856  2798  1824  759  16477  
43013  91  376  58492  215  186  1362  777593  438  3747  1.06657e+06  311951  771968  0  520095  3896  423  17552  485  831915  46635  16137  926  24845  3931  7315  9475  14112  1527  629  88  4713  37  7406  17399  14392  10271  4976  1259  5935  7741  7843  353  817  42487  287  209  2056  183077  1206  19410  77380  104424  148472  558116  67506  25976  266  21161  2027  186748  14341  2548  1325  2515  1167  2490  2614  766  546  514  118  714  3  889  12328  6334  6162  5240  3094  4566  1011  13019  
19214  405  1941  25647  240  145  3040  195511  385  1190  3014  123468  253531  522383  0  1074  883  29108  1685  1.51938e+06  81839  30936  2505  512157  51672  192951  93790  9761  2363  1470  208  6731  217  4693  56546  16675  45993  34694  2511  75125  13481  4285  298  498  16186  178  68  1275  77497  243  554  3900  40680  48560  194213  359830  2660  83  20305  2889  274649  15651  5686  3141  6700  1592  3409  2482  1017  755  739  62  628  1  446  10609  4423  2861  1634  1923  4565  1344  79797  
25246  11994  5096  9287  26272  151269  120300  140844  132649  2.42771e+06  94747  889  799  821  2698  0  2.14778e+06  735713  121810  46549  1155  427  16448  2143  9534  1748  7398  18379  67931  64025  18046  451665  188942  686806  202716  54139  468306  228292  3652  9120  11252  872  415  94  1001  449  187  3294  16951  1703  12286  11038  178  179  245  253  43385  638  34862  1826  15135  141  72  721  245  783  88  164  338  507  412  365  878  6  500  12342  6708  4084  6041  822  3396  1862  235262  
62886  60020  7860  14306  125582  188985  113691  289005  55392  384994  54310  1502  3214  1921  10345  2.33522e+06  0  738546  1.21969e+06  184905  3233  1472  25882  5376  18361  3917  13280  50283  176879  601135  581355  1.85233e+06  489185  645421  220832  74348  755150  124881  5994  11548  25268  1278  878  166  1553  1310  312  9786  21982  2941  4619  16762  448  632  890  1333  64488  1821  136761  7848  109248  581  203  2388  514  2990  422  514  1086  2028  1682  1410  3194  20  833  37350  12472  13016  16276  1302  8405  3455  170951  
17227  5062  10852  20275  10457  20902  48106  92704  147700  115397  28253  2088  874  1193  4849  428191  514840  0  2.73972e+06  613825  150656  13585  654378  48370  138046  40833  35456  45921  50967  26354  3479  70264  1922  19561  252468  53814  303103  161030  12866  82375  57834  3608  488  196  3412  590  262  3095  16959  2687  6330  3640  525  394  423  3810  10198  1041  173465  32946  171442  8350  9011  29651  10007  7897  1699  2363  4513  6283  6421  1262  5296  17  1154  56383  10658  15752  11327  2961  19220  7539  173765  
26388  20151  8647  19027  69663  107838  346994  107392  298743  76927  2034  1932  915  483  1619  24637  1.83039e+06  2.7638e+06  0  40682  2712  1118  1.04178e+06  11054  229008  36225  38400  62916  629533  1.30641e+06  400506  139308  2612  33815  132732  34312  278155  103129  7589  58013  40383  2831  284  137  2740  588  296  4961  14914  2761  1504  610  403  290  158  1397  2514  172  23796  13062  25082  1920  860  10005  1275  1794  386  674  989  893  1000  209  1369  2  930  16117  6732  5190  3345  1572  2904  2081  113537  
19374  930  4519  30357  448  457  6613  395797  2981  15916  553939  94260  200672  486639  1.70565e+06  27111  6083  995528  17100  0  1.75016e+06  428500  15177  795401  69951  180191  147277  28111  14514  9527  1331  27020  926  9365  235596  50406  118466  95213  11476  229716  47328  6812  926  684  14772  1302  823  5640  130516  5637  19184  43341  28644  34485  107024  169605  51006  2235  575210  127626  1.90472e+06  94039  71977  112924  79994  28838  23179  21787  16661  20103  20282  2729  16331  55  3398  202733  21127  46899  27404  6636  73671  23799  173803  
1611  179  961  2198  35  12  1151  3690  74  387  164  909  1506  1761  31802  263  97  172197  1887  678005  0  377454  30512  226773  7341  20029  14055  4912  1952  1578  70  4443  57  1492  39228  3433  19945  11106  1281  40530  8431  577  58  38  492  57  31  233  1518  41  80  71  276  207  252  6287  111  44  30405  11325  73881  117350  43417  22349  31926  3981  2777  1943  1503  1519  1458  75  1159  5  244  32391  1000  2953  732  472  12242  1604  17887  
1134  163  991  2141  3  6  636  1058  16  46  24  358  489  587  11635  39  52  20120  246  131314  359746  0  41603  511148  2743  7588  4856  4328  2268  1219  43  1339  17  807  16318  1076  9069  2840  382  28183  4756  291  20  26  267  20  9  74  470  11  18  10  121  66  50  1882  14  15  20121  941  15728  96810  77547  14967  60821  1665  1286  827  790  787  793  6  424  0  88  9270  441  1254  121  272  5963  884  4042  
52148  5420  18791  34775  1638  3507  59592  50232  26388  4420  850  2645  648  502  1417  2647  3008  645844  1.01079e+06  7796  24610  47894  0  360737  843972  76969  60376  84462  961072  287049  8509  151014  617  29925  162870  26798  326417  74251  7465  91329  65166  3527  231  181  3950  169  71  1329  4097  527  261  126  585  278  142  658  530  41  8846  4119  12385  2041  2754  7574  3409  1354  517  455  562  419  453  39  473  1  506  11209  6192  1840  937  1770  3606  807  79081  
19679  2536  14573  31595  85  134  10527  7877  239  404  127  1844  1345  1583  383949  328  405  55023  6066  437345  190229  568749  402014  0  1.32632e+06  521338  93528  53638  37938  20003  616  25501  92  8722  100764  8518  87520  20464  2694  282748  40278  1616  76  104  1945  52  17  244  1254  41  62  42  411  209  145  3825  73  28  8057  1780  39557  16399  25850  27454  155125  4508  3707  2106  1396  1289  1155  14  686  0  253  28473  2653  1537  300  989  19715  1065  81939  
10397  1045  5514  13791  301  1274  14520  9550  16274  1022  169  1233  1472  1939  21679  592  501  142616  170232  22651  7691  3855  897086  1.4279e+06  0  1.62949e+06  959246  75716  2.48903e+06  20460  557  20535  199  5230  69883  6702  49117  17747  1826  454369  45802  806  49  44  897  42  24  366  1766  275  164  68  278  206  71  293  191  24  2757  922  3620  486  430  1377  6055  5240  526  357  243  211  185  14  130  1  138  4985  1633  617  591  413  3867  324  76742  
1651  178  883  3245  84  183  2014  7706  1659  265  100  1396  3164  4282  68553  197  114  46660  32935  33537  9123  5189  99138  293702  1.70307e+06  0  711047  18904  29120  4789  158  4327  79  1110  17264  2006  14821  7741  732  366203  11783  258  14  14  350  15  4  103  1900  45  31  83  422  354  84  260  55  5  1250  323  2362  378  242  434  895  210  154  123  95  73  75  4  78  0  44  1746  521  222  155  146  1090  139  113088  
27511  182  954  16479  111  255  2146  15141  1134  1299  644  8388  6764  5623  60760  1528  777  31316  10572  48479  17656  8509  30811  83657  681692  589526  0  233821  22161  2974  222  5888  211  5461  188052  23456  88007  118920  12286  651132  533005  9950  88  187  11427  78  19  381  3462  91  177  356  3195  1341  539  808  335  32  8056  1228  12994  640  419  1262  1681  745  435  573  779  489  606  29  518  1  915  6672  11047  1539  547  3001  3871  951  87712  
195733  697  5003  123760  382  668  3862  10825  1916  3062  881  42557  7482  5614  8359  4419  8048  44656  23288  20646  10817  16839  57773  96574  77906  8933  176020  0  83038  88056  2582  284922  972  36425  96999  21368  382775  97600  23345  166542  544450  38307  158  1453  35014  109  47  540  3073  130  169  162  4521  1807  954  1429  365  106  14357  2319  21676  867  546  2317  3238  1084  262  750  1762  1190  1737  55  1511  1  3355  6365  60286  3276  559  11264  2980  1221  24624  
16641  2167  5244  16506  5280  20923  76717  38302  70555  15779  1726  1175  300  270  4628  7324  9935  97461  412520  12713  3402  12242  1.1489e+06  63370  2.60306e+06  19662  60456  300493  0  3.23869e+06  69214  87692  524  11881  52472  12679  112897  41532  2348  108971  17205  1214  89  64  1285  190  87  1396  5145  1012  565  581  148  110  99  1019  2708  114  12271  2611  16142  537  314  1131  1522  942  168  285  508  644  589  88  513  1  327  6566  2944  1904  1353  688  1802  963  44675  
24261  10454  6146  17700  34173  46507  125867  188976  70579  34026  9090  1379  1239  1072  29585  23767  420509  108700  630466  58509  10591  11795  394477  73159  59160  20321  26483  191909  3.30514e+06  0  1.29234e+06  2.80532e+06  1522  32091  88982  27632  242390  82417  2958  51176  15650  1267  339  76  1475  699  248  5886  15352  2215  1581  2425  314  352  319  1785  9761  398  43070  4223  50519  824  395  1503  1450  1088  266  439  750  1048  1016  293  1058  6  576  15921  6228  5138  4980  925  3575  1808  78931  
8578  12013  1460  3700  36033  22594  43219  211287  16695  16230  5405  540  1295  684  8646  14794  928489  16781  289929  22186  1484  609  13254  2197  2956  3698  4860  9752  69316  1.29719e+06  0  1.03268e+06  817  20096  34667  14884  142656  37975  759  3586  2354  341  269  47  542  866  194  7310  14588  1791  886  1264  163  263  158  542  4770  241  18763  1393  19561  177  65  538  152  476  75  127  281  422  321  154  464  1  345  12652  4844  3394  4231  265  1639  868  31643  
354966  30694  19868  58026  27008  69400  66363  268654  10975  229718  36570  6462  2808  2745  75493  448027  1.61901e+06  219074  155521  231898  33370  16133  246391  107796  81176  44550  53276  437527  201606  3.4131e+06  707944  0  955667  934022  143135  51038  1.0101e+06  129753  6465  76207  36377  3692  692  302  4649  1005  278  6841  17778  2380  2361  6429  750  835  937  4184  23039  1546  143637  10896  152127  1917  856  4081  2251  3379  630  838  1640  2669  2545  1329  3427  28  979  34274  14883  12699  13307  2355  8723  4070  124609  
11702  2214  2016  3032  3147  4139  8210  28339  354  24791  2954  243  152  162  3881  114405  363645  12249  4223  18636  1258  381  2897  937  1802  1569  3058  16347  2951  8197  7088  575203  0  282225  12381  4981  189949  16504  795  1651  6345  319  77  27  322  82  20  498  1444  146  224  1125  54  59  85  237  3693  97  8285  499  8036  97  41  205  89  197  28  38  78  107  110  69  188  0  87  2280  1158  796  908  205  527  305  12624  
1.24007e+06  313856  6718  25426  743246  1.71115e+06  54762  211634  4626  941361  5231  5897  3559  2228  12827  1.09126e+06  1.31999e+06  72928  37308  50637  7070  2669  50319  13732  12990  7067  22012  107362  39876  97916  47970  1.58318e+06  778232  0  31023  22171  1.36375e+06  36039  4133  11653  72771  4482  454  213  6110  572  100  4162  10637  904  784  1435  1587  844  407  839  4808  194  16391  1518  17840  385  222  912  477  534  99  217  435  412  386  144  478  5  494  9714  10147  3084  3025  1147  1641  810  25014  
11340  4367  40055  102946  3964  6609  165873  1.65669e+06  64228  556105  138915  12581  32524  17495  126693  442894  12413  463580  73859  467982  71889  34832  164439  133233  160654  85965  549113  215355  109983  30066  2218  36958  669  11369  0  3.57803e+06  256113  294348  229282  1.96293e+06  925422  6746  28010  5569  19282  16779  1886  108088  258356  13926  23677  11599  5113  5712  2375  8627  23351  2184  85235  16639  109540  4011  2640  14794  8795  7292  3303  7401  11338  5663  3698  586  3873  15  4305  336492  104479  77881  64519  6195  40395  32145  4.0474e+06  
3726  2663  37196  107997  1556  1257  102241  456762  22457  97255  68799  6596  11155  5378  18854  83875  2422  72942  3968  90499  5369  2286  9690  8104  13952  7646  48861  22687  12760  3221  331  1675  68  1436  2.26781e+06  0  310106  257801  566455  148516  88303  6861  27291  5905  17402  13166  1256  90679  169080  6322  24233  13939  2051  2182  1097  2438  16831  1371  29977  5755  31647  639  566  6382  2336  2788  350  1512  3375  2512  1578  339  2067  9  3483  149457  109781  54833  40577  14783  14259  8622  551071  
132883  34146  183326  384401  23704  27589  279661  2.09548e+06  71666  527701  138061  32805  23009  12209  53694  446344  185832  447125  100727  189875  30814  10294  115297  41697  42593  23614  66242  142145  108283  115048  34422  210114  17137  227276  155425  1.42219e+06  0  1.14043e+06  233054  46096  63697  38476  7917  5409  47882  4483  1134  31472  180337  12803  40896  17714  6572  5205  2117  3732  11199  755  24375  5411  31469  1582  897  6441  4247  2659  416  1699  4142  2260  2982  252  3903  11  8712  59181  109500  30545  19509  42063  9605  5080  74352  
3610  834  6526  19982  836  2815  19484  385124  9095  187350  39347  3747  7923  4077  33934  128792  3528  130940  26780  114968  14232  3059  20980  7674  14065  11899  27662  9718  21150  13380  1885  4781  149  3968  83041  450086  1.2033e+06  0  43610  19173  100013  2235  2579  563  3776  1473  307  8401  37356  2598  12151  6261  1802  1478  616  2069  3638  254  8909  2017  13316  760  366  1874  1060  874  196  401  722  558  486  65  579  2  856  20108  11961  11109  9150  2213  3933  4268  309621  
1153  147  9718  59101  31  39  2826  17102  110  2386  1347  4499  618  486  1978  2444  197  9714  2717  5483  1987  1398  5600  5496  3996  1267  15328  20404  6285  1304  49  771  9  533  65580  399113  142180  31652  0  15507  48057  19724  571  1715  13668  197  41  1302  5521  68  334  205  829  500  312  307  426  131  2749  953  2713  272  289  3151  3144  1492  150  1149  3253  995  2119  53  2390  1  5098  4944  51068  5109  416  44312  1913  3335  6357  
5037  294  2664  15692  121  354  2943  8716  1503  911  365  1933  2325  2590  22409  754  497  37491  11266  40761  21284  19000  32159  106839  208503  173377  1.05369e+06  223976  159977  31758  622  7888  116  4063  1.87848e+06  48644  40278  24957  37522  0  953125  1713  146  112  1713  198  69  519  3152  208  359  289  495  341  340  3910  380  109  49899  6942  73166  2690  2209  5236  10188  5246  4240  3502  3341  3432  3272  86  1700  1  430  42919  3977  4554  1718  1998  36691  5155  69929  
6669  69  601  6780  50  90  1556  13078  516  3163  1759  826  499  379  7347  4470  718  46032  12725  20284  12407  6130  49797  32594  31685  9603  915105  119509  9436  2289  108  4253  156  7788  808025  77560  117117  267392  36525  1.03618e+06  0  1333  252  90  1167  159  22  832  2362  131  434  221  179  148  114  690  653  79  8582  1430  11232  566  361  1306  1284  644  269  601  937  530  547  35  373  0  234  10211  2550  3096  1661  1046  3204  2648  149124  
11293  190  2436  26182  131  117  4482  19057  503  1287  1148  3952  1354  1048  623  669  170  4684  558  4419  589  1649  1066  2071  923  212  2229  12809  2777  824  54  2566  8  3568  17503  27547  16579  2927  7624  3903  11589  0  1.23611e+06  23843  707258  251216  119544  171567  120093  3021  11006  753  11744  12238  7455  4117  15235  19602  26545  35057  14923  1576  5338  94498  39607  19075  1389  11581  162837  15480  25584  13218  428114  381  1.09335e+06  209224  88300  315767  98093  21999  16416  22436  50889  
467  548  4041  20296  307  121  14814  43026  434  1037  1006  552  77  66  413  876  137  2727  191  2761  210  318  415  448  446  205  1332  827  489  174  31  224  11  163  57561  84624  10928  5614  2427  4676  2356  809122  0  608  1233  544002  40441  243076  54853  3871  7685  472  104  101  84  2106  7384  5808  19267  14573  12722  649  1360  21417  5589  8328  823  2609  6564  13276  6085  2157  31874  35  28163  387324  176070  151013  73189  1815  29299  13837  64339  
352  40  886  14524  7  4  411  2690  12  82  34  1349  8  5  12  57  6  136  38  94  20  28  64  104  76  16  57  371  148  65  3  68  0  55  1111  3390  2006  221  471  266  397  15672  103  0  120566  49  17  79475  84185  28  62  15  14  15  16  36  206  90  417  299  157  26  92  1499  1018  374  13  28  229  145  237  17  333  1  935  1480  8196  8068  528  1368  127  87  574  
51156  1749  16189  1.10044e+06  220  291  15643  149251  483  1864  1595  464438  25123  11923  4183  1138  254  4006  1520  10675  1035  942  3249  5068  3354  743  10852  37241  7492  2634  136  8376  23  11199  46993  103940  62475  9038  10206  12067  28222  747909  1439  108924  0  521  127  3638  415025  247  455  921  692942  96072  43866  15833  766  340  2687  1309  33510  788  465  6289  5344  2121  459  1115  4063  999  1934  92  2558  3  11100  8086  83406  23446  1827  17339  1292  1799  13759  
202  201  399  2185  1232  1091  9180  49998  3232  2097  1896  240  71  48  320  1085  449  3411  252  3226  191  219  303  227  246  137  756  465  413  409  202  389  19  269  45067  49683  5151  4366  457  2408  1418  513140  717040  150  848  0  1.01207e+06  741958  111231  78073  76609  1237  84  69  75  2286  26301  30112  28693  31379  13955  772  1016  28872  2820  18455  993  3342  8221  60004  19929  15666  56264  505  333477  456842  68166  234059  143095  475  25844  14166  122724  
199  54  136  1185  624  1280  5902  102186  12558  2390  1699  243  43  34  120  642  225  2375  274  1936  85  123  164  133  105  49  233  212  259  378  146  274  6  226  14804  13440  3770  2326  211  507  485  218943  150180  161  1321  1.25865e+06  0  629441  309296  697788  1.38617e+06  1081  103  96  134  1083  73152  98658  18856  36773  6568  353  513  21722  1922  24524  595  2192  6395  124691  48391  31959  168647  2576  995834  140437  33104  159352  81259  635  17108  6248  60197  
1153  1626  6538  33556  10844  10360  68106  290711  25158  7660  4139  1313  288  215  2209  6751  2987  13047  1883  14055  850  663  1956  1481  1935  1075  5439  2869  2731  3314  1466  1509  46  1776  331156  393937  39462  27538  4415  16422  9165  155363  479616  88004  2175  1.6398e+06  1.06015e+06  0  1.66894e+06  1.42649e+06  281215  1237  235  191  239  2041  46132  13676  55185  77737  21050  625  1662  55164  6222  47362  1750  3863  9537  137330  19699  3882  22882  148  69088  528019  414210  106166  101042  2227  59841  17593  272987  
23660  3708  19254  226503  15007  17628  128408  2.28439e+06  209277  183607  209766  128773  81985  53041  39617  18245  4707  41660  5426  147640  5461  2528  5077  5584  5023  4230  12104  13430  6979  6378  2315  6071  95  8108  571130  662636  133722  83808  10412  30768  20820  30150  76865  88122  550968  66292  69031  1.51907e+06  0  1.70564e+06  466989  390822  974409  827497  825291  483074  57773  31137  101785  44390  579494  15279  5574  44822  31110  23591  47801  29136  16446  18030  11628  7250  70705  693  248921  455670  432129  505171  267841  9386  87183  23774  427963  
207  58  133  570  233  1038  2694  152975  58960  17577  5036  81  37  29  148  1057  287  4220  722  3028  77  45  354  101  178  70  348  304  532  434  81  333  8  317  20256  14856  7726  4759  317  841  697  1579  7460  80  295  68180  755684  759344  1.55677e+06  0  1.9355e+06  660  50  53  55  258  35615  19389  66303  80052  9261  63  100  29467  566  27739  349  1058  3357  132650  19186  3729  18200  185  45202  48543  146736  68112  56538  474  28690  3596  55885  
370  91  258  1239  275  717  2322  97560  24246  126277  45038  237  156  130  245  7152  440  10278  1125  5443  124  89  617  169  237  100  565  513  748  639  90  462  15  424  28431  36889  14141  15539  742  1123  1164  18056  16905  358  1222  88806  1.03624e+06  192651  806608  1.76055e+06  0  27249  182  202  823  982  2.27027e+06  403653  136417  108563  11007  206  250  22160  1267  21565  518  3520  12036  99667  29402  31780  457730  38618  876527  115874  272996  275661  195811  2227  84678  15449  146695  
487  80  319  2575  181  376  1340  41394  2794  119868  279427  1848  2392  19317  2247  35223  2734  13500  374  34412  636  179  305  286  351  416  1000  616  1076  633  104  944  77  448  37811  61512  12687  19776  978  1187  1625  629  258  236  4757  286  140  1193  488713  598  68185  0  5861  17254  752052  3397  60599  165  38279  574  333020  1259  211  433  327  298  378  360  185  175  113  66  358  2  832  5092  4132  4016  2814  182  1397  435  23852  
48286  563  3160  278831  1016  717  8314  436675  466  1772  7954  1.22971e+06  290927  117533  43145  1381  507  4191  881  70142  5310  2108  2032  4665  2424  2721  9703  21019  2663  1086  172  5633  21  8851  46477  70253  33943  11195  2051  5789  13242  28025  1971  5662  829325  1217  210  8102  1.05198e+06  550  692  3738  0  397761  134615  114235  875  269  2966  1425  129223  4481  1117  2944  6337  1729  4929  2046  1385  587  671  59  893  1  2352  18716  23537  16383  7957  8387  2343  1113  23078  
6855  92  540  26259  360  300  2035  162631  454  959  17356  64253  489339  219935  33182  629  199  3885  302  108793  5514  1833  546  2914  1473  2542  4337  4524  777  341  71  1119  9  1513  15420  16085  6901  3369  553  2447  3655  31310  413  593  140344  365  184  2039  1.02694e+06  572  781  14356  352886  0  464591  182097  1230  226  3897  1174  295806  7130  1458  1433  8474  3986  16923  8548  2123  612  577  66  931  2  1401  7844  7069  5421  2848  7959  4361  1027  8587  
5956  86  629  20654  201  242  1702  97846  2427  14518  83716  35251  60130  779907  150595  6179  597  12830  342  246821  12888  4240  539  5394  1368  2663  4270  4082  863  468  100  1695  50  1395  20632  18378  8807  6465  788  3214  3839  24335  442  762  98627  442  207  1579  880511  668  3888  866135  146904  416635  0  412719  13492  201  17956  1477  817804  13825  2211  1361  6001  1342  3758  2557  1414  546  646  84  1061  2  1690  8254  7996  5919  3305  7535  2758  913  12689  
4659  146  810  18579  134  117  1368  41196  272  691  5119  18943  22503  59193  395199  1878  470  17483  483  232547  12779  4870  899  7383  1295  2874  4366  3598  1024  696  110  1970  51  1306  22913  10238  11277  8128  989  5790  4663  13907  388  607  50547  264  90  1255  204638  184  302  1123  61917  188623  510049  0  506  188  39240  12337  1.64809e+06  53136  47502  15852  485415  27129  137736  57298  7670  2855  1476  156  1767  5  1139  18231  6550  6416  3205  4733  38674  7135  18477  
260  60  165  1437  235  409  1258  16617  1809  24028  16868  312  168  208  159  17307  2462  5042  189  4684  79  69  190  164  196  73  438  535  869  563  93  510  32  260  15460  17308  4610  4378  916  712  1107  13478  7806  471  2195  26305  58019  27112  83762  94860  1.9438e+06  30752  415  424  2463  961  0  2.38111e+06  675427  105140  7070  164  185  21740  1066  17497  477  5206  20563  62919  18555  28556  916911  383864  709395  175162  101578  353373  229224  5574  84477  26501  216941  
555  127  403  3619  542  436  3179  26829  1767  2394  5614  783  382  241  337  8695  1444  13305  265  11244  188  248  357  406  342  147  826  1208  612  436  132  1339  79  357  27032  25008  5957  4912  1946  1585  2272  27621  17790  1082  6331  61822  183507  48183  149172  138930  591014  1029  1281  1300  915  4210  2.49437e+06  0  760879  1.78653e+06  18174  721  936  44449  4002  50376  1594  16871  51668  202419  255805  477937  2.04495e+06  281837  637025  300700  64124  624224  353209  15531  83456  86998  238688  
2605  360  1771  6493  380  461  3332  29359  4716  12992  16855  984  447  679  2868  24746  8710  180644  9237  114299  20098  10887  16899  4902  3162  1454  9361  12575  8066  5430  789  12311  500  3289  139454  39205  41539  35759  8247  24888  25374  8586  2516  710  5654  5532  9101  22503  67548  226478  173616  13205  1210  1156  2059  23501  558627  775496  0  3.11489e+06  992490  106939  21883  519900  31170  80859  11570  17769  28257  56676  31070  2016  25554  105  12204  224512  37557  290802  202909  15386  104367  71475  233410  
1993  279  1358  7840  660  478  4421  32862  3011  3978  6451  1413  668  511  1979  8343  2810  84962  5365  59590  8035  1375  9153  2540  1964  959  5464  7660  4233  2597  407  5960  221  1816  89442  41151  25713  20469  6833  15040  14542  20670  7430  1852  10171  27150  37189  69015  123307  271145  141158  999  2100  2094  1447  16209  39884  2.25504e+06  2.20859e+06  0  415503  26929  5305  1.53639e+06  15107  284301  11593  33062  81315  1.04055e+06  644566  1.18759e+06  270973  596  29859  435621  78805  421048  192425  24745  113879  123671  212173  
9952  1048  5361  25314  585  748  8512  112172  9342  26579  77005  17319  23224  46309  148098  50120  15611  588288  29730  1.4636e+06  86770  18373  51686  28260  13826  18316  37049  33086  21118  14783  2287  39541  1350  10261  415216  91833  130712  119499  13679  85273  64558  15759  1289  847  44738  1536  1176  6016  394093  2884  8233  262598  55600  135996  485997  1.73551e+06  15757  1130  1.32357e+06  252484  0  1.5299e+06  602206  194963  750017  65408  187876  138282  31818  22217  18544  1388  14910  36  5411  133649  21410  45541  20923  9230  129325  30481  202586  
940  107  584  1674  25  27  738  3378  256  585  420  440  533  631  3910  454  139  59631  6103  61248  130462  97057  16557  21755  2060  1497  3119  3522  2027  1063  51  2882  60  1078  38304  5152  11940  9326  1247  13003  6264  1205  113  94  899  208  86  483  4225  112  212  158  445  602  666  84484  178  115  166850  22389  1.07606e+06  0  349196  90385  157624  14264  26231  24439  7686  7265  5938  122  3339  4  532  38576  2410  9382  1897  1704  37746  7543  20192  
210  20  175  695  5  6  162  949  32  81  65  170  117  85  902  55  29  14452  773  11250  34702  73373  4729  25047  880  514  1004  693  350  196  13  424  10  183  9626  1006  1982  1113  427  11552  1101  946  70  97  785  150  71  235  3506  61  71  14  413  845  902  128068  63  94  53867  5061  429496  268579  0  107644  560213  14807  40435  28832  8619  6785  5336  66  2698  1  342  30366  1588  7570  654  1373  62814  6710  5330  
1338  205  1066  7430  373  252  3829  20757  600  1156  1071  1427  635  387  1311  1125  485  72775  6229  26773  26253  24514  18697  20200  2212  843  2849  4160  2006  975  105  2314  44  926  50463  29725  13993  8652  5074  9135  7290  25805  6837  2876  10548  23017  17430  42987  115574  49407  22901  301  1951  1988  1373  11939  3327  21056  434468  1.2503e+06  122373  89539  164253  0  267282  768044  28196  35670  85272  797816  523008  37917  151134  48  16655  273720  31168  315927  26231  21745  79261  106215  82138  
771  38  473  3561  9  14  460  3524  58  208  153  970  497  233  941  162  53  13651  962  10774  18119  66171  4238  130500  2251  803  1988  1970  894  395  20  689  8  355  18725  3725  4619  1962  2145  14574  2690  7967  364  805  5740  750  302  1466  16859  371  402  48  2792  5331  5674  731244  218  529  71908  17553  560551  106499  488561  425741  0  1.71982e+06  553560  78412  41148  42944  39434  385  18745  1  2285  64236  9377  32870  1743  8951  172422  25164  22736  
570  23  307  3074  33  34  467  3933  322  719  622  587  252  144  354  607  173  9085  645  5410  3107  2985  1721  3719  2938  276  810  1462  693  309  30  518  25  243  9936  4793  3594  1917  2219  3532  2118  8046  1766  788  4635  6553  4147  13242  20752  18095  6664  91  1536  2332  2178  55508  1160  3040  61747  95417  23246  11062  11090  832654  1.50719e+06  0  1.40591e+06  814546  178155  2.50591e+06  78616  1005  25964  9  2881  56965  11241  43080  9079  9028  255929  30912  33914  
159  10  67  955  7  11  122  2637  23  54  117  525  390  104  272  91  44  1926  113  2250  1027  810  333  880  197  149  327  244  90  46  6  115  3  48  3370  1002  642  424  225  1464  366  782  93  76  1906  167  75  340  17428  201  149  14  1884  4077  4420  117916  159  118  11459  6460  22718  6442  8767  61064  407205  1.36596e+06  0  710733  81204  31668  4097  64  2039  1  220  14561  1234  4514  1419  968  242410  14450  16151  
550  19  225  2422  31  29  336  3961  47  148  248  732  564  244  410  122  37  1458  116  2433  456  397  252  544  225  202  691  1235  332  114  13  227  3  185  5334  3419  2405  766  1743  1467  1690  20154  821  200  6834  978  354  1443  30473  328  883  77  2826  3211  2545  82918  952  1966  8093  6342  19907  3237  7565  13916  33399  748898  544515  0  368131  35387  2545  320  4062  36  41744  107898  11674  23162  4653  15310  320831  329321  30486  
2376  26  870  10174  44  50  724  4596  173  605  483  1861  527  455  332  394  122  4611  343  4170  441  1162  710  1451  624  167  1486  6243  1746  516  28  962  10  791  7287  9844  10750  1703  8718  2709  7748  170102  3695  2142  17670  3958  1646  6115  28836  1436  3514  202  4964  4608  3028  4622  4159  13868  20104  28587  10428  1878  5911  59647  26858  109843  18128  225167  0  285437  147102  2042  210124  238  139458  236231  44740  124805  17645  43064  180490  394391  58373  
467  48  286  1820  91  74  851  6508  1024  1412  777  284  108  96  405  650  272  11989  433  10697  967  1507  771  1087  276  208  866  1440  670  401  35  700  24  280  12796  6586  4636  3321  1511  2448  2433  5573  15150  410  2314  84944  45854  87176  29038  117935  55038  109  465  499  368  4658  4712  49777  55406  386978  19030  3319  5126  1.09075e+06  43427  3.02458e+06  11175  37771  221081  0  3.41419e+06  30002  42122  44  6011  90288  12335  55127  21805  5849  93496  27129  29743  
464  72  330  2179  140  120  1200  8793  793  863  1848  376  139  147  582  1573  936  30444  436  21662  1103  2202  725  1744  330  267  961  1509  738  699  197  2440  119  523  19866  10367  5909  4872  1577  2275  2751  9043  25382  551  2599  130242  79294  72735  28925  76937  58762  161  527  548  413  10288  6517  265989  78842  668427  46333  5214  6753  630440  88009  98568  5345  7076  133108  3.16149e+06  0  2.4411e+06  3.45606e+06  129  9812  125151  16915  72569  37291  5446  36532  22325  49527  
90  21  50  454  49  28  319  2685  201  191  741  80  33  21  75  629  258  5748  57  3412  84  86  65  100  47  28  147  208  124  162  58  700  47  130  4647  2966  1083  921  272  285  409  2778  7860  150  553  31535  29125  21626  10752  25074  24218  60  87  95  72  2781  6015  475233  18934  907979  13878  667  324  62101  2573  11139  929  1762  4057  98513  1.99669e+06  0  986486  224  8632  30421  5544  29411  18009  1098  4660  6489  15893  
2426  184  1318  12246  412  337  4122  30250  1887  2694  9982  2028  586  579  1064  7718  2924  68755  883  45458  1660  4286  1435  3483  896  445  2325  5981  2467  1891  674  8175  359  1782  52408  35290  19292  11551  7529  4910  9091  461760  76140  7392  17232  95738  184201  50854  193046  41838  366969  1087  2757  2901  2141  24037  565330  1.87339e+06  176520  437622  112551  8711  15277  268363  128208  87845  9490  26737  328102  103112  3.47539e+06  1.74888e+06  0  583949  1.29022e+06  266379  61615  503335  153126  28064  87955  78064  160577  
22  3  16  171  13  16  123  1033  66  71  209  37  12  11  11  182  50  658  9  491  8  13  12  20  14  7  44  69  25  18  7  108  5  20  1102  1054  298  197  91  93  111  3214  1034  67  311  2450  5884  765  9608  560  48853  38  63  57  48  326  262816  314097  3499  4818  1679  54  44  898  227  639  79  1467  5952  1550  2624  7375  484368  0  388156  2402  938  31177  6588  584  1661  1978  3757  
715  107  666  5771  317  362  3689  26593  2414  2507  2764  886  214  156  211  1505  449  7817  206  5283  223  652  306  584  238  88  662  1307  482  339  129  961  36  346  16627  18509  5500  2825  1916  1229  1859  1.29217e+06  195831  2952  10962  610445  1.62286e+06  46492  333568  24880  1.42308e+06  1969  859  940  741  3734  1.11913e+06  1.19089e+06  46367  69014  17665  1109  2296  50073  13043  21590  1430  56887  137633  47554  51632  103411  1.90296e+06  665815  0  77174  25289  217684  63790  10055  17915  70106  44043  
2559  1637  3618  25711  7868  6087  52570  287295  10900  25783  29706  4780  2024  1327  4263  16044  4280  63236  2610  61197  5032  9069  4637  7185  3227  1873  10397  6510  3897  3351  1227  5760  269  2158  471446  348103  50213  46215  9324  28030  22646  52906  36661  11758  23169  37547  14935  224944  1.20311e+06  36749  333332  24860  3195  4530  3714  59278  312446  44004  594369  271327  356440  22050  42400  330405  121253  252088  40885  267135  579595  319787  123646  4133  67446  65  21547  0  1.27546e+06  1.12096e+06  1.03673e+06  163132  2.21851e+06  1.41398e+06  3.30866e+06  
2437  919  7664  53320  2652  1958  24756  88826  1727  7066  6981  3191  261  268  1328  7557  1593  15452  694  14497  531  565  1169  1277  1184  604  3029  3466  1978  1371  487  1794  63  1016  146321  191852  26487  14215  7546  9468  6705  35526  11918  9055  22420  7122  3208  79327  157154  16193  38910  4042  607  594  540  6698  40969  7441  68790  25563  54714  1436  1836  19815  10720  13928  1984  6445  15914  13670  6098  1182  7315  35  11965  1.02452e+06  0  430132  243776  469031  204702  37085  303124  
2858  772  2987  26527  2904  2002  20456  153273  7973  47435  40289  5037  2171  1172  1497  6044  1215  15496  1080  12020  852  1273  1512  1611  1281  502  3607  5388  2195  1261  370  1651  60  1208  127144  167223  32561  26726  13620  8319  10029  83839  20234  14900  38717  53057  17130  82971  1.24444e+06  72820  415503  34512  5751  6212  4611  17206  376195  143300  345181  167056  71240  4123  7299  108585  17550  41536  4840  36540  56883  53010  19258  11807  58823  302  43701  411052  526619  0  1.79084e+06  181191  118281  115370  329730  
318  189  443  3317  951  743  6637  45841  2194  10604  9041  888  577  259  450  2466  414  3495  274  3315  161  90  358  349  472  149  793  549  419  310  137  355  12  240  41092  49212  7032  11433  633  2178  1653  6741  5777  1523  2584  17144  5545  29781  474141  34717  252307  14287  287  573  524  3984  131070  21735  84245  31972  23149  671  390  6329  1658  6132  1024  2748  3635  8618  2334  1846  8105  57  6234  212057  146599  1.57023e+06  0  1708  494750  90347  790350  
2205  210  4833  37173  32  34  3841  13518  80  642  309  3306  517  539  348  442  70  2388  282  2579  273  441  557  846  479  144  1298  3865  1196  381  27  506  8  432  11194  49772  15221  1754  16733  2604  4895  43828  395  7191  42484  393  154  4263  17393  202  518  92  5538  5485  4038  1490  2147  995  7120  3520  4831  715  1240  14936  14941  8498  578  4756  24994  6745  9813  193  10599  1  9331  30661  371171  117389  1150  0  9552  28937  4807  
447  36  342  2290  60  57  817  5940  520  2260  1899  388  292  181  1152  792  565  22500  656  17670  3803  2837  1955  4171  1669  967  4463  3111  1140  570  73  1022  36  439  42545  11696  6386  7387  8134  18647  9225  8797  471  223  4303  688  359  2225  28603  2282  34525  1942  931  1228  1009  61769  12796  1276  34804  11002  35764  10721  19081  39635  69073  149631  193968  731266  236613  134814  20165  167  7488  7  3699  1.93362e+06  58704  96539  142394  104781  0  1.4504e+06  174598  
144  21  369  2277  42  37  476  2685  87  352  281  220  95  48  183  269  68  2251  118  1876  251  589  274  448  188  79  841  579  190  77  14  135  4  70  13184  8293  2104  2330  3369  1351  2462  10833  350  156  3804  228  130  1362  9169  365  1935  146  356  381  295  12111  1877  1034  14702  17248  7709  1163  3641  26585  8786  23965  17276  662014  400925  37574  6216  178  8897  14  17173  850681  52587  59774  29210  76103  1.10176e+06  0  161552  
3597  1737  10754  32187  3689  7213  57667  938730  44477  628005  178743  5697  13331  6951  63075  406683  11035  351839  47163  350937  33268  6941  65575  43750  61083  49193  89543  18409  22993  10511  1879  15100  526  4274  3.19351e+06  1.43846e+06  207033  1.5773e+06  28677  85451  189113  9803  14258  2924  8559  17238  8282  78192  656801  46896  468536  45407  2565  2824  1672  18340  317137  40764  411488  111918  248945  5134  4513  46758  36820  86349  9569  52797  78346  33605  11078  2496  16462  77  10733  2.29549e+06  404653  916625  2.7221e+06  5593  744952  369796  0  
