3704915  
2186778  
300712  
3396051  
3686816  
4210034  
6539102  
12250845  
3799927  
6807816  
2613638  
2552247  
2348075  
3302442  
2775269  
5580734  
7239840  
5509680  
7118014  
7973274  
1313106  
1018693  
3574722  
3379566  
6431376  
2137874  
1946131  
1493802  
6948944  
7859333  
2666787  
8197936  
821010  
6681070  
10046459  
3348965  
5924313  
1960594  
596655  
3699607  
2044716  
3996129  
1856553  
283048  
2932935  
3082828  
4183459  
7204509  
11436544  
4526690  
6563331  
1836750  
2869898  
2047759  
3235917  
2640965  
5582740  
7364605  
6065772  
8033158  
7919686  
1605751  
1071560  
4115355  
3636287  
6322501  
2037838  
1800020  
1506853  
7536791  
8585499  
2962057  
8837630  
868725  
6862943  
9733936  
2266843  
4718460  
2312862  
604368  
3688941  
1900733  
10791253  
