0  1.70097e+06  55762  683496  208992  60448  524526  19956  1674  24161  2830  6815  3814  4222  5896  45506  108578  29464  33419  30746  8744  24435  48974  44837  36314  9204  18757  234708  75450  170404  22377  390381  6257  1.12724e+06  84498  120702  376816  55744  19205  71438  36714  13429  167  89  3549  84  245  1285  2457  615  1962  1568  590  337  379  962  1580  1908  5990  3448  9865  1841  1571  2176  3146  693  189  2702  2971  1996  1586  447  1685  167  2571  7314  10836  2666  1536  10101  2497  2067  51147  
864585  0  4877  2377  627978  27689  372483  31248  3882  25376  7785  308  293  919  4058  26281  97370  36377  45364  43549  9048  21715  51629  43649  37674  9800  10149  43270  68141  146867  27958  91439  2461  52534  515016  638430  655523  214268  4334  84063  24811  434  220  129  275  240  554  4768  6181  967  5560  2490  87  72  215  780  1968  2104  6418  3600  10710  1757  1566  2075  2786  647  187  233  565  1668  1431  508  1485  182  425  12519  1945  3903  4845  337  2856  1711  261588  
51050  1935  0  165008  110  73  115206  105411  230  1859  1776  294  138  313  1144  2862  1789  5762  3217  10938  1406  1770  3874  4305  6821  1661  3708  5249  5988  6325  495  2243  397  839  134853  221311  50672  12919  2922  22677  7644  1749  185  10530  18543  13  54  5479  7006  100  442  452  885  62  57  201  199  241  776  400  1472  231  250  298  273  105  39  139  264  247  199  57  189  22  177  2077  4656  667  458  571  429  667  30180  
754342  732  146676  0  143  92  10903  457006  417  3333  1529  576150  40087  35627  32808  2702  1554  5316  2386  43522  10477  3743  3330  4852  6099  2029  15912  107209  2750  2479  282  21496  363  5447  73357  417862  30495  8861  73690  17822  28706  245520  824  43694  1.30502e+06  99  231  12709  207078  280  1022  661  257912  23383  16557  27059  702  501  2497  1450  25920  5132  4547  3717  6051  1555  587  26194  27588  3104  2331  144  3925  52  26035  11507  351775  10183  3337  81806  6095  20991  15896  
312730  1.12722e+06  3512  2429  0  1.0987e+06  1.27374e+06  220319  84012  88259  4464  344  261  554  3505  60350  313578  34472  104206  37997  7718  11975  40202  14238  10499  2719  4612  9700  50852  137089  57679  179799  6454  395359  333029  156683  346810  61343  2517  27211  13355  444  404  137  347  1868  4528  39502  33968  5536  6792  2149  180  124  133  1047  2437  2365  6565  3671  11428  1608  1414  2034  1828  702  370  329  775  1977  2023  646  2185  256  971  18583  3825  5694  4112  285  2720  1445  137604  
99165  248744  1515  1141  1.25104e+06  0  531573  386388  726196  1.64258e+06  3533  213  184  2569  1483  135397  236466  30201  80831  21912  4086  2251  10212  2033  3189  1008  1259  2887  15557  36620  16016  205244  23138  913003  101395  62276  79100  26204  978  5900  3637  263  401  80  164  786  7910  8500  40915  36233  53041  2096  66  97  111  595  3530  2274  4882  4415  6303  621  548  1229  553  717  174  160  328  1884  1646  504  1599  115  1222  11699  8206  6039  3866  151  1657  807  54892  
388529  627636  290258  14435  1.68078e+06  610328  0  1.14905e+06  1.20067e+06  181501  18921  2690  1214  2667  12156  41986  98776  94328  242896  141375  20266  21966  67529  38593  56081  13870  27903  49704  101382  136998  38625  53845  5112  16081  1.60078e+06  1.57007e+06  550985  157896  15042  169149  68729  2467  3954  13494  11818  9193  25760  259369  177891  18283  13661  7113  1633  546  534  3784  7177  4425  14248  8364  27115  4941  4116  7139  5525  2203  1207  1270  3017  4951  5343  1207  5685  459  3328  76522  21030  24306  15317  1307  8652  5605  450814  
13263  16711  153983  953553  90051  68232  1.58889e+06  0  1.80042e+06  335399  437148  823195  1.23365e+06  1.00019e+06  196127  34156  45267  102125  40512  811577  156710  36121  30200  26619  20658  13954  18328  21154  16001  42108  13170  49965  5559  26976  872923  901284  385145  138265  10840  76508  33331  36963  17591  68962  219101  24438  153404  655729  3.30157e+06  396236  641800  50789  61974  67449  19116  73136  67082  11368  28224  33352  155819  24152  16950  23296  18825  10623  8909  9728  14405  19455  19632  3369  24495  987  27543  295579  277608  132394  79899  10190  30660  15857  371096  
1344  4897  1308  1195  132829  509007  671527  1.42148e+06  0  1.43669e+06  2386  308  349  1120  753  16701  40904  51710  152244  12421  1468  987  9830  891  3437  566  1124  2484  19034  22872  7314  8419  674  3848  100433  67433  29820  17004  881  5988  3419  498  1040  133  318  3760  40106  73644  134422  101908  88744  2071  195  267  198  1141  6823  1781  4601  6435  7446  1271  1090  2889  966  1326  443  430  838  3338  2800  668  4080  183  4935  35424  24199  17881  11728  273  3182  1645  55946  
31399  98315  5688  5507  157007  1.29067e+06  189806  757238  1.32908e+06  0  61094  842  603  6185  2460  2.26505e+06  206167  110847  114651  48597  5359  2888  12673  2890  4590  1541  2693  7571  19427  35510  15205  292590  78296  471309  240475  208825  298768  219962  3579  11610  9022  897  1067  264  913  1854  8229  19191  87035  39358  389483  38563  548  459  1450  1575  105983  8644  18346  14443  17123  1390  1264  3495  1214  2275  421  748  1775  5218  3921  1308  3685  342  2494  41257  86563  29727  26005  916  11035  6271  228975  
844  615  1382  4236  577  376  5295  671180  3165  68215  0  18951  52077  946064  4196  43401  10435  43144  1816  913426  2337  686  1064  540  629  296  589  1301  826  2085  799  4678  1336  1865  28923  13849  17618  14636  999  2167  1635  1200  1263  395  1822  1940  5066  19032  85239  12547  438582  241536  1756  2889  16386  7220  179337  30466  42165  21234  112575  1305  1037  3946  862  3019  687  783  1409  7752  5393  2370  5228  683  2292  52785  84960  40877  43820  679  18382  3645  57295  
20168  188  2557  836787  153  60  4871  498508  869  1717  3907  0  478451  303665  259372  1319  886  3115  1515  297857  80160  16762  1611  13286  4994  7228  8050  25941  989  937  136  4397  113  890  15177  14056  9049  3620  30521  9866  13252  107713  736  2835  219554  313  650  19825  130350  724  1055  1237  662002  82647  34322  62210  843  845  2873  1542  66859  14931  8082  2905  8322  1447  1232  14835  14441  2221  1953  218  2740  65  8729  12499  76139  10616  3374  47629  4668  9035  6372  
12348  272  3500  68072  493  181  9146  904411  4351  2675  25587  818437  0  854183  503374  2335  1819  5103  2236  624208  154685  30182  1849  20152  5615  9051  7679  16488  1016  1330  225  3749  189  804  19971  14253  10041  4289  24246  12653  8362  46827  733  2159  51746  999  3517  25655  208724  7604  8008  4395  277497  510218  93211  86585  1839  1725  4904  2762  103694  20442  9811  3743  9413  2488  4153  10691  11705  2879  2832  381  3722  128  5327  22631  40835  13796  5980  40650  6548  6966  12907  
10128  483  2170  46232  479  366  7294  852916  4110  15408  833537  339782  681777  0  934061  15630  9179  16036  5118  1.28318e+06  172286  32423  2600  18425  4657  7542  6266  12969  1607  2882  842  5901  689  1538  26077  13879  18509  7977  16833  14757  7032  30968  996  1140  21947  1532  6334  20633  180264  23305  158806  93024  66368  122548  657315  321895  36728  9027  19844  9602  284847  23343  10611  3612  7508  2533  2517  6588  6844  4843  3881  1291  4477  366  4987  41709  37820  24138  18154  21257  10839  5121  31819  
15362  1366  3983  56663  698  434  8260  235910  1825  3247  8349  388098  517842  838897  0  5707  15922  43730  17136  1.779e+06  213553  156536  5552  681388  78426  255341  136872  20764  3317  5010  1487  17194  3949  7968  77998  17667  30879  13734  18528  148848  10491  50870  1014  1486  33848  638  2154  12634  77667  4576  5599  14989  65312  78854  136756  383595  8496  15026  38059  15824  247847  30697  21200  5649  14508  3368  3870  10154  11255  8498  8072  3616  9121  965  6663  33806  39371  22740  11739  35709  12607  7749  41000  
38682  94961  8602  6022  97735  103602  57729  95252  118197  2.27899e+06  82614  791  683  1847  3576  0  1.96001e+06  665170  190049  70299  5430  2533  10757  2600  5832  1557  2360  12693  21262  55740  29765  486781  177066  583333  154433  89146  344971  160047  4472  11401  7752  1076  935  235  788  1148  2375  8754  17694  6889  58610  80588  363  303  1345  2614  104712  40823  65535  17970  63523  1383  1337  3313  1088  2785  430  585  1551  7086  5815  2988  7298  1067  2428  39547  14238  18949  14081  923  7562  3898  146262  
40666  143892  11577  8676  169447  95957  116533  153175  116721  188331  56246  2324  2125  4477  31773  2.2451e+06  0  635331  1.63177e+06  288866  29738  8519  37287  7160  30995  7479  18712  36190  129660  563670  569779  2.12342e+06  546051  568922  202176  77286  459342  109469  10382  89924  29815  3576  2209  483  1887  1739  3689  14473  22621  11718  29316  64022  805  667  1755  9584  78380  71770  135979  53119  161298  7090  5519  8088  3721  5260  1589  1808  5464  24209  23116  11421  25418  3441  6600  82557  16330  42983  25380  2883  22895  9145  136561  
16642  13624  10865  9184  20962  15043  62655  142289  195659  170191  87268  1266  1064  1514  8070  730964  685945  0  2.76837e+06  879879  87635  13477  477529  26277  82984  32590  23416  41021  26623  45877  11952  118041  10801  50517  164183  47321  228086  113408  16371  199789  48119  6600  3554  626  2745  1255  2976  13319  20617  10980  25650  20018  691  576  818  8634  23813  60481  149819  87919  194337  23837  31340  34474  23049  10032  3210  3255  10742  45563  42154  15118  35139  3969  7290  115279  20653  46144  24725  4983  48038  15430  142725  
44537  41633  35369  23173  58208  24404  206820  125879  218003  64085  4188  2312  1564  2126  23301  97294  1.7353e+06  2.32434e+06  0  239962  31996  14625  1.1738e+06  16712  366311  69494  60747  143937  561173  1.11513e+06  708541  461296  9085  84643  250995  96730  536718  182520  41546  514896  133855  7663  3760  1020  3445  1320  3879  20222  27128  9491  25515  5090  882  695  706  8331  9393  23761  146095  125446  219725  33615  48226  88085  28184  14366  2896  3102  10916  52725  42619  11635  33506  4220  7863  145895  19901  49890  25196  7134  39464  17019  137255  
20521  11271  18061  56861  4655  2978  36710  748753  7600  37385  1.19475e+06  347557  468784  554540  2.07333e+06  62558  107588  972241  139405  0  1.6398e+06  685364  47883  698684  149378  320978  166407  56923  35236  49421  13013  109350  19088  40203  360200  82186  192944  115197  25254  506420  52571  28906  7863  3931  29078  3623  9432  48499  191088  21810  71949  164994  45395  51137  74028  245704  105629  187429  420347  215021  1.44549e+06  240092  175023  119638  136485  31881  10852  10599  23792  99095  81243  29598  74336  8910  17371  289106  62464  111203  66055  17393  109647  28655  281828  
2410  1437  2182  5857  386  167  3894  58445  419  643  506  34078  46842  19019  85799  530  2930  111600  14712  832365  0  527017  62806  151158  19429  45782  16714  6740  3637  4909  647  11264  652  4026  45732  7620  22890  9555  2875  86900  7373  2363  602  417  2669  193  596  3569  15425  1089  1047  1869  3326  3451  1905  8425  1364  2781  40391  18766  72264  112812  56487  30417  44732  8811  2190  1375  2103  7611  5689  1140  4011  400  1052  31739  3482  5905  3077  1264  28686  2169  14569  
2336  1838  2612  1915  261  60  3853  6452  84  213  145  2679  3147  2678  106660  150  608  19660  2446  324925  486755  0  125487  633415  46534  98790  37378  9255  2926  6325  272  9762  157  1634  39607  5366  28345  7685  2703  104518  9589  639  181  82  445  23  53  748  1531  100  232  406  311  353  277  2380  205  256  13605  1958  20902  99075  43246  12834  69825  5909  1630  813  896  1553  1309  137  844  50  205  13846  670  2065  799  537  21681  785  6765  
27076  23256  28080  16418  8010  1759  59184  53916  15508  3743  1362  1233  788  1280  5883  4886  39783  481711  1.47819e+06  49705  55570  153351  0  407020  1.13042e+06  176140  51157  97113  968682  775140  41662  229822  1298  33611  182285  54735  343060  94173  21835  233822  78670  1802  694  480  1213  182  545  6330  6855  1171  1424  1654  354  273  302  1724  1478  3367  45199  29647  84092  25929  80709  95376  60635  13466  2260  1474  2668  7733  7383  902  3300  205  762  139273  3382  10545  4574  2785  36053  4052  52945  
15024  11793  21784  11825  848  191  23926  24603  277  764  402  7995  8052  9868  648345  525  2212  114114  27542  779181  332641  1.14934e+06  453675  0  1.72882e+06  1.47957e+06  354069  72228  28802  34543  840  41802  716  5949  123786  32923  157632  29993  14313  488049  44356  1876  394  348  1554  56  124  2298  4660  250  697  1193  789  685  740  5827  521  555  13008  4849  32928  38285  37106  27744  163538  11832  3114  1761  2056  3012  2508  278  1509  97  447  31009  2349  6402  2392  2056  44066  1361  35144  
17558  12143  26695  13559  1642  451  29995  34429  4784  1707  686  5456  2985  6075  60542  1898  8935  126208  212983  114693  62168  127093  941897  1.51713e+06  0  2.17658e+06  1.00811e+06  221276  3.11326e+06  236060  6185  49337  1025  10604  167687  48588  168960  43301  16271  930455  106419  1476  371  397  1543  105  244  2694  6163  631  1618  3317  445  262  322  1613  1978  2310  11846  6458  20423  7380  9678  11516  17881  6253  1394  1023  1569  3123  2869  737  2303  280  647  31208  2646  7144  3871  1776  21395  1686  37610  
4031  2361  5064  3228  422  122  4825  9542  218  348  133  2364  1489  2593  72374  227  1363  64758  54838  93628  67796  112093  146883  526908  1.75311e+06  0  645575  40459  78738  15450  735  14051  366  3956  22754  8650  34532  10531  3901  367743  11855  500  59  83  554  23  41  539  1681  132  361  739  173  118  144  757  388  282  4438  2225  7738  5020  4979  4035  5099  1125  273  219  366  802  672  127  446  33  137  6445  688  1579  823  449  3775  401  21155  
11476  1607  4530  11221  206  97  5276  13295  317  1187  464  3772  1925  3412  40729  816  2180  18788  13829  56151  19501  29045  38195  67109  791753  213583  0  228251  7868  7181  613  11340  679  3262  216436  28540  80384  133901  12779  831167  551754  1647  223  117  1014  69  124  943  2762  300  1144  2171  389  240  291  996  1315  1281  5301  2433  10242  2252  2992  4793  6412  4956  1202  1006  1267  1852  1771  510  1544  196  603  25347  2289  3596  2046  2101  20519  1352  76610  
188050  18776  22900  107589  1485  465  22425  9229  1401  2727  763  13194  7371  7610  10613  3205  9009  25156  36331  32160  12533  31223  63889  58488  142649  37728  236854  0  288969  461040  5892  408590  1085  56835  140376  48704  315462  172825  36031  201103  582049  46840  216  121  5327  88  157  1019  1903  352  869  768  2250  1620  1368  1895  833  1576  6128  3884  11019  2486  2767  4051  5286  1699  362  10069  13511  3526  2822  538  3358  218  10907  11002  51358  5905  2479  57348  5376  8145  56789  
28707  31247  40036  16455  10542  3029  77475  52365  22209  4937  3869  1305  910  1486  10153  9300  82545  60973  708029  63967  18220  52270  1.29235e+06  93368  3.50444e+06  93477  43068  811283  0  4.41148e+06  125735  179637  2508  25548  91380  59216  305470  61078  13890  264157  57657  1503  742  491  1124  302  943  6046  7787  2399  3406  6156  296  210  333  2314  5721  9221  28556  19383  41989  6370  6211  11753  8015  2834  564  612  1890  7804  6067  1934  5487  657  1363  23969  4293  10104  5338  2083  8084  2892  36603  
35668  80840  25784  11464  35924  7123  119503  126009  18337  8688  9496  2181  1509  3088  22648  23085  944395  157755  1.2141e+06  166208  47826  116102  670912  136260  176909  27915  20930  744621  4.18026e+06  0  1.72025e+06  4.18146e+06  4208  48803  131318  59238  395996  96673  10755  187496  41305  2427  1430  773  1687  703  1636  11616  15817  4895  6785  13242  445  369  623  4614  13195  22821  55800  28854  86689  9378  7862  10890  13879  3671  1029  1055  3144  14345  12632  5221  12990  1768  3504  42542  8025  22137  11474  2331  13737  5300  73015  
13011  26841  6822  4050  27081  6685  57533  48232  10282  5374  5698  676  587  1070  8882  16999  1.4291e+06  45426  1.0835e+06  76963  12031  5766  41272  4127  12485  3198  3662  16422  170305  1.61942e+06  0  1.40659e+06  2734  40113  48439  23636  230748  66503  3542  17996  6773  1026  596  175  559  373  980  4456  6732  2783  4640  10093  207  179  333  2161  11521  12995  27310  12048  40727  2381  1990  2794  1478  1304  440  467  1321  6018  5849  2775  6509  1111  1963  19035  3631  10524  5932  903  5266  2338  39736  
491598  181947  25457  24737  98037  151621  85753  197875  13939  198782  19754  3538  2906  4683  44784  311889  2.3073e+06  416545  530944  444919  129849  125688  382799  122059  89831  36862  28048  378539  203267  3.65571e+06  1.06168e+06  0  860185  1.39701e+06  248949  96732  883644  130007  16913  157841  93514  6269  1885  526  2320  1050  2343  12729  19005  7348  11173  19450  928  757  1321  8841  20048  43838  95221  40760  139894  11743  11249  12657  15102  4828  1689  2293  5385  19257  18773  8935  19804  2642  5785  69242  15600  36522  19575  6421  24318  9016  154161  
7284  13927  595  531  11023  16378  4312  14612  488  24958  4245  151  141  284  2050  91322  322112  24005  6559  39651  3699  650  1444  596  1195  850  894  2011  2113  7759  4899  530105  0  269987  8783  5585  75185  4856  449  2154  1052  119  82  14  72  74  154  784  1143  373  1361  3314  41  44  152  555  3252  3306  5610  1701  8321  354  314  380  223  192  56  68  183  699  662  353  799  118  201  3646  753  1482  956  112  726  302  6952  
1.58089e+06  581764  3411  16031  859290  1.39415e+06  46384  123394  7223  876070  9843  1916  1298  1752  9259  1.30522e+06  1.1953e+06  173578  92268  158726  27685  17226  47534  18771  19323  7253  8052  101824  55619  166126  71105  1.85896e+06  814270  0  57181  30325  1.06635e+06  24092  3734  31138  36197  3901  375  139  854  392  1110  5136  8192  3250  6716  9232  424  325  476  1989  10270  10701  21442  7914  28798  2347  2202  2790  2691  1173  339  1026  1706  3787  3269  1457  3649  450  1647  15937  6457  7068  4315  4648  4582  2026  35042  
309028  119666  430697  234536  17053  12212  821555  1.35381e+06  73027  438870  217631  15637  10049  28361  94024  328933  123591  724235  173769  1.09144e+06  168542  112468  250125  134915  274623  82129  390371  461126  117632  130106  19784  276299  40661  83479  0  3.86291e+06  598166  693229  476459  2.41346e+06  1.3799e+06  11790  4202  6112  13195  4046  12027  123619  153194  24832  65724  37824  3261  1619  4099  11965  16064  14970  53819  29545  107812  19375  21176  29715  25738  14492  5007  5184  8802  15673  14655  4242  14343  1364  5146  339773  39649  55801  40510  11669  76944  43170  3.87323e+06  
280618  57070  535913  410593  6690  3219  547178  494374  9280  56701  73959  6286  1991  7034  21818  110505  54393  149923  25293  303554  26562  11991  20886  15119  92970  13576  94153  95118  39477  31763  6422  75256  28493  56812  2.67947e+06  0  325325  271545  429618  421731  175901  2119  1145  4241  19004  602  1540  25669  41350  2693  11511  15107  867  445  1177  3529  6274  4974  14630  6382  28852  3205  3056  4593  2883  1286  529  834  1810  3212  2961  1065  3147  334  996  47766  11328  12760  8612  3129  6665  6386  544181  
443990  281103  482123  195730  74253  8467  850846  1.46877e+06  35547  527369  120640  15586  7949  22519  54250  457626  121156  449349  271787  444652  69910  53137  153653  67891  70634  26422  38295  89515  127035  183443  62135  201063  23103  128783  326161  1.67595e+06  0  1.90636e+06  261615  107651  125930  6304  4100  7757  12415  2496  6442  98983  153732  20032  141577  25732  3532  2040  3587  6061  28828  10204  29593  16533  50310  8153  8772  13316  10535  3623  1261  2428  6110  8832  8606  2420  8668  845  4044  70537  44285  50839  25798  17867  15985  9224  218494  
47370  39953  56104  29006  13456  1377  120741  323158  5630  236038  40486  3261  1980  6604  19242  166023  26293  196297  91992  283013  42063  11853  33111  10905  19145  11281  20946  25180  30379  34064  10179  30125  3312  5345  251947  348707  1.66381e+06  0  64979  48333  97135  2208  698  1138  2371  469  1091  14673  24367  2493  17711  10969  693  471  1269  1964  6247  3631  12018  6616  20129  3447  3505  4923  3052  1334  401  563  1419  3116  2789  848  2697  319  868  23096  7271  13798  13510  2793  8070  6426  615460  
43215  733  13135  53690  58  31  1862  2613  142  1526  794  2528  1461  1270  1727  2405  1064  7161  3966  10567  2374  4199  6702  7639  11127  3096  15891  59388  4301  3391  299  10721  198  860  157899  462653  176576  40905  0  38303  49880  2529  67  233  3457  20  28  374  511  68  359  277  605  417  333  528  309  378  1893  1197  3100  1131  2002  3375  2531  770  150  805  1947  783  882  120  865  48  629  13877  6445  13776  2850  12369  4162  3201  34719  
24364  10438  25701  41853  525  214  21759  25774  672  1915  1284  9792  8777  16172  88836  1588  5090  63553  50849  172651  55749  72646  91636  199174  641632  379040  1.05438e+06  227857  92556  50192  1185  37320  1194  8299  1.81567e+06  82382  128513  75346  58048  0  1.20965e+06  5898  1542  455  4084  261  387  3907  7224  864  3082  6382  1193  912  1313  5640  3129  4732  38293  25154  67670  16839  22740  37865  45295  31093  7795  5505  7407  16467  13265  2561  10013  1097  2370  141522  6461  24652  12715  6947  125940  8998  159355  
26900  2383  6700  19619  509  229  10836  15584  971  4322  1668  3410  2001  2287  6768  2704  4123  38636  29475  36370  15025  29881  84796  26264  61961  7186  905706  287223  9056  14676  1891  50526  797  15681  886303  73846  179643  392019  42895  983940  0  1425  195  114  1067  81  191  1767  2289  475  1230  845  529  329  354  982  689  1558  5304  2988  10372  1836  2048  2463  3300  953  340  465  718  1596  1556  620  1585  243  564  21094  2012  4908  3476  1944  5678  3862  302686  
9956  169  1797  40922  79  66  2764  12708  2958  1444  794  4925  2723  1685  2501  981  1186  3264  2389  7393  1354  2265  1347  1417  586  213  1899  17621  269  408  107  2848  149  510  7808  17423  2415  2434  3323  2347  1250  0  1.86268e+06  38282  777227  340508  130903  400720  36757  3038  9658  4074  9203  9863  5977  10177  11896  6320  23360  13623  29497  16495  29331  79847  69001  25404  3558  65454  236845  35460  59473  3546  440629  1355  1.39548e+06  255883  184007  445437  112332  33649  46424  50564  109782  
354  199  422  777  111  110  3974  15445  4456  1868  1144  382  536  391  895  1067  1063  3291  2317  6663  957  1887  1060  1091  414  230  352  547  265  376  114  848  148  390  7813  3362  2554  2606  978  1996  750  1.06212e+06  0  1191  2388  591631  110189  174876  23745  3849  12914  7157  660  466  377  15445  11662  6170  24525  15115  61139  22378  23815  56572  39858  18114  7705  11955  38422  23099  30426  3067  88425  854  63002  662167  369355  455239  146514  5632  54283  14090  182343  
131  659  13494  11385  12  8  15613  16956  43  126  126  93  48  43  115  121  98  278  140  611  112  79  123  117  145  43  82  102  123  180  22  81  15  29  4110  6052  1212  594  122  421  162  32916  588  0  105431  10  42  97426  63072  35  225  416  78  39  31  635  276  245  766  425  2652  570  348  533  516  518  307  635  890  462  259  48  214  19  127  16080  43115  4682  1871  814  2363  709  3323  
15680  1999  127878  1.4763e+06  73  39  55108  117289  266  1361  854  86070  16722  10916  10473  1091  629  1892  887  15144  3385  1188  899  1254  1311  516  2478  13554  826  915  123  2565  132  541  25618  195327  7114  3242  13029  4449  5712  807915  462  116262  0  147  221  5337  451909  246  929  1167  832842  33045  10569  14834  1149  765  3233  1768  18683  3254  3630  4262  6130  2486  852  11684  30729  3626  2653  199  6567  91  10260  23314  354098  24686  3342  39843  7382  11360  9802  
517  324  453  855  680  491  11575  47753  19656  4206  2159  459  1083  816  1756  2226  2450  6282  4273  12930  1512  1949  1448  1084  712  416  625  763  532  860  272  1477  274  729  14216  4474  4542  3189  1061  2860  1275  406929  738302  494  1607  0  1.30395e+06  848768  68633  30940  59425  11133  414  437  510  26947  41347  22974  49363  35354  119453  30705  24350  56806  32079  20336  13445  13568  51809  74389  104677  13354  239911  3139  596285  645920  259804  170083  71926  2895  44174  17783  129475  
414  392  488  659  1239  2609  22078  122712  76830  16336  2298  435  1691  2208  854  2986  2085  4493  5462  7902  803  948  1348  536  560  209  373  543  1081  1397  306  1184  172  639  17478  4990  6753  3304  561  1466  970  91922  111580  374  911  1.23461e+06  0  1.04544e+06  217204  838140  1.66007e+06  12541  316  428  635  8662  100522  73527  44033  35056  44759  9296  10396  36388  13729  12845  3919  3740  20220  85784  127164  44181  261171  6880  1.30875e+06  225088  267439  97202  45990  1142  20665  8724  79999  
2787  5859  10257  10544  20820  3301  429215  556231  138151  22891  7050  15208  5199  3178  5080  7594  8430  16191  17845  34329  4785  3909  7165  3346  3445  1323  2683  3696  4526  8225  2228  7831  864  3312  178745  94005  52614  27265  2845  11968  8061  168904  245987  148878  6984  1.26847e+06  1.68653e+06  0  1.44474e+06  1.19854e+06  325192  30789  2503  1542  1084  34989  61709  23396  72304  57543  182647  32555  24615  57208  30464  28173  15951  17045  28542  131855  112006  13465  50083  2178  59874  1.09071e+06  1.10768e+06  234544  129315  6141  84205  27326  305732  
6000  9122  61976  188503  19405  23105  462898  3.30056e+06  626536  376669  57031  134513  115350  93381  70120  28958  14791  33446  52131  222489  34450  10729  13461  10705  7787  3853  5681  8652  13310  17467  4062  12377  1492  5469  303867  219417  105810  60670  4747  21973  13030  14690  10496  65023  350924  23742  160726  1.80927e+06  0  1.63875e+06  553297  531462  957929  816784  719102  543926  24371  13143  62496  30913  746489  72314  53435  33178  65775  20858  48919  37601  38908  17582  30035  3601  64377  1560  86231  429398  668165  279965  187258  5876  68467  18723  316932  
383  452  440  569  1535  6075  20093  177023  136888  34736  1389  359  2169  2272  495  2320  2120  3973  8959  5578  691  392  1688  302  638  149  319  591  1865  2164  526  1222  143  595  18878  5082  9589  4071  392  1326  987  892  2576  164  369  57389  1.18006e+06  1.42355e+06  1.45089e+06  0  1.66882e+06  3317  148  480  237  1641  27286  19094  43349  137949  11621  1803  1921  34010  2116  20851  1020  912  3150  92711  77889  23172  11406  231  13019  57146  258613  39543  30195  349  9947  2417  42039  
1146  983  1146  2537  1253  6829  14096  272598  152633  396934  50714  820  1278  10945  1404  44264  5862  13229  16945  18132  1146  645  2575  590  1173  310  847  2267  3175  3569  839  2753  415  1173  39746  18183  25998  20599  1499  2707  2993  11025  13987  482  1433  59374  1.3791e+06  262709  778249  1.47401e+06  0  127745  675  763  4715  5139  2.13005e+06  230921  102050  113294  46271  5452  3415  20265  2840  13817  1855  1910  4838  88818  115883  45942  456454  76185  881441  131124  595214  157137  169357  1605  67977  11804  159198  
894  899  855  2213  1192  1043  6464  104640  29815  411998  170879  1727  3594  23534  1924  166749  31203  19002  5697  53156  1397  430  783  361  599  275  545  1397  1551  3260  1263  5302  985  1644  30888  19819  16208  18441  1094  1736  1352  1148  1345  183  1267  1650  2622  6335  541220  3106  151506  0  2641  11969  587353  16302  66832  12314  33180  2708  549330  1143  881  1297  890  819  689  1039  2146  2301  2352  1480  7493  968  2399  33321  32464  28738  23755  1076  7474  7107  48212  
8899  307  9304  371849  574  100  16101  139366  1544  4245  4280  814695  256393  131589  112429  4039  1881  5932  2218  152263  33726  7728  1371  6093  2192  2566  3550  13365  708  975  221  3337  204  793  19423  24955  8023  3608  12382  5197  6649  55511  760  2499  595481  288  644  13544  793282  870  1424  2865  0  521224  125291  247561  1528  1522  5556  2765  244967  26228  18524  5933  21820  3723  5504  11587  18881  4377  3888  359  4727  112  3101  18374  73731  28445  6421  177383  13034  31991  10820  
8452  297  1650  35493  791  459  9630  185277  10496  6148  5903  75225  448493  192208  138797  2848  2133  6234  2605  197623  43917  9459  1071  5679  1338  1629  2546  15117  542  885  259  3160  183  616  13010  8902  5453  2755  2843  3530  1807  37441  621  888  56660  602  3172  14012  933602  7226  3160  11734  477586  0  431932  369138  1590  1967  5580  2702  353961  36583  22337  3903  20731  5621  15852  18016  20002  3802  3370  500  4221  132  2606  18960  31046  20479  6989  100576  13048  13625  12274  
5786  562  1514  26927  731  698  9978  172529  23395  132327  92808  42502  93247  720420  254698  40856  9286  20348  6378  334175  53968  10702  1777  6312  1910  2119  2670  10498  1263  2026  686  5125  703  1528  36312  17923  12174  12968  2464  6751  2253  33113  913  740  33724  964  4175  13043  930732  8890  18354  806821  263260  470858  0  1.09005e+06  7205  6303  15178  5334  1.0425e+06  37863  21805  4052  15541  3224  5013  10028  13896  5002  4755  1089  6150  356  3289  35030  29723  25426  12482  81678  11706  12047  35713  
10227  830  2663  46227  569  297  6852  64893  2875  7244  21971  46190  52125  175417  470827  15999  16239  47895  18562  250363  25650  9242  4558  11552  3401  2650  4350  18984  2616  3864  1279  10430  1499  3134  27406  11913  14075  6845  4617  14178  4463  29262  2031  1350  25614  923  1698  17846  248809  2723  4158  11829  162375  240221  610224  0  5187  13052  46330  18146  1.61398e+06  187643  143498  10596  638516  49375  233096  168483  118878  20320  15665  4709  19420  2475  6237  51585  36268  45525  19943  63132  159122  23901  38169  
840  729  738  1752  908  724  6287  33687  10692  131446  34593  698  828  1965  1410  88856  25234  16258  4357  23461  1055  454  968  374  684  233  542  1179  1446  3156  1211  4790  855  1490  17918  8066  8722  7271  1119  1832  1646  9294  11609  523  2349  24824  44466  28905  59169  67766  1.87338e+06  110756  750  572  1377  6062  0  2.08962e+06  680351  143878  64633  5113  2992  14583  2784  12008  1772  1981  5676  66043  71500  36639  812624  271704  599026  183222  123192  254323  208890  2783  69175  15671  183434  
2275  1970  1746  2525  2160  1558  13708  36886  12170  53180  41017  1601  1933  2416  11474  110067  71456  124818  29370  153069  6618  1769  3846  1268  4296  1179  2324  3323  6063  8805  3278  19943  4586  7913  55406  16748  26816  13674  2738  9010  4547  15255  29012  960  3305  87920  219447  128871  75975  95589  500633  71122  1060  1196  2545  26277  2.05366e+06  0  787601  1.49606e+06  214972  11302  6678  31929  6895  27562  7375  6448  15867  217983  546655  646388  2.09987e+06  307387  495205  232152  250075  221753  82469  4559  39848  21041  160877  
3923  2845  3030  4059  1786  1148  11183  24009  6103  20603  21525  1182  1196  1271  8094  50750  65786  161857  99455  154894  19130  16642  67860  15321  16094  4502  5154  9893  10598  13870  3868  27618  4936  9695  84692  17958  43151  20609  8317  45756  11838  15651  9887  1286  6548  4582  4613  24338  52857  74797  152594  28128  1272  1062  1081  17449  771195  818885  0  2.44051e+06  788671  103647  51284  658810  46041  111200  14392  10327  25151  109600  78729  16033  76992  3241  15669  168165  27696  200521  95833  10500  87614  38864  122883  
7239  5005  5848  9046  1846  1014  25983  48527  8637  8230  5584  3125  3078  1950  14264  11063  46020  158922  188076  206777  30353  14278  102062  11744  22535  7157  9258  18718  16205  20424  4400  37846  6486  14737  149325  33218  83026  40799  25675  85363  23179  49051  30148  4659  20874  11379  23115  104162  65913  225725  102605  2912  3365  2736  1467  42623  21472  1.6849e+06  2.25799e+06  0  514864  76069  29483  1.59921e+06  38766  294469  23476  25203  71286  847241  1.61442e+06  1.18198e+06  335295  3464  35427  277213  62531  429554  115670  35232  139687  115157  137800  
13925  8207  9864  28280  5559  3735  34026  164767  23721  108618  182134  37073  44435  87685  194142  215514  182230  393099  244444  1.32044e+06  81663  45192  111076  58812  32172  12296  16833  32895  28561  38828  10695  75508  12941  26313  227071  53946  122638  57169  18024  149731  34312  30086  12829  2553  18297  4830  7489  41283  589666  10003  59652  803180  61627  93837  508410  2.13531e+06  58480  77735  992784  208810  0  2.09266e+06  1.02264e+06  136021  943291  96418  219610  111212  100065  172774  110179  24073  90947  7990  20172  301362  62078  181534  95458  28894  243288  53114  223527  
1367  862  1164  1753  206  75  2475  5595  225  453  449  2278  2735  1972  5656  517  3704  36822  39521  104798  105375  74622  53960  48896  9348  3960  2741  3730  3124  3696  600  5923  726  1878  30994  4357  13030  5382  2865  45836  4338  4285  2167  372  1764  248  238  4324  7043  353  1065  325  1130  1420  1512  83405  731  1869  209175  44425  986523  0  498738  95595  253243  29141  40093  18513  17427  34850  18815  1816  13715  746  2310  57020  4678  21280  10878  3071  48369  11310  19617  
568  318  495  1040  68  37  1382  2577  127  210  448  729  759  759  3394  298  1254  16165  11808  52169  27013  46435  33949  44509  6479  2744  2110  1629  1121  1261  205  2136  244  686  25564  2131  5185  2273  1766  46056  1681  4042  2293  369  1489  181  138  4516  5654  143  404  163  724  1012  1230  153188  276  639  76946  7213  573598  414849  0  112616  603205  39843  98633  29147  26403  20590  17574  639  10596  294  1662  59498  3258  14744  3852  2547  93571  10092  12906  
4625  3043  4217  6343  652  287  14797  22710  1752  1790  856  1840  1670  904  3860  1499  9010  88343  185566  117108  27904  40685  251291  46626  43262  12082  6920  13539  12050  12411  1601  17584  2321  5606  166006  20008  46664  21446  17198  84461  15591  26941  15805  2516  11235  3042  3284  41418  36663  23753  7278  1047  2014  1678  863  20069  1815  14899  656645  1.39188e+06  396591  121831  460105  0  372176  984892  26668  18603  50759  1.18889e+06  1.01888e+06  62028  116704  368  16601  360240  23120  197838  46260  20726  92486  94466  95356  
843  398  646  2321  76  28  2557  4681  205  346  767  806  734  753  2861  424  1290  11908  8683  34135  11806  91040  26155  138208  6831  2658  2217  2185  1044  1376  208  2169  209  600  47857  3636  6524  3071  3563  46689  1927  16456  9493  1386  5165  421  311  15797  15668  304  685  302  1207  1438  1458  853538  509  1219  79937  9450  724883  307736  554868  436592  0  1.72107e+06  1.17306e+06  231226  194696  118935  97814  1049  40464  518  4309  105640  8593  27339  5758  6786  293245  28389  26345  
684  358  583  1758  141  60  2797  5758  585  661  917  465  483  325  1262  1121  2601  9716  11467  16170  3934  9002  17520  11488  4314  1138  1234  1776  1139  1366  241  2504  430  965  48480  3837  6908  3815  3844  23556  1817  13790  8177  1329  4679  765  882  16193  17387  12375  2960  457  805  790  475  61235  947  6035  97332  199901  62892  49661  88047  1.13064e+06  1.71673e+06  0  1.68447e+06  1.09041e+06  229641  3.08312e+06  121324  2408  36740  324  4706  145501  13593  43622  11454  8822  410817  23957  33323  
121  54  91  444  24  9  394  2015  113  152  402  136  135  139  471  262  499  1856  1666  3842  885  2658  2256  2859  647  258  250  286  144  206  60  442  68  155  6338  501  915  518  309  3581  296  1106  514  106  525  94  116  1528  9577  372  333  88  467  611  438  139263  220  705  17257  6108  53865  35216  52580  44560  471334  1.41279e+06  0  1.04102e+06  251079  55066  13039  545  4699  329  746  15178  1446  4089  2026  681  170783  5771  13626  
550  49  177  2069  34  17  575  4065  285  405  1079  415  382  303  756  633  622  1958  1115  3980  576  1491  1648  1246  532  211  315  1087  105  194  55  529  50  160  7170  1564  1061  818  903  2805  360  20236  782  161  3344  308  301  2305  18642  351  457  196  1358  1362  801  110139  341  755  9493  5979  36521  14433  19374  19455  72582  867712  1.28263e+06  0  400757  6660  5290  505  5902  315  5990  66342  7918  25040  11194  5847  463455  294623  27182  
3102  95  593  11428  65  33  1468  4030  308  647  592  1329  1040  616  1253  505  1165  3463  2381  6016  1165  2939  1382  1279  626  231  925  6504  203  392  122  1550  139  401  6093  7940  2986  2492  5098  2622  973  95079  13276  665  24010  5628  2308  11631  12785  967  1131  388  3912  2961  1530  28658  929  2015  20452  19656  20388  16828  36401  64369  50320  80790  58843  240320  0  229780  270069  1062  319873  385  66440  135942  35839  94352  30170  31465  208773  374432  37154  
2953  2072  2238  3130  1019  827  7868  21183  7172  4548  4384  1000  1096  1042  9317  6648  24391  69980  63771  114309  14049  10167  18893  5593  6470  2903  4450  6924  5977  8444  2169  18117  3626  8407  60012  12363  36761  16548  7187  33461  9033  13725  11778  1055  4674  50402  104034  142532  24263  88988  80496  2604  929  839  815  30701  4073  65400  167679  501412  195719  69418  101149  1.38464e+06  149600  3.40408e+06  47082  28552  431972  0  4.31363e+06  227049  73504  744  12851  189739  59403  67996  23858  10571  235589  35901  68313  
2750  2024  2130  3075  1306  1398  11620  34973  14074  8348  10781  1329  1567  1742  13050  15831  33283  101924  57982  140840  13511  14199  20201  5791  6918  2518  3878  6105  5933  8110  2392  17865  3353  7998  66351  13770  35214  16460  6467  27300  7548  15707  25094  1341  5083  137867  396819  328379  50309  153594  289884  5808  1177  1203  1473  37055  13164  494032  176556  806815  207212  76976  148914  921714  181565  126983  21284  15701  278064  4.11551e+06  0  3.25816e+06  3.76097e+06  1374  30740  237126  124007  91187  31147  10904  135502  37044  83336  
861  682  507  732  525  470  3182  10582  4335  3051  4646  359  478  642  5881  6908  16065  47556  16867  60442  3978  1183  1807  780  1662  607  1221  1536  1615  2648  975  7085  1262  3298  20403  4456  11835  5405  1141  5708  2083  2840  6984  333  1107  49200  136874  110046  12856  61094  137906  2309  298  367  542  14117  8256  577517  49618  957126  69374  13853  7563  50149  5599  8992  6386  4719  7373  211399  2.32253e+06  0  645100  947  9010  66257  48329  21918  9559  2325  18398  6888  24839  
2747  1655  1863  5968  1556  1019  22359  59930  11354  15391  22357  3553  4738  3041  14371  38754  35469  95281  25571  142899  9229  11282  6510  4655  3993  1821  2835  4776  3691  5783  2039  13489  2798  6018  57159  19351  26249  13907  5831  13207  4395  247878  99975  2477  16376  146874  372600  192851  180827  27645  514321  35537  2770  2751  2712  60906  575216  1.7846e+06  279975  240891  338119  101931  127082  370565  129336  68481  21722  24175  384778  161248  3.95562e+06  1.9795e+06  0  627630  1.06856e+06  250155  192181  201944  60876  16685  92392  88296  125401  
132  114  128  216  122  95  1291  3036  659  1690  4038  206  243  199  792  7491  4543  6072  1536  11272  428  167  275  185  281  145  176  209  357  509  222  1050  238  440  3428  1206  1525  803  193  674  226  3457  3622  114  373  9052  12477  4870  9456  793  70855  6576  118  155  250  4746  253913  280636  15419  6598  51776  5022  1464  1651  1768  2305  1786  1311  2703  6847  7616  10009  483293  0  391728  9476  14449  25645  4923  574  2372  4867  6519  
699  335  563  3445  394  332  4281  24730  8860  5594  7124  737  1017  1143  2530  12319  8782  16439  5338  28174  1756  1855  1659  1166  941  421  678  1284  899  1283  428  2769  602  1165  11696  5513  5340  2964  1721  3219  964  1.20393e+06  175179  4527  12448  764157  1.56596e+06  87074  94138  20642  1.43121e+06  16997  1015  817  895  14548  1.36469e+06  862149  94983  62131  129261  27514  23048  62365  33015  30494  6802  17763  132617  114244  115949  62201  1.85009e+06  803287  0  81532  64346  121745  34855  7015  38290  111235  37070  
18008  7435  21685  36585  3728  1527  135225  315643  37990  44031  29638  14708  19216  12193  24033  26814  22499  64659  39160  149244  20497  32218  27952  17105  11890  6112  14155  18362  5482  8635  2528  19297  3369  7703  555663  174487  71495  76742  44383  57933  55357  203763  203447  35430  67721  45574  51891  699706  1.10665e+06  37101  330181  251908  10724  10540  11891  285800  245127  134792  580664  245728  1.39316e+06  332222  342394  476488  253943  280527  133555  359398  637013  362930  248263  23719  183673  8893  37431  0  2.28726e+06  896758  877614  281811  2.43837e+06  1.17834e+06  3.77887e+06  
2444  933  6682  42449  543  259  21027  36661  3176  16610  24066  2175  1656  2459  8101  24112  9705  21078  8653  45084  3243  1862  2075  1498  1618  1128  1857  3193  1158  1898  629  4379  861  1853  37386  43340  10571  6782  4718  6338  3560  242331  125395  81733  180437  13170  18515  656200  283089  9204  89752  126833  4067  3652  4631  62178  83524  84128  109729  52534  351413  31404  17593  22532  24474  37833  27300  45942  75581  50270  37147  17319  59175  8012  42367  1.34404e+06  0  247604  235559  372525  216276  51646  298121  
3825  2304  4324  19573  1523  683  78879  181976  18761  66821  30711  13406  15374  9178  12523  28750  12073  25200  11093  53713  5344  6408  7517  6634  4091  1749  2586  7635  2148  3673  959  6023  877  2018  71136  56159  44704  36207  41981  14501  6392  328370  274236  47489  118054  20880  12156  492464  713259  33528  448419  192390  18873  14323  8309  107777  399451  59881  334289  171242  468928  72553  47127  97418  42515  47523  21352  21763  36093  86815  49575  11733  39923  3285  16209  283341  372134  0  1.76665e+06  186635  102356  77070  271988  
676  557  880  2536  408  245  15027  42341  5419  15894  8503  2135  3289  1651  3052  8303  3098  7761  3440  15389  1514  1170  1831  1181  934  536  814  827  578  977  271  1720  250  660  24880  12134  9495  17418  5399  4431  2761  12417  24907  6691  4311  4417  4728  82388  250755  18441  257243  80972  1229  1406  1415  28352  179760  18793  106241  43152  163327  20373  8554  12271  8636  12182  6650  6591  7394  19453  10284  2760  7364  486  4246  245413  203170  1.57513e+06  0  10330  391386  40853  852994  
3605  53  823  13866  30  12  781  2742  80  413  297  5090  6839  3986  7009  384  632  1962  1197  7834  1378  1080  903  1012  540  172  1237  8995  159  209  64  1569  65  229  3940  13175  3878  1241  19455  1771  1108  80563  2010  2604  26256  157  128  4589  3751  265  859  870  64533  41520  26252  21898  1549  1013  8720  5596  24456  7270  9941  16815  20875  9532  1901  14490  55539  15950  11463  431  10838  109  27576  93327  334556  145370  23270  0  27479  46725  7317  
1766  478  1022  7773  196  100  2815  9518  719  2612  8803  1368  1155  1969  5129  3937  3961  13949  7242  24638  4160  7966  17318  12277  5669  2244  3185  3962  910  1243  317  3211  439  1263  91611  8351  9057  9602  7518  42650  4672  30245  5907  1430  11296  533  663  14899  34678  1445  15001  5366  4751  4189  4028  211743  8078  2372  39070  12505  81277  53141  71712  72454  160300  309526  333138  805560  447041  231084  80370  1130  33102  444  3792  1.69649e+06  79198  67363  91013  43927  0  1.47682e+06  211684  
963  129  666  5309  43  17  1431  3065  196  1539  960  868  740  565  1192  825  960  3306  1975  5700  1828  6394  1637  1427  619  310  555  1804  222  366  86  993  112  322  12833  6170  3166  4622  4246  4473  1920  28595  1952  544  7222  480  326  5518  5965  460  1630  666  3822  2314  1541  16810  996  1773  31239  29492  22238  25260  70620  136294  23720  11147  9125  282161  264441  12463  16187  1238  46452  232  8105  722577  43449  93505  39438  51148  1.50052e+06  0  153356  
85408  38493  109097  126724  7251  4030  194951  557755  30983  505001  181057  5831  5845  19770  29989  355397  65986  400927  83145  533153  58037  30633  72747  27824  57839  26183  119782  113262  20396  26565  7990  67029  10842  21352  2.96552e+06  998436  455215  2.40421e+06  97911  175381  501760  45273  31492  7027  18245  13204  19168  150131  513796  34445  544024  300891  2154  2377  6978  54590  385172  72557  362653  127533  533635  78561  89476  148594  50371  73753  33629  44997  64661  47738  38641  8947  38673  2600  18172  2.7705e+06  452074  1.10545e+06  3.03819e+06  15433  647263  416080  0  
