0  1.44647e+06  76021  746053  425727  9485  584538  78748  2155  18811  3544  78418  3286  4750  6145  14743  12187  23455  19924  24851  9243  22157  42420  147068  64882  4341  80797  325726  51577  174171  13224  423439  2047  1.16729e+06  76513  277152  620735  48177  46989  50549  76806  46290  1301  4107  39688  925  259  6984  14117  2495  4406  1615  23983  4019  2180  3685  3144  2970  10594  2514  12532  2797  2874  3509  13598  1985  899  1369  9868  3634  6133  235  4554  113  21322  10653  33953  4496  2549  31674  4234  3142  56993  
933500  0  6504  4995  671258  7148  316366  63665  2115  11115  6764  2158  523  1818  3559  11388  7007  31043  19196  35683  10356  24573  46151  149286  65500  4533  13477  47385  32020  58739  4330  58870  1429  42039  428517  571590  567437  46392  22780  82898  45092  6931  6843  6742  5993  3244  168  29842  26258  2032  4431  1449  2381  277  242  907  2371  1944  7614  1808  8539  2574  2797  3687  14074  1535  509  618  1479  1590  1299  170  1217  79  1101  26833  18565  9838  6803  2301  4311  3961  183944  
34783  2012  0  214341  1247  102  278485  94490  387  2346  867  819  196  513  344  1174  428  2516  1202  2859  951  2135  2908  14650  8770  565  3428  16459  5387  9788  382  5786  94  1129  20729  163273  130840  6175  30624  7006  7416  17137  1091  16382  15601  308  50  11778  11542  396  1156  274  1659  97  74  162  273  247  959  252  915  281  371  488  1681  313  79  135  705  377  532  20  354  11  1141  2835  38510  2385  831  1940  654  733  10489  
895954  2753  135286  0  515  94  14294  559745  391  2616  869  1.69159e+06  2414  2895  3505  1117  436  2605  1111  5879  1193  1532  2561  6792  4755  567  31308  74376  3223  8741  274  34893  117  8986  24048  181138  59570  7021  77362  10336  15133  324382  1960  179964  1.2061e+06  624  297  45353  109648  579  1700  393  222434  8580  3888  6266  654  717  2101  984  7449  1376  1122  3306  7376  2862  1057  2415  21236  4677  12214  329  8011  31  50394  11421  347027  15427  3979  56054  3310  4680  14012  
340236  767460  3360  2201  0  878667  989692  142569  26949  38727  6527  528  2194  1845  4743  30380  74201  39369  69646  40755  6455  10545  35882  38283  15716  3289  6425  12337  21669  68117  27269  97107  6115  371826  608978  398883  328217  68969  7940  49574  27287  1131  2789  1178  739  9405  2286  44278  41107  8438  5289  1453  814  390  282  891  4089  3141  7487  1906  8643  1712  1129  3781  5229  1158  424  631  1654  1478  1395  287  2119  149  1101  43203  7928  11580  10308  1057  5078  5266  332757  
88567  74112  1918  1339  985316  0  543774  255219  614648  1.60669e+06  5391  272  6452  3710  8700  68955  98847  29851  82558  24198  2461  2786  13607  9024  7000  4076  2271  4259  25054  73558  34704  170754  17915  856784  247313  83739  192596  56172  2054  12173  6430  729  741  688  484  3044  7536  40007  141557  97596  47679  1712  370  546  460  775  4954  3498  7608  3513  7420  909  572  3186  2112  908  255  389  1249  1462  1854  285  3841  171  3477  38037  13368  14836  8884  443  5064  2640  219883  
410876  425381  227082  12763  1.34064e+06  626477  0  1.51884e+06  787543  90798  13609  3940  5170  4048  7311  24796  17526  80882  140155  72543  12861  24821  70999  138077  74501  6467  18230  70156  72509  102417  9289  55802  3138  38739  788290  817595  709134  68889  30531  91628  58265  19571  24011  23249  15854  30219  19266  270415  278523  106224  23854  3199  6925  1115  814  2161  6153  5119  16870  5429  19089  3888  3865  11900  17335  3584  938  1297  4744  4128  5292  750  9666  312  8441  127401  65564  50014  31377  3853  14275  9356  411353  
28772  37104  111475  699072  81044  63560  1.75162e+06  0  1.76199e+06  315594  507543  685740  1.65057e+06  775505  273318  46561  20339  124789  49822  506707  33928  22806  64540  82437  57386  30497  22662  35359  36014  72343  11154  62669  5634  76325  1.01322e+06  1.12985e+06  698212  167172  54537  103006  51260  150720  43677  148528  167288  69685  51505  558282  2.93134e+06  602464  495383  68781  214388  375412  32611  101890  32778  13414  55513  26371  138925  15868  7385  30069  36595  18002  31610  22979  18741  12532  17465  2093  27638  839  34391  340024  425245  175650  107865  19633  51431  24416  692777  
1700  1702  658  591  71490  743751  807609  1.54359e+06  0  1.39738e+06  3513  144  1909  761  1198  8666  3191  93914  177365  9835  744  798  56897  2252  20502  871  842  1942  56877  25268  1424  6871  526  6770  101776  39310  41420  20332  1284  7617  3447  1033  851  617  534  1896  11280  22886  232132  267663  167015  4870  231  211  443  483  5319  2858  11286  7935  6178  572  445  3217  1363  1083  210  434  1080  2791  3155  309  4181  126  5225  35286  31611  17286  9102  547  6495  2377  102458  
31264  23790  5017  7011  68018  1.39065e+06  194053  792004  1.50085e+06  0  124518  1517  2289  11183  4509  2.20912e+06  146515  293585  141807  45995  3642  3104  28578  9334  12333  2655  4857  14036  30839  56524  21145  289179  56677  550685  480321  312019  501536  400127  7849  30456  20347  5378  1641  1912  4608  2519  3176  17457  140838  79062  225313  34223  1861  1046  2703  1028  40260  9050  19501  7883  11093  1347  728  3020  2539  1477  438  981  2529  2417  2371  412  3956  299  3767  26319  50749  16099  14332  3901  10866  8169  620689  
5694  1382  2173  5154  2260  1216  14489  764473  3529  179666  0  3269  131304  1.21939e+06  7909  93960  15621  74925  6254  920888  5085  1713  5228  4537  3538  1404  2725  7869  4161  7238  1940  21267  3682  8130  58090  23194  62598  32695  5049  15347  12986  5639  1003  1751  4703  1478  1749  9492  139663  20575  368807  430091  3839  9907  31669  4989  208574  59969  60846  11525  94970  3179  1313  4662  3223  4225  2347  2752  3833  6248  4605  1497  13552  1804  4959  24551  90160  15675  10860  4276  15955  8859  70388  
193850  3770  11896  1.0178e+06  1451  166  21737  713191  708  2488  2206  0  404845  216723  211751  1359  769  8978  2007  185402  18517  4694  3315  7109  9497  8754  36163  74792  2670  4692  244  39265  205  13514  29421  57430  35138  8488  16633  14653  17227  164999  3943  82980  301342  4607  756  42270  112575  1126  2290  3172  775460  126378  39897  78096  1709  1270  8086  1621  94290  13414  3223  4176  13351  4559  10034  8273  11715  3483  6768  254  5106  76  24729  28511  181268  27233  16158  30490  9365  4642  28012  
8393  879  1757  13014  1736  1402  14384  1.134e+06  15790  5268  17893  370252  0  664789  398735  2080  1638  19939  3830  402851  31574  6465  3873  7992  22495  28927  12260  6175  3588  3316  417  5018  302  2408  48663  20174  29069  8753  3805  21674  5633  13099  1610  3503  17767  5976  6017  46143  343520  28985  12627  19061  199073  732617  139800  148642  4595  2748  14636  3218  165568  20117  4420  5602  21723  11893  36770  24428  7638  3270  3434  360  5425  169  6124  48456  15478  30779  17723  6359  18070  5604  57206  
14797  1276  2353  15709  1391  1091  11115  716574  7253  23484  1.18525e+06  241893  732985  0  932721  9274  9844  60257  8511  1.2092e+06  59615  9058  6761  10806  24256  28534  16551  9433  6078  7520  1353  13140  1419  6006  43806  14592  57928  16403  5971  35103  7857  19990  969  3463  24236  1438  2285  14246  294357  26408  188905  191452  113586  206543  849923  94947  62945  20289  45770  9619  319070  25641  4847  6217  11198  8217  15550  11958  5675  7164  5248  861  7940  723  5988  31034  39254  17284  9988  7219  19474  6062  49493  
15357  1268  1557  13634  789  489  7221  121411  1598  2972  9751  168680  192898  572255  0  4509  4782  87036  14291  1.86956e+06  135138  99047  14856  564196  189894  304823  129423  10390  14274  8714  1633  10984  916  4973  74415  9093  36055  12591  6810  225564  9815  12946  1016  3439  16998  921  2097  14143  76526  15056  8883  27752  82768  70179  310287  527603  16849  9527  71098  10392  544172  59391  16035  10265  28436  9965  11810  8940  5462  10344  7376  829  5901  443  4016  39296  10745  13853  7172  6045  32027  6939  39611  
35128  29013  4249  3997  60157  125302  84648  104198  86264  2.47184e+06  132951  896  1772  4179  3592  0  2.01355e+06  814769  184386  68255  2562  2304  17110  8427  10555  2070  3326  13155  40879  48390  16675  505687  309705  702906  447440  130746  568961  538183  5839  22932  12053  2143  1097  814  1659  1401  1322  8827  25150  13030  33032  23967  881  469  1205  912  78672  43963  33096  7600  18235  1440  881  3578  2357  2218  526  637  1483  3587  2945  1300  10832  1542  2691  16725  7388  10316  10759  1748  10586  6918  662677  
63508  67754  5897  5692  229258  216644  101996  142977  46446  361766  106601  1476  4403  15418  22062  2.32326e+06  0  684070  1.9943e+06  307574  9813  4292  24041  13126  25648  10354  9821  27298  137379  323809  446009  2.01607e+06  791121  614180  253525  79245  567079  136785  17267  101165  27567  4759  2070  1597  2988  3185  3883  16969  36260  27354  56006  66410  1762  1466  6809  5685  385944  266930  202823  43804  131767  7658  3493  16010  8092  11328  3058  3077  5327  19997  16572  8740  67447  10627  11284  47459  11158  27655  15455  4857  27359  12331  246315  
19052  13725  6728  4732  17913  20649  96772  120114  255925  211850  123582  1404  2566  3263  17795  625139  346988  0  3.08214e+06  964539  175560  65900  651316  49675  125964  31346  15002  35307  137658  107968  7366  118256  13840  71481  242133  58269  324073  198035  40203  282118  55561  6477  3388  2830  2426  2165  1729  16694  26805  19232  24740  10959  1548  917  2179  9375  52441  78275  237909  58982  145171  30931  17579  37351  28232  21049  6416  5723  9651  45705  27189  3625  21963  1827  4266  110867  12888  42310  18841  9783  52390  24464  304335  
24924  24572  8017  5151  207110  78526  263130  101813  297445  87991  24320  1868  3161  4736  28004  108257  1.98069e+06  2.75437e+06  0  290421  16745  8465  891836  23667  215393  35276  22386  54186  711038  1.6134e+06  829445  258906  12334  112676  273582  73068  350005  171663  55927  415042  88476  5285  2949  2265  2237  2367  2593  18902  41213  29740  21829  16158  1713  1103  3734  9734  73312  90440  228375  49985  160935  12297  8810  23034  19849  16472  5710  5310  8393  37512  25813  4332  23669  2125  4480  74178  11590  44820  20990  10284  38915  24788  265486  
24603  14080  10989  14049  6023  2504  59367  463041  8085  26647  764301  145682  363463  857068  2.61955e+06  69779  57119  1.31928e+06  192340  0  2.28931e+06  692286  122305  812350  202493  172422  109921  49534  146342  127896  15489  105911  9500  40370  330929  76957  318069  126498  67796  624232  74798  26539  10024  10508  18318  5839  5940  57980  180992  44225  69396  144844  96950  137677  418435  364021  129196  149214  703468  156099  2.65277e+06  312477  91958  146889  129795  81091  36350  28378  31056  128482  77460  8926  55223  3689  13451  323215  41929  116574  51005  24940  186255  64781  317376  
2556  2132  1357  787  350  68  7205  9495  255  975  881  1008  2004  2215  50344  667  658  207687  10676  963988  0  385625  113661  170522  32731  23390  14314  5194  11515  6429  275  12413  584  6457  43459  8611  36724  13985  6450  63482  9091  1964  961  1030  657  445  116  3991  4617  871  993  510  1441  1264  1955  14288  1310  1833  114684  13964  111467  227987  56980  33734  65278  16950  5840  3481  3152  6791  3649  285  3399  200  850  78672  2755  9883  3764  1965  45573  6492  34339  
3244  3162  1712  843  363  44  9225  7172  113  564  392  563  684  838  32135  368  263  65971  2938  185274  406696  0  165006  666951  37108  13253  9265  7388  8622  7947  255  14055  285  4974  34730  7830  44290  13744  6753  63814  11394  1262  650  653  474  282  63  2675  2678  391  442  227  830  530  766  9030  548  925  39679  3903  43707  130831  68117  26048  149631  10815  4108  2307  2018  3649  2142  161  1885  81  467  35956  1555  6778  1957  1509  32735  3670  20192  
27499  24038  7416  4728  6023  1873  86706  73187  55499  7078  3627  1763  1609  1508  11143  5331  3708  904903  1.01798e+06  82033  118665  177254  0  563921  963503  51900  21303  55298  1.10912e+06  456664  5467  262287  3601  108701  205547  47970  413486  162815  35480  113081  113882  2946  1953  1319  1700  1427  637  11279  16429  6175  4779  1494  1369  445  447  2885  4615  5033  74623  13987  40501  23900  14064  27603  28658  12624  3412  2287  3085  7364  4500  411  4116  276  1638  73013  6325  20133  8216  5125  33149  8804  208875  
18107  18246  9448  3996  1485  97  51410  30046  367  1156  775  2098  2052  3268  476937  740  625  50112  14079  578026  299647  892645  538634  0  1.59267e+06  568464  81259  40827  62076  40061  839  62319  354  16006  156678  28325  187916  37685  23454  436748  41341  3212  1790  1692  1455  728  232  8010  8126  1424  1380  1011  2068  1148  1321  17459  2048  2038  42288  6353  63140  47384  79409  56427  334331  26287  12280  6239  5111  7873  4623  236  3725  167  1254  96406  4218  18461  5794  4530  116595  9486  51035  
12582  10335  7183  5008  1465  565  39818  38952  9678  2758  3111  5037  4959  7725  128182  4321  1670  100534  86418  101034  47004  64681  996329  1.82196e+06  0  1.77438e+06  943176  161630  3.12888e+06  70153  1253  43578  956  12011  337950  48233  152420  84402  37296  1.29144e+06  298585  3066  1061  1231  2013  561  925  8079  18686  9026  4067  2885  2782  1796  997  6349  7954  7230  36884  7160  32498  13450  15661  14751  53528  17510  7667  4422  4452  7995  5451  473  3867  258  1571  80957  4835  16025  8350  5333  76159  10913  72558  
2538  1626  2021  1107  250  160  7169  19103  499  523  431  3305  4074  6240  137353  478  387  23468  11608  42681  13204  19576  59547  449013  1.82072e+06  0  368649  18525  96093  18365  323  9986  238  1743  39169  8268  31362  12937  10846  552933  19848  742  210  306  468  187  700  3787  12065  6142  1832  939  1542  1338  461  4458  2118  1590  9813  1929  10988  3518  4747  3910  14923  4417  1808  1043  1408  3014  2184  113  1192  56  528  18624  1409  5846  3857  1756  17217  4868  26768  
49931  1522  4169  8577  320  147  8392  16041  419  1868  1354  5693  2514  4334  87758  1535  927  28078  6552  47334  11578  15407  23595  39422  1.14415e+06  605613  0  288015  28655  9680  495  12207  375  3285  211160  26813  65324  80900  13856  993154  529048  8182  383  842  4053  198  434  3159  10095  4804  3182  2271  2891  1175  708  2544  5494  3984  13503  2278  11960  3201  5516  5618  22132  9481  5190  3242  4176  3525  2909  227  2315  130  4652  61575  7427  4045  2144  7913  53762  3931  106622  
265542  14760  35572  46089  3464  357  73725  42334  993  6269  3185  16803  2049  2220  4907  4568  4596  29463  19335  28629  10294  24477  70945  76231  236492  9737  787986  0  296450  428463  7658  520990  805  48809  286577  114228  439446  313506  88235  228201  951000  30009  811  2015  14342  590  236  4772  7528  1569  2540  1145  8173  2033  1348  2023  2911  3064  9976  2280  9918  2511  3035  5197  13199  4506  1087  1357  10776  6636  8249  267  4552  94  18241  17484  29183  10538  11840  36921  8839  11065  103856  
21039  15267  10196  5296  24042  7100  123707  53932  80114  6470  8204  2236  1948  2402  37884  17363  19861  126302  392599  153759  38058  41931  1.40205e+06  189866  3.40022e+06  130300  100602  641444  0  3.78163e+06  22958  119830  1672  35979  247551  63526  270820  184760  61245  644852  178136  3894  2002  1618  1933  1347  1367  12745  24306  16469  8438  4755  1603  743  1275  6130  17858  20176  89339  21793  79019  13091  9576  20769  27969  13123  3808  3166  6374  21177  13716  1110  8742  714  2416  54721  8920  31487  21587  10483  28154  21634  158137  
76892  45982  22611  9138  173427  21367  196480  138307  34302  12575  15306  2216  3342  4090  27061  24581  399090  141944  1.03753e+06  176535  29780  66736  572439  256338  229489  32912  31381  652457  3.04552e+06  0  1.36689e+06  3.24812e+06  4826  146967  231265  83565  496481  215015  57111  388786  120497  4593  2840  2143  2411  2369  2134  19235  37632  23883  15296  13003  1872  920  2637  7431  56570  53398  129449  27337  110526  11143  10011  19021  36957  11940  4156  3677  6646  24606  16800  2352  16070  1704  3809  49154  10237  35981  22092  10059  28119  20740  218211  
10411  9388  2788  1242  92875  8950  39068  38858  2745  5358  7712  326  976  1481  7431  12672  708578  46000  649178  61114  7424  4416  42354  11817  18076  5637  3940  17584  149737  1.89013e+06  0  1.11849e+06  3623  29752  47987  15754  88586  43513  5846  40912  11382  852  600  364  462  791  570  5154  7151  3635  5226  6213  320  222  1040  1634  31584  29441  43947  8596  30376  2355  1191  3146  3192  2326  854  792  1125  4792  3821  1227  6921  892  1171  11334  1824  6140  3463  1255  6246  2915  46603  
668234  143637  30397  25227  137623  109788  152622  183979  8108  200399  80391  8657  5208  13995  34557  404722  1.68101e+06  413072  310634  403681  84436  112149  572948  334956  190021  41307  28930  515755  144424  3.44059e+06  821360  0  1.00031e+06  2.07191e+06  358922  130188  1.21769e+06  214056  56390  184936  184801  13496  3124  2411  7311  3196  2104  20701  32638  13003  25976  33783  4976  1913  4974  6071  161250  117361  128198  26747  107613  17344  11239  23499  44233  11741  3276  3088  8030  18120  15030  4492  32741  4530  11156  48744  18302  30967  19985  17317  25996  17866  276426  
10389  7411  744  618  12663  12827  7271  21113  624  38574  11502  144  518  1102  1197  200662  356641  31485  7606  25687  651  310  1655  1198  1302  501  433  2507  2021  5763  3147  507384  0  321240  16944  5750  121577  18388  593  1347  1304  276  183  110  206  255  152  1637  2952  965  1966  2609  155  98  280  160  9150  4819  3453  611  3605  210  102  325  278  212  63  77  140  351  323  140  1365  256  368  1850  650  1029  736  203  795  438  23307  
1.45314e+06  500517  14989  7371  1.0051e+06  1.33187e+06  138496  297742  17278  1.13145e+06  25289  2074  4684  4502  9123  1.52166e+06  1.02235e+06  155522  129269  103884  13679  12407  62585  39433  20128  6073  7563  71252  48475  189793  62543  1.71606e+06  1.10438e+06  0  91375  52900  1.42876e+06  56317  4672  20919  14327  2585  1943  1097  1809  3050  1680  19561  36242  10882  8858  7215  1394  623  1039  1257  28494  18193  18087  3845  17026  2754  1294  3413  4944  1467  525  510  1217  2350  1995  649  5666  776  2317  17298  5892  7764  5052  2042  4354  2382  81620  
44509  70789  88858  66614  28069  16551  413418  1.67206e+06  82285  691663  313941  16592  37635  70623  163650  475415  86047  738059  242567  927037  120034  126915  401724  302966  391530  99704  261941  280979  230983  226081  16581  330944  38304  91486  0  3.46691e+06  575384  599252  520325  2.43948e+06  1.17855e+06  20455  14476  12568  15603  17196  7167  109091  296062  71877  135800  52801  10432  5775  6265  15186  37652  20963  77230  19891  120741  28393  23870  45391  83939  27628  12776  11824  23223  21336  16990  2169  17299  1030  11359  556880  70714  102896  82474  25133  128726  80651  6.01969e+06  
25502  89796  144020  67438  10252  2413  459784  567668  7929  99775  89537  15259  2579  12399  14877  116624  28377  144832  31087  232349  14847  13712  41301  35243  52004  10073  40999  43554  32821  28963  2532  73988  16430  31187  2.48095e+06  0  338755  372417  722308  297401  179998  13256  14290  15216  13320  7353  722  66017  87411  4857  21429  11885  6185  1633  901  2618  6518  3510  13225  3502  27385  3812  2644  7481  9860  3222  1165  1522  3843  3485  3018  442  2925  166  2483  102760  37217  33878  27375  6453  12195  13742  959466  
145886  170124  333884  134650  36173  22002  849813  1.30776e+06  101304  563063  157278  27378  19501  86360  38187  317776  73444  377064  164294  263083  38608  38780  151006  132558  85692  23371  30029  117632  82758  139444  16082  209497  22274  191707  261786  1.84682e+06  0  1.46072e+06  281290  74256  136084  20441  12222  13626  19127  11712  4386  81452  282920  86855  178272  48330  13224  3872  5006  4583  32467  13351  32506  10113  36839  8114  6116  14951  26364  6260  1639  1760  6330  6170  6608  804  8947  598  11717  70741  59260  64706  30403  22046  14899  9880  213897  
8538  12420  28338  16793  6307  7397  84245  381557  14041  234122  53373  5417  6192  13479  10813  173471  22330  188323  94904  119983  14591  8813  47758  18389  27019  6708  13687  31974  39884  43727  4924  33512  5322  10397  194246  419530  1.71697e+06  0  112570  44618  157209  4270  1163  1826  3925  1790  808  12121  36230  6759  26620  11819  3246  1162  1346  1550  11908  5201  10851  3256  14194  3030  2310  6305  8250  4475  740  654  3498  5992  4828  345  3047  231  2032  24247  11548  32342  37606  14143  15575  19312  507953  
32126  10133  105774  73038  394  75  81674  48699  287  2917  2322  7644  292  505  1034  3769  972  7480  2525  10095  1728  3463  7937  11263  11976  1261  6933  16739  5406  5671  292  6567  350  1090  154531  614340  99124  60364  0  39886  53488  9820  865  7889  8293  174  80  6920  8512  299  937  373  1867  224  154  465  473  526  2224  757  2617  677  1786  3947  7983  3044  421  455  3083  3285  3250  102  1366  46  3125  10614  18707  20030  9371  13847  2182  6508  53609  
13597  3737  6218  11876  1034  256  17668  25222  1202  7479  9934  6482  4199  11259  115516  10554  2039  79848  29586  156425  29928  39598  58944  169798  668235  354926  1.13171e+06  100475  176980  58249  1235  29244  481  3423  1.35565e+06  71144  74891  67502  55965  0  1.18684e+06  10921  1813  3239  7872  914  978  9820  15383  8208  10643  12361  4848  2573  3403  12401  32775  43035  124905  25029  97093  16333  29562  26270  89342  37409  20057  12382  13090  27908  19254  2205  12952  913  4174  191651  13022  31673  19843  13342  202384  30929  200774  
17597  2090  3679  12207  811  149  7701  13321  609  6094  3221  5811  926  1239  3959  4024  2594  27966  15985  25218  9354  20406  67653  33494  112846  10248  1.12933e+06  416147  19816  29277  1630  53252  795  8200  885724  68327  141668  325750  53476  1.25907e+06  0  7156  325  1116  6687  209  98  2067  3169  719  2030  1056  3798  1198  901  1180  3215  2715  6729  1416  6292  2007  2524  3852  9208  3176  1453  1132  2642  2493  2285  150  1492  94  2469  21271  7687  5143  5480  7899  14126  5403  187488  
21796  1137  5504  43592  985  194  11240  21907  2568  2111  1216  6569  655  1151  2737  1219  831  5584  1573  8761  1449  2862  1489  5617  1278  336  1463  5546  1013  1629  156  3468  113  1042  13243  20986  7026  2838  4476  3433  2063  0  1.74435e+06  91993  803891  255906  128642  583046  78333  8229  28821  2152  21577  12023  6543  7642  13899  14860  27286  23396  24475  5282  13462  88055  111860  37594  3385  24070  238388  24829  64841  6102  563466  2026  1.49093e+06  158735  124562  440080  152358  41101  24368  52092  106788  
398  1841  1104  836  923  92  14094  20462  1380  2117  889  332  178  241  714  736  350  2891  784  5468  780  1904  1140  4094  786  186  249  588  499  657  65  876  76  353  15697  14502  4483  2151  986  2253  1235  895376  0  3182  1621  593437  33707  174853  30443  4306  20391  2963  1052  380  292  4148  13707  9229  29570  11471  27994  6017  8827  57315  67170  23250  2357  3677  18433  12277  14344  1903  43500  735  56768  418341  237991  399183  178310  9237  52482  21275  199206  
4776  3620  17953  29098  311  44  17356  18374  256  720  263  6560  70  105  190  328  112  659  203  876  197  376  430  919  425  74  336  723  238  347  42  424  29  128  6696  19565  4117  1001  3702  1809  1086  43602  815  0  141991  397  144  95059  114129  305  1481  254  2035  335  178  483  708  464  1586  739  1628  433  1148  3695  8420  2547  286  437  1585  1258  2026  107  829  32  1188  24340  117968  54803  12926  17800  2699  2717  14614  
93929  9473  69730  996726  463  65  44108  78494  275  1679  666  328931  2141  3963  5672  761  332  1878  664  7439  1386  884  1268  2808  1912  343  9521  24768  1129  2916  110  12025  67  3212  15476  79501  20532  3181  20085  5295  5433  901038  635  154359  0  328  162  7181  402212  365  1682  567  1.0799e+06  36498  18701  12557  685  569  2253  744  18126  2696  1242  2447  6655  2665  1478  2395  13023  3455  7330  188  4378  26  24365  13991  247346  19378  4977  52538  3958  6668  11034  
438  2018  1120  1015  12186  994  65879  89034  6071  3652  1421  339  940  455  1056  1589  837  4914  1830  10635  1147  1633  2158  3881  1278  290  412  787  1185  1552  228  1726  162  1363  45451  28131  10799  3747  1432  4024  2313  692946  649200  2149  952  0  1.02448e+06  672635  91185  32702  70220  3769  970  641  499  7646  45378  32134  64941  19575  59411  10557  7881  62152  35169  17912  2876  3990  21671  22760  37121  9529  79372  2723  365683  658254  183485  238395  126950  4301  82611  26682  286411  
433  500  585  549  3911  6323  71053  129714  54504  9913  1686  267  3423  996  1325  1768  983  4979  4986  8370  745  923  2263  2215  1157  364  321  688  2087  2015  302  1639  128  1528  40887  11571  12128  3634  860  2614  1541  162332  98623  2350  776  1.37835e+06  0  779798  326615  766070  1.31957e+06  3487  391  979  1404  4178  72347  65160  37726  25816  28479  3985  3528  32855  14165  8286  1797  3064  12163  32623  64040  24918  157726  5880  1.17379e+06  271223  74244  130051  66930  1694  35661  12974  159040  
2820  16463  13737  9109  48631  9699  379477  397883  42235  14542  4064  2923  4496  1303  2835  4549  2206  14159  8504  24726  3013  4842  8186  12406  5654  1127  2067  4067  5799  6939  901  6410  572  5331  193699  155597  52103  14842  6393  16659  9373  347826  252136  178303  8493  1.14681e+06  1.0674e+06  0  1.73838e+06  1.23669e+06  193526  7550  5491  1597  1067  10840  77261  44260  113280  34144  91484  15060  14855  87562  93833  35919  4545  5615  24437  54283  73367  11886  57894  2697  66105  940661  497927  415526  145567  27234  114876  39952  469459  
17012  28260  53066  87682  50240  67723  590493  2.6943e+06  807289  329133  78742  44062  171472  99373  51817  20532  6742  59474  65134  166072  17951  8451  25843  21136  16850  6694  6452  10894  22107  21843  2401  17237  1593  11473  480800  329228  142078  46649  17380  41452  21165  36240  33649  141574  650134  52408  65104  1.53788e+06  0  1.72185e+06  646393  578622  1.43466e+06  1.37359e+06  847256  347489  60528  21353  206406  33976  476765  43242  14719  48900  92375  50001  119542  82584  34132  17009  21128  3389  50698  1601  70183  568937  810728  371105  191576  26660  133526  41185  566273  
388  525  409  424  4849  19371  82707  201630  198796  63995  2986  156  3423  1110  1365  2244  792  9075  15099  7494  656  529  3304  1156  1576  498  377  604  4074  2869  306  1500  138  1008  35893  8918  9870  3953  811  2673  1437  2701  7313  2113  794  19107  789639  1.07539e+06  1.66419e+06  0  1.73738e+06  3175  379  221  359  1351  31695  23965  75943  160183  18646  1863  1378  29872  4663  11213  762  1299  4063  35679  48007  2270  16845  593  18065  129976  368814  74700  40765  1475  27545  7627  107498  
1319  707  695  1338  3415  8618  27949  275242  203600  299976  78616  417  1905  7289  1246  25894  4646  20271  14603  18237  918  704  5513  1581  1786  455  767  1532  2931  2967  480  3848  560  1534  39232  16187  12703  7672  1462  5559  2982  16239  13527  3389  3260  42738  1.29585e+06  143239  1.02282e+06  1.66954e+06  0  81457  1476  1085  5840  2818  2.35849e+06  323115  144391  170358  25366  3296  2002  29780  6304  10252  1229  6627  11293  60338  105448  31976  441985  65406  820772  272797  688572  295692  241151  7470  147810  37161  298401  
1843  614  745  2006  1424  2197  11606  109877  19209  282601  385172  2057  19065  90679  11946  79135  20882  54949  10852  125285  3466  938  4906  1575  3395  2077  1656  2496  3718  4233  1432  10498  1744  2732  28282  14512  13521  8638  2212  10849  4303  3577  804  1397  3715  1107  2218  5792  607118  4738  154865  0  11293  34474  905462  5729  104244  13112  89386  3240  628172  5092  1016  3382  2593  2650  1790  2018  3439  4248  3662  1020  10140  1090  5488  38415  31738  30319  22995  3031  16771  8315  54400  
56303  6782  21175  284187  4635  386  50662  235327  1657  2323  2286  613776  114763  62206  74395  1821  1082  8300  2258  75729  12018  3200  2779  5132  4488  3097  10687  22018  1876  2997  318  12052  239  3962  51684  69535  25028  6265  10186  10239  7753  220357  4850  44708  784243  5781  714  33790  1.07021e+06  1206  2327  4400  0  402366  123450  167335  2165  1391  11272  1538  163709  25876  5812  4144  25863  9188  29197  21822  12998  3485  5765  235  5223  77  20514  27413  135074  27179  14168  61018  18029  8121  38411  
2943  697  1347  5520  1338  1631  16438  296834  13122  5181  7945  47809  739570  241718  202653  3145  2051  18070  4392  242159  27067  5539  3192  6482  16804  21459  7643  2130  3186  3164  522  3404  291  1632  47794  16084  20543  6575  1730  16652  2587  21101  1024  2542  31507  3508  3427  28950  915339  9670  4753  24803  252947  0  486754  328638  4467  2788  23700  2724  316836  44068  9493  4209  52139  24852  82839  51366  13297  3824  3333  375  4774  135  5940  29589  10058  16782  8656  11442  29695  7953  46150  
4561  1369  3106  11930  1300  2710  19315  192619  29847  105798  113582  37551  232003  949652  573424  27660  9904  55352  12858  707999  61977  10275  6325  9409  13987  15065  6575  3103  6156  6902  1655  9074  1102  2933  47290  16997  26674  11017  3902  26467  4312  54133  1035  6123  71866  1439  3799  12944  1.04922e+06  10128  28861  999615  279797  580931  0  448403  21812  9850  68996  6594  971317  69285  11740  7089  28000  10219  22704  19215  8406  8367  7058  841  8859  469  11025  36886  20913  34627  18775  10611  37981  7754  53360  
5280  1212  2311  10910  595  327  7267  64497  1763  2849  12194  39087  55876  85022  640278  6355  4843  58501  12928  512514  78073  20868  7568  17109  11426  9691  5421  3562  6214  6305  1205  7115  958  3075  26286  10148  19490  7669  4739  30070  4416  29117  1638  6450  44602  1343  881  10006  162873  4049  3224  6811  192639  141287  499731  0  4001  5639  113521  9074  1.66656e+06  182467  115223  10499  682602  55270  215183  119131  23681  13952  8518  853  7979  817  6763  59639  14574  24962  16368  10110  151927  25295  44665  
821  567  370  668  1651  1174  7686  34864  9938  98220  77015  267  632  3356  1541  73695  34089  60937  9500  41341  1227  736  3440  1236  2494  549  657  1100  3784  3507  1705  12700  1984  2545  17589  7546  8049  5649  1446  7086  2063  11866  7407  2066  2484  19186  39818  28409  84956  65256  2.4369e+06  91617  952  850  3895  2496  0  2.19544e+06  737556  101406  34798  3767  1489  15093  4630  6138  1131  8468  13222  29016  60234  39946  744182  454637  883518  360011  180999  442932  459066  7174  279101  74424  495361  
2103  1664  1129  1536  3195  2147  15990  39757  11602  41183  89472  689  1352  5022  17830  129678  84910  182030  38309  177042  4936  3640  11179  8875  13428  3772  3168  4521  14362  14463  6654  38028  5290  7646  48774  19512  35344  21822  21285  38917  13544  24630  19789  6978  4622  57754  146559  92176  83785  129919  697359  29292  1911  1479  3952  12234  2.2489e+06  0  621228  1.75414e+06  132892  16587  6201  65980  19073  38412  6313  13129  37909  305478  699170  817513  2.08032e+06  433762  552304  474367  122027  316317  246353  29433  236146  110388  406925  
3761  3166  2117  2044  3128  1428  19826  46754  13981  26337  43652  902  1380  3546  27238  46228  51385  277432  87585  283499  49548  30951  52567  26264  25381  7337  6332  10385  28935  31281  12023  41284  2853  8779  82991  28325  67765  37118  35496  96074  24758  28896  16003  13338  5658  12364  9067  74165  131446  315410  169888  60887  2152  1523  7762  21903  846446  796301  0  2.9288e+06  730375  175881  40268  765522  65426  215520  14114  17233  38490  176068  84940  11487  126133  14749  57742  326683  58553  330242  169765  26193  196224  99658  343703  
3172  2998  2720  2952  2850  1175  26591  55346  12910  11856  14343  1239  1603  1794  29243  14341  18684  163127  48039  173183  19868  13804  27874  27172  24476  6596  4844  7843  19447  19622  4620  20502  1785  5924  73134  41887  75600  49513  63305  71898  28887  63631  39393  30341  11367  25395  28804  165963  125250  380043  216883  6460  3911  2103  2999  32212  38056  2.56263e+06  2.54056e+06  0  305021  39143  19171  1.78011e+06  52609  338369  25984  29706  84629  872511  1.60185e+06  1.19658e+06  500521  67463  77494  556886  96832  466533  193142  59937  264475  242140  400496  
12659  7732  6523  11765  4354  2678  38235  168725  20903  72159  135422  50443  105396  177027  549372  84774  60205  633347  170727  2.61183e+06  333248  100982  110571  89959  72361  35959  24470  24738  73879  70181  15121  70103  7267  23469  188628  53710  155492  70587  53395  274387  46107  50157  16484  18402  38819  7870  4549  68526  351684  20049  31875  623471  157854  170271  653019  1.91392e+06  46188  53396  1.12278e+06  110508  0  2.65276e+06  1.10264e+06  183570  1.10556e+06  173439  197664  135181  81735  204836  109308  8351  81226  6962  27379  378239  53322  204543  96529  35521  329788  118257  314746  
964  880  629  591  265  69  3611  6412  463  1322  1805  756  1544  2474  13474  1495  1357  57400  11609  118696  248870  135754  40022  39786  13523  4655  3477  2252  6768  3927  376  4709  381  2001  22372  4970  14803  6631  5101  40801  4857  4867  2603  2558  1734  1072  242  9703  11995  1009  1646  1061  4368  3270  5852  121717  1422  2226  292655  9710  1.11434e+06  0  312824  96512  243840  47097  44856  30454  15836  18922  10136  803  10691  836  2455  78401  5951  27277  12568  3953  61057  21118  37166  
536  441  348  417  152  27  2265  3430  175  523  537  269  331  456  3670  468  387  13176  2856  21601  67937  70704  12484  39363  9570  2347  2172  1195  2242  1483  121  2321  153  897  18155  3054  7477  3505  3638  37444  3053  5662  2786  2867  1407  1181  116  9783  7340  362  692  246  1835  945  1367  116857  610  589  56860  2726  445817  284687  0  107494  610165  56116  47765  31758  16224  11366  7085  509  8832  259  1652  52974  4591  20282  5310  3415  75957  16964  20297  
1847  2872  1984  1923  1981  449  23948  41983  2953  2570  2353  746  798  576  9187  2809  2549  55137  19098  59834  33657  62694  37842  76587  13295  3592  2696  3704  8278  5784  551  8569  578  3274  40724  26930  30248  16122  15860  30140  10097  32278  43427  17445  5733  22016  3527  122380  86789  29290  19423  1737  2091  1129  1190  20020  8300  17041  954347  1.30124e+06  223128  113926  235755  0  609917  1.28686e+06  29978  23780  50857  1.04929e+06  1.21722e+06  22929  240531  11544  37281  311477  31747  294949  62806  21443  141402  156749  251948  
2214  1918  1403  2325  433  59  8540  13385  464  1197  1130  1146  1326  1312  5832  959  692  19715  4940  39844  40602  95443  22534  208681  21803  3882  3914  4227  4878  4588  216  7195  185  2338  46845  12480  28213  14852  17543  72023  12797  45009  16213  20724  9972  3041  337  59761  33234  1040  1900  589  9948  4949  5315  820437  1487  1772  99961  9145  639416  179051  666221  578624  0  1.88603e+06  687356  134149  72858  79278  40744  839  29064  960  7914  148103  22698  53293  19575  17190  258298  61307  62489  
1781  1304  1319  2276  594  190  7885  17219  1099  4095  4787  1063  1961  1415  10674  4404  4249  38058  11224  52816  13307  22018  16050  40881  17352  3563  2789  4049  5620  5874  1119  6717  432  1795  39398  14673  25253  27025  28133  50039  21164  41886  16433  20464  9867  3977  2064  63535  51044  11438  8303  2106  9148  8029  3878  123540  3634  7945  170106  86719  99524  35265  90683  1.16487e+06  2.15868e+06  0  1.81189e+06  1.08507e+06  428755  3.02115e+06  203199  3053  49719  3034  9889  333337  62701  84918  50597  34436  820038  204878  86032  
491  204  291  792  107  45  1305  8096  254  988  1114  642  2372  1041  2822  778  500  7413  1896  11312  5197  7331  5167  12730  5556  1038  884  914  1376  1176  109  1232  89  351  13610  2862  5893  5333  6092  19170  4440  7964  1268  3103  3467  441  256  5991  35032  761  765  301  9741  10784  3631  210034  531  833  17457  7338  47473  18414  42832  42585  729197  1.45237e+06  0  649262  174260  84552  15690  313  5870  352  1637  63761  7732  10768  8081  7077  292484  57831  32692  
2171  296  461  2876  254  87  2193  16002  541  2533  3154  1552  3013  2138  4076  2121  1254  9012  2244  14558  2619  3486  3316  6727  3760  937  1013  1558  1181  1307  292  1923  145  555  14325  4430  4427  3008  3111  14604  2742  34458  2321  2443  20331  1739  810  6248  70590  1334  2776  982  21567  15898  8047  176633  2534  2499  17663  7012  32275  8388  18229  32422  70936  986997  677612  0  348878  80977  6403  805  9262  420  28652  139018  21287  31045  19227  21251  680711  402490  43103  
13181  683  1546  13230  786  142  6626  14646  902  2272  2014  1990  663  839  2993  1955  1523  7712  2291  12856  1672  3492  2420  8213  3375  715  1763  6239  1375  2243  365  4450  114  981  17137  12713  7708  7260  8398  10373  6271  229882  18598  7358  52078  7705  2819  28541  34506  3762  8036  1372  12250  8551  5147  16202  6228  7548  31046  20641  25749  5892  18914  94239  54909  211697  70724  407913  0  416421  217820  3399  487429  1139  115371  317753  80306  116019  71614  89759  289276  806382  90964  
2156  1645  1230  1611  982  452  8726  17341  5270  4461  6287  739  956  1288  32462  5787  9279  116415  31366  138158  10673  10441  12692  23179  17890  6837  4304  6272  13110  15166  2756  13726  1437  4659  40941  13478  35529  37205  32775  57375  28791  26518  11914  8369  5896  12453  40410  84551  30489  79565  69536  3816  2342  1322  2394  42282  7144  103097  184577  303977  178642  23056  33208  1.35617e+06  202061  3.41252e+06  98485  62189  471619  0  5.05061e+06  54600  72500  2698  14983  224751  42404  59272  57872  29450  430965  116437  74638  
2109  1858  1588  1960  1559  932  15383  33176  11099  5892  9167  856  1079  1493  25194  9397  11125  87149  26239  120626  8607  12915  11270  31116  14254  5119  3217  5000  9030  11170  2884  12989  1065  4030  36199  18204  34610  27529  27813  40180  20035  49838  26970  14294  7424  54796  147081  201696  66271  145565  198359  5794  2362  1308  2381  37991  35148  498957  241875  502300  195089  31981  73250  1.03634e+06  231992  230510  18704  17203  339701  3.62062e+06  0  1.83391e+06  3.50235e+06  6580  47503  244990  54727  97191  59276  28336  164853  97906  134795  
245  311  234  220  614  443  5312  11964  5514  2746  4333  124  310  415  2617  5477  4402  16018  4311  24020  1381  1152  1438  2201  1309  553  404  631  1341  1621  661  2774  257  638  7808  3265  4279  2332  1926  4720  1533  4772  6648  1370  636  42238  111714  97141  25988  59733  129820  2130  334  274  562  10397  26986  988512  69631  758402  55528  12511  10268  122676  14818  25722  3209  2637  10063  176729  2.41762e+06  0  894463  9964  17051  91426  24643  36063  20120  4816  24333  19672  43078  
10598  2378  2495  10720  4621  1924  31464  78475  17537  24342  52406  2170  2090  4757  10692  77801  49086  104689  21193  121277  7062  11249  10546  27096  12145  2867  3130  7523  8579  9943  3657  24143  2994  5550  52575  31741  36682  25820  27790  29177  17568  374000  82490  21886  40223  100254  204074  182737  184550  53282  720450  26062  9706  6740  6974  28340  452578  1.94665e+06  383026  294156  236928  49097  79999  723729  200525  132007  13253  20551  423804  108814  3.45181e+06  1.48552e+06  0  978128  1.39292e+06  430248  121889  317993  156574  77317  204192  353153  299685  
88  74  52  63  253  142  1291  3490  942  1941  5574  38  93  436  373  8927  5167  8492  1316  7992  282  114  388  196  366  114  97  113  556  452  227  1845  303  397  2262  826  1081  502  183  893  243  2166  1798  223  149  6434  13961  4328  8738  2010  143974  2627  90  94  284  1327  315012  272997  24477  11028  19840  2832  490  6516  1449  2104  339  1170  2092  3957  7579  11871  568567  0  409059  17092  4828  31927  16620  843  8625  6669  17860  
2252  805  1110  2920  3221  1153  21505  55905  13717  10770  12721  722  1260  1526  1845  18789  10562  22762  4588  23619  1306  1034  2041  2178  1538  456  546  1210  1981  1883  646  5152  733  1511  23298  12643  7757  3192  1754  4340  1720  1.23404e+06  171164  9791  7427  553276  1.54684e+06  107795  279178  39264  1.86858e+06  10517  1999  1877  1842  7138  1.55451e+06  893029  140133  85659  68515  9957  5380  78513  19805  22191  2785  31838  70938  80637  148319  89786  1.98898e+06  924487  0  98288  39582  225349  84285  7652  33377  44899  85249  
4949  10599  10937  10756  14066  5000  148841  350420  49391  42377  19892  5229  8361  6774  13922  16882  6952  51857  16473  130600  17168  22694  22430  48576  22814  4637  7509  10709  10235  11049  1535  14154  1099  5847  445352  155005  69146  50752  27834  93681  42722  94166  110020  84585  33249  80587  24115  482132  1.18632e+06  90643  613537  102251  16185  10826  15768  137695  577828  265087  875145  227497  834027  180728  119286  579842  430827  472462  125318  199822  616825  456896  331657  39676  242748  16764  36314  0  1.57523e+06  798478  971318  464906  3.14295e+06  1.67731e+06  5.45975e+06  
3772  3320  9858  14240  965  209  22129  31345  2209  6946  3171  3097  424  587  1574  2137  763  6331  1727  15695  2320  3467  2041  6228  2190  464  777  1772  1102  1372  209  1713  120  513  26710  34255  9703  6214  6517  6196  4163  161954  81032  151073  94171  12924  2988  454487  224663  14210  183453  24375  16995  1199  1094  23367  95139  34856  81292  19706  94162  22108  16777  46545  110468  98997  20241  19121  66076  86338  53175  4087  27793  2138  20040  1.28426e+06  0  411796  266124  488041  380218  97332  387230  
4688  5848  7488  10922  6212  1783  64244  181699  40872  43216  18282  4806  3772  4335  4129  13514  5451  21342  6349  34444  3346  4785  6711  13224  6878  1094  1664  4827  3265  4304  683  6068  520  2046  76594  75974  39544  27666  32347  16222  14159  290631  163473  194757  53747  120783  16687  628606  994544  106625  604217  76096  23891  11251  8484  28321  401144  125004  282031  142022  181308  25186  18232  117076  49868  37638  11017  18236  44169  76481  74664  9858  66219  7811  38281  347478  465236  0  1.99379e+06  204260  159104  283260  354634  
676  2092  2185  2120  2194  532  22978  55628  5643  9676  6080  1010  1759  1004  1566  4633  1685  7331  2174  12393  1106  1246  2006  3564  2866  539  575  1548  1504  1761  243  1870  181  646  33363  26340  11986  18912  11701  8111  9797  24536  28754  23566  6279  19744  4415  123972  367807  35954  250991  29275  3464  3671  3011  11552  237318  64700  133249  77848  57066  6155  2948  29318  13361  17254  5481  8140  15964  40652  41607  3304  20536  2512  12258  289801  193183  1.76186e+06  0  27508  451462  233819  805829  
6280  258  1791  8210  82  16  1674  2644  111  423  228  2501  524  649  1304  224  125  925  307  2333  450  559  499  1422  789  92  861  3398  306  622  34  1591  16  290  2706  6934  3687  2794  6269  2076  2220  99775  1908  30543  77307  330  299  19396  16405  426  2021  386  19939  9770  6537  4784  1907  1692  5265  1960  8196  1651  2206  6631  13005  9641  1663  4209  33089  15987  21463  390  7868  97  14985  106273  477285  51357  26487  0  18581  50365  9112  
3860  957  1365  5141  456  255  4865  14454  1124  24500  15182  3200  1843  5832  13438  12590  5999  39985  9994  52737  10579  15165  17391  31372  24081  4710  5617  5405  6033  5588  1224  7313  620  1842  102130  10094  14924  11408  9404  106336  14920  21445  3107  6897  17071  1370  1349  15978  60363  5244  48545  8443  32355  12187  22099  203516  33175  12876  63055  24301  86731  25371  58646  77559  219279  347416  443189  913894  340930  152625  59945  2298  31814  950  6937  1.59647e+06  122172  128786  219070  52930  0  1.59175e+06  281180  
2474  344  574  2558  197  84  2561  5887  674  3966  2476  908  425  681  1650  2476  1100  5479  1455  8562  1295  3245  1975  8448  2453  622  791  2343  1094  1540  189  2322  109  586  14659  5653  4206  5844  3747  8608  4677  35228  2310  3671  9633  1714  3201  11903  16503  4402  11664  1989  7249  3763  3419  22347  12216  11968  56325  35128  31057  7903  24105  152269  45949  60040  24038  580318  453042  58878  43628  5670  67351  1980  20357  719210  93992  156881  136513  96195  1.18953e+06  0  218349  
10275  21028  32468  23930  10814  9659  139425  877122  64945  792040  206262  5197  13015  44373  44378  367082  45156  430145  154167  416213  55566  27561  169876  59763  62119  32749  44168  41528  67435  57487  8985  109622  15535  37167  3.74068e+06  1.32846e+06  558073  1.89668e+06  49583  214890  224657  28992  23435  21914  10938  17992  12631  133761  706025  97198  810151  145936  5334  4042  8888  40661  665009  183033  493038  194296  341514  58920  25031  183889  73962  54001  36691  33103  69020  54158  59157  15721  90939  7965  20950  3.28794e+06  410666  1.25912e+06  2.99457e+06  26124  1.09142e+06  353194  0  
