4523295  
2378017  
670739  
3758116  
3313135  
4226949  
6682862  
12947328  
4213925  
6708367  
3145227  
2416192  
2460300  
3925305  
3105926  
5965756  
8067190  
6207136  
8274346  
10485065  
1602240  
1349062  
4676775  
4136704  
7764699  
2241338  
2198769  
2626268  
8861986  
9168165  
2829854  
9656986  
840967  
7046749  
11927770  
3959646  
6108365  
2523677  
798397  
4048325  
2385588  
5197970  
2046128  
492141  
3187774  
3270872  
4661797  
7509672  
12990198  
5104670  
7565451  
2523249  
2720951  
2143001  
3719268  
2961337  
6165672  
7796562  
6734999  
9312430  
9965055  
1727816  
1112738  
5739826  
4214572  
7861477  
2148810  
2015016  
2302789  
9534820  
9888615  
3575177  
10179334  
989532  
7183846  
11871835  
3220626  
5339702  
2671651  
665546  
4057569  
2170854  
12882230  
