3778601  
2694812  
678887  
3936897  
4328745  
4315284  
7769806  
13636637  
4218542  
6605565  
2715048  
2530919  
2168452  
3414489  
2706566  
5798652  
8117297  
5854335  
7872301  
8360039  
1515222  
1376838  
4137825  
4020770  
7417432  
2202050  
1798018  
1498399  
8619403  
10134435  
2942959  
10012826  
865228  
6983610  
10817454  
3235226  
5804733  
1883988  
616967  
3788183  
1834880  
4683628  
2249853  
481732  
4003577  
3238401  
4569208  
8085347  
13479105  
4805252  
6480776  
2434489  
2760592  
1948522  
3176437  
2864241  
5521901  
7448209  
5977427  
8605328  
8618186  
1659577  
1160362  
5154219  
3816963  
7022978  
1944580  
1865664  
1664377  
8984550  
9660342  
3387391  
9366733  
864722  
6980613  
10723994  
3166131  
5623320  
2097133  
656415  
3661764  
1928910  
12408843  
