0  1.16706e+06  54811  693848  141707  74857  307238  12618  1885  11017  781  59  156  189  1720  9031  28420  25120  9493  17065  5032  13607  51247  110489  98172  2859  14359  229785  183496  155886  5303  481080  1353  919136  112742  144081  524488  26314  18033  94805  57815  221  178  762  1091  311  49  1592  3184  610  418  121  23  22  32  288  866  87  7330  708  10377  831  538  1429  1225  1223  115  135  269  2723  868  149  848  47  210  5461  670  2059  1941  154  2188  1196  51401  
964055  0  14969  15137  853298  43778  570508  19790  3777  8433  2374  49  106  167  1487  9829  20863  28872  18468  15949  3914  12515  50069  84178  44909  1120  4050  7826  47823  41074  3511  25392  252  23959  793060  841433  326595  82632  5708  94862  31269  270  1101  3621  289  2370  429  11970  19083  4091  1533  162  32  32  42  194  1069  74  5035  566  7414  691  441  1267  947  964  98  386  533  2167  718  119  765  26  358  10456  1516  3503  5252  219  2605  2449  193294  
27914  5322  0  223404  2788  1500  235600  143412  1173  1578  269  351  26  29  146  981  1175  2803  2069  1492  374  944  3695  6343  4011  114  662  1696  4626  4796  404  2125  15  1472  44901  165609  31560  4891  14671  7615  3936  1820  6669  44025  6659  9069  732  45691  61900  6666  1849  86  90  110  135  109  507  28  694  170  967  99  102  338  354  266  27  220  482  734  415  47  414  6  413  2327  2643  2102  846  399  450  834  14529  
655158  1611  216229  0  372  435  6395  787824  694  1246  918  795289  78826  63926  30339  267  120  2783  579  43484  8660  5058  2830  8648  24358  649  49399  197429  49144  21047  48  14605  9  5094  15065  97777  226789  2658  83770  15945  104289  75251  3748  185882  1.36199e+06  3514  1271  28158  164311  11829  3388  451  181626  21170  10719  7069  992  68  1679  379  16119  1559  612  828  2038  2316  267  4571  27789  17037  6929  83  2749  16  1289  4871  125826  6250  1462  29602  1730  7626  4930  
391072  835583  7090  2111  0  1.39434e+06  1.48508e+06  110267  84482  44753  2831  28  78  89  1875  21061  107760  41284  92691  18798  4084  12458  65776  60332  23393  867  1481  2307  31693  60227  12290  46086  1359  256494  576342  378412  408341  160431  1834  28831  17889  286  781  2561  513  2937  936  31684  40960  23172  3033  255  19  37  41  178  1851  72  3732  495  5932  673  394  1303  822  886  82  228  404  1953  641  112  876  43  538  7780  2301  4995  7816  190  2757  1755  226274  
107903  106221  6177  2149  1.06755e+06  0  532406  277333  611215  1.01231e+06  2211  31  47  59  1021  33031  120969  26999  70167  11670  2200  4661  27165  16963  8420  454  606  1096  26634  51736  12352  121574  5019  884442  253603  140859  202240  70471  901  9993  8121  687  234  4807  2190  1052  1737  17457  66172  42244  6121  275  30  46  39  114  1717  89  2329  622  3442  315  242  854  414  491  48  82  204  1438  511  82  1050  30  943  5465  6335  5014  3737  65  1181  758  125607  
394629  746974  475847  32296  1.9762e+06  753621  0  2.05154e+06  1.18818e+06  90877  5825  124  166  177  2492  29047  75976  58249  154039  26258  5407  14506  70433  77130  43336  1435  4112  8032  94897  105966  17809  38789  628  25846  960417  1.04833e+06  440952  128482  11634  87481  37988  2707  23693  55744  2459  62432  8158  533761  561706  214598  14582  856  84  259  116  433  4681  264  6887  1487  10183  1019  945  3130  2443  2045  196  784  2063  5757  3057  461  4544  91  4249  24707  11257  19466  11517  924  4192  4688  321144  
7990  26859  264905  881602  34713  121005  1.74276e+06  0  2.05276e+06  293631  627447  815153  1.72433e+06  768778  209190  30256  14881  74956  56878  522067  80082  40825  45098  73632  23136  5230  3756  2945  26624  34303  5146  27512  482  23350  409410  320870  395398  144661  9669  32239  14356  14679  32205  280707  194569  66095  12847  665308  3.08441e+06  364354  163684  67088  147021  166795  70861  24716  16123  893  21491  10703  92574  8715  3645  8966  9978  5789  2080  2585  4962  15368  7860  967  10621  158  7628  108424  55796  90944  49308  4098  13164  6854  265478  
1298  4269  7733  3166  87008  954961  755878  1.52425e+06  0  1.53012e+06  618  8  22  38  162  6350  17602  16294  236596  1566  280  451  30193  1577  8199  120  90  195  51551  42252  2428  7664  105  4041  35801  19641  47999  16111  313  1502  1312  1283  304  8476  4261  1400  4796  32726  283450  136595  54849  715  23  52  50  122  3821  311  2068  3094  1922  167  147  1438  445  636  35  89  358  4997  1252  222  2160  35  2039  13865  13645  19936  10655  53  2962  618  40811  
23534  26664  16702  6631  100937  1.26179e+06  143737  840558  1.53643e+06  0  65022  44  219  709  967  1.9627e+06  287816  46177  138901  12799  1477  1492  21584  4081  6837  532  725  3139  46997  64544  15998  268273  31901  594100  315184  186433  609529  428581  1833  14257  6513  2417  278  15127  7513  704  1274  8340  133804  31053  114396  16909  62  254  329  136  9007  226  4755  2912  4974  328  171  1333  459  766  53  109  264  3106  906  196  1183  52  877  10726  24019  12923  8858  120  4071  2102  391959  
180  371  692  2017  286  118  1524  643957  442  210866  0  7996  97863  1.04026e+06  4525  45915  1831  32431  363  741035  10319  2842  331  2325  296  243  133  125  760  1071  213  3598  223  708  8967  2985  5599  4816  220  1783  717  211  192  846  1209  461  210  1734  96478  1537  295297  225708  3862  20534  24725  2257  105220  804  25250  2247  45604  1865  494  1454  801  1330  258  230  246  3601  1508  974  2736  322  896  14429  8018  12137  10700  124  5441  1255  19115  
310  449  10173  1.29116e+06  142  68  4803  1.10625e+06  176  236  4120  0  576780  305577  144780  159  52  2933  265  212124  43596  21177  606  19995  1092  897  1024  2239  1158  506  17  492  11  249  3481  3141  5780  808  1217  2244  2304  14520  429  47759  359072  540  85  6950  209121  1260  557  1211  489793  81762  21337  19035  629  22  1661  132  45777  4731  1479  538  2944  1503  723  2444  12719  6893  2245  28  1078  14  202  2482  14370  2088  750  7591  1394  2160  1648  
246  465  3539  114199  316  178  8189  1.14696e+06  792  847  27305  430737  0  620329  250601  629  108  6704  516  366375  62663  26963  830  25378  2161  3025  1608  361  1081  430  25  591  19  240  3723  1711  3114  952  292  4494  576  2682  239  6630  62817  597  287  12008  287894  4642  2120  6036  194845  646280  41384  58775  2070  50  3972  310  153211  19837  5147  878  10942  2753  3604  2743  1543  2738  1037  85  852  20  355  7908  4467  6052  4424  1225  3621  980  6381  
393  552  1619  85321  227  112  2218  604474  297  7974  1.01664e+06  243370  617456  0  578396  3244  262  17286  1057  1.15388e+06  139201  54301  1412  44866  2062  3000  1302  336  2187  804  43  1260  42  355  4217  1008  4644  1148  383  8013  837  1542  116  2447  39450  194  61  1206  68791  685  48058  61124  66020  129070  476280  55858  21800  254  12669  841  193183  16278  4360  1457  6255  1998  1116  904  942  4047  1273  357  1303  73  339  7263  3001  4693  3462  771  3533  1107  4939  
1228  1686  2732  43236  557  165  4097  188796  220  326  3798  112676  202307  445138  0  473  743  33051  3596  1.57476e+06  121474  99695  6770  667828  31599  63425  21052  560  6043  2559  135  4809  266  2051  19600  3296  14888  4150  1046  49547  2717  1263  214  3182  16302  288  68  1550  39836  363  947  2373  29751  19595  76205  155564  3732  346  28559  2732  135331  8082  3495  4305  6039  3613  1044  920  1087  8131  3263  614  2892  125  551  12337  2208  5707  3869  770  8041  2717  9761  
20095  22353  6095  1626  62775  75779  87340  76191  63036  2.14852e+06  60066  49  108  442  809  0  2.33214e+06  635698  202433  14960  1203  967  17911  3106  7835  390  483  4153  96624  98173  20607  479279  222550  833143  151231  40052  677027  270878  2370  10903  5038  220  211  1012  364  467  147  3211  10968  2166  11621  6025  17  38  154  192  50380  814  25784  2531  20865  394  160  2118  407  2118  86  112  245  5189  1899  1228  3349  455  810  6222  1795  3453  3419  111  2296  1698  213525  
52587  66010  11812  3394  186243  169156  194361  104252  168346  291814  35316  242  539  765  7219  2.17874e+06  0  819893  1.46355e+06  191598  10050  4404  26716  9606  12391  1887  1642  5876  145757  709279  524684  2.20656e+06  536119  967075  141317  45641  749037  84613  4993  25585  16177  445  354  1447  552  759  353  6557  21318  7805  4630  5914  109  111  490  714  60457  1525  53798  5295  58712  1545  638  4092  1305  3749  279  287  596  10117  4231  2369  6626  729  1346  13691  2247  6963  5879  376  5203  3251  74861  
25880  39656  33796  11432  24009  12199  74503  175237  121955  107618  27841  367  802  861  11759  632630  542295  0  3.01038e+06  569764  183816  106713  994798  92522  67698  6612  3874  9844  141292  73702  3765  143028  4256  74306  219403  44243  432279  132251  19927  181803  55927  4695  1620  8607  4371  2341  479  9586  26507  3092  9668  5122  288  286  601  6696  41747  3043  270266  29086  308041  33291  27606  68637  40913  40912  3526  2931  6216  87755  27308  4700  23976  1255  4507  155771  11571  47383  26091  3294  57550  24157  133384  
40858  74190  46453  15531  156916  123128  356096  224219  467832  120783  2496  403  631  797  7946  116470  1.9139e+06  2.76265e+06  0  83463  11455  12174  1.49372e+06  27959  150680  5649  4126  10695  788673  1.96988e+06  700181  567109  6889  176493  256498  66246  620329  154090  22678  187311  75022  1972  842  4769  2230  1474  585  11373  37332  13307  4599  1036  208  156  235  2318  4439  656  79600  8998  104522  7556  5564  18317  9672  13875  1125  1049  2574  33168  10967  1143  7954  304  1607  50088  5255  23973  10011  1956  19672  11234  132625  
16937  26622  27234  66797  7144  1634  45102  639817  1903  6799  636826  252190  656407  786666  2.21827e+06  23255  8251  1.24036e+06  43108  0  2.1632e+06  1.1682e+06  84145  1.49522e+06  87421  97235  36628  6311  106494  33561  1554  57408  2268  18447  148448  29441  200966  45452  12158  363181  29789  7626  3013  15844  25918  4430  954  15748  172918  5098  45941  58569  78352  87674  115957  84728  160684  6797  531929  49391  1.55384e+06  148494  73696  139673  99534  77792  9810  7440  9835  157163  45677  11541  51043  3130  11643  189976  19010  88388  58156  4627  88151  39587  94861  
1873  2871  2421  1982  975  184  4884  20938  103  196  751  4966  17734  10616  73470  261  379  238467  4349  932755  0  740108  57183  332997  12210  16925  2747  576  10854  2994  172  7231  270  2603  27702  2348  21212  4578  1005  60667  2974  503  260  1124  850  392  59  1220  6420  344  462  811  1963  2107  1693  5882  1905  110  38536  3068  106771  78520  25275  26718  33564  11756  1569  838  769  14771  2483  287  3445  186  1170  23745  968  7793  3855  299  16344  3016  7720  
3022  3512  2977  1375  668  104  5023  7311  33  66  171  1382  4037  3010  24847  91  70  104934  2047  223247  614311  0  82253  627341  17764  18515  1563  565  4581  2978  39  5211  43  661  39318  1630  17656  1780  623  70474  1554  187  88  459  376  123  15  440  2786  87  87  166  997  962  719  4255  380  29  36717  767  44999  134148  37764  27067  79412  7124  1774  899  317  3262  797  59  795  44  210  20043  359  2275  791  132  21525  928  2494  
17496  30477  20057  6715  16364  4407  57688  59179  20959  3483  513  192  272  271  3289  4126  3883  940467  1.44188e+06  47786  61885  142150  0  587162  832458  23239  5465  6543  1.00062e+06  696519  5283  209343  533  27842  129360  22952  249156  62250  14127  67779  48145  707  478  1931  814  738  106  3419  9479  1785  621  151  168  101  111  2310  1005  95  70820  8386  142652  34889  24376  76452  31199  20526  2041  1203  1394  20150  4294  304  4870  250  1696  57324  1778  15200  4759  984  17513  5946  52211  
25582  31046  22486  7381  5942  699  42189  41267  236  234  389  2807  9346  6522  565905  249  334  104190  13442  537127  239110  799554  575463  0  1.65318e+06  349854  20695  3454  45566  28823  323  39316  105  3009  116647  9650  128778  6888  3431  249674  6977  400  174  1097  697  307  35  1625  6439  285  223  284  1023  941  788  6371  718  42  18109  1611  44087  31032  22647  61742  139888  15050  3843  2083  602  5912  1525  130  1353  60  380  43658  753  4334  1312  360  43754  1891  14500  
41523  28258  27340  12818  4053  1047  36071  32179  3231  717  504  597  5322  2132  41568  1019  625  83038  62489  51844  18230  25437  1.06211e+06  1.64654e+06  0  1.81124e+06  1.04938e+06  84037  3.25407e+06  73994  739  66971  242  6592  140072  19853  146455  35941  13912  594660  120991  332  166  895  523  242  35  1306  4574  466  373  344  187  365  161  1994  1139  53  15865  2059  30959  6499  5098  14360  18586  18237  1998  1330  660  8046  1936  152  1573  77  455  28028  811  6142  1931  545  20720  2859  50338  
3882  2055  3236  1644  326  101  3117  10352  121  154  284  401  4837  1184  50748  151  128  16223  6006  30577  9574  8671  71406  265000  1.6975e+06  0  522448  1244  84981  8388  86  7814  98  1182  13369  1961  16013  2327  1631  277452  10405  49  23  130  74  24  3  163  1507  36  104  280  105  287  108  606  657  26  2679  275  4712  1052  883  1601  2630  1296  258  171  100  856  370  35  280  11  59  3797  133  1223  381  117  3602  469  31146  
19675  438  1631  21252  126  58  944  4260  66  252  243  291  1414  747  12422  445  96  5633  791  7972  1950  1622  4840  8860  994947  465102  0  168122  6698  986  25  2715  22  3130  86635  7601  29357  27742  6280  468025  364795  95  7  341  1452  20  6  110  740  53  255  132  65  109  41  178  330  10  778  98  1150  204  185  475  752  758  222  190  105  398  151  23  95  2  20  3379  461  660  322  134  2328  471  46298  
360923  4419  21897  254403  425  142  7128  3912  90  786  302  554  42  40  232  1228  269  5231  917  2506  609  1884  6432  7408  120531  273  168390  0  86491  129426  96  651599  19  68102  61043  20071  231498  36577  56088  26591  331676  267  52  1516  6409  92  15  488  1124  104  743  57  146  60  32  101  310  19  1197  252  1403  250  457  1264  2500  1490  99  109  864  4920  3584  39  439  9  31  2559  1406  9227  538  619  1906  4985  24370  
69861  39252  35292  20273  19403  20555  97642  47708  87206  7252  1583  271  835  597  7325  14910  10010  110898  402635  73065  14441  26610  1.11878e+06  152976  3.17649e+06  45892  20535  119046  0  3.81744e+06  24960  190957  968  25226  191134  31626  281052  118188  55153  303201  245658  826  403  2018  1146  715  244  4271  15555  5724  1331  365  123  124  124  1550  2177  292  34727  3590  58715  4974  3412  11748  9310  12476  812  704  2898  28422  12272  528  5062  243  1453  22976  2287  24022  6523  1281  10672  14905  83556  
105498  88824  49591  21134  59207  66050  185947  96126  79944  24068  13144  309  521  686  7930  37017  549517  167586  840136  106671  16078  40726  628717  218024  180357  7254  3272  158661  3.64345e+06  0  1.41141e+06  4.193e+06  2591  67194  161482  35208  438395  141688  33334  140104  97734  567  421  1973  887  684  301  5217  19970  6029  2604  1698  135  102  312  930  20815  721  39454  4256  52211  3978  2700  9146  6208  6549  473  420  1726  16392  7933  1216  4942  376  1056  15978  2323  17136  5358  1050  7497  9188  82968  
4852  15442  3569  854  45564  45235  75684  24487  14118  14427  4181  51  75  92  1529  10161  783312  32320  564605  24764  2362  1854  24851  4864  10066  668  379  927  90747  1.94158e+06  0  1.05422e+06  2915  20128  29527  12740  122426  46459  652  4894  2379  58  72  296  111  170  69  1628  4372  1718  688  529  17  15  72  118  6245  185  6681  657  8129  320  162  756  264  606  48  45  97  1386  527  313  932  106  228  1966  396  1097  983  42  755  536  19398  
457515  96879  46321  57149  77636  148699  121237  127840  22952  132660  53236  442  976  1233  26062  338341  1.76588e+06  520529  232663  330934  48251  65151  447263  214728  154216  11457  6827  278998  208404  3.84145e+06  794296  0  698522  1.68723e+06  159055  46495  868992  89441  21075  84030  75334  638  643  2270  1069  1155  310  6283  19983  3955  4793  7932  207  199  881  1771  89074  2193  89428  8188  115664  6591  3502  13583  7152  9680  725  643  1301  20816  7403  3716  11716  1189  2726  24979  3326  18447  10096  1196  9929  7227  77846  
5663  3848  569  197  8286  7247  5185  5680  415  22272  3411  13  33  53  1529  90484  220815  30891  3590  17433  1991  673  1951  897  1120  444  216  417  3251  5091  3201  570020  0  313661  2614  1885  73625  2443  178  661  414  23  25  92  27  55  14  318  852  134  276  499  7  7  34  58  4874  115  3288  261  4491  229  94  425  147  334  30  20  50  807  245  164  454  51  127  897  135  456  403  20  328  212  1665  
1.28939e+06  183591  10696  10398  560004  1.3354e+06  110778  126110  10471  946285  10840  154  193  263  7572  1.19971e+06  1.0859e+06  183248  48984  84532  12648  11877  67077  26055  22400  2702  5826  48600  46344  94808  23352  1.77286e+06  698937  0  50236  27469  759088  21641  2971  7760  11744  202  430  1198  374  1003  156  7070  14288  3162  1264  1383  63  47  161  372  15078  338  15327  1375  21281  1452  771  2751  1221  1820  134  115  263  3929  1261  602  2066  200  571  5015  933  3042  2164  150  1863  1180  23767  
78378  294483  326887  64430  202889  75578  751589  1.88485e+06  50442  480091  148143  2322  3354  6298  46220  426651  30433  710261  124351  354457  68518  95680  387282  249916  259468  20175  152580  157569  489101  153371  5028  184975  2593  28182  0  3.03868e+06  784949  788193  167115  2.0276e+06  1.10479e+06  1905  2383  10034  3181  4321  801  37719  126966  16324  14135  3090  852  660  493  3342  16368  617  44314  5581  67034  8027  6210  19031  17136  19393  3936  6689  6428  23046  7997  958  6422  412  2095  224563  12875  39719  32082  3333  51143  40700  4.44049e+06  
127711  227590  777782  127419  34490  9411  527855  293944  4685  75201  35041  330  317  429  2858  113414  7051  124754  9066  55424  4838  8182  29335  22780  26496  1971  12464  14379  56491  18361  825  21503  896  5496  1.82669e+06  0  218488  158719  433011  294574  120933  252  480  2528  913  825  97  5875  13136  1397  1804  632  129  86  45  241  5054  123  6682  652  9455  668  461  1414  1028  1261  109  454  677  2743  961  182  905  67  270  14216  1441  3840  3570  418  2492  3588  398528  
248473  276725  458723  193462  340021  56875  726268  1.12663e+06  46461  551294  82859  1566  1166  1368  17538  474796  50494  403158  140093  173611  30096  42718  177214  141848  85526  7405  7910  34158  156926  125028  14205  149134  3636  141776  255606  775373  0  1.55072e+06  257741  119091  111473  1178  2339  11383  7097  5028  544  35757  98885  12537  8319  2350  770  415  306  1161  13889  494  29949  3577  42445  3993  3440  9661  10924  7515  680  653  2180  16841  7969  855  4679  254  1167  20008  4837  34104  8777  4228  11548  17406  171284  
6051  37670  19825  5704  83136  13312  97878  321411  12443  254666  33004  182  217  293  7527  147417  11689  126354  66390  66647  10891  7365  34260  11120  25361  2840  5874  10603  60844  40037  4095  13572  247  4178  126771  116749  1.56551e+06  0  43742  23195  128550  258  719  1919  471  1570  162  9284  25263  3106  4695  936  90  77  81  420  5926  153  9298  1094  13421  1333  1094  3328  2572  2267  184  222  640  5489  2522  250  1380  97  360  11380  2361  14319  21717  1002  8521  10612  530699  
70715  921  66979  155438  149  87  2756  9521  109  419  229  360  61  63  333  738  159  8962  1781  3004  963  1979  7247  3492  19257  303  5101  23862  37711  13489  58  3436  17  700  35479  341925  151916  36374  0  9775  91003  927  308  6101  7699  409  24  1988  3537  197  195  21  47  24  25  75  236  15  1164  241  1245  240  517  1447  2206  842  46  172  688  1856  1214  31  301  5  46  1860  1636  9280  728  4142  1070  2098  7884  
26650  11169  31989  21239  783  390  17792  19590  411  1348  1285  1255  5387  7453  40071  1841  319  45518  4158  90938  22089  21464  42181  135435  446315  304189  766587  45916  253657  63684  325  52993  117  2611  1.39718e+06  54512  120360  29985  55535  0  1.16057e+06  1312  293  2866  2713  423  117  1749  5417  483  1368  1124  287  396  451  7753  4544  789  46848  6168  48559  8497  10035  19092  41830  27161  7049  5372  3783  19151  10792  1273  5754  238  744  93541  5762  41017  9003  3977  87825  19988  132280  
6299  1544  6084  8092  758  348  4121  7912  361  1167  984  241  132  240  1295  2994  428  29431  5403  9126  2740  7181  29827  11351  169365  16114  807341  231282  97440  23300  147  15064  40  3981  649390  61857  106567  197129  63578  1.0579e+06  0  185  38  710  999  57  15  297  1129  120  768  102  33  19  24  89  772  44  2138  305  2612  337  312  856  1017  1040  93  199  666  3372  2111  69  334  13  66  5038  1204  3019  1743  390  1759  4687  157767  
553  460  2785  10043  144  86  2500  4419  185  272  450  240  73  45  397  375  107  2821  545  3309  600  2216  625  944  340  67  106  239  670  249  21  405  22  166  3865  1380  1817  783  1329  1023  530  0  1.92756e+06  69478  800201  326479  23027  591620  15987  3153  4204  308  728  286  198  1419  4792  1157  12592  5298  11200  4024  9779  23432  63312  19698  1901  10439  135648  80781  129462  6188  277242  514  865970  97951  67009  259361  40864  29091  15051  8901  38057  
584  2002  12251  2121  693  413  17761  18374  787  848  434  10  30  16  279  474  115  2465  423  2449  448  1994  632  818  327  70  86  106  510  221  18  342  12  151  6773  3190  1751  1514  278  780  557  1.01108e+06  0  3528  2502  904943  38656  387573  23341  14617  7481  371  36  31  52  1311  5204  2056  14791  7074  12013  3159  9214  30725  46979  17146  980  2152  35827  57587  99915  12153  66678  370  38754  352850  182701  228751  91228  2880  18791  10474  93351  
590  1223  34113  68651  249  283  9521  23357  632  786  37  98  24  6  28  52  23  278  108  246  43  247  192  230  179  6  70  244  250  132  6  72  2  45  1120  10950  1329  226  1997  279  369  28595  611  0  121553  715  444  106126  90587  3969  1363  58  104  143  175  247  439  30  959  392  1112  297  899  2368  6066  1582  106  387  1365  2641  2215  120  738  3  318  16722  45883  22889  4744  3729  1292  1440  5026  
2818  992  125679  1.74501e+06  156  262  7856  279746  661  903  482  412442  34525  27492  14277  90  33  961  194  19645  3452  2326  596  2376  3143  128  5926  20970  5970  2432  12  1561  2  664  3066  20448  31032  565  13849  1802  14100  768995  829  209430  0  784  275  7001  517610  2864  1599  370  1.06972e+06  55488  31266  18274  718  32  1146  310  35365  3248  1278  961  4719  2898  467  3834  27960  21344  9379  87  2766  8  2321  5102  173527  22237  1157  43850  2760  8908  1906  
1109  3518  29257  6725  3485  1707  47664  46338  3732  988  1442  19  157  31  270  1171  281  3217  654  3379  457  1848  838  869  446  60  91  125  784  442  68  526  14  248  12302  7545  2872  2589  468  959  911  380426  761633  8750  1362  0  928420  845210  90948  70595  38055  1523  46  153  100  2232  23023  7491  27884  12543  23925  3913  8898  37110  38817  17770  1109  3326  30843  62488  120888  27359  149122  2427  435078  530602  213345  290318  153622  1757  22226  15405  182911  
182  658  3985  2782  1454  2355  10858  46077  18942  2916  1626  15  350  38  120  1090  161  1769  696  2068  200  592  473  309  247  23  40  72  703  319  33  298  12  131  7373  2970  2068  1921  179  370  538  37438  58675  10322  1723  1.26153e+06  0  916636  280071  804403  1.39186e+06  1739  35  275  124  1816  42621  31115  13431  37282  13367  1971  2954  15343  14496  7537  578  1402  9204  101917  94792  36140  138535  6820  885070  201598  68680  162607  91489  477  6785  7236  105669  
4783  17088  109354  22571  44852  25391  425497  396445  50538  6025  1785  77  611  47  352  1810  1811  4499  2797  4003  626  2493  2238  2218  1149  92  156  293  2496  2165  424  1425  24  1170  16607  16035  13275  5313  741  1593  1197  233009  344353  389577  6940  1.42188e+06  1.13805e+06  0  1.46506e+06  1.64637e+06  152943  2236  95  216  169  2149  45759  8539  27197  34417  23577  4324  10487  41541  56316  24223  1375  2957  21405  171749  133304  26468  87383  1094  71845  459889  356201  368906  105955  4691  26641  14219  145460  
10191  39170  270277  151572  65251  51993  841229  2.9436e+06  360113  105280  85592  48934  192748  21641  26417  8739  2995  16682  12863  89751  12269  10917  8543  14008  4801  684  678  874  9574  7332  888  4203  110  3386  55176  41596  46305  22063  2616  5841  3320  11457  16449  266436  578467  39099  50654  1.49678e+06  0  1.67349e+06  568451  556514  1.16015e+06  1.24783e+06  769681  232641  41277  3287  110070  65572  525613  35128  17848  61068  71785  36293  17254  17654  14424  64167  58084  7094  65018  712  36400  559788  542426  422610  199335  7574  57549  20694  242980  
485  1271  10270  8204  12009  20575  68726  157506  121847  19106  1075  20  151  20  82  957  580  2582  3155  1594  218  296  1671  510  724  28  25  59  2601  1476  180  651  14  483  7044  4402  8758  3781  117  370  285  3055  3310  25338  6780  34970  914394  966129  1.69333e+06  0  1.68766e+06  502  57  109  66  544  26894  9868  11897  186931  5727  738  697  59150  3199  24388  579  540  1541  233372  48319  9913  11108  179  9854  33564  78789  37887  16544  212  4185  1805  26930  
295  679  6851  5321  1088  3104  9379  169573  58642  87679  39452  18  246  204  93  4809  374  3851  3273  3858  163  231  1236  262  408  30  114  255  1228  855  76  557  21  239  4589  3863  4169  4048  202  619  878  10740  15726  20691  6759  103027  1.13104e+06  304685  1.23453e+06  1.86049e+06  0  65174  49  244  592  732  2.12416e+06  128012  33497  143908  12882  1208  945  25141  2802  9445  430  788  4760  146259  72666  40979  350321  93102  800584  148039  256871  283581  210057  946  74218  11288  168665  
213  393  2252  1838  1031  767  8125  101531  3526  171127  324036  367  2632  4731  1305  43436  940  16887  2423  36202  548  282  869  371  448  128  184  252  1007  872  135  1864  113  485  3761  1706  2622  1326  170  1181  684  629  252  4141  1809  453  232  2328  539352  657  178834  0  2422  26538  696200  3662  108303  414  57782  374  421899  1884  276  555  779  567  93  221  553  1498  879  191  1223  70  567  10175  8558  8505  7224  279  2296  1219  9274  
572  693  21843  374962  233  124  10038  437063  443  320  2867  646959  216309  89430  40694  270  63  2450  316  102327  19465  12632  711  10924  1056  393  1182  4130  1598  726  23  625  14  299  4028  4163  7321  976  865  1812  2718  16479  353  30864  765598  420  104  5177  1.01178e+06  1256  449  1467  0  506548  150347  153632  509  21  2851  184  242620  27921  7677  587  19233  5204  5709  7389  17885  11506  3305  46  1576  9  258  3498  26254  3185  1430  11988  6720  3574  2693  
339  705  5254  58552  439  220  11230  266058  1030  850  14997  70373  576750  159245  41801  957  168  5672  727  168090  25308  14430  877  11284  867  836  596  1035  1297  523  31  782  29  306  3195  1439  3847  923  298  2479  908  4315  205  6988  105405  393  175  3882  973762  2881  1263  9484  410833  0  337150  201477  1283  46  7391  353  447434  52585  12370  921  28260  6851  10337  7346  6381  7076  2151  95  1395  35  403  7525  7132  5341  3323  6650  7526  2233  5164  
443  736  6750  51611  2066  1442  17827  151064  4572  20647  119373  16952  54176  352811  68097  14549  720  15135  1308  197051  23542  15349  1117  11087  1120  927  637  713  1963  1032  105  1901  110  535  4970  1798  5162  1611  416  3629  1073  3622  322  6827  87494  542  280  4356  795190  1134  5584  740420  247833  522006  0  634670  9960  124  25563  616  1.06883e+06  57127  12633  1391  22525  4062  2902  3354  6156  8518  3083  210  2327  59  607  14699  11316  13349  9370  6519  6193  2629  9580  
592  925  6983  34254  419  178  4183  60426  551  279  2900  11915  19700  27088  138417  1400  449  15243  2524  132460  14755  15976  3430  14192  1877  1114  692  453  3091  1258  72  2218  122  827  7712  1900  7261  2024  620  8822  1369  2283  407  6884  47306  577  95  2531  183533  442  412  1124  187634  135653  529097  0  952  220  42078  1103  1.56089e+06  105399  63580  4538  638828  69579  153902  99660  4325  10986  4048  509  4647  333  1931  15147  7028  10078  7286  3169  107009  9973  11103  
244  393  1780  1227  489  502  3209  38807  3896  15250  26174  15  142  161  166  48441  2551  13040  1102  15989  309  370  1449  542  682  57  136  252  1425  1553  295  4548  326  892  7632  2283  5122  5452  381  1864  1413  5074  14632  7667  2539  54376  50813  89711  134661  75938  2.15329e+06  48777  35  169  1049  970  0  1.94266e+06  703744  164448  18296  1535  1015  40090  3638  19548  627  1137  7046  167408  76779  47879  655364  561361  610604  191398  69595  473776  285989  1814  90116  28163  241910  
206  414  1192  634  456  518  2912  10872  3297  2858  18088  11  131  144  394  32384  1628  18586  1110  26383  528  426  825  405  520  87  106  168  1396  1356  197  3239  158  735  6497  1713  4239  3393  378  2066  1167  4989  24492  4841  1468  95393  157687  114848  77863  125166  411271  11663  41  113  224  1858  2.89694e+06  0  718829  1.68931e+06  72731  2021  1323  30876  4297  12720  820  1304  6498  344413  511739  468927  2.24722e+06  406692  308282  119433  50798  261452  124944  1687  34214  22265  96730  
2896  4716  5261  2290  1704  580  9318  22173  2347  4834  13424  101  339  417  5318  36262  6005  132899  20349  94704  17031  41212  37924  18029  13794  1387  1048  1433  25412  9457  764  16650  683  4647  59266  8933  42642  15077  5439  33682  8918  9479  7006  17510  7428  11350  3970  29540  137130  37386  53215  16103  235  412  814  9638  873946  599796  0  3.14014e+06  1.03085e+06  286048  108847  1.09245e+06  63487  121977  8909  7837  17789  267790  91352  9585  131493  3605  31464  223207  22805  225068  131365  6441  95569  79160  141888  
1005  1581  2515  1352  900  714  5559  25171  4205  5217  21409  42  236  254  2273  42374  3149  59947  6450  56098  5105  3760  15664  5054  6145  600  445  574  8713  4057  409  7602  375  1953  20839  3995  16274  7928  3734  9774  3530  9698  11891  18479  7183  34373  53040  133255  175964  417983  130356  3319  158  231  281  6256  176118  1.83402e+06  2.64434e+06  0  267389  14585  7528  1.71197e+06  23974  231852  9708  8792  23045  1.50906e+06  1.63177e+06  1.08189e+06  311283  10057  51665  253544  47065  232108  136427  7040  87494  85386  142996  
11079  18344  20713  36654  7465  2537  46383  203598  6534  16263  101900  23716  84299  47749  87449  99690  14740  481276  66822  1.12524e+06  147121  134748  145481  124675  50328  7461  4040  4669  95078  31841  2303  55233  2404  18082  156522  27827  149835  43078  10677  149793  27535  10675  4827  23702  34815  6736  1203  23852  449725  5770  11229  322022  174473  198609  407938  1.79863e+06  28604  5422  1.13245e+06  75705  0  2.17495e+06  889394  140574  1.17692e+06  215950  174779  67424  16354  308032  55860  6296  62559  2728  18271  246860  25571  141460  84767  6630  240889  67685  125016  
552  983  930  879  392  81  2100  6146  171  208  1265  494  2606  854  2624  1122  185  46849  4094  59716  77790  173131  38111  55055  9526  1072  302  204  6709  1769  57  2726  87  927  24117  846  7507  1659  637  28444  1087  1462  581  2898  1539  692  88  2885  12830  469  383  449  3387  4170  2471  40135  489  84  453811  3989  997815  0  603773  98194  299993  38191  23498  6328  2074  35952  6016  273  6304  203  1553  50960  1970  15966  6603  727  43614  7504  11233  
205  303  344  397  99  15  699  2478  57  50  200  166  809  258  1141  164  44  16507  1135  18518  14169  53886  18203  38626  5221  689  243  74  1935  590  20  811  28  212  19657  248  2340  549  517  23253  363  2478  690  4368  1834  800  54  3881  8319  201  139  65  1451  1335  1062  56713  211  31  61179  1237  393773  449223  0  135795  641084  36048  30693  6119  2090  9977  6536  140  5596  48  518  34079  1746  16836  2461  760  58661  5080  5895  
1889  3159  3295  1462  1223  420  7010  17288  1247  1882  5207  91  363  163  3981  9529  904  230135  16059  90492  47491  71067  178159  93854  46111  2212  703  590  29435  8863  221  8838  243  2589  54371  2718  22777  6221  4823  25224  3155  8001  9240  22299  5760  12779  2558  45676  120416  155465  12860  1043  360  299  372  19597  19968  5385  979320  1.79268e+06  432060  206439  391174  0  527440  929505  33319  23826  22086  1.54071e+06  847988  30081  159746  1627  13868  241516  19124  215194  58047  6610  83233  71236  86857  
494  702  1426  1503  265  69  2298  9288  159  148  626  372  1422  347  2102  515  112  27740  2052  24724  32883  158751  33680  174045  13543  1409  700  264  4118  1199  25  1563  31  420  48567  790  6472  1816  3204  54882  900  23408  5523  40633  15622  5549  430  32511  47282  1142  847  166  4604  2478  3612  649487  843  210  80474  11326  746879  274572  650340  319155  0  1.9536e+06  448886  66082  18015  88071  61101  930  35879  256  2080  107521  13018  122321  9125  6346  219076  25252  32095  
780  1221  1727  1577  487  152  3084  12222  352  429  1295  293  1375  204  1594  2477  366  41324  4456  24335  6954  11853  23052  17459  13350  850  584  459  8939  2330  102  3750  154  1560  39898  1728  11891  3890  4045  23175  2355  20488  4714  31060  13466  5451  1320  30140  46180  18431  2184  313  4068  1549  2982  130916  4041  628  78778  101844  160369  50994  77577  779240  1.81084e+06  0  1.67889e+06  1.07529e+06  139742  3.29998e+06  105213  1865  43277  505  3754  217545  17700  96647  20358  9545  614263  149587  63443  
115  141  368  527  94  47  884  8515  175  69  263  256  1356  137  532  173  48  3717  520  3891  1211  2195  2866  3472  1528  147  131  66  849  243  7  395  15  166  7646  290  1480  527  529  5393  267  3156  538  3425  2308  601  79  3163  17396  368  176  43  3770  1491  2385  190385  411  91  16915  5892  93390  25139  28018  35855  334021  1.6848e+06  0  936154  10965  47020  10740  300  5859  225  1508  27734  2089  10294  5524  1322  283988  12536  58092  
186  155  816  2249  83  40  838  10020  175  118  343  516  1642  174  543  224  46  2799  372  3367  777  1355  2066  3081  1749  172  229  251  742  234  21  354  12  131  10048  640  1816  540  944  5848  434  14890  884  3300  6736  1284  176  2359  22728  325  1124  99  5963  2187  3837  125318  1066  128  16144  2868  62649  12644  11683  13720  60210  1.27238e+06  667653  0  211123  20849  4326  226  4421  225  13850  101388  9354  10278  13761  12439  552384  362439  40584  
706  231  2213  8932  88  48  1396  3798  98  165  268  303  92  45  216  430  66  2447  372  2622  421  1620  1042  1006  681  108  181  1301  4861  1434  15  551  10  87  2841  1234  5172  3519  8220  2168  5290  173128  41148  24051  49464  32942  2646  57141  33808  1792  2969  220  1661  859  586  2925  3169  445  27786  6656  27685  5515  8174  30715  29239  149784  2070  213690  0  506568  329707  928  555274  158  140323  106144  38996  62696  62963  88326  49192  460212  40641  
1942  3055  3673  2479  1306  662  6873  14400  2393  1783  6048  110  400  249  4896  12751  1625  89323  11846  65717  10998  15560  27216  11036  11740  1071  670  1543  22234  6069  302  9957  478  4390  25600  4497  29980  11290  8044  14574  8712  21507  11651  20516  13163  41859  51785  176217  67797  308362  37825  1187  566  371  629  32249  26727  17216  200893  559245  250325  38712  62863  1.24655e+06  225422  3.54815e+06  67494  41366  175146  0  3.92725e+06  101943  103415  1329  12887  207196  29721  135625  67588  19504  214018  156152  79876  
1326  2111  3755  2171  1170  635  7079  17024  3210  2075  9192  94  349  373  4153  22246  3261  78536  7425  94252  5891  12128  8612  6119  4578  1009  776  1146  10905  5435  541  9257  403  2646  25290  5614  21711  10552  6967  14428  6574  26255  67346  29350  13227  230494  192270  365332  105933  226002  71281  1514  336  371  500  17810  29249  282070  286987  933476  262723  43345  63092  695249  196450  168798  11503  8041  316968  4.03366e+06  0  1.84204e+06  4.08959e+06  2029  17927  172189  60827  155660  61476  11576  70409  64317  75822  
235  415  1124  436  319  245  2225  4870  1728  839  3579  12  61  102  613  9387  912  17866  1367  22360  767  531  803  508  591  127  117  140  1521  1115  133  2239  90  569  5705  1400  3787  1974  325  2542  1045  2623  33583  2008  527  168097  139847  190268  24335  47896  48881  646  57  70  126  4037  18309  544379  63948  752367  70878  5026  1974  52292  4445  10456  1399  1334  2789  159045  2.34643e+06  0  918851  3240  13678  52327  27948  38885  24545  804  8772  8398  24307  
1195  1616  3788  4048  1061  588  7888  20487  2457  2520  17668  106  402  431  2495  41863  4049  79607  4909  103502  3526  8639  5118  4174  2838  639  534  1049  8223  5420  633  10073  421  2473  23859  5583  17186  9390  6236  12004  5612  136107  161984  31430  22644  259805  163430  208291  208233  30789  214074  3285  481  577  530  16354  416068  1.66439e+06  378293  167345  336623  51433  54985  337520  107752  91801  8518  8453  439290  235515  3.82048e+06  1.06448e+06  0  890921  956257  155248  81812  329850  75751  22405  32920  80747  74304  
26  86  99  39  37  32  212  797  79  213  1906  0  14  25  43  4770  333  4439  148  5501  92  75  140  84  69  17  15  25  230  280  41  634  31  164  1106  276  582  314  44  342  174  884  2495  292  91  8147  6268  4152  5728  854  86429  1179  4  11  21  694  257388  219537  12052  3109  13942  974  236  1792  643  1898  249  242  1059  8784  12289  20212  553061  0  312372  5582  4075  20926  4177  109  957  1116  2682  
138  282  1148  614  547  587  4100  13937  2885  2152  7943  22  136  81  256  10658  675  10122  595  12151  388  860  603  502  338  54  60  83  755  625  123  1449  79  346  3778  1119  2074  1154  272  1108  527  791774  152696  10622  6583  833830  1.32413e+06  162290  191446  49183  1.6119e+06  5026  62  201  124  2660  1.36427e+06  393210  56677  19333  49649  5022  4670  24621  16093  14390  1251  13854  132121  142964  176039  97664  1.47175e+06  1.07087e+06  0  49621  31157  224426  30232  2209  6155  21461  23066  
2791  8633  15254  7306  5892  3795  40936  223810  31898  21044  21627  316  2403  596  2542  16966  1868  42846  5985  44932  5944  18203  15362  16259  9976  1106  2020  2568  9403  3872  307  5722  196  1483  280940  56774  40759  68505  13863  32001  22203  64284  81093  253720  32798  151596  24759  474384  1.62198e+06  93177  654444  51443  1341  3025  3118  69091  558831  14587  692585  88974  687838  101870  93410  245866  262969  476824  52931  278640  347610  584051  203420  10258  69055  3853  18796  0  1.72998e+06  623396  727955  159421  2.20488e+06  1.57323e+06  4.68011e+06  
466  879  4686  8066  453  229  5170  14744  849  4277  8479  71  127  88  660  7945  613  11656  1067  15020  805  1153  1066  809  593  129  181  321  1427  796  99  1551  69  410  12262  4203  4307  3580  1679  2165  1605  109248  52313  495317  118690  26678  9923  234252  247215  15646  71919  7055  352  241  355  7919  74436  14500  85550  17973  98081  5138  4634  20529  17482  37688  3435  13446  28727  80744  36423  14988  48665  7354  17599  1.10933e+06  0  304407  168157  447234  162536  79332  243719  
1027  2454  12539  7733  2047  2083  30184  180517  21372  22468  31541  227  1433  355  693  7906  702  16434  2442  19027  1681  6060  4719  3774  1925  276  246  840  4785  2001  152  2359  75  571  13402  5914  18402  12934  19062  6113  3604  112975  164649  351665  73439  209966  17364  453108  1.38317e+06  76061  457274  23186  872  1559  1334  17477  473236  19307  231775  57518  216028  29246  28410  118488  83391  50303  7365  7633  19705  230940  93059  9416  68533  4384  29346  314622  575813  0  1.64701e+06  209842  67190  69058  225638  
252  942  3473  1217  1185  755  13214  39418  3770  5173  5179  32  328  60  176  2590  198  4365  600  4866  380  424  943  581  435  55  58  127  838  413  45  513  20  164  6604  2514  5198  15839  791  1555  1986  9140  37937  38974  2850  59504  4250  98055  487224  27212  213913  5765  82  512  322  5902  132989  5583  76970  17035  71420  5458  1916  15176  5251  12747  2282  2389  4589  83158  21199  1943  8467  375  1949  169186  100780  1.51734e+06  0  6465  308532  73001  590025  
745  136  2585  12905  40  26  756  2592  39  81  30  774  201  122  206  33  22  639  150  1021  176  220  152  219  322  26  267  1225  642  282  5  185  1  47  752  864  3695  237  6817  419  1135  81960  341  48817  131536  281  98  6183  6679  355  522  46  10956  5732  3811  2131  354  42  1452  536  4242  685  933  1568  6601  7048  795  7425  63611  53781  26073  131  5920  8  1039  13645  407180  122806  3166  0  6550  34928  2352  
667  846  3601  5428  334  126  2627  22828  291  1142  1784  936  3537  461  3114  1613  577  16506  2814  21598  3974  5783  8532  15504  9195  977  1149  700  4085  1593  96  2304  81  666  51911  3958  12396  9167  9312  31955  3397  11225  1389  16963  13492  1616  327  9425  56168  939  19138  839  13584  4323  12517  158397  11096  509  31117  6368  62713  17751  20656  44904  112921  472820  365236  733164  118121  210875  88461  721  12007  157  2523  1.80952e+06  62194  60090  95976  59976  0  1.59859e+06  169154  
191  287  1137  1506  146  59  938  2885  171  338  326  66  128  39  187  673  104  2955  354  3167  383  1391  1001  915  605  73  124  499  1963  686  10  438  10  99  7267  2213  2816  2970  1773  2057  2591  4359  905  5165  2610  1589  280  4162  12128  709  5102  397  578  231  589  8651  4595  398  43878  7698  47650  8177  7976  29094  14445  134802  14141  449725  332508  141922  43958  421  16148  127  12189  731541  44480  25518  81834  70654  1.12507e+06  0  167632  
18285  49477  67713  14113  47814  23165  161105  858186  33123  719751  183037  314  1095  1013  8736  393201  12256  243512  63564  104391  14438  21185  89785  42554  79844  12823  21954  32176  101520  38722  2377  30345  527  5930  3.09263e+06  835903  620519  2.07395e+06  24736  140589  340166  6428  16093  31805  3420  30463  5819  92097  627455  34597  741909  40373  293  841  737  20978  488363  9491  304969  45809  296360  32445  18411  78331  45501  73347  14269  39525  49529  150241  43517  4615  24927  1229  11012  2.84637e+06  300184  620304  2.37775e+06  7554  826798  316237  0  
