0  1.50192e+06  80137  810749  257134  30433  577693  31162  812  16796  3023  9411  3771  1661  2282  14457  29883  43955  20653  19939  17311  19040  44441  33324  19252  2580  76243  388257  62082  269585  11229  669259  1304  1.08061e+06  86556  100614  285878  41694  35712  15353  45976  4408  686  2822  58250  136  199  5813  9257  1644  1434  714  1966  671  381  309  1395  288  4486  391  4761  2031  491  1302  989  690  88  416  710  1264  1339  113  1211  19  173  3438  13503  1875  937  2710  974  1338  48730  
1.1278e+06  0  33393  27994  721727  13626  584431  24709  1102  15762  4643  1101  639  550  1480  12271  12441  59351  17324  25478  27949  32623  74333  43728  20148  2634  15161  15590  27942  79655  5700  53403  214  54334  389751  341070  490725  112086  19929  41876  30929  9700  4291  13060  41806  719  183  37918  31217  1681  5457  692  644  217  233  376  1454  366  5572  581  6202  3373  759  2015  1382  1051  159  712  612  1382  967  135  876  22  210  8603  48099  3197  1560  1147  1926  2509  160575  
53630  13271  0  261157  1081  105  302938  90196  273  3043  830  524  295  217  320  1876  661  9065  3227  4036  7823  10485  15191  18059  5471  1157  3697  6310  14293  22088  1112  4304  12  599  45220  102769  130513  15414  24370  8824  11058  11064  3186  19231  59196  338  66  24888  16224  381  1187  189  431  121  126  125  399  104  1321  166  1550  1233  291  980  657  405  46  324  310  453  377  55  331  3  73  3076  41989  2915  534  867  620  916  22312  
837017  17565  188275  0  3814  408  82630  674602  404  6013  2881  1.14434e+06  61530  26056  26395  3908  1457  13623  5146  42676  10651  10063  14634  20078  29162  5534  100796  190744  51344  74855  2014  47994  54  8195  51343  223625  163742  19210  166009  19673  86931  138483  10190  180000  2.04555e+06  1158  765  98172  243959  1766  5421  2099  376577  26110  18878  7877  2050  705  4652  1179  25568  4065  2507  11330  7530  4820  439  5656  8985  7144  11200  303  9609  30  1596  29184  279660  41654  4703  38378  6066  11041  24917  
269881  882939  2475  4663  0  1.05755e+06  1.19721e+06  115511  16270  81816  12959  539  927  858  2518  57221  99285  97660  51408  55393  16321  8207  47161  7190  23404  2356  21330  12852  24734  58386  17796  128847  2647  788434  634063  409947  425164  99583  3615  60301  35494  2262  1942  4075  8623  4782  3353  97805  66512  24000  11603  1770  324  355  349  621  3108  574  9106  1276  9116  1221  531  2277  766  1208  215  740  672  1453  1267  217  1854  57  1083  13526  13549  5375  2847  488  2989  2478  188428  
41365  49869  1051  2342  998860  0  544093  546940  367181  1.32638e+06  12992  319  2267  2452  1266  75322  231255  45030  127223  32222  5264  2087  16264  1965  6122  960  5408  9845  41459  92573  39587  335139  7483  1.30452e+06  154039  53915  186772  42174  877  10269  7428  517  333  409  1130  1192  8596  44442  174598  100790  26777  2995  118  827  476  651  3470  508  8530  2711  8756  675  291  1567  384  611  154  482  612  1215  1117  180  3402  100  3376  10723  3281  5992  3368  164  1701  1041  59146  
523797  627257  376997  120633  2.08157e+06  551699  0  1.41816e+06  790689  223062  16790  2537  2364  2101  3492  50279  41536  114756  176723  70194  32898  31848  100161  41849  43139  4393  29982  18556  161930  203585  28187  54503  565  35090  788872  760402  527891  143572  28453  82423  49183  50698  48223  92323  199966  41591  35887  1.26245e+06  558948  204327  59175  2728  3187  1998  1325  2452  7408  1906  22627  8884  25516  6126  2298  15640  4273  7956  1016  5922  5429  7347  7486  566  10824  210  9384  111519  262128  46698  17477  3492  17286  10511  236798  
20252  30729  106098  876654  127559  223717  2.47847e+06  0  1.67194e+06  403921  469094  729292  1.80887e+06  745564  245205  41976  20421  123447  83165  478256  41764  20177  57835  27819  67833  57197  49300  23826  38866  34970  4547  71128  792  58435  477699  378358  457696  173674  23809  106766  36034  27905  20737  61316  256865  26312  43466  848495  3.57466e+06  693806  356339  41140  303889  233377  144970  61087  18786  4257  55856  21858  199055  21096  10605  34108  15870  18743  4278  14236  12470  17287  15338  1066  26936  606  22828  270672  227898  123298  48060  6727  42641  18956  270507  
2657  6119  1330  1779  109640  529277  1.04973e+06  1.99742e+06  0  1.80567e+06  8105  181  184  162  230  29882  33619  37851  249099  5236  907  467  31994  819  11734  543  2375  2781  115293  112904  23624  27316  203  16388  56596  16490  39856  16149  1204  3560  3276  421  465  539  991  1201  4000  28627  48279  83888  76010  907  56  153  63  178  2581  220  4328  3141  3129  297  94  1043  163  404  59  225  319  1174  500  47  1522  49  1620  4511  5178  4441  1942  132  951  470  29855  
22837  16247  3615  6839  145147  1.20455e+06  255573  1.24213e+06  1.39649e+06  0  127620  1101  1123  1307  859  2.01049e+06  217389  74307  128711  21087  3095  1368  13483  1877  5818  753  11249  27287  37808  78615  28346  410266  64547  636039  161747  80229  448924  309934  5022  9557  10853  1522  709  1123  2933  1170  2391  15535  113888  57462  485792  21799  388  552  1023  736  50812  1339  18974  4982  13582  1137  429  2468  682  978  227  981  1460  1652  1476  225  3883  121  3742  22353  15166  34844  19110  473  8154  4048  217426  
1983  583  586  12416  2054  3411  6791  480757  1630  244283  0  17237  43387  1.11755e+06  6581  126679  8465  54338  1366  770027  4239  1072  908  1013  1486  941  2697  3472  933  1490  312  7930  931  5799  21655  5284  24925  14388  1680  2747  2669  1454  524  780  5132  949  1092  5009  178506  14808  295423  260640  5703  9588  61993  8283  102909  5829  51473  4555  66110  2296  684  2793  974  2126  908  1650  1779  3372  2862  1923  8753  665  3354  22336  8613  20054  11092  586  6614  2777  26955  
30935  4444  9218  1.41947e+06  2542  253  29553  1.20957e+06  158  3211  5670  0  321595  105562  97786  2206  381  5596  1071  114295  11875  4840  2281  8293  18304  12631  50601  67535  8505  4634  200  11697  32  3771  11513  12776  49121  7341  27515  17145  37254  33042  1367  13071  398549  1038  594  30856  294189  1752  2567  5317  870735  110305  61183  24763  1155  377  3301  595  69993  8578  3942  4447  4836  2471  495  3631  4823  2663  3901  144  4201  23  1261  26353  44874  15107  5039  11507  4311  4555  10622  
17054  2466  5041  144228  4685  707  35337  1.29001e+06  284  4115  40218  450330  0  641330  407752  3139  550  14146  1575  512085  44369  15275  2681  20739  45750  49164  51658  39927  9253  3987  232  7406  43  2452  24680  11123  42821  10640  25116  60880  32711  9406  775  4747  60480  1854  1104  24785  346145  5118  3802  8780  205044  520100  72821  30238  1966  621  7168  833  117428  8241  3882  4008  5107  2171  1133  2042  2152  2317  2712  222  3062  43  1139  22856  21801  15572  8076  3058  3732  2485  19248  
17022  1027  2425  120363  1666  3334  10874  1.00331e+06  336  11791  1.22906e+06  241219  508319  0  697764  24068  2237  44604  2412  1.15162e+06  52615  16779  2286  18967  17253  16430  32189  35373  6365  4250  379  9497  209  4175  20683  5203  39004  12509  16929  26480  22779  8483  353  2518  37175  458  818  5656  245294  11791  53854  101704  63208  159148  918630  132296  31033  2433  52326  2146  387676  32800  8215  3127  6167  3631  3773  4187  3081  4429  4042  935  5636  232  1661  15649  8998  9539  4806  4554  7017  3780  18400  
13068  772  2127  97154  800  226  4694  92094  97  2280  8572  161378  224452  575205  0  2448  1476  91890  9157  1.93243e+06  103710  58725  7962  646239  51126  129289  45035  23800  9755  5770  364  9293  283  3447  55913  4449  24309  7339  11195  120703  19351  3534  320  2492  28741  230  236  2758  34001  753  3568  12471  28702  40060  142559  373377  5332  2317  62499  1969  333237  22697  10786  6243  13090  5516  3222  3933  2334  8268  5982  1021  4947  58  494  23625  6712  7263  4737  3221  13868  4688  31312  
23855  13057  5127  10604  81178  76277  111917  118295  152038  2.10918e+06  175979  1646  1407  6650  1597  0  2.27682e+06  665293  413078  66340  4980  1666  13863  2339  6568  1363  12602  35586  34341  75421  26682  647203  286438  633891  243000  41560  576218  412677  4629  13347  14627  1599  730  853  3512  1513  1270  7814  19508  7019  67529  74156  704  463  3582  1805  134721  10696  96257  7672  52264  2293  669  4716  834  3551  463  2112  3043  5710  5776  4968  20050  1485  5150  29633  8444  19425  12542  1008  9859  8259  282525  
39292  33855  4733  9429  247267  169781  121075  103864  74728  292804  116285  1557  1893  9360  6698  2.3076e+06  0  968673  2.18756e+06  607224  23486  5333  22301  6015  17441  5515  17333  42766  87335  537562  431706  2.92176e+06  1.03687e+06  735621  228243  57498  421423  131992  7291  22351  20313  1879  824  1088  3687  1349  1525  9953  25116  9641  24171  48627  600  706  6127  5914  131537  15311  314759  12749  178088  4522  1716  7851  1945  6094  1110  3558  4097  10776  11378  6545  23381  1402  5394  42357  8937  23692  14744  1325  13610  9333  144122  
22512  11501  14399  17538  39862  17469  78330  206983  132994  100137  155148  1714  1590  5255  8775  821974  585630  0  3.25263e+06  728066  200983  36324  783272  37113  167874  15613  30362  44687  109378  96125  7692  232209  7905  127469  250613  29902  395832  137916  11402  99797  57029  4717  1768  4232  8095  1017  1324  13225  26227  10854  36653  7081  745  664  2945  4604  23986  15519  348028  26544  171882  16789  23018  66027  22937  32819  2469  8310  9313  52088  35284  7295  30815  632  3380  94543  11770  39825  23908  3974  34008  23417  199385  
20643  13964  11013  14402  123937  64131  341903  172464  181574  118551  7881  1098  1019  1433  7587  176242  2.01725e+06  3.05732e+06  0  366532  22629  7288  1.00151e+06  13004  249066  15283  27077  42123  813679  1.97089e+06  688580  631601  3960  120926  156895  23210  352994  142359  7919  49935  36127  1278  525  1437  3455  553  814  10024  14556  11679  10572  3549  380  292  713  1490  8916  2873  54193  5285  42236  2787  2824  11002  3372  7422  617  1849  2097  11782  7651  1275  6444  104  929  19964  4051  10337  6613  1759  7186  6798  128257  
23070  5878  13741  100065  9625  4767  35326  261245  891  28494  607969  139878  215490  686499  1.97754e+06  44156  28599  1.18511e+06  46539  0  1.94351e+06  683027  50685  868675  150495  178729  147465  41778  55808  54092  5258  86133  4415  38029  362892  32864  178762  87937  19994  520834  70495  13191  4252  10845  40839  2414  3027  25923  117246  16669  40725  55249  28960  47443  145171  165234  50823  34260  618952  59860  1.86439e+06  106230  90878  185293  106142  88054  12814  24899  22852  122321  82890  14938  71434  1241  7828  240609  27855  94922  55103  9664  94634  50742  203463  
3014  1302  3437  4317  1484  195  6741  5813  52  591  746  1812  2083  3677  35510  971  1418  298188  4596  803791  0  574752  71782  266922  16207  19979  14401  4581  8753  10327  553  11883  369  5006  43417  3138  33557  14308  2071  59786  11903  830  391  836  2016  178  144  1996  4283  324  435  317  1023  2147  3264  8090  340  1336  19004  5622  117098  67568  35780  41009  32660  10761  2227  2926  1961  6911  4596  460  5037  27  534  32548  1376  7983  3738  863  12529  4469  20728  
5339  1978  6380  6113  653  74  10408  4125  31  312  194  1683  1749  3135  40683  258  359  99387  1394  258415  762582  0  85551  737720  15709  25467  11872  6660  13931  17486  285  4941  74  1143  32470  3259  38412  14841  3215  38586  18327  428  135  556  1506  63  58  806  1894  121  208  131  645  1127  2043  4988  132  337  7470  1274  33829  111135  54388  14371  59898  4494  1030  1371  708  2219  1577  120  1412  9  139  12437  705  3155  1312  971  7836  1949  18463  
18954  14822  19032  18648  28790  4205  76927  60915  36165  4401  806  1003  799  706  3897  1831  4454  744118  1.06722e+06  58582  63413  67453  0  327981  989860  33493  29963  32758  1.36538e+06  796417  16144  252666  552  44850  76538  11725  257158  65546  8543  42861  51898  541  238  1005  2800  189  221  4399  6488  2227  1661  250  363  149  141  672  672  575  9987  4007  19221  7621  15042  39811  8712  6490  684  1004  729  3004  2021  215  1986  15  307  28877  1774  4994  2601  1896  4727  3796  63812  
27506  6076  27132  31570  1358  236  34128  11627  208  1301  467  4652  4331  7490  577766  841  901  149903  6747  535368  407527  845116  649051  0  1.43149e+06  557317  49942  35628  104496  88694  1530  17240  98  2615  113622  11540  106918  36295  14361  202156  52044  1824  558  2706  5719  136  124  3025  4093  265  573  368  1509  1589  2378  6872  436  508  6597  2300  35371  20678  17409  51886  285281  17416  2756  3837  1980  5593  5229  166  3483  14  232  33770  2185  11048  3098  4011  28987  5137  99449  
24839  4825  22846  38278  3628  1274  35294  36283  5153  4310  1419  12790  19063  15689  43598  2353  1990  125924  103161  87334  47528  47602  925358  1.69882e+06  0  1.6576e+06  1.21168e+06  159114  3.21011e+06  135951  2627  31028  333  8084  246586  48812  156045  94622  37038  575550  266800  1005  181  1344  6174  188  227  2333  8115  945  2057  1748  4253  3313  1072  1775  1614  927  12113  3187  20195  4713  5951  17884  20592  22415  1772  2574  1522  8926  4824  353  2616  30  319  25635  3177  9283  6288  5476  16778  7987  173976  
6681  830  5684  11720  460  113  5717  9680  175  640  340  5184  6998  8415  76748  720  389  38659  10853  66099  33108  32033  69614  399760  1.54658e+06  0  306588  11379  72202  20211  516  5518  78  1399  20959  3212  22711  8719  5652  158374  14192  204  27  376  1922  32  25  379  2508  84  324  623  1903  1492  433  732  299  122  1530  380  5075  1148  1636  3331  3807  2220  506  613  229  903  523  36  326  2  45  7233  633  2020  820  1473  6154  757  136882  
45784  1441  3951  51552  1183  263  6231  25957  260  2153  1243  16185  19381  12504  21970  1732  1435  28141  5692  44603  15202  9898  17638  19189  946420  417297  0  248444  27079  10714  606  8322  196  6884  216838  36494  109574  117041  26060  700595  600619  2375  79  583  14686  84  131  1066  7273  428  2551  3217  4705  3046  1198  1444  1262  373  6163  442  9557  1522  1964  3163  3538  2839  1094  1909  1328  3449  2520  192  1647  11  134  19758  5477  2704  2235  4136  13469  3792  81929  
299684  14121  23290  204691  8628  1424  30632  19156  621  8471  2308  28940  13176  6930  6687  8667  5932  49690  16981  27580  17598  16781  45139  32631  152203  6749  557279  0  170085  282791  3628  627896  709  79103  99420  25112  308331  98316  62710  53530  493212  6492  143  1766  44776  213  383  2021  6891  1729  3599  642  6567  1936  924  646  1527  449  5133  685  6414  1834  1206  5465  3385  4316  216  1321  3085  10849  7474  180  3761  22  319  5555  13144  9279  5080  14424  3241  9359  42977  
30942  6179  19548  41634  18089  8043  113559  39119  52526  24288  2903  3293  2462  2531  6651  10156  10643  142524  458673  58926  42911  50488  1.27125e+06  119536  3.16822e+06  61566  65682  260376  0  3.97308e+06  48231  90514  492  18224  175573  26109  171980  86794  34966  192190  99818  895  228  1284  4956  275  363  3740  5398  2543  3101  2427  914  357  470  1042  5467  1368  18231  2494  20497  5473  2673  9149  6130  6600  557  1315  1450  9711  5740  569  3325  83  463  11893  2862  12227  5847  7030  5955  6908  93014  
135666  51423  61844  98647  81232  25369  259485  81929  67240  88949  21101  4221  2967  3820  7299  40286  642625  311608  1.19057e+06  167803  93391  98154  746442  144996  179349  18050  72739  523402  3.92494e+06  0  1.47583e+06  3.97738e+06  2189  119037  284732  47272  651051  289071  40165  125980  157053  1793  494  2730  10501  552  746  8362  14068  4105  7756  11002  1205  533  1433  2138  25963  3971  72623  4143  51344  10028  3023  9760  6110  5962  641  1893  2242  11450  7798  1623  7093  261  1283  21641  6475  16989  10049  8294  9057  10445  207084  
6362  3389  2874  4642  22640  7852  34649  12824  5829  34879  6883  370  322  769  1625  13772  687195  71926  1.03379e+06  63661  10509  2168  33881  2924  12169  1809  4144  7779  86581  1.95308e+06  0  850707  391  11886  40674  5779  116417  81059  1811  8142  5993  297  104  224  834  144  167  1780  3090  857  2179  3883  141  95  457  601  9039  1459  30804  1250  18856  701  345  1231  440  1035  162  502  550  1876  1730  592  2131  100  382  6484  1146  2773  2252  382  2177  2031  43284  
468844  102466  45179  114461  216061  297033  135473  169501  22063  276594  66112  7247  4366  8134  18246  463596  2.04939e+06  746648  448872  529061  125097  48316  396067  49637  74277  14854  66694  1.21005e+06  126563  3.9068e+06  571659  0  773372  1.5845e+06  169563  50069  1.18835e+06  145895  22606  44722  135022  2941  697  2618  17961  795  1312  11324  34899  13013  10326  14465  1746  1031  3618  4080  45604  8079  212682  7967  129029  6564  3259  10105  4337  6672  917  2847  3475  11243  10270  4093  15101  674  2725  31304  9188  18695  11469  5757  10767  9266  106071  
4964  2592  431  925  12030  8384  2231  3769  88  28949  3844  86  82  253  528  129554  371901  21625  2962  17562  1938  459  1536  491  890  362  1607  7539  1030  5368  1947  558893  0  259589  7387  1486  61013  9131  309  1042  1418  80  22  53  231  45  68  393  1069  310  777  1683  33  25  194  153  5079  470  5809  347  4101  190  67  270  80  172  37  87  133  250  239  192  776  62  202  1217  307  734  433  63  384  326  6609  
1.06559e+06  207750  9307  44003  924676  1.89537e+06  69939  146543  4163  983535  34611  8340  3724  2877  5038  1.11947e+06  1.3825e+06  278918  75611  131491  20811  6057  37187  6694  13314  3191  49650  213048  27927  189494  69362  2.1787e+06  846669  0  69128  26935  1.18457e+06  65265  3782  10523  27950  1662  280  839  9255  496  1844  10877  48338  21096  11015  10645  1911  795  1148  996  20610  2114  35155  2116  24938  1341  651  2266  831  1287  214  747  1130  2132  2326  929  4703  219  1478  9496  4430  5163  3157  1643  2560  2083  43436  
98108  72456  161056  160613  97131  34929  609793  1.6444e+06  15232  687154  195059  19173  28643  37257  102114  438516  63710  1.00702e+06  125437  698494  195816  94598  189691  98849  761232  71285  829832  171086  323491  169480  16170  113882  5023  41524  0  2.87002e+06  604515  686437  369481  2.59335e+06  1.4582e+06  6090  1960  11372  31086  3549  7452  112024  319571  64605  41514  17328  4282  4526  5459  11890  23804  5678  86659  8144  103749  18631  10885  35779  18238  20151  8566  20418  8847  18554  13624  2032  13934  353  5020  254076  28116  47484  45594  13473  103393  65317  3.95571e+06  
59411  30885  84459  105560  48099  8315  330926  228812  2124  66616  40716  1995  1668  1685  3740  64874  13996  89950  8116  95237  14222  5771  11886  7087  152274  6580  140331  28043  60171  23418  1666  22908  1449  14908  1.93815e+06  0  227502  181130  1.08794e+06  437242  190548  3063  596  6043  17391  681  557  17895  24043  4814  11170  6548  612  362  749  1126  9284  1325  24582  1337  20426  1662  1004  4399  1840  2326  363  1378  1277  3713  2761  555  2670  114  609  19068  11998  10177  5567  5808  4876  6011  316404  
183536  104956  200457  254590  220577  20046  630740  1.21805e+06  9502  708696  168978  33957  22997  14664  15644  378655  65303  417217  132639  221171  54372  25655  106498  30021  47177  8904  67074  109418  67799  140478  28925  159303  3938  157354  317626  831130  0  1.60686e+06  332462  50624  154108  6626  1599  13299  48447  3163  3293  92191  163557  24827  48424  18172  11784  3410  2494  2264  17925  2179  28327  2916  30153  3593  2045  9148  3497  4127  531  2332  2886  6039  5241  938  6289  197  2454  32711  25568  25484  12065  10940  7110  7311  211779  
9559  10325  12638  15828  32650  5311  73118  269962  3782  276695  32886  4159  3149  2564  4995  149440  22061  114490  83552  75508  19942  5720  30680  6369  24023  4333  38885  11927  26742  53148  16696  18308  459  5165  133103  136514  1.5084e+06  0  36458  31009  119875  991  294  1299  4919  401  716  12108  29527  7250  12996  4260  1186  469  486  726  4979  724  9394  1111  10318  1505  932  4160  1540  1847  274  834  811  2889  1813  284  1705  47  517  13844  4374  6834  12444  2668  7127  14597  380859  
41634  4319  20176  204576  801  89  19843  13314  119  4525  1989  8583  4895  3094  2249  4360  778  9324  1523  10578  2822  2065  3948  4609  25204  1947  36882  30154  15922  5842  288  3897  34  507  141676  400134  149411  26338  0  39790  70866  2333  66  2855  24438  71  98  1251  2476  176  1162  247  1490  482  311  227  516  196  1996  298  2390  414  503  3049  1488  1429  127  671  1268  2884  2432  73  1428  3  82  2858  7728  7530  2607  11099  1275  3036  16518  
14485  2018  10710  36803  1274  368  13297  36413  417  4227  2167  25217  30855  37256  117687  3424  2232  58430  7323  165647  60039  42933  19394  100269  711535  406748  1.69796e+06  53795  112694  40638  1345  11638  413  3555  2.0292e+06  104409  76608  83688  71061  0  1.23527e+06  3133  282  1664  12410  219  262  2493  11688  708  3601  8897  6025  4179  2992  10276  5006  1615  30736  1933  50209  10219  18562  20833  36244  19217  11007  18371  4288  10504  6897  673  4095  43  343  158100  10427  13455  10945  10504  141288  18386  147519  
9713  1300  3714  17002  1167  304  7506  13156  233  3117  1294  8207  5721  5683  10751  2233  1143  52620  10556  28032  18779  12732  40157  11170  157105  21790  1.56062e+06  170500  32461  14495  604  9122  92  2126  590423  87439  209867  371145  46944  1.03804e+06  0  1307  84  499  5401  90  153  1327  3352  576  3182  631  1679  517  457  966  1235  425  6506  525  7369  1439  975  2947  1647  2390  596  1503  951  4101  2311  169  1239  16  152  14961  4560  3437  4970  2417  7874  9194  222517  
3496  2394  2926  50908  1120  137  14133  15875  328  2459  1914  13716  2642  1314  957  2488  688  11756  1080  12620  2348  11124  993  28247  1180  279  2880  4091  1077  1098  116  1958  69  635  8739  2922  3785  2350  2743  2100  3156  0  1.66622e+06  133035  939119  322511  26196  688354  74791  3502  21370  2378  28925  9920  4751  5688  15833  9955  37851  19099  32045  11521  21107  218752  107209  50267  2409  47171  198714  45829  125792  5027  442401  959  1.23779e+06  259233  155929  657834  56765  74741  31914  47384  90239  
2834  12100  8585  7606  2409  85  61881  13308  171  1038  708  131  72  91  167  1144  295  4396  436  4603  1157  4006  561  9064  460  135  506  315  380  368  37  514  20  204  5356  2115  1879  1347  638  1278  1159  1.06412e+06  0  40736  22623  501762  11841  471644  30778  1583  10537  1409  420  216  375  4413  7651  3511  22304  9222  21776  8093  10284  110233  31763  37247  2645  25503  26285  18651  30588  1612  106315  286  28887  400647  289116  295173  61784  12524  70733  32879  83332  
3048  5544  15580  49619  1027  34  24867  10836  41  321  192  134  46  33  66  286  84  1539  204  1332  469  2177  468  5417  342  62  367  461  594  651  41  301  15  100  2505  6751  3799  601  3086  558  1005  63233  13796  0  136502  717  332  250533  108799  294  2706  339  274  78  187  583  1860  633  4468  1494  3618  1362  3644  33470  17305  6688  311  2182  2215  3902  5558  152  3410  10  1943  40549  46402  116021  8083  7103  5142  4760  13456  
61244  42514  91331  2.113e+06  7931  286  155405  243460  252  3568  2817  625857  27659  12573  9986  2802  636  8231  1738  24453  4718  6034  4650  12769  11543  1959  42295  66231  12031  10725  418  12778  34  3062  24008  94416  67045  8932  70923  8324  38773  893187  5047  178846  0  1348  1385  51480  620690  1685  6747  6764  1.31566e+06  50027  59203  20662  3599  1448  8708  2846  66506  10062  8107  41610  31452  14730  974  14695  22389  17082  27281  622  21134  58  7679  57860  340711  143530  7935  87143  12785  25877  20678  
363  1886  1115  1525  8437  692  44417  29153  967  2561  1917  139  314  170  226  2207  426  4548  507  5086  1177  1813  488  3238  433  131  407  237  434  364  60  598  22  377  7083  2187  2311  1998  455  1317  1077  401716  621324  2843  3077  0  934323  711471  79799  21053  49922  3562  299  567  798  6528  28071  13543  40584  16453  38157  11943  6800  81256  12253  32572  3213  24124  29295  34644  63922  7399  84818  1669  439339  418999  256568  260365  97919  1684  67511  27021  83036  
357  575  405  1147  12036  6342  93407  107850  7295  4907  2317  136  677  282  172  2722  716  3708  1044  4152  647  555  748  925  486  69  463  479  891  978  114  1300  33  1890  10968  2601  6051  3039  314  1046  1045  49580  46262  1550  2447  1.21277e+06  0  949835  296858  870427  1.40152e+06  3695  209  646  753  4217  52249  35679  34671  41171  25904  5394  2255  29911  3601  12286  1202  6407  13208  88370  76727  12072  141203  7762  1.05326e+06  139502  84704  109151  43549  573  18972  7854  47253  
17919  67547  58220  53936  132464  11390  917765  253367  11026  7628  3412  514  648  484  587  4505  1452  12894  2705  12915  3078  6637  2979  14428  2128  327  1927  1344  3286  3194  340  2836  85  2785  43700  24737  17842  7730  2280  5132  4119  330746  571601  371722  52735  1.14812e+06  1.14843e+06  0  1.60986e+06  947848  162397  6653  979  1255  1789  9815  43026  13597  79723  61867  72449  17557  15561  183269  49642  59904  4830  34524  34666  111951  81683  3618  74847  1039  79836  579585  546817  511284  134099  21172  98917  44867  141016  
25037  53906  66933  373037  135139  48942  1.08026e+06  4.2388e+06  82268  195574  154827  62394  145992  59029  31519  18614  5171  40503  13564  173005  18978  11911  12522  18254  11947  6396  11980  10939  10971  11987  1220  15398  238  20306  169009  90386  112467  48654  11937  22561  15151  33608  33344  174004  712626  31706  99580  2.04372e+06  0  1.8289e+06  689339  534616  1.37648e+06  1.71038e+06  971010  502411  41035  11611  122597  23910  921262  111642  62139  91992  101883  57867  48640  52539  34504  30116  39382  2777  92705  2752  87744  642564  736387  397333  176017  12661  135668  49083  288392  
1045  2602  624  1367  20364  25125  164267  431167  86425  20702  2370  115  159  205  148  2036  1350  6195  5963  4242  719  371  3238  413  1416  109  881  1572  4367  3559  352  4666  49  6915  17643  2687  15747  5473  537  1015  1399  2109  1699  1036  1832  16920  680874  833163  1.59016e+06  0  1.85014e+06  1959  95  236  144  1050  24566  4086  85420  195876  29385  2705  623  49268  972  12413  520  1920  2558  67095  13266  480  15100  572  22005  39152  190086  38295  23960  249  8948  2589  31930  
1705  7401  2935  7645  10156  5519  64016  291838  46826  233075  22064  1239  922  913  505  18592  2280  10263  4422  6742  1036  648  2137  892  1912  203  3278  2935  2874  1879  176  2167  91  2163  17298  9963  12492  8670  4925  3015  8168  22660  10993  5484  11536  45101  1.20076e+06  365841  725054  2.06528e+06  0  87996  893  858  1636  2985  2.30141e+06  209116  133227  130463  32203  6253  1765  31743  2603  13360  1152  13069  29357  98761  90002  24273  675451  152195  969047  139093  656525  350692  245629  2986  69486  19226  135846  
704  525  623  3292  1542  715  9506  66493  4313  338032  294755  1104  2187  15876  1644  96545  13258  13194  2027  27557  816  287  519  308  876  455  1206  1192  1149  1031  192  3315  435  2732  16752  10355  11372  9301  655  1711  1803  1414  434  586  5241  1033  853  3247  419204  2944  229267  0  7322  26625  723348  9218  127233  4743  53707  825  357486  2102  532  1062  849  1253  727  1155  1210  2299  1537  715  4434  418  2035  13301  6424  9529  6603  623  4138  2403  19994  
16937  6815  12634  561962  3694  242  42593  423643  166  2471  6065  785978  173713  44294  37888  2250  349  4705  682  65306  7458  3679  1519  5956  8273  5209  24118  32590  4339  2658  127  5671  32  1842  10720  14520  28306  4514  14124  8242  18140  98103  1779  22470  952592  1260  649  34851  1.13808e+06  1459  2954  15336  0  377766  166447  65177  2063  602  5162  823  169378  21445  9739  6067  11664  4225  1288  13039  18124  5832  8602  216  9949  42  4148  24605  56618  21286  5107  54229  4740  15057  10140  
3080  2783  4311  57562  5048  618  39503  245566  406  2460  13827  60546  311622  104259  52077  2320  328  4925  435  99676  10244  3835  725  5185  5934  6742  5625  3670  1064  821  62  1268  27  612  11756  6608  7271  3373  2261  9027  2515  33972  550  4041  75966  1638  1024  17222  1.19974e+06  5847  3846  26680  402291  0  362023  134280  2572  654  7356  865  245517  26609  10721  3954  16263  5807  10130  9165  8033  3114  4838  204  6075  33  2179  14276  24998  16122  7389  15506  4866  5816  11578  
4449  1673  2933  56386  1467  799  15314  201341  987  43002  187812  40556  60439  843008  157169  36689  2900  27731  1872  377979  25438  8680  1066  9624  5024  5543  8740  7089  1934  1899  255  4387  197  2005  14421  5155  10456  5037  2834  12486  4281  15070  355  3485  58818  439  567  5178  887128  4667  41423  1.12816e+06  143772  426862  0  521808  30522  1809  50680  1517  1.07264e+06  75582  22057  4087  22633  6224  9126  8701  6876  5341  5810  581  6425  102  1739  12997  14518  10816  4321  19386  7832  6979  12829  
1996  1040  2046  31286  826  265  8785  35784  131  1297  11032  14036  15648  84001  507221  6846  1073  32217  2415  337994  23872  10195  1799  15300  4668  5647  6812  2783  1935  1899  203  2987  120  1207  16136  3218  7319  3517  1841  19151  3565  7134  595  3851  39819  485  622  6533  156785  1725  1620  3500  48878  134539  493681  0  2461  4435  65381  17542  1.8547e+06  103757  99783  18643  740262  40060  152697  65787  9919  12256  9823  1612  11480  104  2128  26588  10942  19600  9744  12303  67027  15960  18671  
756  927  864  3473  1694  440  9599  18870  1963  49564  25746  634  386  1114  464  72867  11697  10349  1551  13574  1304  621  1137  902  1056  224  1468  1404  1362  1164  223  3573  424  2266  20003  4919  8056  7318  1746  4813  6388  21278  7895  8741  13659  20810  38949  47271  60965  46763  2.1546e+06  112788  1907  1065  4480  3764  0  2.11826e+06  801095  127974  41412  7720  2012  35537  2802  14845  1570  17774  39857  65984  59356  25086  938692  641296  784900  227177  134551  617644  402368  7098  104725  49275  256768  
1367  805  1093  3627  3146  1012  12856  25248  1121  12666  75523  637  614  7014  2691  197766  29686  148711  7937  150756  4249  1634  1964  1984  3503  1201  3240  2790  5581  4812  1220  20904  1649  9392  58362  10046  22868  15251  2088  9423  7903  19682  15108  6706  11268  72425  147067  90994  68553  129618  320764  13711  1843  2691  9325  18116  2.78543e+06  0  1.01311e+06  1.79598e+06  263285  20359  5747  33455  6739  27087  5432  26694  46516  195613  552111  445288  1.57251e+06  549181  486103  416568  231319  368132  220306  10065  99119  65185  274163  
3203  1874  3254  5679  4231  1193  19697  32045  1835  17468  36116  662  586  3079  2832  72513  28015  248111  22644  159383  22942  8620  11536  6656  8671  1535  6923  5944  14410  14902  2620  31675  1580  12536  103689  15449  44965  27342  5324  25831  17055  14375  7952  9992  13359  6485  7497  73985  89259  207926  117293  44314  1228  1380  5369  22917  862381  761147  0  2.92048e+06  927796  141441  25632  716603  20416  119383  10643  37325  44830  95917  99832  16525  177201  2846  35908  189954  27963  297391  132938  7305  87806  90755  183876  
1554  940  1460  2940  3855  1267  18966  25740  2437  6098  24060  437  484  2629  4148  49164  15057  181610  15428  144525  13361  4214  4811  3860  4520  1254  3764  3022  6755  6813  1247  19419  1226  7989  53359  7898  25046  15016  2502  12016  8554  7155  6869  4898  7284  50821  115163  204541  41429  531227  124164  2199  869  1550  3943  85336  24528  1.83185e+06  2.9592e+06  0  578980  114809  19758  1.72729e+06  26949  144282  42871  45909  23220  602181  1.91546e+06  1.22561e+06  189155  2007  23376  187224  59003  120296  93753  4544  90689  42737  128835  
12070  6016  12788  65627  8512  2342  39938  112037  2042  57728  105446  20200  19955  99738  147346  127757  40511  705559  68583  1.81722e+06  212467  69586  44573  69621  34605  16485  29123  19277  42457  42318  4979  73869  3748  31331  248497  33336  131077  71478  12442  126571  43619  26603  6667  17717  91237  3822  4216  50236  332434  17908  30464  303920  89717  244227  778458  1.83665e+06  20926  37165  1.09707e+06  136816  0  2.14466e+06  719771  230531  810427  166617  164535  129871  47607  143295  93907  14950  110946  1275  14244  231472  38218  171729  94308  26765  250133  95187  208701  
1185  574  1322  2745  721  105  3545  4206  57  1221  2029  422  392  1235  4367  3315  1589  77788  5623  85808  118288  86372  24181  22711  6617  2348  2844  1924  5795  4741  343  5928  299  2604  25946  2005  12069  6454  1434  31087  4680  2813  1670  2761  4638  720  393  7684  14237  1154  1274  493  1804  4802  7996  67231  640  3827  190777  23369  1.22557e+06  0  458729  169856  175963  38246  25271  27832  9872  21979  16515  1972  24445  149  2426  57165  4067  37349  19271  1815  57636  22769  31002  
354  164  363  862  156  23  912  1106  19  181  441  159  155  364  3428  530  277  26732  1188  29425  58993  62116  12274  27302  3451  2431  1909  520  1464  1135  65  1098  40  467  16459  509  2871  1834  887  36675  1496  1161  780  1496  2099  204  138  2966  4622  178  270  93  531  1257  2480  73403  153  684  55345  2887  409352  380060  0  110750  613766  21326  26726  17942  4852  9569  7344  257  6898  19  356  25180  1362  10868  3853  1004  49785  8866  7412  
950  853  1419  4913  1731  230  11525  17264  911  1282  1762  393  338  326  1356  3345  1091  121407  7796  71040  76629  47229  50991  59927  11584  2173  2304  1688  4937  2932  180  3337  139  1416  30507  3296  8512  7082  5475  9936  6286  22505  24409  37295  27258  12649  40188  160832  85772  124632  37759  653  1027  779  1349  24270  3997  18454  587242  1.76446e+06  258035  251255  202311  0  395504  1.13772e+06  21973  58711  55135  1.22718e+06  970848  26879  277951  250  10104  145686  28084  314139  66700  8718  77272  117494  99174  
895  363  1011  4270  301  45  2753  3995  41  346  874  373  304  404  6474  870  293  33362  2033  32793  57006  133195  19470  327907  8968  6619  4749  1763  4545  2690  107  1487  56  549  39902  2055  5828  7647  7714  59896  6602  21765  5912  21453  28414  1064  933  25459  24592  660  1192  187  1425  2004  3523  810362  731  1484  52526  10916  684094  173996  629961  498176  0  1.62002e+06  461175  148127  44123  103371  74183  830  46868  35  1360  90521  11371  84425  18927  9137  245132  63883  51651  
838  387  879  4186  593  100  3895  5571  133  707  1925  399  257  350  974  2563  1104  46257  4749  31921  25258  22810  14699  50753  16925  2531  3080  2610  6899  2937  184  2981  122  1172  23387  3426  7112  13043  11350  12045  11796  20032  5912  17784  25812  3037  7644  38412  26775  11157  4577  380  1727  1777  1664  73371  1876  2769  66638  90449  118352  38095  78721  1.10155e+06  1.84778e+06  0  1.64104e+06  1.36634e+06  300399  3.32641e+06  148529  1556  72034  64  2340  257634  37333  91625  29786  16287  614915  258514  92787  
111  41  104  866  99  32  1278  3140  26  93  406  122  173  127  374  374  82  3730  292  3730  4319  4137  1185  7171  1839  460  414  268  598  290  18  259  13  114  3695  348  738  1211  1197  3066  944  1265  227  774  2428  159  239  1700  16433  381  322  78  846  2097  1654  137415  317  418  9502  4571  72155  18191  44055  44792  369324  1.57414e+06  0  765185  49860  54271  7314  149  4447  12  236  17546  2800  6817  4365  1821  219664  35685  38983  
1196  251  410  9054  338  122  4622  8049  89  592  2383  1559  533  508  638  1943  450  8404  579  10166  2764  2721  877  4481  1800  897  2324  2302  1777  801  89  1069  33  357  12270  1768  2550  3020  5055  5933  3768  38760  2785  2882  16867  2589  747  8372  30250  741  3124  546  5761  5020  2584  110759  3449  2468  22755  5116  69625  16334  25504  42661  82650  1.1456e+06  799567  0  510881  44721  10791  452  18651  175  15333  157514  32900  52671  30471  20119  686194  524945  67614  
3505  709  1261  32455  1014  144  8626  13376  263  2054  1457  3564  1087  842  505  2173  471  5250  638  6109  1433  2628  796  5819  2913  817  4818  6693  5432  1712  99  1588  35  370  6625  4690  4070  7667  15762  4384  11984  210163  25322  18332  78257  20575  3934  60908  69121  2020  12833  1457  11317  5537  3064  5982  15837  10733  37236  7984  29696  10377  8182  79874  20094  218996  8191  498390  0  349652  397408  1938  637799  1626  121527  112901  61229  211891  30342  46808  91190  488115  51371  
963  487  868  3625  1504  391  7687  14510  1350  1922  6429  347  249  821  1639  13198  4263  66870  6488  60056  7944  10001  3548  19129  4570  1313  3239  3080  6935  3951  514  7327  398  3004  23800  4597  12118  16607  11276  8951  12894  15852  5068  8925  19863  42827  137949  236390  23408  150971  53422  982  1135  877  1737  19735  7826  47858  76787  547695  78878  21644  24345  1.45929e+06  83628  3.45512e+06  26968  79836  440116  0  3.94627e+06  16381  92764  286  9489  147909  44369  86597  52529  11792  183189  84567  75791  
1346  947  1392  7627  4357  812  22927  23003  1206  3879  21692  679  506  2519  2158  52886  9677  95135  6752  91448  8699  20696  3588  46303  4959  1582  4098  3858  8194  4707  781  10913  682  4544  38499  7979  16259  20591  14818  12027  15975  53688  38034  28374  53841  297721  451530  327148  70699  73597  91292  2812  2120  1935  4307  31736  23509  557969  188478  1.09732e+06  211506  70293  50740  1.0196e+06  167534  220975  14181  50356  499568  3.28101e+06  0  2.1205e+06  4.25783e+06  1961  45341  330452  145026  236130  82417  18979  106954  136528  184709  
202  237  225  805  1053  189  5434  4284  163  935  6941  95  101  864  466  17491  2954  21872  1344  22424  1159  640  360  1055  604  175  520  435  830  725  173  2708  171  1130  7831  1407  3106  2255  657  1481  1155  5079  13490  2345  4055  124688  152275  43880  12739  4724  23944  814  233  384  1130  6704  8902  659684  27621  1.21628e+06  52003  12745  3095  26466  4488  15250  2833  6291  9951  159780  2.43994e+06  0  801102  1007  20507  73165  48858  41456  14986  1348  13932  9452  21200  
2115  1367  1804  15437  3705  1207  22149  65141  5139  7987  44626  1721  945  5217  2406  124944  15199  85185  5700  107279  9824  12061  3406  24292  5818  1884  5197  5363  9749  4701  812  13030  926  5915  42754  9914  17856  21997  16910  12093  18431  380256  130409  46762  81772  177930  342047  167514  202421  30431  621788  7192  4873  4272  9122  37494  695553  1.8955e+06  363289  153833  389796  129908  45697  470976  92952  85550  16757  88908  616198  150104  3.70303e+06  1.3529e+06  0  840141  1.1413e+06  300429  241904  508512  89658  26910  67964  211635  164817  
55  39  48  261  144  36  773  1764  82  508  2851  39  37  290  120  8631  842  2383  184  4213  496  157  108  158  122  55  122  99  136  102  16  499  42  250  1734  322  694  477  113  384  272  4033  2458  545  986  7248  8585  4126  5990  1181  56136  555  115  190  580  2587  377999  338550  25172  4542  27110  7681  1504  3113  1378  1775  1268  3660  8275  7187  17497  12237  532565  0  380291  10832  9350  37738  7992  478  3287  3987  7384  
655  1301  1427  5570  3289  1964  25357  62704  3933  7845  11926  726  586  1032  484  26885  2936  11054  1074  16650  1912  1169  685  1816  683  194  722  740  1009  840  157  2249  160  1483  9944  2614  4947  2936  935  1753  1542  1.00629e+06  220952  43521  43562  800349  1.65661e+06  262987  288440  58210  1.81589e+06  9297  1964  1783  2979  10706  1.5069e+06  723370  172163  41097  106571  27254  6757  39380  9044  18690  4287  50434  133574  122611  178485  59727  1.87258e+06  981274  0  101032  85736  325547  51855  3225  21548  28851  53111  
4133  4213  7734  28991  15239  3199  129771  256320  5639  33872  21507  3239  6396  3275  5663  23968  4515  71211  7751  90976  29402  32293  10739  50003  17217  5077  22855  8061  8398  5881  693  7806  334  3934  370513  43912  39459  64532  16533  65325  62357  142615  72939  194515  138297  36033  42705  462076  1.28983e+06  124687  561394  98356  5346  11073  23719  165471  536910  108858  797571  113085  961834  256216  138484  548971  184064  881443  116372  984297  631579  487300  251984  14321  153436  3469  35274  0  1.99706e+06  802944  895961  155813  2.70598e+06  1.6757e+06  4.01393e+06  
1442  2269  3526  23494  3663  264  29060  55180  642  7386  8353  1070  700  587  619  6811  644  7137  712  9121  1390  1897  715  3627  1011  273  1770  1610  818  658  67  956  46  425  13077  7915  4848  4147  4015  2673  3798  46329  69773  51592  100405  26250  11982  427342  652690  17496  160401  28692  2326  1495  2399  8592  72868  44136  52615  12124  50499  8864  5428  31018  14000  96799  6257  78385  56450  71555  28986  4414  41894  3094  20964  1.02196e+06  0  374354  169288  865680  267978  141500  144072  
2897  3665  6530  39385  7696  1057  64592  131188  5080  50337  18944  4924  3033  1601  1356  17665  2326  17009  2251  21362  4873  5010  2231  9212  2473  802  3403  3858  3250  1969  206  2615  135  1245  21643  14954  12582  12662  16412  5901  7628  164743  108237  274318  232222  89859  14148  538455  740051  55747  547942  55750  21038  8585  12615  31914  312005  70562  340739  48649  258250  61970  22430  160250  35293  55943  10043  64687  75303  131168  66001  4112  81963  1313  43558  370272  701030  0  1.68257e+06  233333  90650  247828  180395  
483  890  1300  5746  2475  437  19395  39011  905  8194  4577  478  714  439  572  5855  784  8599  1304  8601  2437  1215  1843  1841  1149  249  829  597  902  769  105  1071  47  468  20830  4540  5721  14610  1511  6889  8006  11585  32748  38011  23968  28840  7182  133553  270359  58853  241478  19217  1273  1484  2933  11118  129704  18299  109984  34443  87448  19688  5016  20975  7402  18049  4036  26553  23003  51629  17057  1202  13675  378  11218  199514  128447  1.57272e+06  0  12637  232394  130274  442865  
3386  356  1208  35127  123  8  1620  2633  16  223  258  3183  689  573  318  387  131  1748  235  2178  412  906  318  2015  1005  129  4301  6234  818  662  38  1056  10  170  2263  4315  3245  1141  13877  920  3505  90321  9030  22283  124490  710  749  26061  14092  188  1700  310  11414  3788  1971  1233  1670  928  4294  1339  5849  1589  1867  11723  8367  16108  675  21013  30709  24447  24761  352  16356  16  1165  45146  415359  114689  9799  0  13186  70971  4404  
1262  460  978  5684  603  216  5178  9679  191  3063  13966  1026  464  1333  3125  10955  2529  39219  2582  44099  12380  11281  4005  16764  10506  6571  11335  2678  4610  2749  316  3691  171  1372  109370  8322  9173  17774  14009  66754  18894  6882  1042  3227  16639  973  1451  8351  30140  3673  21929  3306  4088  2806  4505  153193  13099  4375  56726  11477  143661  37091  57970  68449  110534  480827  449128  1.3505e+06  183525  193631  41250  864  14092  97  1660  1.85471e+06  145066  62059  147176  29856  0  1.46489e+06  326433  
654  407  683  3219  315  67  2675  3681  77  1065  1972  833  272  409  590  2909  644  10368  1075  10391  3151  3010  1583  4638  2839  1116  2792  1842  3615  1138  119  1157  51  390  23817  4082  4307  10548  7477  11095  15544  6244  985  2676  11242  762  955  5349  10968  1005  8223  1182  4304  1346  1133  24031  8128  4204  66414  6488  61303  28244  16358  101858  21746  119682  54675  1.39742e+06  486598  64595  42235  1286  29749  158  2518  648956  109853  99523  156854  48658  1.17765e+06  0  321543  
17184  13707  23191  26587  26265  13475  133908  490271  11853  673544  143408  2073  4206  4730  12525  409772  32282  362826  84386  241350  53220  19535  64155  63584  99431  84997  154244  25066  38290  46834  10586  33391  1552  15398  2.56294e+06  552252  519890  1.94039e+06  24123  217941  293155  22876  17030  35578  29231  11279  13073  123424  519110  107401  550075  92768  1647  3256  7105  47885  365852  55427  415045  69138  401137  102246  37104  186788  65211  77579  33450  108194  73799  62892  42142  6931  52369  1462  16687  2.75267e+06  295484  544948  2.26741e+06  13071  672781  363741  0  
