4648349  
2818236  
807768  
4548206  
4197881  
4302879  
9360566  
13898835  
4465708  
6888487  
2788408  
2756939  
2509080  
3837859  
3020598  
6122724  
8615598  
6610870  
8387086  
8682215  
1537526  
1502867  
4170188  
3982605  
7746343  
2051913  
2047208  
2143632  
8299980  
10989340  
2843707  
10264211  
808803  
7477249  
11005684  
3381317  
5868270  
2093400  
731785  
4487362  
2337980  
5361296  
2258038  
589193  
4593949  
3036897  
4548151  
7867028  
14826270  
4811303  
7601998  
2135205  
2847562  
2032497  
3633487  
2854265  
6276028  
7831347  
6668218  
8895456  
8904569  
1789565  
1165064  
5562158  
3919401  
8036738  
2146177  
2354271  
2227753  
8625192  
10456900  
3385080  
9549412  
972353  
7261295  
11083700  
3375344  
5096338  
2232515  
678242  
4287894  
2310471  
10528226  
