469083  
437013  
625210  
450947  
830201  
675794  
429824  
303954  
285942  
215480  
596959  
693429  
657503  
941945  
260132  
613768  
242684  
1027017  
713285  
824626  
847692  
314723  
555282  
696270  
373523  
361869  
543104  
524473  
724066  
265988  
231617  
324859  
755891  
476163  
391256  
430262  
512965  
671831  
802921  
735291  
910474  
649558  
468592  
423833  
571936  
421496  
751390  
598095  
410116  
613522  
458857  
820913  
622236  
451951  
696478  
1035241  
758986  
535082  
783830  
524585  
807714  
524226  
593528  
525727  
595551  
528724  
644926  
717614  
574900  
730624  
460713  
670222  
599142  
554120  
559084  
319208  
436818  
616604  
469544  
669662  
724718  
518118  
725245  
517646  
379368  
443406  
405929  
502433  
774227  
455785  
746592  
457925  
310098  
548769  
404644  
453018  
475335  
680477  
430238  
473307  
421624  
443831  
619979  
367723  
371209  
674402  
358854  
740647  
418217  
438667  
662540  
507985  
339187  
283453  
316904  
673949  
822044  
271573  
199978  
277524  
597012  
281550  
261125  
534475  
393700  
432294  
474785  
513172  
726370  
573002  
709277  
337278  
388813  
420229  
365181  
491915  
378676  
160373  
378469  
344680  
552522  
264700  
221368  
177463  
171878  
215819  
204861  
185974  
205307  
154057  
371046  
150166  
121364  
214674  
221084  
153169  
256373  
358322  
441678  
216089  
79796  
127094  
123345  
158876  
203527  
140841  
84031  
136878  
156606  
266145  
252041  
680733  
207361  
238831  
217909  
402620  
348614  
482217  
312887  
897929  
822863  
497038  
574679  
347686  
455719  
548786  
579614  
221580  
496465  
586721  
165374  
694499  
636230  
185971  
444884  
212084  
740326  
302336  
374974  
562729  
833348  
417294  
543671  
313887  
456763  
567684  
533151  
357354  
461560  
136203  
491667  
332249  
179333  
181538  
282906  
305858  
273197  
160825  
221961  
137515  
166125  
189614  
327903  
199958  
140724  
137820  
159668  
220834  
200287  
103121  
142335  
172953  
160376  
143274  
342947  
540732  
383113  
313389  
377459  
608032  
806363  
330658  
392507  
791865  
409301  
713235  
969582  
321881  
454227  
605207  
618049  
785085  
587671  
451273  
291941  
593824  
518830  
415601  
177775  
183009  
248984  
306724  
335222  
330215  
272783  
226655  
343905  
316236  
342779  
591447  
304300  
335519  
248639  
338945  
323299  
442518  
246126  
212636  
197508  
254393  
291719  
396194  
356299  
636776  
487403  
349526  
297561  
540226  
546711  
662769  
457933  
248197  
196981  
384151  
393584  
335759  
281574  
408389  
431575  
470438  
873361  
632515  
530222  
443781  
750575  
401670  
302104  
376742  
408744  
350019  
313242  
421858  
625636  
484036  
556420  
537814  
710756  
593319  
732600  
766816  
354200  
519667  
500747  
416789  
850544  
729518  
623838  
590796  
533125  
949159  
457090  
227184  
314093  
207667  
255113  
269858  
316681  
294399  
175315  
148440  
294180  
189792  
205337  
186815  
288757  
202980  
294933  
164024  
254228  
63281  
110113  
92253  
627059  
310484  
345227  
99533  
347126  
496364  
459072  
421103  
221614  
182326  
263551  
332917  
293003  
233025  
448368  
519433  
534528  
646352  
467089  
578587  
394225  
180842  
575122  
170193  
217519  
256653  
264351  
341050  
526520  
253481  
247833  
244098  
266469  
238922  
215823  
423780  
430595  
603924  
261481  
347820  
553730  
416842  
382865  
389727  
477849  
487138  
926619  
493629  
868087  
810819  
856484  
805020  
866950  
342327  
298091  
348515  
295961  
546508  
495269  
1169631  
696396  
747204  
854331  
755416  
588866  
1034405  
979083  
813641  
630821  
594142  
592037  
568888  
789522  
508726  
834349  
851308  
560934  
707755  
701665  
1103593  
647901  
535894  
439908  
779475  
686792  
516993  
515165  
415818  
605679  
775542  
661212  
732822  
940918  
1052165  
458546  
898582  
930315  
875345  
769910  
571781  
430178  
502525  
587566  
700703  
696876  
469012  
373072  
358452  
400405  
581307  
672217  
667978  
525667  
667506  
476662  
452995  
544520  
550025  
393419  
319237  
444490  
400520  
843515  
616027  
506269  
863457  
394938  
542367  
875818  
854609  
392120  
244113  
197888  
272167  
367711  
417942  
446268  
315019  
596615  
628542  
397077  
419859  
506387  
461057  
773604  
469357  
464310  
511739  
1053583  
10626898  
3349552  
5640667  
2128234  
628082  
3666620  
1971757  
400313  
432923  
492516  
500393  
923778  
618576  
429822  
299172  
240795  
234664  
590486  
852128  
638544  
932819  
280594  
670760  
441833  
945693  
797822  
488821  
571224  
114026  
358855  
742832  
445703  
490026  
626893  
395709  
596557  
298615  
217515  
322175  
467657  
370903  
360959  
393090  
390410  
412336  
793614  
864166  
515866  
251660  
770110  
495472  
696805  
431500  
886567  
485673  
554618  
499866  
372066  
900422  
631854  
524987  
543665  
935869  
826734  
454234  
603995  
516799  
705081  
372327  
501705  
707562  
526357  
614059  
499930  
727923  
495819  
709245  
417130  
451315  
481930  
387366  
281417  
241296  
257418  
447153  
353358  
608250  
684266  
673220  
752674  
458646  
431165  
487355  
490716  
438509  
793021  
462006  
787743  
531574  
292960  
375189  
356034  
465084  
489090  
593436  
463047  
478587  
398768  
289869  
652824  
277507  
387662  
492997  
548814  
790090  
444514  
356761  
531321  
512789  
337394  
180227  
263842  
752570  
1213824  
333773  
238090  
337617  
755301  
286979  
241612  
549300  
343193  
361134  
395352  
485608  
950559  
549155  
720425  
395755  
487449  
367592  
370970  
364159  
550952  
170390  
314863  
312880  
566475  
371157  
303117  
176362  
153697  
247414  
241896  
262724  
287240  
150295  
353512  
151728  
78081  
146951  
126039  
156155  
172525  
377261  
253603  
165675  
135608  
88972  
105509  
109132  
222390  
104491  
97256  
224259  
118786  
243448  
85396  
384848  
261031  
296500  
235333  
250590  
414506  
319499  
299439  
797429  
851970  
729857  
601318  
180780  
299267  
405624  
525934  
288972  
605836  
415286  
246490  
650773  
461365  
246483  
316998  
194536  
852033  
294916  
307998  
457951  
820870  
427711  
565478  
394276  
224398  
743921  
599563  
374051  
468328  
136277  
380985  
321709  
201145  
174795  
269135  
372293  
219594  
114666  
196057  
164377  
94597  
309921  
396560  
177789  
118943  
158433  
138640  
205120  
304055  
151089  
121689  
125249  
156164  
123094  
281497  
450108  
268837  
517221  
237733  
517580  
844505  
518861  
497623  
825682  
377571  
732691  
832045  
155110  
416666  
522723  
684866  
629425  
266585  
170017  
481207  
765940  
425384  
457651  
94224  
87039  
302514  
152076  
199055  
307274  
293844  
312955  
193800  
392388  
311144  
609753  
255577  
255826  
259152  
304973  
292606  
410759  
190280  
173057  
122360  
298299  
538903  
385145  
288344  
413555  
394338  
362664  
295429  
396439  
789984  
949292  
509604  
227522  
266447  
408337  
377050  
306424  
402089  
315673  
362224  
831896  
1155223  
334001  
196605  
303872  
243291  
568534  
344353  
628896  
483615  
298704  
343294  
298190  
679343  
534542  
508546  
518113  
684469  
571455  
677545  
696385  
486992  
597230  
431305  
493559  
851290  
767755  
675976  
433928  
487217  
785903  
464504  
83485  
344812  
192504  
391738  
355891  
243523  
231697  
137486  
217356  
409897  
186053  
133832  
178908  
251706  
44157  
91306  
156768  
258322  
254525  
304885  
234740  
790858  
420538  
426701  
191391  
385819  
364336  
485454  
457727  
341863  
327717  
391744  
211881  
294261  
382982  
451418  
569019  
781946  
762487  
497249  
431586  
151011  
161684  
553189  
181977  
176987  
297335  
235391  
368797  
518937  
333929  
257868  
322148  
326612  
236147  
316562  
659419  
346294  
639250  
282855  
336177  
635257  
469757  
368454  
305766  
474386  
517119  
917356  
590782  
928947  
711379  
508486  
739074  
1039329  
206725  
243704  
404355  
277673  
616232  
755609  
1197732  
897364  
968703  
738237  
750803  
563201  
1198783  
922900  
738429  
636355  
503786  
540794  
690638  
774617  
882565  
918334  
1217093  
735411  
628492  
692117  
925049  
560150  
581116  
535200  
746107  
826525  
663026  
507411  
574534  
504338  
977683  
708541  
481557  
1046291  
1034649  
487377  
723309  
897216  
957949  
660145  
799683  
390999  
634635  
598094  
788982  
813710  
779094  
352588  
361225  
336366  
391505  
249601  
472803  
508888  
734148  
392923  
410625  
531139  
556968  
339821  
338949  
316417  
392422  
738746  
611496  
602573  
748716  
261925  
554094  
931917  
1203297  
528207  
286858  
174490  
320665  
447732  
434981  
524238  
364098  
579849  
624909  
485716  
415327  
418044  
357311  
888792  
441851  
414628  
510982  
1047566  
10926067  
2821556  
5253078  
2183728  
641333  
3984662  
1902613  
11160274  
