4445331  
2689434  
653607  
3465254  
3690379  
3846495  
7459214  
13170790  
3597378  
6012278  
2822221  
2649421  
2491346  
3653123  
2962218  
5535551  
6672970  
5708401  
7886731  
8215936  
1381730  
1160599  
4456599  
3704627  
8075463  
1994813  
2269721  
2711734  
8287529  
9115698  
2798561  
9129690  
786817  
6311871  
11232448  
3717843  
6371548  
2527202  
755991  
1574526  
2382026  
86441  
489922  
695835  
1094022  
413137  
463621  
423124  
59589  
87842  
952520  
104846  
1041543  
5494866  
1494594  
4819756  
2306595  
505989  
3286728  
3492843  
4556605  
7591043  
13132427  
4744109  
7169060  
2060254  
2409347  
1975298  
3189824  
2702858  
5780209  
7478306  
6043363  
8404162  
8112492  
1602677  
1141539  
4957689  
3775947  
7572759  
1957648  
2197961  
2270630  
8227936  
9451182  
3752915  
8763510  
833417  
6615732  
11404522  
2405677  
5396794  
2671625  
712312  
1684464  
2240753  
68284  
521463  
639935  
1043619  
411813  
463308  
495109  
105887  
98929  
973860  
145085  
990043  
5576426  
1628807  
14255796  
