5143773  
2569553  
593666  
3967132  
4182175  
4404922  
8082630  
13769599  
4245383  
6862074  
3072033  
2657894  
2563254  
3927685  
3070495  
5558471  
7859044  
6595767  
8563910  
9175816  
1571933  
1413979  
4481586  
4294076  
7278899  
2251419  
2133127  
2010331  
7595254  
9898833  
2797980  
10012246  
839419  
7422277  
11835381  
4096848  
5790798  
2922497  
857358  
1579660  
2472817  
84845  
489889  
693112  
1116737  
416854  
473022  
423392  
57754  
88758  
952943  
107193  
1069850  
5729699  
1464912  
4870452  
2111903  
615248  
4063671  
3241798  
4794937  
7332045  
14151697  
5251540  
7343618  
2170381  
2640345  
2302168  
3550361  
3035158  
5662128  
7472032  
6869981  
8113674  
9255176  
1895264  
1236931  
5231129  
4549513  
7710617  
2246208  
2189191  
2501026  
9052690  
10062347  
3431902  
10264657  
914376  
7197661  
12041730  
3462394  
5561419  
2960061  
721387  
1701202  
2319511  
69223  
509642  
653290  
1051903  
415821  
472316  
501792  
104708  
99722  
979067  
143830  
991460  
5651325  
1684947  
17850357  
