364559  
457292  
647804  
470887  
964276  
636940  
362851  
303387  
285483  
164729  
571389  
732390  
669968  
841270  
211007  
607048  
168799  
1030378  
665275  
803293  
799724  
205441  
474614  
672970  
411626  
348475  
515658  
565583  
579843  
209402  
202124  
301788  
607859  
531411  
374400  
388152  
538752  
694439  
838077  
703470  
872378  
642517  
466041  
460363  
577331  
420593  
870650  
684363  
487644  
623269  
486930  
814002  
665566  
517456  
587079  
670070  
708574  
529145  
824999  
552850  
758571  
524487  
612937  
449848  
465096  
529721  
567079  
686099  
533420  
664335  
402560  
580239  
508438  
476101  
457766  
221536  
364096  
548857  
405327  
722064  
751082  
498709  
669768  
418818  
409494  
412330  
333099  
493625  
790314  
490411  
816522  
442796  
429928  
551103  
394425  
447087  
527133  
591731  
482995  
512813  
373092  
358322  
668709  
297990  
364373  
805582  
421150  
795081  
449245  
406570  
699785  
535724  
312053  
244080  
337984  
742617  
834587  
240329  
229929  
241516  
609305  
252074  
189610  
584608  
340254  
420766  
509911  
490899  
716532  
362601  
674305  
382831  
448511  
463883  
382301  
519849  
397758  
199752  
423927  
377568  
543128  
306300  
163754  
196730  
159369  
186143  
198276  
174581  
160518  
171402  
355158  
145986  
123511  
216764  
198127  
137162  
125443  
403862  
475332  
252876  
65540  
112196  
140160  
118769  
212785  
123011  
91018  
160499  
167548  
304387  
266148  
667735  
245826  
256948  
223897  
426396  
348972  
488015  
367462  
917258  
731700  
509902  
585397  
324790  
417711  
509945  
596441  
290449  
547975  
593382  
189108  
724888  
665157  
222261  
438120  
217444  
754465  
335483  
416999  
664551  
927439  
501038  
580087  
296427  
427807  
600092  
555125  
386390  
429062  
160876  
498034  
310058  
181965  
184961  
266376  
316035  
190783  
154025  
181064  
145214  
161907  
222554  
320769  
121080  
117280  
121147  
134302  
233467  
226854  
89056  
137424  
184704  
125144  
122320  
337612  
565141  
469699  
317638  
380826  
462635  
717204  
311225  
466010  
794944  
355500  
619518  
888129  
247704  
442517  
557423  
630759  
726219  
654796  
427161  
330549  
556620  
585035  
432374  
149131  
198686  
282840  
246484  
265639  
292318  
244555  
314880  
367434  
268962  
334667  
646042  
294029  
306621  
220632  
321118  
319729  
459652  
221580  
210306  
163252  
153886  
262599  
360918  
338892  
675062  
491448  
343421  
270366  
465096  
469736  
693066  
436633  
162038  
119740  
363450  
462649  
281831  
276949  
376379  
404463  
471369  
875269  
643598  
533654  
369424  
704460  
305328  
235192  
388187  
342247  
356169  
286812  
409244  
587692  
448482  
546367  
449442  
677974  
627187  
793712  
745742  
357154  
532606  
493903  
435129  
887868  
740263  
642033  
616079  
538862  
883138  
380939  
218748  
280333  
202807  
220012  
265181  
270857  
243436  
137951  
122040  
309354  
194908  
189783  
168623  
237649  
183254  
187836  
71518  
247687  
57635  
79076  
76808  
214453  
338876  
285072  
115763  
349652  
411038  
457915  
390674  
248781  
146263  
171300  
245724  
236064  
268296  
436354  
450781  
537530  
632673  
418955  
326539  
368633  
144821  
507705  
177206  
240456  
236147  
272159  
360025  
528936  
246347  
248887  
263247  
284573  
264134  
251995  
430232  
437719  
597823  
283887  
330849  
551287  
433205  
431480  
374075  
454895  
501573  
967703  
558560  
890931  
839687  
796750  
689248  
786899  
381268  
287620  
402711  
297471  
510621  
478998  
1321590  
712650  
693440  
942596  
744716  
673754  
864267  
925892  
701520  
661778  
696829  
595300  
535164  
872264  
525147  
885843  
677055  
496079  
709944  
660277  
1070503  
648582  
574481  
468434  
698879  
646817  
494289  
508777  
435236  
591127  
916557  
707470  
721345  
1058940  
1064365  
447383  
903973  
938701  
806534  
786775  
553302  
439269  
515782  
572471  
722923  
706805  
441720  
351090  
357113  
417876  
662284  
630010  
588458  
607436  
736671  
484204  
426142  
565054  
600729  
421866  
350561  
427769  
422713  
867244  
655805  
516246  
836798  
384685  
530097  
834100  
996765  
401276  
271132  
202495  
301783  
374436  
436473  
418950  
344435  
596908  
701305  
400650  
434493  
529480  
565136  
886283  
438224  
443621  
565630  
1187966  
8919481  
4655081  
7108584  
2404988  
696564  
4123763  
2145614  
345000  
362967  
504760  
577472  
1052483  
548329  
352234  
326120  
215530  
198280  
568930  
827584  
629782  
932634  
250521  
572132  
243747  
859043  
767122  
466550  
489584  
112913  
351354  
671407  
379946  
401804  
615586  
397195  
522642  
274503  
188646  
304533  
324656  
346440  
345776  
454634  
409719  
428593  
764488  
709666  
557169  
243866  
736503  
446568  
756711  
442195  
884837  
478143  
573345  
520884  
397225  
846430  
678134  
523283  
476172  
797318  
824606  
412791  
639898  
571656  
745924  
346341  
464470  
679261  
525184  
552918  
523914  
788485  
501997  
652942  
315020  
421753  
473020  
315826  
266332  
209280  
251656  
424320  
286767  
568002  
689867  
614250  
644897  
378110  
355973  
442295  
510029  
382677  
805314  
475021  
761330  
451545  
287674  
380473  
393714  
367479  
465395  
606492  
561114  
506969  
376913  
299830  
661446  
305219  
343599  
569789  
528300  
740551  
322189  
366441  
593954  
518686  
355920  
232853  
231949  
820014  
1291437  
334001  
176000  
330533  
810332  
282581  
224477  
527484  
368551  
376080  
498003  
487042  
977277  
574336  
736256  
354254  
453329  
363817  
349616  
459589  
589595  
169214  
332982  
272657  
610456  
340808  
315694  
200476  
186162  
243653  
245976  
292347  
302885  
177204  
307542  
144957  
78993  
151832  
123924  
151468  
184171  
400743  
258167  
169157  
96625  
100249  
84743  
66307  
223164  
54774  
108737  
306302  
128609  
195826  
98958  
357578  
273653  
305733  
263950  
259212  
467399  
374752  
305328  
885326  
815635  
719449  
587286  
199732  
288810  
393220  
466970  
296315  
638625  
458672  
248438  
644689  
453515  
272131  
327779  
216154  
975432  
312686  
319000  
519465  
855128  
550028  
554379  
375301  
230897  
707474  
599795  
433193  
476563  
158110  
377171  
263297  
213333  
200281  
233415  
364199  
220298  
112853  
188034  
163425  
136734  
292020  
361409  
165973  
100803  
136297  
102950  
194864  
255363  
130604  
87746  
113110  
168888  
155887  
314189  
532658  
286466  
512326  
301747  
596093  
808842  
551179  
448676  
834891  
357007  
713908  
815593  
148483  
404731  
458203  
722677  
653170  
313852  
163217  
501760  
665806  
487239  
448134  
91628  
165110  
308880  
164900  
311331  
390723  
318280  
292080  
251246  
343469  
286868  
624988  
272098  
265677  
276122  
310994  
326170  
384444  
202793  
269645  
137155  
204256  
406622  
333734  
286034  
451517  
401523  
366864  
275047  
520425  
856250  
915999  
527103  
246440  
243498  
427509  
381126  
276795  
359062  
307164  
353771  
811472  
1171646  
344145  
182185  
297607  
283259  
577498  
322213  
644183  
481836  
302472  
315502  
282162  
669509  
533260  
497732  
474277  
694847  
583045  
691062  
704893  
488229  
508222  
364051  
476211  
815665  
808911  
670180  
438520  
536777  
832364  
389819  
91308  
377797  
200051  
380707  
329585  
216509  
198258  
130374  
178158  
430630  
175190  
139647  
180784  
192880  
28289  
82060  
159307  
218910  
188810  
237399  
263652  
780070  
395225  
414067  
193036  
372146  
369419  
444009  
453403  
305862  
241228  
353900  
179366  
268563  
308615  
394944  
594841  
761454  
696756  
478441  
370885  
141920  
145504  
522324  
163918  
146422  
341640  
225741  
345567  
511121  
319658  
249198  
338477  
280854  
260695  
342883  
691164  
303823  
602222  
254946  
412074  
593473  
475963  
399171  
328112  
458108  
482858  
890770  
621579  
922883  
716175  
573829  
788142  
999719  
212975  
239447  
333354  
278817  
488504  
662270  
1165088  
729443  
863481  
748165  
705208  
555667  
1019542  
806916  
544727  
642348  
608361  
558320  
781912  
838939  
1098647  
972231  
1282958  
724289  
666460  
672255  
876717  
550444  
538313  
507653  
764436  
819884  
667428  
526860  
540343  
521817  
922196  
736394  
485545  
1132965  
1043523  
503321  
726842  
927584  
857343  
787959  
832933  
433860  
618852  
601588  
777095  
847808  
725598  
414744  
321454  
366356  
398177  
267798  
605754  
529163  
628924  
391684  
421869  
573875  
573481  
374998  
373167  
340359  
412529  
790029  
615395  
623879  
825675  
279816  
549278  
1083905  
1156109  
531724  
278983  
169837  
321134  
454923  
434029  
506583  
374431  
483628  
