4400816  
2796697  
762715  
3597144  
4351569  
3964907  
9010945  
12268641  
4158568  
7342709  
2697156  
2247586  
2255194  
3375294  
2805180  
6179931  
7098165  
6153721  
8411351  
8165103  
1341985  
1088535  
4059909  
3743137  
8115544  
2143767  
2297857  
2137692  
9224683  
10063819  
2597234  
10196758  
810524  
7018323  
10801893  
3090771  
4959671  
2007955  
793132  
3738138  
1791786  
4687955  
2229954  
649510  
3697953  
3312107  
4703037  
8215746  
13076079  
4799312  
6921186  
2074422  
2612172  
2132027  
2991124  
2831679  
5474720  
7340642  
6362004  
8330006  
8382093  
1582428  
1219377  
5116107  
3857290  
7363682  
2094876  
1869424  
2385331  
9047493  
10133213  
3422813  
9384734  
889209  
6529484  
11121858  
2806861  
4913150  
2078119  
651369  
3446126  
1975481  
12668095  
