0  1.5253e+06  34097  659307  224373  29131  431137  38130  572  6392  2871  1344  1060  1231  2949  15861  23193  30603  12005  30335  16555  18878  62041  59105  17303  3884  41228  586425  19661  56058  3745  522969  1927  1.15903e+06  111565  142127  503556  42464  8810  49759  87102  10136  606  902  9671  386  328  4326  7830  603  1271  1594  288  167  315  1076  2196  4758  12816  2086  12953  1095  600  1445  854  578  269  302  805  2430  770  301  2296  124  391  7954  13466  1702  1647  790  2323  1013  58594  
790632  0  1362  1395  557370  43181  434494  17852  1976  6705  2701  148  502  573  2489  9564  6145  14118  15093  15796  4782  4324  16572  15125  14394  2350  12486  77119  14476  29007  1862  68379  371  40376  899742  959144  248175  110126  3674  59689  52053  1018  1521  881  862  721  560  10505  13250  746  1140  956  45  130  146  578  1358  1637  5064  886  5364  452  219  774  338  334  105  201  716  1090  361  121  925  34  134  20961  2641  4395  7423  277  2602  3865  344622  
18575  281  0  253469  138  161  139704  126755  204  316  198  145  161  100  82  424  68  347  95  692  145  113  405  503  474  82  373  2760  497  1020  6  1597  7  155  10159  25171  6505  1566  2122  1731  1189  24475  9817  33448  26345  252  202  45750  29603  229  139  66  119  38  27  40  66  50  211  87  361  38  22  128  83  31  10  15  368  300  264  19  384  1  331  844  5014  416  197  578  96  133  2544  
700522  1337  189651  0  432  221  26740  749835  213  752  455  702255  24392  14256  6579  210  68  954  266  14036  1582  919  1078  2351  908  525  7936  81954  1713  8405  13  68365  17  8698  7774  11794  23653  2001  8465  5048  11669  104764  8860  84271  1.29257e+06  701  631  56335  292314  562  942  820  188720  18399  6556  8699  772  421  1667  502  33806  3152  576  975  884  341  181  1141  15321  4757  3108  137  5725  22  23647  3973  107451  3702  831  49396  1214  6947  4514  
255071  862397  1231  964  0  1.11669e+06  1.09665e+06  295548  55645  40226  21815  233  5277  10711  4140  24377  32730  36932  138059  106089  4891  2365  22582  6864  9939  1625  6786  9383  27992  60030  8965  36396  1261  393812  545173  405345  253324  85603  2447  25059  13338  804  3161  888  660  34290  24180  148014  198527  14994  5663  3414  241  1220  924  1040  3390  3552  10338  3016  15350  873  332  2349  562  943  191  282  1215  2457  987  226  2007  103  622  58262  5611  18739  18230  305  4390  4288  271280  
60608  137304  909  585  994309  0  411969  354750  513366  1.26729e+06  17128  112  9020  11845  2312  34422  69008  25088  85975  79671  2440  1158  11064  3110  10680  784  2102  5722  50863  121311  24667  194040  9602  942823  134263  88367  67733  21622  523  7407  3629  542  3921  374  386  13863  45543  104780  281750  58721  22744  3106  86  939  653  593  3415  3434  9447  4019  11492  512  185  1797  286  833  149  180  648  2080  1069  218  2774  115  855  33285  17060  16184  12501  195  2779  1355  82359  
300204  410990  245865  5514  1.41506e+06  564116  0  1.61132e+06  994445  125255  18715  603  12356  5075  6722  40156  13668  51112  352703  74916  7287  5075  44646  18427  35372  3991  25629  62766  81048  107202  6971  21107  570  9588  980026  1.12116e+06  239339  75730  5173  116309  58141  22686  50457  32854  16830  62606  64481  569251  541958  54841  12754  4589  471  1186  1309  1567  4806  3320  14440  6476  18122  1464  592  4592  1070  1737  366  512  2386  5016  2112  358  3147  99  1505  105696  18394  28246  25410  1313  7039  4825  283361  
22976  17040  193982  779330  107599  134126  2.22656e+06  0  2.0168e+06  444390  536064  838106  1.56855e+06  963594  75961  23408  3192  68755  40140  666006  21934  6007  21356  7273  5126  1657  4048  17598  10690  13582  961  20518  493  15252  246856  142045  198742  115261  4646  14884  9255  82239  141247  97218  193068  136404  191058  1.27912e+06  4.62579e+06  315866  399545  113771  362141  274918  42036  40324  51898  4646  40428  34871  279735  23426  3692  15303  3311  6792  1240  1477  8370  16703  8370  872  14134  351  10289  266956  207312  105633  89741  14062  21260  11013  294074  
1640  9595  839  554  162243  743077  1.14292e+06  1.48502e+06  0  1.27145e+06  2538  261  2859  2985  439  28740  1509  34973  110829  7784  426  194  30496  612  15013  470  700  1984  32629  9486  208  3305  135  2482  49457  46539  27970  17956  205  3890  1410  659  3971  457  419  5129  37933  62878  266179  69866  46917  6423  58  372  319  148  4608  823  4803  3724  3407  214  66  1185  141  738  84  115  380  1975  936  125  2139  62  632  16123  25937  8661  6718  186  2003  746  40058  
43818  45919  1104  1609  81181  1.46498e+06  190697  995123  1.17314e+06  0  73051  1789  5021  22925  1849  1.93708e+06  97394  42851  84851  33088  1696  877  19354  2449  7837  653  2127  5479  28270  54424  9685  312557  39330  602905  235023  185240  271676  222266  797  8309  7237  1770  2100  540  1297  2817  19532  28756  330548  94811  238356  83269  235  992  1836  436  43521  4528  13114  11275  8456  331  111  2266  228  1728  175  587  703  3579  1699  203  3309  191  1440  22794  77057  14466  12361  566  6622  4292  238005  
1197  971  1853  1358  11659  13516  22223  776677  2166  149749  0  4138  166037  1.21225e+06  394  115571  3245  25994  1063  663170  994  305  877  464  320  97  335  892  899  1356  132  5284  1259  4503  13355  5598  26750  14059  221  1381  1213  1029  1679  630  826  3967  4725  19536  175869  11643  195266  601711  1973  14492  32450  733  141678  36987  49343  4087  43354  803  126  799  139  595  101  195  576  1457  909  561  10696  1433  2148  14689  48130  9072  8265  443  4634  1230  18594  
4774  475  4571  692218  1871  679  16274  1.0026e+06  502  1116  2490  0  370578  92582  52851  444  118  1945  395  152308  8854  2389  451  1444  343  521  3111  13884  940  1378  10  3198  40  550  9430  3388  9930  3264  3152  2330  7425  20397  3840  6986  140016  1633  2309  39390  299806  2232  974  3373  733941  81225  32300  37695  866  484  3051  891  145769  11866  1815  1301  1086  424  418  1006  5570  2389  1236  97  2143  7  7194  15969  31834  6799  6282  33938  1732  3418  13472  
3135  722  2652  58810  5704  9401  27214  1.14147e+06  6776  2792  35844  482038  0  434845  142929  1627  359  4405  892  328846  7544  1988  809  1799  721  834  2726  7392  1269  1476  57  3310  59  1295  32834  8559  19217  16533  1933  6043  4052  11780  3095  1567  35988  13546  26620  80917  545099  27461  4302  7958  187403  687548  79637  39510  2102  1570  7803  3155  144559  9984  1488  2269  1139  767  393  668  3938  2532  1371  178  2660  49  5637  39318  18734  23072  18724  16323  4698  3037  42389  
2722  996  2683  64963  7311  7491  22405  715831  3197  10545  1.0969e+06  207533  729211  0  517335  4040  1021  10889  1524  772272  11605  2674  1175  4049  2057  3992  10504  4932  1774  2235  126  4471  250  2911  27156  5310  36277  23750  1280  34738  4998  9483  1433  1415  34494  4722  7410  23669  261750  23522  60104  137321  39142  133670  577809  66900  30946  8757  21267  4439  122156  6282  815  1406  924  914  617  950  2616  2996  1338  348  4485  267  4019  15105  22685  8475  6068  9678  11038  2309  23778  
2868  1968  1508  38498  2092  696  7188  146421  324  1265  2816  139301  233232  502645  0  1127  2451  26894  3532  1.75639e+06  116342  44482  3906  486088  20840  96791  80057  8442  6284  6278  198  9120  1687  3056  97239  5351  21448  14675  1255  218765  19970  5616  736  1010  20483  1597  1128  6855  67206  1391  3859  39916  39420  41986  112722  427902  8126  12277  40500  7037  215930  9861  2347  3508  3326  1984  2157  2464  3329  6949  2634  1108  6847  260  2327  20228  8489  3456  2718  11619  34086  4383  26501  
43330  52193  528  587  55766  49729  34520  73374  69724  1.87007e+06  95763  204  1524  2619  1262  0  1.79147e+06  611320  94703  30139  1413  818  7481  1972  5039  539  1368  5703  25678  51197  7519  448407  318503  991652  167606  78008  487324  202474  820  8528  5782  374  533  117  216  2016  1428  5057  36918  6230  38875  65731  64  200  1129  365  98068  28146  40876  2305  23539  387  78  634  134  420  125  414  293  965  497  300  6745  1121  1045  6093  5048  4559  5968  134  4150  2722  200124  
77768  114074  1151  825  111767  68691  54974  48347  9878  144991  92015  345  1914  9523  19843  2.06342e+06  0  598903  1.45643e+06  304753  8133  2731  15219  5041  9139  3016  10326  19436  53705  361327  232484  2.27032e+06  721082  824071  180009  60808  536826  68470  2969  35543  19518  844  703  204  381  2117  2525  7096  18594  3941  14363  68324  169  536  3395  5549  156523  101782  173762  9078  149350  2732  528  1789  673  1203  703  778  1321  4386  2951  2570  33516  3610  2520  19697  7503  5170  4578  899  5698  2098  94092  
23141  26242  2217  2568  25299  10744  58526  68764  66659  56186  26229  838  1301  1515  4168  538214  452027  0  3.01696e+06  467965  108003  11607  742691  32189  174547  46473  16715  45143  134043  100032  1535  143758  12344  49484  173127  26463  210127  94943  7646  164081  39911  3831  904  574  1414  1283  2069  7217  18030  4582  9207  7931  213  280  1316  7552  25605  54223  134761  24985  109096  12880  11879  44064  9631  6862  2144  2330  7241  30066  9306  3732  28035  1602  2218  61976  10877  8146  5821  2762  23625  4969  134701  
26205  59719  2141  1786  129726  46119  282644  65633  159272  65128  8740  575  1516  2482  15554  75252  1.65627e+06  2.78268e+06  0  152789  7860  3465  1.1425e+06  11223  244941  19799  17771  81006  789333  1.61257e+06  365650  261479  6657  56062  119833  30516  236761  91252  8019  215770  37066  2053  813  469  836  1790  2339  9811  20411  3858  6163  5525  200  374  1390  6985  14435  33859  95214  18787  82252  5117  2520  8791  2599  3253  1516  1771  4287  15783  5849  2571  16081  769  1311  29325  8097  6422  4389  2319  11594  3377  77308  
25715  22241  4475  26057  17698  9923  49651  386514  2981  21077  662272  129995  198087  394356  1.43794e+06  18090  15383  661635  43872  0  1.55775e+06  496293  52803  564229  97167  95663  98952  73413  155847  115322  1647  101907  7171  22884  288314  41810  208267  117997  10616  376690  62635  14195  4133  3124  10625  8001  8703  34685  168929  15040  32145  56430  48043  50512  52127  184384  71754  191430  551738  104618  1.56312e+06  78949  47386  156379  40891  31129  10504  10794  32863  141719  41648  14813  103254  4226  8659  240165  41648  32626  23664  16539  93459  19610  178547  
1757  1578  217  322  778  138  2074  2767  92  384  316  344  441  779  53807  187  359  82665  2053  689657  0  468269  21629  213102  12624  33436  8951  5865  11429  8827  77  7400  372  1758  46618  2307  12249  6623  728  47502  4987  711  183  155  263  105  108  992  1915  88  199  340  548  1471  1624  7184  181  204  20201  1916  68812  78049  25820  32921  14079  2580  1450  1193  1748  7503  1690  134  2434  17  209  43849  1745  1442  1015  1071  13247  1072  12207  
4053  2015  310  446  405  64  3533  2350  33  180  124  197  242  442  15919  74  139  23282  729  159215  389375  0  39344  492236  28543  54582  2509  7365  7501  12142  49  10294  94  1070  47785  1474  13308  3480  656  43658  3748  324  75  45  157  44  43  398  896  33  113  259  171  517  571  2881  97  131  6438  570  31912  39102  34768  28695  29199  1695  1285  1047  732  2287  572  51  848  6  95  38976  626  640  311  472  13522  509  9142  
33531  41402  2623  1252  21273  4787  90797  28225  38109  6073  639  258  696  595  2032  2020  1892  652976  777223  26183  41397  40127  0  142412  655876  58677  21146  44440  968770  538791  3001  128933  519  25306  123209  18612  211354  65316  6647  79624  42381  926  432  231  471  822  857  4989  8360  865  960  574  74  129  156  3496  626  843  22619  1794  49810  10551  13018  48033  9246  2048  896  980  1338  4996  1274  149  2058  50  231  42626  2372  2766  1672  1412  11574  1393  72288  
19638  8693  1399  1992  1459  220  14741  8819  98  564  199  914  1229  2062  423474  305  423  80619  3205  458886  240582  555669  297111  0  1.47416e+06  869001  25198  37099  39003  62530  129  46751  319  4155  74051  4252  51610  11321  2443  154699  13304  648  132  122  502  72  66  951  2365  142  316  821  380  2012  2399  14500  423  402  6226  603  24418  7454  12540  35447  142981  3825  4633  1668  1151  2691  774  68  1127  12  126  24330  1114  1317  507  1302  22783  962  50837  
16280  11297  1722  2136  5379  2371  53642  12447  19667  2172  470  888  2040  3251  14448  1148  747  219692  100150  46425  27514  26215  872210  1.43054e+06  0  1.81391e+06  1.7337e+06  196871  2.83159e+06  116505  365  48149  537  7319  241124  37966  74317  33930  4262  800816  381609  1164  290  204  724  453  509  3000  5339  453  722  2105  190  171  498  1957  1265  1248  16579  2022  27558  6049  6483  17265  8821  4663  2106  2557  2093  7085  1719  176  2726  48  285  39137  2340  2529  1594  1059  28806  2048  92689  
2816  2365  314  517  1078  149  4000  2835  407  257  95  311  761  1191  19008  164  155  79529  10604  17173  19022  12561  134923  339344  1.82106e+06  0  545770  26324  55266  25881  80  10836  119  1888  13992  1750  19299  5840  1264  256766  22006  299  40  37  279  39  35  296  797  45  165  567  68  93  176  518  282  237  2074  217  4068  979  1023  2867  1217  403  368  331  261  642  176  20  279  8  44  3511  516  538  237  284  2434  238  90936  
19014  1333  552  6457  548  109  3770  7154  159  1163  631  4690  11417  18445  56968  909  606  11562  1567  37493  9903  3876  11744  9730  1.17188e+06  482549  0  361330  10657  4859  48  3978  517  4710  138821  19498  41911  16424  5531  575810  455714  5233  104  202  5526  94  90  635  4039  238  1895  6781  927  329  1466  1377  2991  2194  5857  691  8966  1387  1845  3263  2923  1681  1354  1843  858  1301  438  127  1202  60  368  23627  7766  615  615  618  17974  841  122115  
357367  37774  11900  49333  3745  902  95594  29813  719  5500  2602  5560  3275  1980  3234  6619  2522  38054  10384  28053  12574  9375  50440  39486  111587  18541  360783  0  303106  570592  942  242602  481  60014  254090  84938  670811  218237  59011  191418  962945  37016  412  1240  32882  250  346  3237  9952  652  3990  2280  862  327  348  1078  3158  4247  12443  2617  12518  1175  973  4027  2841  1416  426  529  4000  7293  2706  389  3855  90  997  11666  52038  16743  2164  11822  4142  2398  141111  
13837  21650  1385  1062  39320  22349  174714  23581  52213  13235  2916  332  1040  986  16339  9267  11894  123221  358907  138038  45191  29579  1.06767e+06  124199  3.27004e+06  68136  95092  345253  0  3.50191e+06  8661  48410  2417  17669  89414  18294  137583  89041  6327  262928  35233  2647  811  515  604  1470  1434  8568  12314  1493  1778  3375  188  405  556  8151  9406  6156  72916  14152  83754  9613  4363  12725  4579  6026  2452  3111  7317  32372  7471  1003  10769  235  796  42497  7598  7271  4585  2981  17833  4740  62039  
34049  76710  2291  2932  126878  38652  157054  63776  9244  23075  21541  556  2019  4039  15864  19128  529462  159705  891090  189817  64157  66885  545304  224478  109623  18509  16970  598487  2.96668e+06  0  1.16638e+06  3.16972e+06  14281  92237  207203  40067  270289  97337  11602  252398  47370  2239  856  425  902  1647  1612  9333  16161  2554  5476  16742  208  474  2037  7751  43757  50713  118393  16343  108262  6678  3212  8740  4464  3849  1866  2249  5382  19408  6426  2531  20905  1188  1584  35767  8317  9714  4665  4012  14170  4081  106186  
4675  26508  208  188  43581  10322  36567  21708  954  5455  6769  53  534  1127  2534  6686  527440  26237  524299  36844  3003  1299  19175  3224  4301  924  2670  11480  55261  1.76184e+06  0  874043  3148  21108  21895  7237  44507  13820  533  9364  3292  182  139  53  87  461  426  2691  4023  583  1465  5947  37  53  519  1008  15327  13250  23254  1872  19770  587  195  537  206  290  183  191  294  1056  580  443  4164  367  327  3770  1105  895  764  196  1168  410  11551  
519630  253149  6330  17318  109242  165997  83364  92395  6986  198984  83693  1102  3235  12397  37211  332153  1.4851e+06  390804  154129  431648  81379  64764  406212  166461  75717  19244  38343  287167  55752  4.3916e+06  864560  0  832992  1.20228e+06  332583  86062  861998  131882  17737  286483  71410  5401  1113  591  3937  2072  3378  11560  30084  5401  11639  40170  411  883  4640  11343  98006  124170  234749  20629  218656  8211  3453  9789  4585  3691  1993  2234  4694  16323  7239  4693  44643  3562  3150  46669  17879  12979  6777  5645  14439  4422  165066  
15137  11162  73  40  10622  6440  1913  4587  382  25730  7861  17  170  663  1136  154302  282733  12823  1605  19081  527  192  727  332  405  183  625  571  675  4265  919  428946  0  328466  5429  1861  112341  5540  115  1185  871  28  31  8  15  107  106  482  1153  186  763  5293  7  21  126  211  11169  3163  7366  252  7574  107  28  96  25  38  22  18  45  172  77  57  960  161  105  671  224  220  212  26  213  97  4797  
1.24722e+06  367809  4576  6003  638880  1.26647e+06  64461  142635  4595  912011  30406  348  3495  6926  10089  1.51618e+06  957348  138635  58044  137609  10935  7228  53211  17888  12573  3274  11132  63843  55472  179679  34631  1.55926e+06  799193  0  58436  33699  1.53113e+06  35833  1195  22467  17173  1001  468  219  748  2422  1706  10849  21810  2624  5638  19586  142  416  1069  2234  34818  24244  46201  3237  44615  1318  494  1433  579  571  289  289  652  2274  1091  707  8129  782  705  10172  3697  2644  2500  422  2477  906  33882  
86246  116922  59571  36472  39133  34874  774522  1.15662e+06  38350  570304  112942  6407  47172  69037  114961  373142  66052  603326  133040  692234  89086  38688  192920  104808  204934  32519  289188  332669  236802  291035  4324  168228  6583  23757  0  3.57244e+06  334419  404483  151985  1.87671e+06  897873  7454  12830  5462  7382  19866  29302  210685  538443  53083  71677  41081  3044  11062  6104  15038  25580  16198  68779  15849  98362  9710  6508  20910  9468  8430  3373  4808  11373  20048  6488  1333  12723  479  2294  380525  42159  59809  61224  7619  56821  56328  4.97786e+06  
175820  80590  75342  12589  10441  5373  650085  108254  7787  48511  29507  2053  2775  2212  9144  72276  13261  37304  7878  53065  5481  2422  9102  7023  39905  3426  50670  166606  32242  37822  318  17915  885  5472  1.88084e+06  0  453718  143761  666051  198854  164493  7205  2241  1312  7729  2088  1960  23742  40183  3177  10643  11741  447  507  451  1608  7064  2720  8668  1559  10435  781  418  1571  627  567  201  549  1373  1954  705  159  1528  86  467  35855  16819  6399  7329  1456  3824  4749  471417  
407913  348284  69168  23383  228416  22814  560167  1.3112e+06  12994  305006  63507  5622  32579  31082  18152  497401  58593  271511  149197  318481  25735  13752  110250  40893  45226  9539  25422  171737  177809  183956  12686  174465  8619  291940  263068  837242  0  1.77044e+06  152834  84428  133717  13268  7788  4383  11342  10502  6230  108442  242137  17893  40996  33127  2172  3468  2407  3900  25192  16897  41183  6644  55255  2733  1225  4437  1648  1730  580  694  2303  6140  2390  866  7312  506  1477  37764  28746  15084  11717  5402  6500  3386  126611  
35179  37497  10434  5057  16655  3130  82831  388854  4150  167059  29444  1328  11663  12143  6100  167960  13133  113547  72479  153101  7402  1821  25564  3513  14532  2360  8997  25230  80205  65179  3968  13579  954  6749  85416  219300  1.60723e+06  0  28532  23405  94058  3055  2289  1336  2612  2832  1757  30386  73656  3662  15559  13967  645  1528  800  1404  8604  4765  13606  2413  20126  975  421  2243  682  695  288  1102  862  2233  872  253  2354  148  435  16623  8680  12548  15758  3926  12690  16977  317669  
31788  1456  4324  14304  97  68  7785  1684  82  1736  1486  977  637  359  821  5057  774  5603  1378  5042  1060  607  3992  2116  5047  1148  6859  46038  11086  15553  34  2297  49  286  135740  477655  134056  33366  0  23461  69994  5032  72  226  4935  42  53  546  1468  102  356  405  171  81  62  188  435  629  2023  588  1816  178  234  1505  894  253  61  70  620  796  424  67  656  18  121  3773  9072  10164  831  10089  543  979  27401  
15950  6784  2466  13014  1846  615  20548  20941  585  2066  1341  12438  35555  63887  148639  1911  1446  40447  7314  95694  40894  18129  38936  50693  281275  280285  1.30756e+06  238176  186776  189816  295  51623  1258  3374  1.4795e+06  32738  82156  23811  17684  0  1.32992e+06  6275  427  442  8417  465  489  2547  9688  977  3495  23307  1876  1225  5886  9770  9275  12265  38492  7474  51636  11565  14990  24853  23855  12383  9131  11715  6568  11949  4262  1290  9376  299  1406  147225  9708  8332  3643  4744  129888  7217  181258  
11455  3228  1712  7079  454  209  14079  8211  425  3903  1727  2062  3041  4123  10569  3052  872  29841  5241  18602  6637  3777  34357  8318  116374  76877  1.05349e+06  492151  24786  33297  83  7102  150  2987  650578  99990  89534  134993  21806  1.30412e+06  0  3706  165  170  3048  189  225  1515  4057  409  3430  2348  263  181  411  717  1954  2397  5794  879  6311  692  630  1748  1184  727  395  609  1072  1777  646  162  1329  50  341  17365  6910  4860  2784  2952  6024  4490  169891  
3815  524  9187  10997  405  385  13159  16781  661  2068  1228  1362  775  377  444  445  256  4996  903  5324  693  1470  845  3573  286  70  364  1325  778  889  35  1051  62  211  8118  3102  2385  3997  758  2306  1874  0  1.31515e+06  63111  790230  332586  66911  423972  49341  4332  14788  1950  1917  901  615  2717  17240  11231  33225  26189  22824  5360  9641  100914  59993  12200  3072  32895  268348  68937  103594  9555  402685  672  1.30746e+06  224301  180033  214622  100817  36079  24759  27457  114680  
7537  754  22003  12475  428  493  34257  30338  561  968  562  1182  225  127  153  266  104  1611  282  1802  243  477  368  942  135  30  130  362  234  319  6  338  34  90  7332  4154  1162  2437  344  805  843  1.21817e+06  0  5711  4488  527400  10932  255760  13876  1805  7035  1400  536  185  115  1369  8593  3847  25063  11278  19913  2964  3184  36534  13418  8629  1173  1835  17205  17448  14851  1564  87806  78  18819  478969  346110  123098  66654  4595  41822  19416  158590  
4627  406  28889  33734  144  31  14709  10572  36  42  14  356  32  13  16  18  6  59  11  90  18  17  25  51  15  6  37  380  27  63  1  252  4  18  738  1341  321  127  96  93  126  42205  1026  0  130862  66  96  237338  69115  67  123  54  179  42  18  43  132  67  386  165  425  65  77  692  448  113  27  57  1296  1087  924  53  1087  1  933  4960  30526  4473  1690  2879  498  606  2552  
35536  1275  81295  1.2779e+06  406  198  42226  212310  292  941  459  133048  11745  5836  3289  223  47  681  153  5379  651  319  360  478  340  243  3584  37372  633  1819  7  12686  8  447  7066  9601  16209  1253  5366  2391  8668  846474  4233  140378  0  690  663  28329  523061  437  1839  891  719445  17047  6887  5595  2024  734  2167  916  18125  1708  508  2251  1704  861  588  5972  48047  12518  11475  446  20612  46  75726  8514  227029  9589  1408  92048  3081  13732  4773  
553  817  741  442  9356  6639  32644  76827  5047  4087  1971  102  2143  657  319  1219  286  3608  816  5247  448  541  960  921  385  76  304  502  620  702  30  849  56  632  24981  8989  6039  9386  484  1746  1337  641845  700513  949  625  0  884257  720364  47540  10330  30652  3157  106  435  326  2190  22763  14777  71169  34084  43662  5485  3679  66536  9455  14603  2403  3672  16529  42376  29509  4659  84870  935  411347  753421  171338  294535  227155  1211  57947  22289  378538  
1131  1100  1064  739  8709  34396  37329  250028  49447  32081  6240  145  6642  5463  447  2801  647  7255  2556  9482  435  353  1233  778  596  84  396  701  1069  1164  51  2000  119  1405  43018  14418  11481  10976  356  2335  1225  77299  52879  1810  1179  1.16645e+06  0  647844  275031  549107  1.68738e+06  7156  99  899  920  1241  47025  47581  55871  43380  25612  3368  2018  43984  6031  12326  1685  3565  10573  73029  45590  7031  258611  9664  969277  216434  226470  228379  104068  1605  24846  7384  156143  
24542  14460  60751  31279  78748  46277  644060  897505  34441  18123  5606  2906  17210  3437  1384  5887  1139  7837  4265  17799  1197  871  3360  1956  2048  349  1984  2691  3104  3599  225  4159  147  4528  205536  95967  48475  37723  1666  7582  5391  267521  509327  221625  14856  1.38918e+06  961985  0  1.63131e+06  1.11251e+06  406407  5064  2131  3343  1585  2135  27701  10165  66053  132490  36110  3889  2736  60523  11149  36968  2694  2338  18381  168802  57333  4002  22761  162  12048  280803  450541  103441  61742  6565  42530  14229  195938  
54165  26770  112614  188335  142459  213437  1.16819e+06  4.75874e+06  304531  329378  100568  75311  270155  145637  14096  22526  3415  27975  18369  145666  12418  4604  12370  4117  5781  1178  6086  21883  10387  10832  538  17114  499  12954  513595  211638  149738  123427  6269  18434  17410  76445  49320  124346  475549  65130  149465  1.66024e+06  0  1.55588e+06  463374  467238  1.01986e+06  885380  760941  69116  24603  4933  106757  70494  700383  56603  7434  26792  5861  8611  1892  2144  9947  17403  11628  1204  28261  765  19534  235902  318193  238558  157860  31333  37035  17043  428671  
1192  1215  961  697  6575  36101  38032  317183  74810  56441  7471  223  9498  12206  315  2566  392  4351  3134  6387  279  132  1353  305  592  69  401  617  1052  901  45  1661  77  1667  42667  14492  14482  12977  256  1550  1204  2479  7165  880  798  19709  800376  1.07336e+06  1.54044e+06  0  1.66186e+06  2513  95  781  243  194  24004  5398  54808  195897  2965  284  117  31190  563  31269  1762  860  2583  75051  42088  3688  7839  120  1799  7799  110594  14052  7170  846  7538  1671  31270  
1737  1208  1051  2387  2772  9502  15627  407735  51770  339605  109671  2354  3094  15412  560  17383  1383  12039  4365  14350  403  209  3121  464  606  173  1341  2959  1326  1582  70  3218  453  1706  41139  16719  20508  23146  423  3088  6219  20614  12770  2006  4949  38125  1.47102e+06  209365  852100  1.31268e+06  0  107941  610  675  1702  1045  2.28771e+06  142570  124660  98347  24176  2403  724  18318  1942  18729  1399  8642  20969  65450  37683  7720  545107  177395  893350  134806  709492  376632  237954  5180  96091  30508  180189  
1306  628  1515  3408  2076  2178  13509  111517  8642  262855  466821  2715  6480  56178  1674  69016  3861  13268  1358  73356  1246  315  1021  337  335  187  874  2061  794  1078  79  5619  1758  2014  15918  7805  7855  7679  271  1908  3550  3804  534  1120  5301  1595  1772  7257  456125  1443  123950  0  11515  16526  889567  3042  113863  2342  58144  1710  336224  6171  413  1695  436  349  148  244  945  1253  783  154  2105  128  1741  9574  13913  15787  9667  3305  1572  1304  17339  
10997  542  15006  342766  922  828  16792  470088  634  1448  4963  1.1543e+06  249491  76026  41523  777  179  3288  473  119624  11777  3565  578  1705  441  593  2393  18664  1032  1464  21  6229  83  472  9144  4608  10656  2785  2961  2608  4613  23810  5910  11895  591916  2073  2435  59002  665556  2449  887  9095  0  372119  122836  93477  1332  673  5223  1008  357657  28835  4165  1648  2308  790  1203  4701  9052  3615  1312  107  2231  17  7253  19220  57327  7493  6130  88423  3624  5677  13165  
3261  493  3938  35441  2474  6335  11387  196180  6024  3294  7648  72006  737137  138881  24447  1485  313  3762  815  147158  10818  3799  762  894  482  321  925  6006  1317  1297  33  2955  55  938  31275  6099  12742  12692  1032  2515  1942  4831  2150  2034  23290  5453  11432  39987  650732  12222  1752  11279  477690  0  435338  118284  1510  832  7976  1703  378425  31341  4315  1634  2878  641  802  1221  3157  2657  920  120  1430  26  2352  20327  18188  11647  9084  59597  3655  3529  29859  
3461  1137  4325  19083  3669  4077  24353  143945  7296  80702  174895  20796  60950  621228  117005  15157  2102  24992  2389  183872  13782  4684  1669  1453  992  807  1633  4784  2115  2556  128  6108  704  1639  25310  8208  13743  11185  889  6803  2192  4956  1427  2167  24611  2637  3363  14609  874507  2738  4098  879475  179048  391194  0  452093  10004  4425  32974  2850  857742  53365  5186  3889  4328  1099  1229  2145  4207  4097  1994  539  4637  128  3517  20046  17760  33969  21060  69184  9417  5000  28215  
3450  1388  2985  17744  1010  412  5502  34157  552  2267  16518  20077  28982  53902  511901  3550  1991  44863  6159  271889  25003  7753  3346  10000  2082  2625  4295  6382  5066  5948  195  8705  802  1765  28686  5728  12283  6583  1148  23815  4162  4163  944  926  16627  554  477  4205  53381  545  1639  8480  86972  185309  591453  0  2990  5957  31574  5060  1.5158e+06  70138  112821  6658  620006  13893  176988  85707  13883  10238  3098  899  5203  112  2985  58014  17385  7499  5612  58828  295977  23928  22053  
684  638  198  743  808  783  3047  32495  4244  97043  91468  664  936  4030  353  125230  12081  20450  1578  36430  409  168  797  292  246  82  474  1192  755  1736  210  17125  7135  5668  14198  4903  8325  7961  300  2483  2640  7568  4697  730  1491  16885  32276  14118  47366  34585  1.8663e+06  77951  257  414  2011  575  0  1.94966e+06  756555  61482  18722  1406  354  7425  910  8396  940  8076  20690  33966  16422  6159  705738  342973  661177  234744  204596  377505  335418  2224  124221  53359  300423  
3041  3403  614  603  2561  1816  11310  23622  7008  21354  95031  294  962  4730  3225  117815  25920  201604  12807  178214  1712  916  3360  1376  1507  328  1267  5912  5063  13570  907  47118  8492  12100  67717  16487  28869  15879  1768  25242  7614  8500  14148  779  917  33168  131686  36965  38084  58399  397571  17512  194  496  2907  5120  1.85758e+06  0  850021  1.60561e+06  139861  6637  1301  33714  3707  32270  3013  5746  21763  253843  319375  509701  2.04506e+06  364418  399531  217529  72890  206816  130553  4132  59582  26577  167476  
6140  6194  1108  1039  4122  2359  18788  39136  9730  17687  62867  458  1501  2655  3788  61456  26922  267922  39611  183371  8378  4704  15249  3678  5679  899  2584  14760  24816  29549  1161  58534  7719  15153  117995  25789  50980  29449  6373  49610  15867  13929  3898  2262  1617  7098  11183  33549  114403  85855  102932  39422  397  830  1986  5841  796075  814546  0  2.52588e+06  774914  82852  10415  507503  16642  53583  9438  6071  37290  165320  52557  17727  129963  3948  20332  236235  41420  128502  91197  8604  91108  39605  181850  
2688  2509  1150  1174  2754  3015  18501  72128  8964  17408  10647  879  3470  2414  2823  10386  4001  71113  13484  56486  4206  1954  6279  1865  2804  511  1362  7259  11415  11789  280  13597  1585  3198  55079  12139  21384  17425  6506  22314  8270  21610  10946  3753  2512  26467  32028  145998  148633  359075  176165  12616  730  2068  1895  8300  26453  1.66373e+06  2.41412e+06  0  272902  12250  3866  1.48172e+06  12397  247205  14982  11733  63900  1.00588e+06  1.09674e+06  883142  369524  9389  62682  264251  58108  285973  144004  12897  127786  61497  182936  
21461  17928  6922  25387  12145  5990  54225  153435  13171  38602  182654  16184  19349  47709  102848  109860  41625  655804  108138  1.34828e+06  102563  45918  115275  22189  36904  6927  11365  50806  101701  89014  2613  126132  14000  28529  319149  67458  144008  79068  10984  158411  40334  22537  5996  5433  19589  5137  5311  35354  349118  4555  11374  225989  152145  169431  504707  1.52645e+06  16843  44045  837637  50605  0  1.81371e+06  746997  88253  540863  55884  179466  179531  57093  192087  46558  9467  87984  2555  11805  295141  59162  68369  49904  48537  300669  42401  198475  
1426  1428  268  435  890  263  2833  4797  251  1026  2265  177  304  592  1943  933  729  32676  7686  33367  109992  47312  37751  7159  7390  1949  2094  4632  12350  7372  107  6143  705  1509  29489  3902  10890  7406  891  23383  3315  2532  569  433  616  463  296  2833  7590  219  573  710  1242  2616  2534  72189  427  546  141557  2436  976795  0  304772  92334  141388  8948  27467  26362  7313  22299  6076  533  9352  57  1061  50087  5924  7522  4834  2469  58511  6908  17791  
318  230  86  197  163  51  747  1263  50  182  434  78  109  194  820  178  134  6883  1345  7285  27830  25860  11052  6421  2573  774  1702  1231  2327  1545  19  1165  120  293  14105  665  2096  1433  436  16298  1091  1854  320  246  403  182  111  1498  2232  70  213  191  270  967  1011  104098  188  137  38108  715  404013  295480  0  77946  494269  9318  50557  29120  5810  8642  3941  194  6060  21  852  35844  3175  4545  1701  1439  64739  5628  6476  
1043  1045  1254  906  985  625  10952  24976  1431  2256  1312  481  1239  681  1018  1352  487  28671  4726  21747  37561  46081  98613  29915  7458  1996  2531  3688  6816  4780  66  3515  348  879  63279  3417  7625  7521  3418  28887  4225  22922  8550  6685  2288  8168  5869  58164  50924  57001  24809  2108  472  958  727  5967  2933  4263  468058  1.0412e+06  184247  125105  166644  0  188809  622839  51663  20346  47218  942181  872262  12478  192080  598  16451  240473  39917  157253  48650  8605  124329  53531  92301  
769  422  560  1012  257  77  1774  2851  76  269  753  293  260  420  1392  267  172  10780  2045  9786  20222  39632  20180  123581  5432  2640  3095  2990  3867  2988  30  2007  164  404  36995  995  3995  3694  3202  30617  3139  17447  2464  2736  1924  610  405  13692  5619  339  502  299  852  4586  4663  621989  411  536  51894  3260  543759  171351  622967  320685  0  1.67562e+06  717542  64864  56539  78935  34486  727  53170  12  2918  116027  15606  12452  3726  7639  196712  15815  28402  
632  516  444  554  374  258  2312  6625  811  1100  908  158  317  413  746  465  295  11227  2189  10077  7444  5237  14188  5650  3539  1111  2043  2340  3413  2758  43  2244  245  518  37608  1744  4174  3681  1842  22560  2412  10162  2560  1924  1282  1787  2937  27327  10031  42528  15464  348  406  700  705  35232  1630  2119  54502  165528  55841  17967  21776  1.02981e+06  1.69443e+06  0  1.8037e+06  892347  412503  3.06342e+06  75765  2934  35931  129  4041  145138  16043  25247  13082  5321  536629  39735  39975  
252  68  260  673  41  24  412  1256  62  205  976  139  100  265  227  293  54  1732  263  2592  1791  1189  2574  1136  678  392  577  576  434  412  3  435  39  75  10147  298  601  459  205  6328  374  1843  200  159  920  209  165  2025  2275  2426  995  259  500  1142  1038  69042  1085  373  12763  14372  32015  8193  13640  106947  244514  1.43039e+06  0  370981  46232  47392  8635  261  4426  15  1865  21314  2271  5086  6385  2420  154816  19909  23523  
353  117  345  1295  46  23  433  1574  77  838  3356  411  254  918  395  1091  195  2895  282  6903  2199  1428  2075  959  1072  197  1104  906  534  643  10  845  109  142  19494  466  954  602  227  12977  606  19019  312  161  4980  695  483  1355  3327  441  2055  811  1665  2378  1962  64340  3122  861  7212  2657  38236  9409  12688  11636  26829  857117  402356  0  290262  12648  2309  165  3662  62  29172  45670  4918  9888  4470  10791  324314  153299  25334  
581  239  484  3090  247  209  2315  5816  385  2794  1535  2080  1328  684  735  341  249  6173  1062  6356  1108  821  1158  1493  783  462  789  5433  2613  3548  25  1437  78  270  11052  1469  3570  3497  3240  8087  7232  339508  6909  3968  65738  8908  6308  29790  17193  3035  14666  2768  2836  1698  1115  9350  25946  10564  41020  18428  25056  5830  6101  45295  38170  277494  43431  372354  0  704669  350709  4772  283733  382  270575  271755  93052  112127  18320  138921  303135  478217  88151  
1946  1833  590  505  1537  1300  7132  22065  3105  3863  2972  225  682  1001  2921  1143  2107  45538  10221  45570  6333  3721  6247  5047  3186  654  1404  6874  11899  10004  200  9569  1018  2264  42799  8101  15598  11242  2850  18658  6734  16996  13930  2675  1940  18354  39285  127793  22953  103291  52470  751  374  515  711  19565  4017  33174  123606  365599  123803  27822  18617  1.25614e+06  127685  3.42456e+06  63856  41912  576143  0  3.30291e+06  42702  120392  364  8209  136473  30211  48700  28381  10210  328437  41763  65910  
1239  1234  596  465  1772  2811  9491  34745  5563  4842  7944  215  1144  1246  2096  2862  3246  49755  5090  41928  1948  2351  2693  3814  931  248  697  2979  2997  5144  203  8735  716  1904  26220  6222  10263  7365  1954  11730  3538  24838  43738  3130  1717  71300  118142  226032  35502  132671  100030  1232  234  455  1091  13154  8127  329062  130331  692724  99968  18443  14688  626077  53718  84501  11709  7911  420937  3.47014e+06  0  2.07254e+06  3.62064e+06  733  17845  123123  39277  58844  31118  4701  50831  17825  59981  
515  567  135  126  795  1280  3561  12247  2213  1769  4834  54  376  474  813  1680  1913  27333  2125  22459  525  302  768  345  323  88  267  1189  1020  2293  114  4689  422  1036  11408  2757  4688  2856  402  5225  1254  4924  18371  569  367  31362  54784  77853  11020  45963  45489  517  65  132  544  5985  3658  440710  41583  780712  42597  5913  1680  22187  3410  11364  2572  2349  13907  161427  2.02609e+06  0  647665  697  8078  41100  14409  11779  7419  1173  9741  3657  16968  
2377  2292  1594  1813  2049  2429  14310  41880  6930  9947  40562  886  1742  3131  2655  40163  12363  124185  7776  106015  2847  5069  4433  9786  1931  674  1383  9085  6007  11760  470  24717  3714  5659  49218  11678  20530  16279  9818  23643  12071  651804  103463  20423  36933  81152  276181  107222  97738  18715  322241  9910  802  1161  3048  14371  319280  1.61813e+06  335904  248615  206382  32579  34008  511420  100129  47024  14540  14878  228316  141055  3.64521e+06  1.2256e+06  0  831166  1.09775e+06  274418  104005  326949  75727  27472  65959  52545  161980  
67  71  22  21  70  166  370  2805  617  823  3249  13  48  248  45  5564  1069  4261  211  4531  52  22  50  41  30  4  26  96  89  254  26  1604  521  512  1516  434  651  373  28  339  130  980  901  50  34  3253  28031  1106  5230  488  70170  561  10  26  105  219  158958  277490  15155  4008  7567  505  72  1164  170  954  157  658  1808  5327  2891  2816  607641  0  387794  6897  5678  21638  3953  187  1606  707  4591  
671  530  646  820  990  1544  7899  26062  3016  10349  12541  511  1189  1078  494  10257  2540  21933  1529  20548  688  679  1068  1020  308  77  235  1009  782  1658  89  4807  897  1371  12250  3457  4455  3944  410  3506  1397  1.05318e+06  92432  5876  12659  874414  1.41991e+06  48085  140924  6039  1.42167e+06  9742  814  954  1738  5100  1.29357e+06  766452  197012  80350  90047  11259  4038  66965  10892  16508  4307  56696  145520  65667  59571  27076  1.97783e+06  1.02963e+06  0  96978  32619  313061  63420  14036  18827  51577  62136  
5882  5542  13427  13157  13629  12495  182433  464673  12126  36323  18684  6058  24267  8229  5060  7268  2065  29821  5548  41461  8765  8745  12251  12447  5655  1070  5766  9153  6688  7524  178  6839  523  2472  369229  74410  38095  64973  10252  48210  29738  92943  93176  90714  32113  75699  33471  456881  1.19449e+06  14564  374940  99023  9351  18761  13306  47973  532885  112241  1.23064e+06  254672  815116  93556  47147  399968  137384  226799  30490  71411  503148  394761  106540  13504  117373  1365  31234  0  1.71875e+06  864376  1.02771e+06  206832  2.01814e+06  1.00932e+06  4.62147e+06  
1495  337  2369  5176  369  397  9474  16839  1226  8313  8169  1164  738  673  411  1851  707  7028  839  7943  573  604  657  1180  240  76  468  1350  605  819  30  1570  216  407  10944  3590  2448  3171  1046  1892  2821  227024  75768  26450  100063  5738  7842  263537  52298  7636  62514  23890  2792  1563  1317  4514  65855  26178  99393  15602  79706  7314  4127  29704  23470  18493  2685  6554  141670  115319  61292  3220  73270  1365  41806  965606  0  234670  119737  489153  133467  81881  159988  
1077  1000  2374  3061  3709  3606  32601  123175  5586  42617  19555  2297  9856  3478  1284  3065  681  10402  1682  15071  1673  1280  2519  1787  1280  353  688  7807  4696  6035  63  2429  184  725  41530  12489  14997  35747  24721  8125  17193  90173  50526  27635  13117  147833  29334  151184  663336  11224  303814  60057  2044  7540  10423  7555  356843  65746  355557  135387  202650  26121  7460  134031  14093  41829  6494  9424  48343  153124  52476  7008  85977  798  64686  394948  333788  0  2.06531e+06  156227  182068  139241  409503  
606  590  988  922  1749  1591  16870  58171  1921  7747  4159  689  4758  1501  574  1506  301  3491  723  7373  752  389  1286  512  648  85  245  637  831  772  15  806  85  343  18157  9355  6768  28290  588  1527  1654  15489  22069  11660  2295  76679  12442  75238  399925  4320  178009  29769  573  3440  4988  4006  168204  22545  161905  50294  114450  12321  1744  25312  3549  16321  2542  2622  5650  50410  16624  2016  15355  285  8013  197927  89815  1.77216e+06  0  6514  473083  116646  883531  
294  44  569  8901  44  45  795  3643  74  330  383  7953  3215  1876  769  73  22  752  106  2317  309  187  327  304  123  53  156  1179  466  632  6  287  6  42  1842  816  2191  3573  5925  1130  3378  68381  4966  1559  48331  491  699  11136  6922  546  1976  951  28156  15449  9563  3674  2567  1088  7723  2977  14161  1493  742  5787  3278  5652  868  5098  113486  75676  15556  428  23186  23  45139  70752  436021  166966  11742  0  11400  107333  10098  
2060  903  1016  5316  511  213  3590  9027  410  2423  9761  2177  1644  3924  9024  2676  1322  27038  3729  39147  10724  6544  9805  6543  6895  1406  7701  5705  4902  5689  88  6093  540  1071  113687  4551  8778  9223  3429  84189  6919  18948  2015  1407  12711  1201  1243  10538  28710  1395  32715  6391  3247  23870  24081  313324  24887  4394  47297  11372  121036  24264  26050  33362  91383  265384  241511  760143  254582  160497  29469  994  28316  50  11900  1.41114e+06  46305  108229  193544  34439  0  1.24079e+06  362257  
400  143  235  1390  162  112  1953  5484  135  748  1018  539  591  578  1230  429  142  2977  443  4212  920  661  1049  714  504  137  577  611  484  580  14  592  49  121  12812  1636  1949  7477  582  5691  1797  8650  920  1470  7560  609  411  6020  10752  617  4416  1149  984  2476  2536  24738  4113  1532  34369  12510  22736  5215  4791  37488  7651  19334  25997  251439  251156  42011  7407  692  10033  37  29857  588017  44621  64828  41579  46678  1.21638e+06  0  191653  
22591  17042  13299  20896  12128  14833  162169  671805  18701  572046  133263  1939  20491  21938  25681  411215  52869  347916  73594  380740  23434  7826  88260  60270  72114  56812  48897  40343  77702  55623  2511  40047  2718  7120  3.34734e+06  1.30928e+06  226603  1.88018e+06  56014  115327  219971  23425  17830  21006  9914  33101  22707  149105  794094  27468  445757  139959  2289  7830  6185  16926  554594  66594  583556  104737  332976  32372  6900  73458  25801  61943  17523  49214  56784  58782  24010  4861  34203  866  11179  2.89411e+06  260079  1.11607e+06  2.38858e+06  10594  1.02779e+06  358036  0  
