4528202  
2532558  
573056  
3285093  
4002155  
4143698  
7393824  
14228714  
4069750  
6320085  
2971564  
2270620  
2443765  
3316194  
2907480  
5180666  
6904420  
5525967  
7608283  
7659255  
1177729  
1002029  
3307162  
3393654  
7598641  
2189624  
2095535  
2557747  
8074189  
8885445  
2374533  
9583184  
781406  
7010681  
10949494  
3235793  
5719142  
2271083  
652161  
4005178  
2173136  
4542178  
2210590  
457213  
3267643  
3384898  
4639109  
7699614  
13131410  
4558013  
7381270  
2100139  
2580920  
1818524  
3234950  
2898054  
5477405  
6992391  
5849497  
7756438  
7928808  
1426673  
982349  
4015705  
3630058  
7491416  
1901467  
1608666  
2446162  
8328972  
9480771  
3017793  
9156831  
925139  
6856986  
10722549  
2298076  
4194808  
2459146  
718221  
3852861  
1828616  
11401024  
