0  1.49607e+06  20900  670414  192980  56396  298430  23081  2620  43428  13982  681  1101  1707  5280  47080  76061  101186  58278  46372  17150  50861  120580  210890  102989  34136  98008  206186  109839  250838  11348  455656  3965  1.56381e+06  101537  227998  568776  187873  160472  101310  92024  1360  293  277  2988  345  536  2254  6636  1604  4124  2990  285  246  398  1411  4698  2563  16438  2617  23495  1997  1866  4171  10644  2227  568  458  1015  5725  2966  560  2360  233  1294  12960  3719  8053  6181  3759  6774  3425  152664  
811144  0  1108  1445  668498  33299  299130  22270  3394  34846  16898  272  722  1032  3134  32647  56995  65367  62360  26412  9710  28671  51471  88672  28313  14225  5843  10855  22650  32920  9980  39937  758  62977  463429  852418  622884  472571  13179  55373  26207  1186  721  713  4545  542  819  4470  9787  2307  9933  4842  131  91  395  723  4786  1467  7780  1743  9467  1018  942  2290  5971  809  334  276  293  2055  917  205  961  114  961  13966  5323  8121  14312  623  8189  3804  543768  
23414  1421  0  118410  179  115  205790  53284  146  1107  744  71  127  98  322  1251  114  2015  480  1430  272  707  1089  2382  940  650  897  1239  1685  943  27  512  11  84  50224  155249  17597  14409  19722  6371  3849  13298  5505  13249  51315  323  102  16297  17767  168  351  183  453  78  379  371  171  60  297  85  597  90  102  362  251  118  37  30  60  196  118  7  95  2  180  2181  29914  1293  638  604  418  248  27346  
695598  1616  123766  0  1790  1295  30346  666167  1335  1558  5827  839534  69771  78846  71640  1716  683  5490  1653  62638  8277  4342  2305  4011  2007  4463  8492  111114  9521  8871  93  33130  32  23663  38280  138445  72873  10394  112449  14784  28402  90135  11282  68449  1.25073e+06  2032  1998  60121  300698  3505  1892  3732  300004  36941  43362  43376  903  508  3304  1335  51740  8645  3335  5982  5084  3323  1133  1189  6597  9650  15507  357  10229  33  10771  20496  205443  18150  4806  98462  6611  4215  18183  
247671  827672  1543  2985  0  1.33274e+06  1.35988e+06  159912  25005  117244  22251  503  4660  2005  5431  98067  200168  119540  174824  41524  6727  7987  30342  19227  8169  4164  8162  14806  28963  57546  23147  103129  3962  463464  626902  535592  418980  174189  4998  71947  36523  1251  14709  2794  3578  13875  17321  119402  127094  38940  14237  5811  275  358  536  1148  7757  3116  11819  3946  12127  1150  795  3373  2147  1723  408  325  693  6076  1935  382  2465  251  5358  46794  14969  16187  13670  970  6910  4331  319544  
63765  88354  892  3437  1.13784e+06  0  550609  389595  580163  1.67323e+06  16039  552  5612  1681  3295  121745  207686  54947  103663  14573  2539  3252  11410  8598  3697  1821  1798  6460  23286  50269  17669  161457  4021  897997  91778  69952  229491  50685  1146  9473  6235  937  4527  562  1556  14513  40144  118681  283601  133856  88733  29362  265  485  1092  915  13930  3689  13842  12892  8851  997  579  3775  1309  2939  295  287  804  13438  2520  394  3369  255  12026  57703  17728  23835  17209  428  7303  2427  90605  
277458  648211  275048  27547  1.7551e+06  985598  0  1.64848e+06  914332  172212  24686  891  3212  2192  6966  47723  70179  108669  190771  50588  7047  17296  29347  54622  21290  13551  14717  24701  82897  76975  8726  19342  395  6366  1.12681e+06  1.33827e+06  384216  230697  58467  138172  65535  36357  54684  41615  185521  41877  41769  403287  346071  81478  28798  8966  1407  527  1697  2348  9767  3350  13140  7956  15048  2468  1821  8366  5080  4041  733  628  1607  13571  3859  536  4153  229  12114  117344  92021  40583  27296  2454  12354  7148  540429  
7643  19986  165712  1.28201e+06  125229  123243  1.96215e+06  0  1.9581e+06  516740  478436  742590  1.2212e+06  586170  428715  48246  12679  101332  65432  546291  35633  17934  21993  21544  16411  49782  50593  32994  48984  28870  3608  17040  441  13502  649534  788172  238873  161975  9714  155405  40164  47558  123641  89528  419471  128646  229037  1.1481e+06  3.64555e+06  677203  432859  185779  321399  268854  63964  114339  49882  9852  65760  68475  146510  21159  9870  43819  11213  19483  3868  2880  6744  76857  18145  2208  23001  785  86957  511988  270923  246597  146109  14515  48311  17591  490147  
1643  3171  785  1066  37677  825022  678353  1.49406e+06  0  1.48527e+06  4680  110  458  389  527  17912  8798  34610  112110  4063  346  475  6687  946  2197  554  795  1584  47081  31104  1179  4183  87  3518  102142  50455  52979  46457  1157  5957  4945  834  3950  394  884  15582  48903  129840  236823  169153  118076  28699  102  163  1207  508  14713  1575  8832  12012  4688  744  418  3614  728  3000  257  242  710  14036  2275  290  2736  102  11856  53830  21313  26942  20021  355  8261  2382  107340  
48657  54962  2433  2942  112543  1.56618e+06  132018  746310  1.6791e+06  0  192490  298  4142  7169  3075  2.33059e+06  258051  103311  134194  23946  2293  2282  9865  5280  3646  2239  2132  10334  39632  58781  17171  231794  29672  635898  251011  324321  437776  321449  3583  14130  18257  1934  4898  842  1769  7689  26177  49477  207959  111099  492332  151775  268  559  9115  1155  144206  15110  38369  27455  14137  1295  810  5329  1426  3127  421  402  891  15622  3197  760  8295  1032  26465  52066  44188  56450  43267  667  24428  8322  341405  
2095  2227  888  19957  2755  2319  7341  616716  7106  257634  0  4889  27853  1.13617e+06  33422  133181  16937  160766  7109  846716  3616  1667  6909  2305  4651  6892  4192  4506  4547  2940  523  10049  1385  4690  32338  22034  25485  16433  1415  15006  4978  2740  3218  833  4674  4744  5148  14344  88211  19235  388276  289688  1503  3489  19694  4905  201999  51320  103317  19901  72720  2214  1423  4779  1568  2469  473  440  1225  12150  6081  2308  17876  3297  24704  51440  37299  49918  34729  1249  21479  5545  64088  
1263  629  8015  1.37098e+06  1449  891  12677  984487  1208  1078  4961  0  716085  421588  386015  1210  599  5431  925  258955  21343  9220  1061  6293  2565  12863  13450  11465  3818  3028  68  1335  19  584  16214  5978  11146  5089  2909  31544  14523  8407  1780  4617  166163  1189  1201  13747  227117  2280  1279  8437  563031  112841  71331  86316  988  629  5636  1417  91632  12169  4156  4813  2850  1306  856  616  1567  3170  3533  260  3175  50  5634  22528  27590  18192  9221  31063  3757  2286  14243  
976  900  5616  146716  4048  2396  14620  1.0747e+06  3127  3307  19107  597774  0  617563  568120  2605  901  7980  1690  349255  22621  9364  1750  9038  6258  34909  35951  19671  5248  2790  158  1714  40  923  32819  11838  22743  12838  1890  76809  10632  3050  1827  2003  33559  1938  3847  18500  299623  9586  4535  19695  191636  519805  85544  85433  1691  794  6443  1783  75394  6798  2674  3912  2638  1269  1868  1046  1066  3036  2010  254  2249  79  5794  27277  14595  13713  8947  11644  5157  1911  28979  
1091  833  2694  132507  1352  1306  5756  765987  6606  21360  1.03691e+06  190169  744603  0  1.1193e+06  13702  2877  29311  2396  1.36209e+06  26793  9889  1475  10724  6998  37816  27841  21948  7217  3011  231  2479  100  927  16880  7539  10461  5681  1292  70561  5942  2995  1583  1777  26736  1532  1969  9717  126300  5055  73728  132235  53819  161656  709594  117557  58396  12368  34537  5048  177846  6136  2331  3665  2294  1787  4367  2796  2008  5809  3431  811  4983  796  6922  21058  14195  14773  9410  7742  15272  3331  26603  
1723  1311  3262  139195  1401  754  6768  223677  1055  1955  31295  186931  279619  551653  0  2232  2400  70783  3893  1.70014e+06  76326  100733  4465  519861  13749  125383  70566  24757  8005  4755  450  4430  79  1184  40336  6435  14493  6918  1758  170568  11717  2815  1081  1807  25382  717  916  6728  60593  1572  2988  15788  46995  67664  133658  379285  7331  3186  26563  3445  251335  12817  7114  9076  6009  2488  1961  1435  1465  7245  4469  974  3303  392  1982  18342  7897  6970  4120  6535  10744  2997  56427  
44988  51075  2414  2706  79134  113657  44439  81539  116391  2.41215e+06  150984  265  1777  12683  2438  0  2.18178e+06  586808  236237  44937  2939  2675  9455  5666  3502  2472  1924  9334  56514  79422  20059  468336  126408  727020  195413  101316  463221  343997  4061  15863  29355  1816  2008  554  1286  3451  5815  14030  24515  11830  69025  54667  292  359  2528  1478  142303  80847  106766  17641  37097  1919  1393  4553  1858  2328  524  399  1153  9270  5743  3021  22813  4891  14099  35994  11815  25881  19271  1194  17219  12522  262364  
60654  173265  3080  4268  213829  259915  72598  97894  49905  403018  408216  574  2812  50515  15613  2.79809e+06  0  878905  1.69464e+06  419044  15094  12669  23755  19849  12155  12502  9011  22057  109585  533902  476778  1.72049e+06  485878  594035  132364  47025  479048  172035  7894  57685  34227  4317  3193  1129  2542  5289  9771  26738  39935  20827  53975  81557  644  764  4308  9956  277906  147839  389696  42159  237491  5873  3491  12257  4943  6687  3180  2788  4167  29426  20295  9852  52484  10825  25841  120185  30580  50564  34211  4277  36407  17471  165192  
61288  53275  14433  13667  33724  54084  106134  108976  157293  232508  187842  813  3255  8002  8791  714853  619858  0  3.28903e+06  700689  100080  20308  1.12631e+06  73004  321033  93826  27891  57211  214377  131673  6763  126741  8443  53665  181382  37130  417759  142647  33888  281196  85972  6491  1855  1978  4990  1799  2967  11954  27814  8399  14721  10082  689  729  1364  5373  17525  13033  118832  20249  165460  19932  21546  58779  18797  15679  2790  1937  6415  56570  25476  3130  14190  1215  7300  101886  13212  41652  17586  14652  34812  20811  200756  
77518  95234  15694  15990  80425  119546  280387  174972  301092  187063  66599  945  2606  5207  13048  179684  2.07134e+06  3.36676e+06  0  219658  12777  9571  1.46259e+06  38936  263082  71390  29944  74758  1.34698e+06  2.38772e+06  667318  352690  8546  118153  194347  50923  535570  173191  36530  261600  126207  3777  1821  1116  3776  2517  5370  19599  41683  17551  25280  11904  688  710  1446  6386  17139  10376  77465  11285  98333  4996  3971  11660  6156  7695  2594  2036  4218  29486  14501  2523  9776  1049  5847  50466  12657  33285  15417  14189  23049  14228  175523  
22640  16253  12818  179531  6512  3408  47399  608849  5560  22088  971030  139194  330426  706396  2.57797e+06  31826  34649  1.45277e+06  47538  0  1.89394e+06  981551  64780  1.23684e+06  70742  340528  98729  95834  79562  58700  4547  69077  2184  18594  240428  36053  159760  65955  24029  473631  69981  17448  5793  6793  48072  4271  5004  29075  164507  11097  37920  116809  71033  89073  110566  219781  66727  38320  368364  68790  1.77664e+06  109672  108614  250876  89744  40935  8357  5783  13211  126262  62714  11521  42627  4448  20461  304510  39373  79229  39928  20164  88915  36971  281517  
2282  2180  1057  5072  564  141  4511  14577  170  608  3604  2514  6126  4330  55289  770  878  293341  2527  903178  0  504456  32618  241489  17714  36620  5042  6068  5185  3613  378  8901  34  2745  26615  1953  17649  7000  1380  52522  7672  1173  271  367  2730  123  96  1240  9262  254  405  664  5395  5837  3933  16821  323  439  14570  3701  134882  135650  52030  48167  43765  6547  1179  571  747  3453  1328  191  1461  117  780  29509  1654  3335  1311  1030  11526  1677  21496  
3342  5410  2005  3741  479  111  9403  9793  112  322  1253  1507  2870  2358  52576  370  415  63424  972  418051  548150  0  64876  752569  19924  42341  3405  5649  4489  4224  185  7554  16  2370  21907  1861  27819  5802  1755  45089  8378  885  273  263  2514  81  50  979  7921  125  143  260  5312  5119  3304  18550  156  150  5208  1196  72700  52063  55988  28278  60791  4420  593  358  510  1869  964  59  969  38  583  16863  1282  2419  775  1081  10926  1392  21881  
38739  46706  9096  8821  7796  2996  67548  98435  8751  15561  73105  686  2480  2515  4373  8062  5830  1.09572e+06  1.40458e+06  134694  60317  73165  0  440877  1.38442e+06  211948  56014  67280  1.45325e+06  660894  4489  159173  441  43546  121552  21058  317285  115429  21254  131565  123002  1532  600  554  2031  498  1198  4190  14623  3971  8443  3081  331  332  419  1580  3782  1672  15296  3606  61755  15144  26936  52867  24864  8646  1118  804  1577  6968  3106  228  2208  183  1377  56047  3902  12557  5077  6683  22848  6086  102957  
45260  58517  15863  9658  1947  476  84006  31446  273  1324  4329  2004  4023  3459  409957  1419  1824  127156  14484  683367  326816  1.00144e+06  631461  0  1.90212e+06  512411  23400  37070  37605  44561  849  54267  79  16265  100916  11364  168314  23146  11251  199738  32434  2291  606  739  3054  260  194  2650  7954  365  577  665  2371  2143  1406  14202  471  345  9387  2460  51968  21502  38683  54500  231391  14729  1685  1213  1765  6164  2626  129  1572  73  873  46210  2781  7724  2175  4119  39605  3875  104635  
51250  29916  11180  10026  1530  588  59960  36334  1107  4822  18345  2175  4097  3681  18822  3333  1994  265439  146964  73849  29614  46514  1.30947e+06  1.87612e+06  0  1.91827e+06  871787  350169  3.39845e+06  169794  705  54866  165  11325  90456  12349  141099  26594  15077  327155  44059  1338  295  414  1789  221  373  1788  6083  1195  2406  1378  595  463  389  1404  1460  756  6828  2037  16723  4701  6390  13489  14243  10061  1129  818  2279  8339  3573  185  1685  87  753  25430  2853  7202  3164  4501  20496  6054  107274  
17413  5734  3665  4698  454  173  19389  11381  216  1294  4493  1439  2456  2110  34830  1677  715  72067  28888  42041  16123  20635  165684  415005  1.67992e+06  0  666641  192783  62087  23124  267  18044  55  2777  33835  3822  52745  16152  5596  220998  23485  504  92  128  740  80  135  571  2283  263  627  745  389  293  214  728  594  266  1793  468  4892  1350  1834  3854  3807  3309  530  353  1130  3323  1504  40  549  25  191  7921  1117  2443  942  1819  6953  3213  174708  
48219  1669  1337  18441  579  276  6097  24771  334  1126  2630  4443  7540  6495  63552  1170  611  25970  7936  47021  7172  5777  21748  29394  839183  757272  0  616889  16405  7897  238  6873  67  2559  163428  11454  76927  66268  8999  764739  376599  1623  219  323  2770  180  169  1286  5633  302  700  1983  1213  795  563  1261  1147  337  3327  597  6973  1399  1670  3988  3950  3506  761  774  1039  2753  1681  109  927  33  602  16347  4037  2246  1164  4779  14246  1924  103795  
519334  18573  10652  191388  2180  1401  78450  21265  758  4318  5723  3843  4987  4100  20692  6728  4164  49155  22052  41360  11142  16576  46754  53385  174336  144324  503345  0  244769  227353  1009  390787  667  150195  160113  26994  491741  161778  41039  285690  617600  7337  252  333  8465  284  294  1578  5018  559  1092  1464  1735  1354  878  1814  1425  851  6004  1167  10067  1511  1492  3806  5510  3562  843  666  2894  7167  7335  281  3781  87  2529  10990  21226  5155  3739  28975  8296  3938  75241  
46880  15432  6004  9528  8945  28269  90279  53486  48859  27526  19967  1309  2089  2658  8328  42554  17993  256177  581481  71939  18372  18945  1.46666e+06  72017  3.28072e+06  107442  38650  464336  0  3.87234e+06  5959  155946  717  16941  197407  31169  176020  91555  48307  368487  158997  2012  530  449  1892  798  2083  5456  14787  6880  10614  5445  505  490  651  2539  8672  5469  29443  7520  42451  4287  3297  9237  7099  9745  2121  1193  6122  25771  12377  1046  6148  477  2857  24732  6022  22156  15408  10429  13390  15018  90533  
178361  135583  9660  10506  80690  113154  224884  98848  65318  97289  52033  1505  3136  7198  24111  85608  583818  349786  1.1282e+06  204313  46633  96196  658926  327793  224500  76001  21623  323997  3.36522e+06  0  1.49714e+06  4.00504e+06  1950  111850  183264  43962  405333  159981  37295  366423  121035  3788  1715  1086  3245  2146  4412  15258  34473  14461  20245  15009  760  776  1737  8758  29251  17954  110089  14864  135382  7054  5519  13977  21674  9746  3407  2584  5586  33450  17539  3531  13536  1665  7273  54188  11057  36648  20797  10815  29901  17630  145363  
11896  62111  945  978  59107  47073  36439  25953  7293  24522  22559  184  787  2553  6139  23918  730831  95929  597499  68911  26166  17339  31342  23368  10427  7785  3381  5661  56137  2.06844e+06  0  957017  1732  23067  25050  8571  115364  49218  1863  20079  7710  681  530  213  531  661  1010  4557  8241  2639  3295  4705  132  163  544  2949  13423  7737  38864  4213  37460  1516  1061  2716  2434  1335  880  767  802  4892  3108  1164  4317  727  2138  15037  2758  6463  4748  776  7226  2920  29762  
386812  146531  9112  38641  107748  149257  92838  109445  11677  259444  235533  988  3384  15092  25453  350367  1.56989e+06  658705  327023  408596  98338  103821  416437  264775  114261  49154  18779  544925  152964  3.36739e+06  777281  0  815407  1.40682e+06  144475  32998  722327  116160  23538  127408  78316  3261  1594  977  3262  1895  2979  10934  30460  8780  13510  19085  668  779  2253  12530  43884  28285  212862  19748  202728  7502  5747  15505  21025  7906  4243  3584  5072  26317  17002  6007  21627  3651  8537  81699  15821  33113  21309  8710  32115  16500  140895  
9346  10789  189  331  13719  6886  2878  8007  444  43946  23078  31  189  1891  519  88048  243618  41969  11380  21790  410  343  1193  713  640  409  303  2343  1917  6497  4322  431076  0  264298  4519  1414  67022  8542  383  1221  3278  131  99  56  127  136  255  765  1807  528  1145  1939  38  34  109  177  6091  3331  12580  1161  7614  157  88  386  147  195  54  48  100  747  493  274  1459  311  666  4277  1079  1406  945  155  904  511  6667  
1.30528e+06  280645  943  12298  708367  1.35333e+06  28067  89122  6194  1.14426e+06  67655  397  1982  6217  5296  1.34352e+06  1.29026e+06  232906  119197  89512  17485  26462  75272  76909  30191  8028  5354  54231  34483  147086  49358  1.70519e+06  744702  0  43395  24854  906497  58453  4484  19196  40205  829  936  341  1303  1358  2075  8254  21236  5044  9499  10874  243  292  696  1776  29046  14209  43371  4956  33300  1403  1171  3089  5480  1252  532  468  699  4384  2739  1116  5943  1151  3341  18968  5037  7730  5501  1463  5755  2641  50242  
139678  120448  135048  103991  53195  30209  706507  1.19193e+06  72164  476588  255283  10589  71103  28631  118615  374000  39418  1.02523e+06  231071  638295  97618  82782  266317  182002  99388  94267  372901  440464  475928  294855  11803  218948  5163  40078  0  3.52784e+06  644351  697325  670890  2.70786e+06  1.51049e+06  9280  9700  7294  19901  12740  18161  107775  326947  47274  57687  39026  4041  6320  5114  11229  32429  10835  59269  15562  92161  12465  10022  31094  26740  18154  7188  5293  7923  27772  13001  1642  11663  913  17004  400269  47728  75275  63990  21037  100812  77638  4.60256e+06  
103268  74792  373090  276915  23650  5517  824240  419881  8071  103274  100630  1119  5063  4885  9556  152153  10578  162896  19142  112973  8096  7277  25789  15255  11430  9986  56540  78569  94104  39263  992  21468  1265  7567  3.04894e+06  0  204850  456438  1.13365e+06  417925  258424  21178  2655  2564  23508  2462  2854  19542  51947  6768  32502  23090  934  834  1949  1740  20164  4895  13838  3205  16990  1783  1356  4462  3124  2676  1092  772  1891  5980  4045  392  3438  329  3476  55282  50891  20505  17904  24833  14234  11545  1.09287e+06  
435356  467052  224119  151923  315084  58078  1.25888e+06  1.27638e+06  50574  693929  318206  5488  23452  16282  26930  492534  76810  462961  221460  181414  26902  37204  113215  95142  45179  34372  20868  120958  152147  174644  21697  125074  5963  139112  317720  904379  0  2.2677e+06  313865  85692  225209  10437  11148  7805  27808  9997  10449  76191  247371  29445  219058  105142  3686  4155  9068  5573  74466  18749  46981  17617  43214  4963  3956  13714  10811  6467  2174  1415  3945  17157  10390  1362  12487  1271  20608  69027  57526  70463  36554  37732  22448  12125  357811  
31347  81394  41239  20135  95955  16488  152057  390773  12114  334155  89963  1663  8043  5767  10716  328616  35108  216478  105278  92854  7625  5419  23204  8903  8125  7815  13273  44104  96976  105740  11034  22552  906  8650  197881  369653  2.13077e+06  0  63643  41209  238196  2006  2486  1728  5797  2652  2935  19685  62465  7578  37319  21603  915  1255  1810  2293  24706  7733  17784  4493  16230  2225  1457  5296  2943  2470  1243  748  1328  6007  3415  476  3931  506  3950  29893  12703  31395  43745  6264  27784  24217  788857  
164534  2776  13266  127753  194  154  30413  4203  270  2857  3787  1002  670  794  1419  6712  780  17475  5233  10290  2314  2540  10511  6377  4391  5253  9950  48124  26049  17602  137  6355  60  1222  223525  473389  232600  85215  0  52682  117146  4934  114  117  4044  154  168  659  1225  199  683  546  714  645  447  1460  677  428  2938  873  4537  1470  1529  4552  4133  3514  1654  902  2684  6898  6494  178  3000  30  1004  9673  19545  25320  9436  33251  6471  4544  59226  
38795  6649  8703  28654  1417  875  34018  47742  1160  3648  7809  13496  19883  23398  154064  4630  2645  86547  17309  143317  28676  37863  44600  101890  153749  427396  1.75153e+06  410176  214852  83801  519  38220  206  8270  1.94383e+06  81910  146618  108436  97976  0  1.60995e+06  7796  1002  2171  7985  721  784  5521  15275  1478  3728  9899  3044  2131  2275  9508  6088  3497  55724  7382  93587  17762  21391  46541  48802  43692  8144  6945  12998  47194  22501  1506  8681  382  3565  150025  11172  44214  20926  21289  155534  39350  152761  
62579  2896  2622  9738  726  515  8757  14125  1007  5321  6975  2585  2516  2806  10125  4355  1968  71538  29572  35043  18188  15104  77903  27388  13650  19068  1.22349e+06  479737  91713  62163  835  23915  223  12474  811004  67452  245582  402800  70862  1.21753e+06  0  963  203  311  1825  173  241  1321  4007  655  1470  1384  666  553  474  1669  1594  735  7708  1323  11377  1475  1298  3179  3511  1912  917  625  1010  3443  2175  261  1238  106  542  17791  3900  8785  10946  3993  12661  11423  311595  
1118  838  3591  15085  1481  996  11318  16197  2207  3619  3304  335  614  612  952  3601  3476  16234  3770  10807  3181  9093  1060  6533  345  404  481  2893  1821  1869  222  2218  69  521  12431  4968  7551  5821  3271  5814  3440  0  1.997e+06  57530  795082  325039  50433  371607  58895  3694  12976  5782  1564  1274  1607  9311  13663  11991  42491  23375  36683  26977  33589  190385  132704  53960  8470  27639  158766  65579  151057  9316  408293  1994  1.38051e+06  387076  261174  638901  105307  127688  50474  35968  121014  
310  2197  4856  3211  9548  1867  56152  32165  1873  3363  2319  130  234  368  352  2472  1320  6199  1253  4171  858  2225  566  1626  188  178  267  630  722  614  84  739  43  217  13385  6873  4331  5452  923  2863  2200  1.07159e+06  0  10558  9081  537354  20609  260971  21398  2190  12647  5690  440  436  574  4482  10110  7250  32168  13413  32398  12856  8151  43501  21917  15085  2770  3496  9221  18863  14902  4587  45236  516  42013  606178  511930  477803  108820  10390  58313  24991  107031  
217  733  18472  26153  1555  171  18753  8412  134  162  86  128  37  31  52  103  75  327  135  251  144  441  79  425  18  17  38  90  104  85  11  53  2  20  2205  5470  614  641  321  360  348  18155  3655  0  118395  248  163  114151  49989  162  532  244  48  28  66  376  409  228  1239  397  1360  1142  1686  6587  5804  1693  247  323  618  1218  832  47  666  19  851  43429  69515  42456  5804  5110  4285  1937  9753  
4473  5236  119589  1.13535e+06  3708  981  112329  130935  1065  990  1894  217349  14105  15866  17914  1012  904  3914  1257  19190  6814  3828  677  1815  426  760  1115  7724  1606  1483  66  1549  15  392  13063  35989  8882  3638  3148  3823  5321  820033  4047  102804  0  1507  1534  21019  672701  1174  1790  5989  1.05584e+06  49328  56806  53047  1143  939  4917  2599  66740  13977  6810  15745  17762  10270  2993  3938  22271  27549  45168  925  30609  58  21683  83935  388580  82607  9022  137224  16272  9802  23530  
443  1534  757  1790  11587  14214  58885  91489  31481  9737  5014  236  916  757  708  5053  2349  8629  2292  6530  842  1959  696  1109  296  298  454  731  1436  1259  143  1296  63  644  28849  11697  8790  8156  1020  4304  2891  471977  700894  1556  2687  0  906990  794426  103543  21712  40384  14367  524  588  1249  8178  29125  20656  52501  27706  54813  15206  7318  39858  9681  17885  3408  3200  11447  49144  58759  15560  61702  2188  551179  718007  583014  202373  84860  4093  66953  21448  153529  
901  2423  877  3049  17195  38536  84469  268901  112859  46119  8804  469  1857  825  558  7215  2548  6597  4051  4523  392  738  881  764  359  271  504  903  2806  2359  211  1733  58  1936  44950  18467  20514  11784  686  4862  2886  40861  63736  1239  2337  1.14536e+06  0  937855  329825  891948  1.40119e+06  18233  358  387  1889  2421  38277  49535  34092  97591  16256  3916  2128  16462  3251  14483  1217  1106  5004  96727  51637  13944  69334  3738  1.06278e+06  191518  246765  66884  41935  1321  24026  6551  78464  
1861  12993  21365  18948  98135  93048  517856  462118  155637  33144  8167  734  1350  1246  1659  10022  4978  16317  9374  11355  1861  4692  2380  4416  934  800  1751  2701  5874  5395  524  3469  97  2161  143049  71252  38979  30703  2764  16379  10139  238590  261277  213864  30233  1.35133e+06  1.15106e+06  0  1.79019e+06  1.59974e+06  127658  19609  1179  1080  1879  10742  44846  25448  79588  201146  67590  18621  15737  89733  40522  59424  5019  4260  16037  322751  171645  26017  43142  1476  132008  980663  1.01985e+06  276028  144054  7686  113991  27057  365628  
8955  33404  163032  404758  174496  266320  1.0589e+06  4.16751e+06  721685  296515  62848  50196  118605  72269  98987  25542  11059  38657  24826  99390  26648  16725  7514  10898  3989  7378  8908  11013  22506  19289  1501  11827  223  14115  409648  247701  165554  105052  5787  49413  24505  20336  55980  71674  734364  81115  191323  2.22402e+06  0  2.00351e+06  470326  716779  1.1665e+06  885928  669473  562424  34125  11551  91306  67016  446350  73369  31585  76303  31363  20154  20176  11866  11296  50223  20142  4278  39078  1322  161082  583147  1.1216e+06  375607  238758  17101  115987  26021  464323  
961  3181  877  1846  18163  51262  93363  257216  146838  74711  4485  245  457  312  374  3314  1947  7126  4939  4129  247  365  924  557  352  229  490  931  3742  3380  244  1832  52  2072  45102  19738  20869  12110  676  4792  2791  1778  5267  1159  1738  22890  989299  1.63657e+06  1.50956e+06  0  1.51275e+06  8094  142  165  669  999  24954  9929  121767  297523  10811  1133  674  25645  1372  18690  869  576  1694  139409  20284  3044  4748  250  13388  53251  239037  36755  35179  444  16741  3061  60553  
1777  3361  956  1397  8013  38768  28856  236562  175123  454475  91848  184  1029  4363  817  35715  5233  10018  8280  7401  408  531  1754  824  700  439  484  1027  5519  4232  191  2442  86  3579  49223  40119  46068  34888  814  5376  4734  8481  21773  1622  2339  45904  1.57376e+06  327127  660938  1.91384e+06  0  179400  280  650  13544  1969  2.22644e+06  111953  203046  192342  20664  2617  1146  11913  1772  11912  758  687  2457  92638  41223  19761  350543  75428  686920  175686  590918  179609  225927  829  113314  11747  251946  
1848  2679  1557  7317  4143  24845  13349  256088  111785  379652  220272  2307  13818  70795  14889  108771  30697  23547  7978  73546  4319  1283  1693  1023  1307  3632  4032  2835  5232  4306  358  4217  390  3855  57586  49282  36395  34786  1136  11673  3716  1175  2821  614  6670  2629  2753  13066  659597  7520  211847  0  20730  79558  1.0247e+06  45110  146043  4551  85631  2466  782442  18473  3369  1984  2805  1347  3800  2014  1201  3721  1625  463  3921  805  7635  39291  20290  20279  22786  1265  16569  3527  83086  
1603  1116  20397  438570  2917  2005  31682  355433  2922  3209  6442  399668  113637  54327  68504  4098  1501  4345  914  72498  23556  10247  642  2803  690  2586  2695  5048  1482  1223  79  1089  23  398  17005  11685  8312  4670  1538  7662  4462  11375  4505  4015  693676  2776  2114  27024  1.15172e+06  3049  1919  47570  0  624461  308347  279157  1866  700  6326  1804  306308  45624  13430  7694  8262  2461  3747  2069  3068  4548  5119  231  4854  68  8485  25325  58266  31035  12220  75390  7573  4934  16575  
940  586  4866  66135  2592  2864  11080  389154  5252  3783  7030  95911  349666  70700  84227  3007  1170  4219  999  94249  18185  7469  609  2879  1450  7256  7154  6142  1400  949  76  1092  21  727  15857  6335  10807  5448  835  16042  2195  6492  1325  1031  51980  2104  4210  17056  817277  10305  2964  66054  584291  0  382327  367641  1856  561  4879  1323  274766  33563  8447  3080  10580  3259  16449  7933  4835  4824  3850  173  3518  60  6799  24809  19999  15444  8861  55936  21635  5142  20191  
1762  1617  9424  66913  2138  3765  13510  201510  22264  74516  95288  32569  126355  800816  341225  44100  13981  17106  3713  299165  32049  12705  1219  3696  2358  10950  9652  8791  3283  2178  256  3221  190  2227  27074  18277  18575  13784  1293  25978  3396  5419  1165  942  51029  1193  1517  8359  740650  3260  23879  1.01246e+06  244419  592737  0  857576  31176  2939  38485  1991  1.0658e+06  61522  14363  2772  10831  3893  20133  10051  5889  6226  4503  551  3903  400  3783  19054  29299  9614  5836  39375  31301  5911  33691  
1589  1177  9833  79497  1023  759  11965  114657  1472  3488  19313  44947  62333  126287  597508  9752  5505  26694  5073  328932  51641  25124  2935  9928  1359  4562  4083  4792  3267  3174  334  3533  128  828  15490  5386  10349  4989  2358  19012  4037  7093  1766  1569  70324  1290  1092  9276  211136  1462  2256  15268  227914  309226  523424  0  3009  5119  57063  8300  1.98206e+06  257206  107960  19518  599730  52021  126073  56786  13981  20456  10639  2066  10863  935  6267  55386  29968  20711  11727  35611  179224  25628  44055  
1011  1574  508  1136  2837  4434  10252  31780  14036  169774  69224  203  899  8543  1078  142999  44688  13624  4696  14075  486  509  1443  557  502  525  607  835  1758  1484  245  3614  423  2569  31504  23293  19462  24606  955  8129  7278  6207  10319  778  1517  17949  38450  66527  43473  138513  2.03671e+06  103924  348  445  7103  2009  0  1.78992e+06  1.10254e+06  139745  24237  2432  1170  7587  1813  10444  616  833  2643  57988  28572  17299  525338  333252  642801  190525  190521  298376  269940  1456  106449  32959  294173  
3598  4801  1141  2294  6208  8244  16356  42116  12164  117833  146519  391  1293  22272  4953  308915  195271  124255  20984  109048  2301  1637  3389  1665  1552  1917  2207  3323  6558  7538  2089  23478  3118  8400  54618  20873  38417  29218  3361  17697  9520  10566  22081  1637  3409  70943  181053  146824  49397  127473  351096  30483  1928  1969  4495  23030  2.22485e+06  0  1.17818e+06  2.20603e+06  197245  27526  6314  22921  7604  23663  5424  2955  10670  169299  655277  714769  1.91869e+06  316699  350937  226927  193992  133377  88322  7518  53978  29925  142236  
6321  5984  2470  4600  4961  6104  24783  54047  14278  43610  39700  726  1963  4285  4504  83570  81126  202070  51485  113996  10133  10069  12901  8204  3469  3190  3029  8234  18844  16751  2454  28465  1791  7661  77212  16327  58415  33276  10124  48917  23762  23593  9460  5541  8373  12001  29479  100502  100657  229270  206349  66902  1280  1205  7757  18436  872949  876987  0  3.76075e+06  1.22615e+06  225705  18911  966280  39086  114584  12239  7810  15938  310535  71554  16250  117361  12393  124178  225254  41596  304355  193777  9042  119405  80806  261180  
3752  3775  2057  4610  4057  6159  23265  51024  14765  25352  32296  764  1577  3383  4932  45190  45407  128050  31050  87574  5745  4614  6028  4403  2069  2287  2092  5016  11685  10516  1452  15470  1023  4126  43787  11884  35390  20184  9906  27719  14128  34027  10947  7675  12489  42012  105890  404814  90238  384171  140265  11896  2373  2149  4196  36084  64875  2.28637e+06  2.91121e+06  0  445975  49264  10828  1.66234e+06  26649  249878  25348  14323  30163  1.02366e+06  1.48767e+06  1.05637e+06  313721  15455  94931  233482  66810  181422  82319  11725  91532  66224  136279  
20742  17813  18816  104490  7909  7668  54140  236530  21425  61078  195797  32349  53835  116730  227611  149713  109538  704641  174585  1.44014e+06  192117  98592  64281  51378  16034  24186  21772  34618  63255  50979  5451  70101  3381  18802  216251  37259  166942  77256  20270  218482  64773  23302  6542  5181  110638  4788  4450  29849  419596  9210  35697  538568  336422  476104  779424  2.682e+06  43075  21837  1.26938e+06  128410  0  1.98024e+06  691562  183693  808598  112561  133940  49929  50555  191329  60236  10696  69146  5794  35934  277210  68377  128165  70691  50387  238523  65019  231727  
2346  2191  1200  3835  905  462  7017  15713  1016  2016  4011  815  1389  1868  5622  2573  2620  85740  26034  57990  180685  94324  23120  19963  3452  2289  1911  4188  8846  4854  409  7422  155  2115  37095  3857  22403  11262  2855  42421  11077  6759  1731  1524  5280  919  500  5090  26606  766  1446  4666  8551  12813  7567  110146  1054  3873  238939  31133  1.11996e+06  0  421692  166604  237113  36022  31463  12337  13124  38300  13004  3200  26749  1331  12032  90935  8128  36404  15361  2928  63712  21344  44950  
431  384  387  1346  167  65  1427  3636  134  277  631  278  423  528  2294  438  379  12506  1865  10995  40437  86097  14563  26549  1777  1256  839  991  1061  761  42  1111  13  336  22956  779  3628  1846  1101  30655  1837  6450  1273  1397  3195  240  133  2809  9881  182  239  463  3142  4008  2095  67948  201  544  22186  2008  373257  296416  0  151379  577644  33796  15928  5034  5550  11384  5599  459  6387  150  3603  43210  2215  9562  2732  1207  39661  8350  10947  
2890  2763  2479  4855  1795  1433  16132  29867  3025  4281  4702  761  1393  1308  3345  4061  4642  105511  18485  59219  43996  94491  68886  98696  7985  4440  3507  5739  8843  6018  361  7750  145  2183  116274  7749  27811  14840  8235  76805  13767  85903  20219  11837  15862  5400  7102  73534  82500  39187  6447  3773  1378  1198  2520  35186  2724  7588  578364  1.52952e+06  296256  170687  317306  0  510515  1.13427e+06  34808  21404  31375  1.26225e+06  952805  11440  137985  3290  80435  314790  24745  117133  37386  8538  174473  90377  131054  
1311  1447  958  3122  345  212  3927  7513  414  803  1534  373  784  1079  2243  1188  865  21996  3804  15314  41146  110488  20884  228353  4940  3279  2533  3249  3427  2687  112  2935  26  734  60294  2660  12235  8744  8281  59502  7849  61663  5010  11411  19455  820  742  17849  19680  925  872  1419  5455  8176  3930  717192  611  1357  55077  15996  626653  317043  621309  686006  0  2.09546e+06  378570  72962  44303  98488  40608  1013  23173  453  10468  135710  8278  43792  10896  7220  261711  40758  63305  
2447  1496  1097  3525  693  539  5397  10400  1204  2015  4739  323  918  2175  2724  3925  4100  51433  13349  34310  13056  11680  8693  15088  4851  6696  2968  5004  10544  8309  391  6329  116  1272  46095  5290  20462  21110  18433  42480  16478  73536  4898  12053  24867  5978  10345  57791  22693  20472  2887  2041  3719  9414  4668  222153  1752  3922  48819  85272  117893  87934  66714  1.25113e+06  2.41362e+06  0  1.80024e+06  1.29848e+06  503604  3.41419e+06  152428  3713  37857  609  15971  279268  30686  61462  24837  18103  853545  116582  110299  
149  82  96  642  49  47  375  2769  117  309  901  75  433  461  336  826  315  2155  513  1916  1088  887  569  1109  317  556  208  400  799  594  16  390  7  52  3197  699  2025  3466  3576  2975  2317  6475  263  1219  3393  372  511  2384  6730  385  224  550  1517  5308  1100  138634  238  473  4906  5713  30413  15885  7707  53662  575495  1.54229e+06  0  799261  204360  88207  19112  380  4804  67  1400  17341  1592  7771  4502  2388  330170  76197  103814  
205  78  180  1995  158  142  964  4899  312  864  2594  110  621  1405  663  2505  836  2259  415  2730  533  861  373  743  191  354  404  760  344  341  21  367  21  90  3861  695  1554  1404  1130  2841  859  72714  2931  873  20611  981  396  2328  14636  358  534  1061  1660  7160  1925  69916  776  1059  5253  2450  20781  8192  4702  17762  37241  1.06681e+06  858461  0  633969  31541  11043  401  14062  150  49134  53333  6195  14691  4955  4707  443097  186851  29981  
1116  379  493  5715  645  615  4034  10702  1195  1190  2775  284  917  1028  1060  2832  2317  10636  2171  7696  1639  5494  1286  4347  1615  2834  617  2696  4270  3084  154  2445  64  351  7716  2675  6622  6436  7095  9586  4864  296420  13404  3519  50587  6421  3289  12348  28604  1602  2399  1724  1925  5491  2567  36282  3005  7087  29066  16807  33290  18514  18464  94469  58775  293257  135223  317837  0  673549  660773  3506  519329  1218  247480  227671  30253  110948  43746  30876  358189  587433  85006  
7163  5352  2604  5177  2100  1816  15701  19896  3949  5881  13477  598  1057  3856  8017  12097  20716  171156  50185  115408  10720  14534  6748  12509  5521  8754  4384  11006  27489  24868  1859  21911  538  4616  56301  9840  52912  37591  25026  65952  31064  43629  4599  5294  16978  31070  52757  192945  28132  89070  11891  3928  5165  6585  9407  74746  4608  18956  136451  425086  202265  63850  56136  1.42672e+06  155291  3.57925e+06  89947  84212  637151  0  4.12014e+06  26999  155853  1303  23227  276959  35974  64222  39571  20066  502620  140509  106094  
6307  5287  2670  7411  3724  4060  22797  37884  8126  10951  26471  845  1594  4482  8090  35714  50984  186840  43644  120329  10111  38294  6537  21233  4544  7659  3507  9604  25016  22747  2988  25290  937  5069  56040  13399  52729  40275  32162  59973  30336  157544  28490  11567  42797  164732  165768  411906  55794  78391  44114  7499  4278  4645  7588  57169  28602  371408  192068  871408  252642  92712  115666  928281  225537  204272  44880  26288  549375  4.27644e+06  0  1.59002e+06  4.18425e+06  3268  126119  306720  78984  104259  56246  26873  261524  141854  146128  
752  941  402  744  1787  2569  8223  16426  5213  5940  13643  121  353  1547  1175  22060  21442  35833  5167  23768  736  1376  685  808  326  413  467  900  2125  2116  528  4829  474  1307  11723  3055  7430  4199  1133  5094  2410  7027  15196  696  1523  144412  142116  251474  17754  20940  52565  2859  510  486  1119  7422  36478  857050  30305  1.14097e+06  48002  10193  4390  26831  5438  8883  2175  1199  6686  82218  2.33589e+06  0  1.07454e+06  2666  39038  81418  44883  20006  11489  2589  11939  6522  26012  
3164  3001  2149  9766  4611  4387  23212  54662  7106  24729  57067  1027  2761  6933  4504  82223  65712  118644  16753  84732  6040  29796  4286  12937  2251  3147  1712  5018  8792  8372  1585  16505  1513  4314  42501  13839  30225  21269  13557  23284  12711  543395  109295  13207  70501  137085  105173  149539  114051  10177  281276  16214  2986  2425  4855  27254  308832  1.43524e+06  208533  219634  184349  97590  90387  543432  135468  75068  14801  28230  593877  253061  3.68775e+06  1.32015e+06  0  924114  1.20054e+06  264239  122211  213240  71953  22213  83454  162936  157335  
124  163  64  184  263  228  1014  2522  298  2918  6299  32  112  796  183  8895  4766  6779  690  5960  127  86  155  74  61  55  88  145  216  255  78  965  124  321  2324  809  1391  1016  124  669  447  1393  3574  86  223  5934  2462  3101  4307  411  61536  1962  95  80  239  922  175138  199186  21016  9155  14834  2182  424  2087  481  1411  304  222  690  3696  6381  11291  500934  0  251384  8303  9472  12900  5371  291  2581  2433  7162  
875  1293  1389  4934  4814  7262  25862  82862  19347  31537  27183  696  2896  4548  2150  36393  15153  27093  4565  22905  1462  5080  1128  2451  423  571  677  1429  2087  1921  361  3752  361  1436  24354  11479  12463  9621  1442  5769  3315  1.13462e+06  246805  8912  24129  870613  1.25408e+06  121718  311812  34658  1.19485e+06  38781  1210  922  3711  9998  1.37017e+06  566229  238259  90053  89237  22927  16940  114518  25310  24974  3697  11726  63725  73284  151866  70343  1.40328e+06  741765  0  148361  136065  274356  59584  3968  28045  66205  80758  
5026  7716  12356  28793  36640  31384  233150  475658  63482  42271  26268  4662  24112  7863  10588  22526  11713  63900  16151  53379  15911  32022  14172  22022  4510  5089  10012  12107  12544  10128  918  9586  311  3414  448187  98124  68618  80593  27158  87477  68058  122457  71374  92860  103587  64623  34208  457271  1.14129e+06  61072  531321  234527  8640  9782  18564  168982  391019  106221  757040  228928  1.03586e+06  287444  127162  378851  200035  344952  92148  126672  286518  520837  215833  14744  94695  4271  48181  0  2.19829e+06  713597  614141  341616  2.00642e+06  871153  3.52013e+06  
1339  1485  11363  30663  4244  3300  35543  53543  6184  10018  11966  573  1046  1992  2174  9005  5171  19781  3426  21559  2250  1913  1214  1500  470  715  921  2233  2306  2324  252  2814  203  745  28310  16943  10748  12850  3449  9063  7299  119765  114418  179975  192111  53461  46449  399977  497876  21596  104080  46532  3466  3095  6178  22758  74569  50912  75787  24108  154711  26821  8211  20897  12602  46753  8640  15502  38802  76382  32256  8388  44455  8999  23458  1.76232e+06  0  240187  253846  569943  382409  117360  302784  
3437  4665  16039  33777  14375  11420  137956  301849  27836  74567  35194  4895  11672  5668  7839  25298  8899  30121  7352  24864  3736  7176  6099  7358  2312  3161  1712  4653  5710  5057  431  5100  190  1697  76248  75943  61139  61890  57362  24606  23026  330499  116737  133660  149124  88693  17247  353463  854914  52405  314990  165353  9035  4802  14903  36667  254129  76392  345382  148056  179086  38910  19789  104809  32126  50148  8394  10173  34539  189410  68123  6057  55865  2718  86547  476425  450965  0  2.16216e+06  273141  173285  201575  442548  
825  1561  3922  8942  5835  4770  41015  105536  9854  25716  9911  1830  6193  1708  3748  10724  2757  11600  3544  9227  1457  1291  2678  1255  829  793  802  1623  3843  3100  200  1823  86  637  48843  25757  25377  58882  6286  28066  28991  13717  18525  15082  12984  22352  7293  66716  399115  36798  221354  63395  2548  1268  5315  16432  186316  22904  146447  78309  70784  15605  4324  20302  5547  18751  2998  3670  6767  90144  19519  1907  11753  748  17877  282018  256509  1.88944e+06  0  12218  439182  135995  1.06187e+06  
852  145  913  13409  131  103  1205  1756  129  371  639  1122  379  408  659  581  738  3446  865  4010  1296  1133  566  1056  269  458  216  2666  746  781  47  793  19  109  3158  3617  6264  4468  7884  2836  2936  206648  2341  15261  139483  833  789  8013  9655  264  1031  1448  16630  13356  8738  11125  2012  2075  7856  3649  21021  6155  4173  12758  14352  18910  3989  4841  34504  48437  50617  874  22851  130  6034  138063  374527  180925  21516  0  37755  72701  7581  
2081  755  932  5393  592  620  4575  16879  1397  5964  10736  841  2149  9032  5639  8732  3705  17719  3787  16971  3772  5578  5103  7947  3310  4068  5966  6226  4269  3883  217  3046  81  627  62737  9519  19468  25326  22304  52300  15123  23924  2468  6380  16120  2374  2570  16693  45848  2785  26765  11140  8379  27198  16703  332396  29756  6700  50552  18560  109321  42465  25268  73717  140486  358630  486859  1.26586e+06  404400  371086  116709  2057  30427  457  10187  1.64694e+06  82828  163610  191361  95968  0  1.51136e+06  333729  
829  290  299  1862  293  294  2185  5476  632  1441  2364  257  409  852  830  2275  1613  9644  1726  6428  2063  11210  1482  5916  1000  1565  562  1605  1950  1553  104  1711  31  266  12714  3309  5698  5360  5394  10201  7226  14976  1460  2180  5713  1133  946  6807  13091  1036  4208  2235  2012  3238  2221  25626  4261  5551  48815  18172  45462  32386  34004  162640  48118  54125  22878  543388  314241  146863  105364  1577  70283  612  40024  745350  53401  216425  119514  66634  1.27183e+06  0  309126  
25567  32405  33734  23112  31158  24631  169608  496759  51728  537455  185038  2061  15404  9295  20686  475995  31994  442957  123612  244937  26898  23399  76251  43129  58907  84205  70747  67748  96816  71848  5102  40085  1622  11412  2.07701e+06  885720  787112  2.45019e+06  66289  187351  383033  20623  13175  16044  20780  14097  15338  100995  409703  51570  506434  175886  3107  3518  8398  28733  453769  61601  500273  139688  360444  73651  29585  135062  54556  51960  45871  29425  27942  104283  33190  4817  38162  3146  29305  2.27274e+06  342869  1.13822e+06  2.55848e+06  12697  908818  300012  0  
