4865113  
2610047  
538327  
3467024  
4194965  
4425353  
7914096  
14072408  
4090807  
7182366  
3023858  
2651354  
2374655  
3691026  
2880300  
5756502  
8255121  
6388469  
9195598  
9417394  
1522031  
1366545  
4874197  
4188915  
7835383  
2277496  
2182935  
2444825  
8789108  
10459854  
3015264  
9118419  
733716  
6968428  
11267071  
4724018  
6838561  
2918407  
849894  
4677774  
2450472  
5306951  
2388355  
373409  
3623037  
3335006  
4693590  
8143712  
14051645  
4985971  
7164120  
2744689  
2651636  
1929384  
3507454  
3132597  
5651871  
7872687  
7469830  
8778037  
9293347  
1843612  
1125542  
5586640  
4088434  
8356743  
2229206  
2128346  
2451120  
9197052  
10943372  
3437258  
8921750  
826850  
6696089  
10386462  
3539493  
5398899  
2842156  
772431  
4395014  
2352146  
10093796  
