0  1.35047e+06  70504  764165  248420  29730  582848  49979  2828  12418  6847  31216  1305  1490  2699  20051  22157  44502  18799  31014  34510  47437  90729  121778  50106  7701  33806  279503  29402  37914  1673  511912  3542  835194  309718  515862  701595  72216  171277  112888  64486  12307  1264  4904  38097  297  481  6111  17671  601  1383  984  781  188  381  677  2484  1033  7885  1370  11356  4253  3777  2662  6148  737  551  1978  4620  3033  1532  185  4163  41  1295  14907  32110  6100  1787  14850  1889  3232  60714  
939742  0  23607  15294  1.01049e+06  20222  678366  126512  11615  16058  13092  825  403  715  2551  22410  8337  25298  6620  31346  9641  10198  25352  24507  16200  2917  14648  33219  15323  9346  488  88206  481  14210  645991  902140  199306  51870  23463  133652  59405  972  4169  2174  2509  2678  795  26126  25906  909  941  941  194  70  182  393  1822  603  4611  735  5373  1513  1368  2197  1910  746  330  857  1296  1579  819  86  1307  16  760  17663  16679  8273  3496  2435  3143  4905  60635  
57677  49798  0  252798  4499  339  240675  91066  465  1169  649  550  169  160  214  913  302  2631  643  2390  1776  2368  3354  5984  2950  434  1428  3553  1306  971  29  2182  23  418  45188  171524  93169  8702  45531  10299  7082  2524  1505  18863  21581  291  56  8427  9900  71  97  85  141  25  51  68  153  69  683  170  792  301  346  599  749  241  51  304  1046  819  649  12  969  1  319  4908  23507  3748  568  3371  628  1609  9336  
944656  13503  124751  0  1832  340  11953  742436  631  1352  1108  1.02831e+06  27970  22814  3439  983  590  4605  1504  14504  4625  5667  9923  14701  12416  2548  53131  140825  15603  8746  73  16807  70  4300  37788  214557  93457  7472  95898  24340  54375  94307  11892  138084  1.07132e+06  1079  438  62698  230243  343  626  432  68891  5449  4406  777  704  305  2707  817  8364  1654  1661  3918  4071  1774  364  7126  21341  9128  6378  57  15458  13  4654  19154  222464  26630  2979  70377  3351  9438  11357  
357713  883598  2797  3095  0  1.12165e+06  1.18538e+06  180504  96841  59614  18016  518  888  1302  3831  55219  101799  65154  71086  49221  20282  13824  70460  26747  15298  3574  13228  37357  26167  26919  6917  99548  6419  398117  667629  666058  425369  89599  6329  112288  48931  750  2411  648  584  10595  7423  53208  93461  8137  4841  2111  230  170  345  811  4696  1639  9752  2026  10658  3197  2756  5410  3511  2293  724  1388  1595  4087  2124  232  3284  57  2924  54738  35962  19250  10985  954  10422  5645  117589  
42741  35270  2866  3754  1.19387e+06  0  529956  410058  816532  1.2559e+06  9851  277  1193  1184  1627  68698  143670  41297  68656  19996  7045  3957  22833  6955  6910  1139  3432  11021  16830  20162  5836  220283  20113  1.01507e+06  172405  201954  246416  52815  3381  19147  10165  727  869  484  527  5092  22446  16569  140194  35087  23213  1743  84  112  249  512  4243  1536  6860  2716  6233  1410  1158  3679  1548  1714  445  769  1255  5333  2676  179  3539  82  5411  35071  15281  21565  11486  286  6279  2666  70109  
480246  1.12691e+06  391572  61607  1.72174e+06  629622  0  2.62126e+06  1.4133e+06  132600  13451  1528  1144  1476  3108  25659  43040  46108  122239  37031  14006  13954  33678  33311  22939  3535  11276  30371  33554  27054  6620  29499  748  15002  586441  817374  373593  84065  55002  95693  47182  3541  11933  7382  8074  43851  31684  213321  298868  28622  8970  1771  626  301  422  1581  4923  1962  14263  5035  14730  5509  4435  15496  7215  6911  1487  4259  5457  12341  6497  373  8586  75  10722  169086  127344  61078  30811  4583  30215  17234  142337  
62242  180264  88416  1.17494e+06  141224  221436  1.89187e+06  0  1.79277e+06  356388  484405  1.00238e+06  1.33753e+06  878567  135482  34173  23198  66573  24729  396045  39503  26559  49570  50511  22284  13081  16893  35515  17222  16110  2586  46022  1756  77867  550271  594785  579588  181429  37787  85162  39921  32644  47083  72625  156303  68678  145845  405137  2.54158e+06  174527  232493  32621  106632  83432  58042  15303  28968  7589  46889  23725  151263  19274  14417  48580  22355  23038  5943  13887  22109  45684  25898  1088  37043  487  54982  546815  408171  285241  151963  27685  90782  47731  355174  
4076  13234  1481  1949  92817  1.02186e+06  902656  1.52198e+06  0  1.30812e+06  3089  154  203  330  320  7036  14471  45001  102709  5476  1062  778  7729  1734  6897  482  1117  3820  13544  10618  2001  8368  288  13223  54645  69629  47742  19194  1619  4962  3222  940  1278  374  311  8328  38967  25608  215973  65395  57358  1894  57  55  115  349  3734  1075  5644  4912  3886  856  658  4667  1084  2599  464  849  1669  7915  3926  156  4361  83  9219  31813  19637  30205  15286  227  6589  2100  41789  
23225  25188  6743  8654  100099  1.26878e+06  121468  891320  1.50994e+06  0  238484  901  748  3167  1490  2.19496e+06  229034  104409  67102  26045  3835  2213  9339  4064  4198  854  4597  13160  10232  15906  4804  356633  96252  607065  218397  392881  467051  326869  7643  8541  9759  1419  1546  848  1209  3813  8621  7110  150588  16014  204287  36311  309  153  654  430  57842  7236  13371  5402  7861  1222  826  3635  1185  1659  455  1249  2911  4817  2721  341  8118  213  9873  39184  17421  55422  34589  760  14909  6409  257959  
1416  1142  194  1804  2140  995  3588  629883  4901  172799  0  10443  22438  989215  12035  101332  5929  32747  620  531520  2622  1146  932  1676  829  1304  1225  2056  916  937  133  7758  1596  4997  32394  13726  23554  18681  608  4083  2064  1777  1956  523  777  6132  6444  4773  115591  5658  198628  463327  2756  5473  52833  3456  207564  24596  51438  4363  56156  1818  928  2920  1575  1360  1618  1866  3238  3731  2689  1411  17016  664  9190  62008  16837  64654  43095  724  21054  4382  61138  
12218  1779  4738  766842  961  197  6361  903426  642  1100  10531  0  503489  342352  80933  1383  680  3522  525  181657  7770  3731  2488  5822  3643  4535  9122  17584  3593  2201  34  3363  100  2459  20193  14434  18326  3242  25989  9389  19486  17017  6131  30397  177652  2431  909  42482  320987  609  1367  4408  535381  42358  44860  8982  2763  895  4910  1269  98508  8216  3542  7881  5627  2196  1144  2675  7859  6651  4797  141  6762  35  2333  60899  49702  55116  26223  21892  6074  4972  21974  
4301  1463  1102  53725  3075  1250  14213  1.45168e+06  7722  1784  29407  682707  0  733005  198749  2237  1101  6132  907  365384  16507  7106  2583  9576  5685  11061  11580  12279  3227  1979  58  3243  162  3058  24637  8749  17434  5670  22504  13146  16178  5637  1009  3957  24941  2885  4323  8969  273079  2071  2906  7704  148064  397685  87184  16185  4495  1425  7194  1828  154171  8568  3494  5381  3946  2269  1909  2862  6929  5611  3101  224  6411  62  4400  54102  24564  23761  17377  15126  8024  5216  22324  
3544  1009  652  34568  1791  1346  4235  837977  5275  12413  1.26355e+06  335742  502165  0  503904  14950  4215  18470  1385  929670  24111  10303  2188  13607  27117  66765  51765  7544  5373  2476  119  5108  533  3123  24364  6433  16998  6693  11292  39401  8521  2879  872  1957  15112  2127  3581  4021  155533  3491  25463  135810  55845  93568  851361  91914  69797  12664  26743  3029  434150  21325  5081  4344  6189  2997  6599  5026  3499  4991  2342  811  10452  359  4114  26653  11904  19110  11549  5612  7164  2970  23371  
5903  1925  781  21339  2069  467  4072  139095  974  1286  3141  120116  118098  399368  0  1956  3386  49805  4263  1.93741e+06  238552  157568  7185  528713  103759  377018  178034  13720  18257  7510  332  11873  958  5856  52431  5793  21006  9770  4957  184429  12847  1865  737  1786  8956  686  722  3499  44491  485  2054  16050  26216  19987  134242  345261  9840  2132  40503  7738  401151  20562  18733  14218  17257  5775  12183  8731  2514  11588  3967  757  6596  130  1314  29125  7075  11348  6016  2687  8130  4175  26655  
24480  14679  1369  2452  56677  79566  25160  93515  69520  2.22114e+06  208120  1783  1099  6613  3239  0  2.02743e+06  793275  92842  88130  3789  1996  7826  3507  4921  1463  7222  20145  10599  26948  9638  586180  358806  607850  264770  170404  442093  272661  4086  16718  14904  1351  1480  342  511  5404  6073  4712  24978  6660  26257  50810  524  203  1336  815  146189  47349  62494  3134  26049  1235  896  2381  1150  987  577  982  2452  3609  3355  2683  28970  1176  6874  35959  8308  29628  18148  943  7742  7720  258676  
40139  24159  2211  4256  124369  80273  67580  134633  86289  193371  111957  2242  1600  13907  23542  2.51767e+06  0  1.03491e+06  1.68932e+06  357705  9778  5736  45745  11555  42132  9817  15491  47113  209370  432729  466787  2.06337e+06  727709  488222  301915  97363  466597  136370  8434  80231  29357  1623  1390  735  1012  3898  6052  7807  39450  8973  16332  28848  737  725  3073  4039  109657  39029  118401  8410  85743  2951  2308  4903  2951  2347  2189  2306  3379  10255  6109  3429  29323  1213  6830  54482  10696  32124  17164  1751  11189  7372  184937  
57949  24748  3948  7707  46415  20727  41607  118217  188839  156095  58428  3584  1670  2831  6684  603607  584404  0  3.48961e+06  774177  75675  24614  552668  47335  122160  21739  12569  64181  126984  104580  5836  193613  8639  100423  195086  40763  318134  114729  13339  137762  40192  2548  1827  1414  1742  1863  3453  9255  32545  5075  14827  5776  905  374  1535  4113  32043  20028  143764  23606  124218  19248  30429  46033  14643  6396  3475  3550  5203  28121  13272  4294  25220  815  4845  83726  11871  31014  12936  4038  18067  10602  155731  
58567  31502  3573  7083  101803  61464  157994  137501  367342  65107  5040  1675  810  1143  6043  51457  2.13568e+06  2.76979e+06  0  93123  7853  7527  910051  25107  248567  24709  11219  83746  699435  1.63493e+06  1.14595e+06  459426  10591  143981  118440  45108  387396  115938  11771  95110  27411  1634  873  590  1236  1887  6246  8209  45487  10314  17978  2051  437  213  516  2023  4028  1708  22070  5651  32040  4093  4989  8891  3650  2182  1587  1558  1852  7937  3234  552  5027  113  2555  25647  8491  16374  7813  2580  5656  3789  90980  
53248  17535  4996  59369  14992  3221  30429  602123  9742  27176  640785  330842  336065  848238  2.34044e+06  62933  30613  877664  28409  0  1.56832e+06  875971  80614  1.23906e+06  110133  277492  116126  73690  106833  85365  3016  100545  5851  43321  318231  39473  152068  65300  18774  624893  51973  10367  6542  9152  25090  5280  5878  30638  199724  5818  16309  50997  81283  70241  165344  233381  75792  32521  487657  93588  1.9659e+06  167978  247771  300095  124607  36769  40858  29962  20147  132243  47306  9885  77806  1888  12820  299611  43434  92693  38665  11494  66368  34850  183906  
7539  2069  462  1372  2180  204  2729  8677  167  247  246  1973  1817  2989  133094  241  457  98039  1314  768267  0  674539  54829  518091  21576  52269  10262  7323  6027  4633  113  14780  159  7078  46542  2524  18452  5623  1540  159399  4699  818  819  711  595  334  145  3271  4577  82  194  333  877  1369  2366  4922  318  208  42859  2824  136213  159528  158750  58139  77424  3851  2661  1766  1256  4357  2549  188  3981  47  594  28051  1402  6401  1463  594  7973  2068  8568  
14939  3150  742  1530  2000  142  3734  5494  122  200  182  704  509  1504  59319  160  284  27307  1078  170253  457271  0  65590  896157  34758  50644  9802  10977  6765  6951  137  20213  63  10325  47714  2733  18736  4316  1845  147338  5065  957  910  778  513  307  69  3499  3255  49  98  262  456  794  1310  2227  245  110  19328  717  71961  153949  164354  37304  136405  3545  1399  929  1009  2181  2292  85  3276  12  430  16754  1052  6016  717  673  6827  1462  7042  
62767  28133  2536  5935  46360  3936  25347  54982  14533  3103  1422  1973  932  1028  3078  2458  11532  443402  1.0973e+06  44189  75108  65143  0  415000  802554  44342  9898  49618  1.01168e+06  713831  13200  253400  420  79740  110881  16282  216786  43618  9972  95715  29995  1178  738  540  1093  646  754  4604  12092  862  867  279  509  160  200  1579  605  317  52423  3762  97856  36003  74749  96849  26432  4324  2774  2040  1450  4196  1879  158  3007  61  688  83539  4178  9239  3396  2458  11711  2992  45451  
63835  14432  5874  10290  3711  374  18995  17432  625  586  456  3068  1655  4169  478889  567  1248  110905  13455  585742  546692  1.12059e+06  500433  0  1.6179e+06  707328  68086  82779  63251  43910  696  68018  178  23572  114822  12378  81432  16125  13647  568723  24353  2083  664  776  1934  311  139  3241  5495  133  338  1079  833  800  1484  2969  896  252  19864  1569  74311  46397  83366  70539  170546  4965  2118  1644  1563  3013  1654  103  2729  30  471  25312  3385  8391  1792  3139  11155  1677  26820  
59770  16232  6485  11834  6614  1258  24819  23306  14829  2011  961  3840  2326  12613  58484  1758  4352  93868  134865  58529  73604  133285  1.26778e+06  1.85585e+06  0  1.63049e+06  976397  295481  3.19684e+06  109625  1998  84660  284  20347  112753  18701  98033  29733  15791  988176  104587  2068  527  560  2066  426  591  3015  7589  701  1190  4690  729  246  523  1567  3976  687  14121  2265  27612  8731  17191  14885  18055  5300  1722  1477  1492  3020  1305  173  2450  44  562  22102  4405  8899  3375  3494  7707  1918  59987  
7864  2308  1145  2789  874  103  3332  5451  468  193  192  2907  2282  13230  110499  203  344  31255  10741  68292  65044  125342  63678  513704  1.50956e+06  0  398774  48416  71681  13842  140  16332  50  2097  30512  2623  16336  5450  3325  597567  16923  481  116  143  615  106  92  536  1913  87  442  3787  515  127  360  813  2456  274  4931  464  10277  3961  7537  5470  6057  820  560  444  362  712  292  43  684  13  155  6648  900  2455  871  791  2629  428  18600  
41690  658  416  14569  565  100  1390  4508  241  757  686  4767  3180  21428  72190  863  579  9623  1766  22062  10790  15645  10131  29989  894616  461894  0  268562  98544  14754  55  2888  129  8093  79099  11230  20376  26596  7255  513853  257165  900  114  120  1980  171  177  490  2436  175  855  5841  644  156  442  894  5454  862  8277  679  10146  1448  3551  2326  2397  468  707  663  755  1065  470  98  1226  35  377  8508  1314  3230  1646  1191  2525  1161  57962  
368447  12497  7375  124400  7525  1303  20132  27500  2278  6968  5586  21291  2971  3050  4053  10075  9096  39963  24532  29966  23983  28002  57880  74708  255868  23760  260521  0  330500  601693  3133  490907  1297  160182  273488  58685  283948  121659  50709  317252  464115  10242  458  734  16822  308  426  2716  9094  524  1292  970  2240  525  624  817  2550  1216  10760  1897  13386  3106  2939  3370  3950  865  679  2088  4970  3494  1782  288  4525  48  1070  12635  11176  14330  3617  12439  2821  3046  75402  
53390  16820  5939  12815  17493  8031  41870  38723  40010  9122  3028  2586  936  2010  12551  7118  80928  100482  531533  80767  30990  45248  1.39947e+06  156749  3.4891e+06  90603  197337  945244  0  3.73027e+06  45004  159163  817  29255  151233  39043  138007  56948  17528  459769  81713  3200  1115  920  2671  1005  1518  6049  17796  2059  2357  947  613  482  952  7997  2447  1919  42708  12491  80681  10950  9573  13054  10594  5400  6944  5249  3412  15782  5344  998  9633  276  1935  36214  8761  18632  7583  4463  9554  5983  50398  
93677  26183  5882  12275  49171  22600  58348  78387  37080  17341  24578  2732  1356  4914  18557  20173  592040  234187  1.15035e+06  260982  71686  79025  598704  195203  190414  27903  53405  945564  3.40226e+06  0  1.80098e+06  3.86322e+06  5229  98916  191856  50918  289495  116159  18213  456264  46655  3632  1692  1468  2788  1657  2551  9091  30621  3401  4669  3022  834  1023  2943  8077  14270  8320  101647  18579  137436  12917  9561  10047  13630  4878  5534  4750  4760  26147  10352  2544  17119  426  3600  57828  13255  27757  12194  4796  13210  8882  111987  
6226  3490  359  739  17721  10408  17267  22082  7892  4709  6449  272  197  1136  3540  6347  792332  50253  1.01953e+06  51198  10522  4926  20056  6280  6551  2296  2429  11096  49857  1.75912e+06  0  1.10778e+06  1822  16025  29370  8542  74603  29414  1205  14877  4410  269  208  156  180  349  617  1427  6754  958  1139  767  122  147  500  842  3724  1598  16193  2054  18473  1546  1227  1222  1164  461  496  427  533  2804  1284  360  2351  79  646  8640  1733  4240  2224  325  1941  1374  23719  
406690  111735  7222  20071  132236  167441  61076  154078  33377  242311  114023  4976  2274  15033  37063  403922  1.75981e+06  562519  384514  539041  205314  141955  533914  292167  114736  33762  27065  799326  118324  4.22504e+06  772444  0  746947  1.19833e+06  320299  105625  705784  149699  26140  300667  79773  4526  2105  1634  3917  2894  4961  11437  49514  6677  9884  13723  1243  1361  4817  7715  59488  22285  175258  17034  178339  24778  20517  16862  23150  5229  5093  4786  5741  22291  11363  3941  25369  811  6499  87121  17478  45608  21572  6369  19060  11256  183625  
7151  3124  151  264  16132  10496  3101  15155  1709  37066  22492  224  237  2642  1695  126939  283185  29672  4522  43650  1023  481  1383  693  730  538  1971  6106  992  3990  1671  518593  0  288031  14422  6140  113594  11648  552  1513  2395  103  85  36  68  307  459  569  3451  655  1315  3285  89  65  401  237  12810  3676  11824  469  7501  252  191  376  196  159  158  146  221  501  394  291  2266  112  553  5418  940  2755  1705  122  835  527  11494  
947101  80009  1265  4797  876341  1.77844e+06  29384  215956  26627  870681  62352  1736  1344  6847  7569  1.20452e+06  1.12537e+06  243610  87065  153680  38768  26579  103956  48956  18292  5769  36013  143450  29160  74980  18800  1.6688e+06  1.0168e+06  0  89921  62076  1.48077e+06  58886  6056  29997  59760  696  620  322  816  1635  4557  4739  42160  5803  8158  9019  459  276  1327  1327  32239  10019  39590  2780  31318  4740  4156  3768  4679  1109  921  930  1228  3548  2073  989  7587  313  2636  24596  6862  13462  7144  908  4574  2493  49686  
141945  186843  106522  98289  141914  42269  554323  2.26983e+06  78892  526610  301519  18080  23159  26631  60437  400705  74358  583935  100142  508749  162746  111990  292831  244749  169597  47574  294683  645445  270505  167987  5474  264926  6201  60415  0  3.78928e+06  805320  774392  379843  2.47679e+06  1.3435e+06  6097  13555  10899  10575  16488  26384  108404  484312  25492  43291  18224  7986  2302  3625  6692  24545  8152  72492  13765  87813  28132  30460  39984  35843  12265  9653  11367  10272  20215  11436  1233  17433  309  12517  525404  96175  136560  98800  12826  80174  65474  3.43537e+06  
69559  167298  127045  140176  46261  7587  441528  338069  12550  107121  84361  2416  2556  2869  5613  82061  15663  56439  8180  72895  9156  7222  15617  15576  17328  4334  35096  54349  22260  11476  441  19238  1042  6297  1.90104e+06  0  581685  396241  635112  254452  148564  1895  5404  9739  14570  3332  1431  33804  60263  1462  4079  5676  2346  209  509  715  5757  1459  9090  1332  8843  2100  1905  4376  2717  1340  585  1053  1718  2798  1936  157  2780  58  1237  70193  22330  25637  15150  4001  6814  7091  402939  
225636  274827  113755  121559  259689  31037  538934  1.42783e+06  43578  469254  207775  18647  18596  19133  14816  434231  100423  486708  123950  297371  77873  43073  162987  78542  53294  12060  46166  141071  68226  80301  14552  155448  12772  275718  416066  2.12797e+06  0  2.19244e+06  288139  105503  105074  11143  12315  8758  14833  11673  11489  82693  308191  12135  53511  25500  7604  1806  2778  2554  41747  12440  43249  6698  44710  11222  10095  17080  11633  5396  1943  4723  9408  12267  7558  1044  17582  373  9389  150443  79773  91049  48165  19574  24484  14319  250200  
14197  33840  12747  11602  25731  3361  77641  330347  8925  206665  83974  2601  3584  5471  5771  159714  30704  216674  58005  145687  23719  10166  31500  11338  15130  4072  7380  15323  34105  29164  5080  25728  1839  7752  197031  472547  1.70868e+06  0  52255  29214  61291  825  2134  1530  1494  2248  2528  14581  56864  2639  10477  9799  1300  403  826  1023  18540  5262  19983  2493  18297  4335  3528  5832  3382  1453  744  929  1188  2809  1700  434  4814  151  1881  38423  13821  33883  36799  3774  12671  15899  553010  
146770  8424  34213  81756  473  370  17886  11221  627  2090  1203  6680  1518  1456  694  1624  658  8066  2283  6291  4764  4291  9245  9974  10919  2076  14357  47274  13107  7893  74  9233  54  1727  141127  354713  209736  38699  0  32710  78222  15787  232  2093  12013  75  61  1376  2862  65  266  193  675  167  240  155  550  228  2356  418  2239  968  877  1835  1328  504  151  2859  9688  3280  1862  42  6328  12  1604  14445  24111  15843  1391  33514  841  3056  26887  
28555  9294  5704  12992  1886  378  16803  19489  1216  1426  5269  8029  3796  14442  59027  2835  3230  46247  13484  94565  58928  95773  65744  209145  337827  355793  787730  228367  184760  66391  849  62797  207  6347  1.49445e+06  85067  69671  43463  43014  0  1.0453e+06  2916  879  1417  2730  573  561  4750  9985  705  1964  6124  1511  462  1405  2686  10611  4528  49299  6464  76931  17507  59587  38780  41341  6658  7690  6754  4834  9077  4813  1073  7906  205  1925  89648  6325  40926  13103  16919  46701  18762  208972  
13499  2813  2601  6542  1458  346  7441  18264  830  3610  3253  6127  3063  3493  3927  3173  1736  22645  5788  18023  16554  11072  39777  17948  45774  12477  786691  282191  19927  14516  190  22187  200  10871  903230  100910  63912  235680  60971  1.17015e+06  0  855  283  451  1115  215  289  1691  5236  300  1285  836  910  194  468  417  2212  909  7447  1097  8256  2527  3128  3352  2988  788  759  1112  1326  1664  837  139  1463  37  455  23055  2400  13033  5573  3967  4924  7100  243467  
20681  2378  4999  46432  1029  250  8109  23565  2032  1431  1692  3721  619  528  545  1274  860  6347  600  7738  4140  3732  1648  6403  2366  498  928  8898  4004  2841  51  3551  94  635  7785  9826  7373  2327  4786  3994  5139  0  1.45807e+06  71918  865502  405413  45394  536171  73046  3239  12056  2459  16422  1738  1126  2376  12012  7051  25383  10062  15950  16185  23639  61313  65924  21905  2760  41158  85502  53991  62631  1748  422448  1644  1.01206e+06  197146  199501  356719  39982  48856  39430  31216  40131  
1110  16013  5641  8667  4082  416  44613  62076  1407  776  1347  230  77  173  391  1228  566  3695  261  5526  4752  3669  873  4014  323  203  276  530  363  320  27  711  49  322  8933  6750  2659  1628  1183  2341  943  947910  0  9251  2628  963355  28050  374806  29988  3239  5368  2481  146  158  291  3957  8298  5303  35302  8862  27044  22473  25238  80706  43562  21350  4088  10637  11682  28794  24279  1346  56945  160  32295  492826  428462  304956  64363  9774  102489  41989  70345  
4142  6120  26219  87134  758  71  11744  35317  172  211  214  2280  59  46  110  209  199  1574  134  1745  883  788  365  1411  270  61  147  419  180  173  11  384  18  122  4416  17570  6774  1213  5321  1069  806  37358  2743  0  96532  599  580  216849  103442  714  601  207  149  68  58  402  881  435  4271  1760  2592  3119  5239  10599  18013  5697  466  1265  9389  14141  12801  66  15589  12  4089  42281  139467  109017  4910  48914  7558  4951  7299  
58339  10271  29856  1.40864e+06  1239  132  19087  172592  284  469  417  399273  9868  7652  1397  384  242  1926  540  6141  1402  1644  2407  4431  3593  726  6583  20417  5721  3954  35  4579  30  1386  9619  76790  20609  2039  24444  5809  11835  885079  2228  112429  0  428  425  15583  642958  430  459  268  847713  6814  3420  746  487  279  2518  1204  8261  1828  2216  5648  7202  3301  410  5661  24128  15029  12110  46  22135  8  5598  17049  259746  39954  1996  80790  3874  7111  5015  
419  7624  522  1049  16184  2630  62063  67566  12712  2146  2475  209  243  244  447  2058  876  4080  580  6354  3443  2522  1067  2983  401  197  403  1073  666  561  47  1081  62  681  20561  10379  4433  3095  451  3204  1566  522189  792630  2143  658  0  830505  923049  127412  46111  40704  4525  237  533  538  4594  18255  14184  40376  12106  36841  17236  16888  64649  28415  15589  3618  9586  16859  39434  38353  7020  89052  1966  494782  479880  292033  232214  83076  1401  78379  31206  105030  
1205  1833  385  947  5727  15283  23638  149750  90036  9958  4166  259  498  505  516  3412  1511  4632  2501  5413  1141  701  1289  1037  693  193  581  1471  939  818  120  2128  130  3473  24994  6394  13971  6923  390  2290  1604  57606  46203  4446  910  1.06952e+06  0  713248  371694  635903  1.60234e+06  8212  256  1265  1181  1787  43047  60240  21374  34251  17299  4408  3190  40179  5368  5164  1203  4195  11292  153800  117719  16161  180262  13197  1.04914e+06  122033  423508  74650  44370  1424  26739  8553  59617  
4291  75347  25389  42475  63572  7632  327259  329317  31637  2746  2735  1230  415  391  663  2841  1648  6689  1215  9006  5042  3933  2335  5088  1172  343  962  2580  1587  1166  123  2320  99  1657  47836  41986  12801  5374  2777  8530  3901  268112  283427  222810  9542  1.55179e+06  996878  0  2.14679e+06  1.1005e+06  109128  3716  447  486  562  4648  26924  8447  48811  33535  36134  21967  24534  108842  51186  40379  5941  9812  15868  136520  72792  3059  51737  287  61793  479863  478301  376083  83695  21382  83362  33193  104673  
50427  90936  82666  428591  131976  76224  636979  2.25192e+06  493187  96148  62657  127039  48849  53855  19166  16211  8468  25312  13801  121018  13704  9161  11734  13316  6948  2614  5908  18353  10841  8779  1003  15599  666  19758  247597  173726  116082  47607  10481  34718  21025  53827  55371  167259  977751  93647  170846  2.0291e+06  0  1.57327e+06  448883  413717  760330  826099  608641  36735  29088  10757  102866  41359  706727  72695  24808  99230  44204  27182  10203  16935  29906  48720  40817  1634  82760  731  150352  474929  1.5264e+06  617659  240902  51475  96920  40052  241610  
1030  1560  217  499  6085  16325  20379  99530  117034  14877  1536  201  116  154  170  1652  1168  3031  3553  2398  463  314  1087  594  587  90  420  1219  992  836  150  1981  115  3356  16658  5098  12113  5585  312  1286  1240  2208  7012  2888  479  96571  584440  880777  1.63637e+06  0  1.64103e+06  1331  54  185  426  495  13305  25390  15512  89357  4849  969  1218  72453  1821  15295  1854  1172  2808  228599  141730  1743  7457  117  8258  28588  184146  31765  14067  871  8294  2184  21310  
1702  2148  364  1285  3510  8631  10709  194064  95637  163676  51628  2043  983  1568  674  15169  4383  11511  4702  8833  1306  667  1503  1199  985  356  1747  4510  1354  1097  90  3122  299  3804  30924  12563  20661  15807  1379  2612  7047  16170  11446  2498  1106  56670  1.53639e+06  126812  1.00887e+06  1.6785e+06  0  99175  575  438  1240  1588  2.23915e+06  125214  58576  91471  21250  4043  2730  55187  4357  6716  1376  9883  37050  199101  146681  17409  445323  98968  778698  170956  591898  330188  234504  3205  101028  22298  162630  
998  667  152  832  1267  905  2097  66392  11079  303806  400238  1126  1117  21033  2460  92008  12854  12689  1849  19362  331  195  444  383  838  1474  1356  1529  574  543  68  3125  450  2334  17974  9320  12207  8937  475  1806  1880  850  815  154  613  3086  2519  1520  524909  923  88174  0  2822  11895  600074  692  118236  5471  74108  1373  373590  874  281  898  529  365  270  527  1181  1162  755  383  5852  256  3542  22946  7460  21766  15715  429  7127  2020  27361  
36012  3600  13630  294090  1190  167  10594  193144  542  1309  3750  658621  159444  84514  21054  2228  686  3185  724  87936  4395  2758  2197  5100  3722  1800  4412  16491  5981  4428  58  4676  80  1196  14258  21859  12183  1969  7487  7206  10774  34660  2546  17984  759218  1099  557  22094  711464  356  645  4471  0  487148  131107  21080  1779  479  4875  1091  350487  28691  3539  4181  6438  1843  2197  4248  8557  5412  3353  98  5487  22  2258  25734  59933  23851  10536  41062  3732  3862  10543  
13733  1657  2281  36677  2948  950  11334  222283  4803  2047  11427  76619  406443  141328  22590  2747  805  3280  660  110200  5117  2593  1274  3766  1989  1737  1391  5646  3250  2375  64  2677  82  886  10731  6441  7805  2523  1357  4711  3279  8499  862  1846  40040  1693  5013  6397  1.07904e+06  2352  2045  11434  410796  0  328107  24127  3003  883  6866  1752  395745  27960  3401  4232  5990  1962  2633  3105  4507  4132  2726  156  5316  51  7892  30539  14614  28149  17120  22122  4155  2751  17458  
9729  979  925  17915  1490  1220  3804  152292  9440  43832  144455  33116  59547  937199  144107  32281  6330  18461  1497  402059  16381  7858  1421  8363  2997  4501  3140  4893  4178  3402  133  5307  379  2444  20737  6324  11585  6350  1119  9751  2983  4813  539  897  21821  916  1925  2940  799628  1513  9364  736701  119463  423953  0  461967  17437  3228  30155  3473  1.53583e+06  83562  8420  3874  32994  8420  24939  18373  3047  5777  2211  444  5227  118  3068  19781  7231  12902  7359  9635  8672  3366  18952  
7199  1040  1088  14673  1105  184  2639  24675  594  1195  7867  13918  10950  96469  340625  3933  2025  24750  2517  351098  20304  10432  2208  13548  3249  5596  3923  3824  4333  3706  175  5356  463  2540  18069  3821  9053  4426  1026  12310  2505  3378  687  1095  14714  628  467  4445  87930  215  653  1597  70435  148044  590047  0  1206  951  36199  5330  1.59541e+06  115101  61120  8733  741516  79791  335760  214046  5792  9313  3294  535  6570  300  1857  39803  6222  14090  7681  5520  94371  18532  17082  
1607  1665  266  961  2926  1756  7409  33993  10980  91230  66788  735  438  2527  803  145543  53977  31130  1514  24842  909  495  843  784  646  494  1198  2780  860  1077  256  13879  2857  6379  29632  10751  15977  9621  1103  2529  3868  14820  7715  1468  1092  26779  53563  20719  85894  32362  1.85716e+06  145240  328  462  3297  1288  0  1.66529e+06  570294  102248  32026  3493  2135  15511  3730  3986  913  18515  88139  34510  38050  26026  662237  317189  819897  205737  199884  400134  212083  3965  89061  28480  187216  
2430  2174  399  1048  3982  2361  9796  29519  15740  32226  78024  570  475  4121  3473  130212  53806  103620  2339  118470  2172  1062  1499  1610  1278  1436  1988  3541  2586  3469  534  19803  2937  7633  57308  13362  22323  13948  1597  8116  4337  9715  11940  2750  1361  58040  187565  58875  89424  103491  236997  24639  545  1286  4274  14979  1.94821e+06  0  866912  1.66977e+06  218521  10854  4250  58149  10514  13694  9690  11665  31096  275247  554581  911736  1.86187e+06  386639  310414  221645  59135  166891  76015  3718  59538  28090  127041  
5712  3995  816  2333  5133  2059  13987  36560  13305  19802  63470  1045  685  2160  4805  118959  58239  188136  8456  136799  20328  8939  22878  13030  3487  1597  2837  8278  9622  9870  1078  35422  4159  12073  95696  17008  35126  19953  3453  29482  9423  12442  10385  7621  3423  9756  8322  44682  185254  19746  45149  37664  653  1008  5181  10869  680896  1.01868e+06  0  2.5846e+06  778712  141304  47397  628944  51465  130960  21305  13827  39206  194594  66528  7625  158826  2305  57216  164906  32590  298906  81938  7562  73667  38212  141497  
3593  2947  638  1987  4295  1914  14160  34268  12911  7185  7987  628  455  665  4582  7834  8613  65665  5625  72039  3720  1898  3935  2693  1685  973  1518  4613  6297  6098  430  11793  1089  5324  41306  9473  19016  11186  2550  11306  4801  12161  10185  8836  3878  11168  23111  117309  122980  297264  75989  3845  597  1015  1641  14718  60355  1.71684e+06  2.3105e+06  0  334039  14763  11018  2.10447e+06  21110  351121  58026  18884  41464  1.38513e+06  1.72434e+06  866143  267823  5338  37787  135756  48144  203025  64740  7016  90236  35180  92752  
47559  14541  5627  48908  16522  3736  29432  159665  20222  55295  170970  42977  35267  193297  265556  122719  59468  538714  50429  1.72898e+06  113469  57091  91755  69569  24147  18022  16921  41618  72206  55206  3011  98637  7984  41872  307535  50420  149626  76906  11162  125971  35122  16954  8921  7938  43132  7253  6238  38212  494816  3572  10592  392494  165339  371124  1.00269e+06  1.57344e+06  31214  22856  991824  74217  0  1.93346e+06  743241  123680  915334  148109  281535  133938  36505  179986  52957  8098  94510  2554  18548  259015  43094  137008  60178  19460  147404  56328  223861  
4167  1663  361  1312  1714  201  3488  8002  354  516  826  539  316  928  8101  688  841  72878  6548  64961  154164  84696  56987  60221  5883  4211  1620  4109  8288  4404  180  9495  414  4537  43813  3808  15593  7229  1272  46040  3514  2541  2760  2368  1272  1129  390  10938  14140  155  653  377  1661  3841  6138  88621  549  497  230039  4462  1.03456e+06  0  563074  107093  362876  35605  59629  26459  6368  17457  9786  544  18049  186  2626  64138  4370  26962  6585  1593  38683  11878  22630  
1115  531  154  635  474  47  1894  3353  115  167  608  183  132  533  2814  323  170  12719  762  19835  75947  78024  21052  47135  2452  1943  910  1070  1266  829  25  2008  48  987  28398  1228  2840  1186  540  35029  979  4103  3620  4212  1472  1112  203  15023  7864  139  216  152  443  931  1747  50098  217  116  57626  1331  373145  458846  0  135174  690859  54481  80311  17608  7292  10707  9782  130  12925  58  2090  45956  2350  22642  1639  1518  66304  8339  7960  
4417  3816  775  2479  3856  850  17255  30137  5039  1859  2509  600  422  529  4107  2149  1458  108505  5942  78182  60812  47758  120044  105439  8549  4351  2386  5164  9223  4492  159  8438  276  3706  116748  9224  15610  7227  2662  49850  5574  15844  18387  11229  5354  12730  14023  109601  74904  130453  18184  1297  625  1032  1133  22950  6164  12560  462812  1.51292e+06  455267  186870  724116  0  721215  1.4467e+06  80780  27150  52102  2.09315e+06  1.16781e+06  18124  339678  432  28609  218426  24551  189527  20016  8121  93260  42637  74070  
1627  1019  531  2356  861  84  4068  8017  328  433  2308  416  257  1020  3387  973  350  13447  1102  18424  47770  68420  13515  190209  4195  2079  1133  1462  1694  1074  50  2231  88  1093  25663  2563  3972  2106  1382  28738  1490  16531  7279  14448  6846  2527  791  34892  25064  937  869  488  2586  5378  11256  660842  793  607  119443  10663  653217  335163  827216  417961  0  2.13574e+06  668934  127012  48906  79353  51158  544  61994  300  9533  77047  9504  51466  7504  6199  274110  29707  31502  
1308  1085  383  1651  1096  229  4729  9782  1381  1087  3657  369  212  710  1917  1746  949  19946  1561  17373  13626  9098  9544  21493  5831  1624  821  1480  2142  1248  73  2564  142  1176  18701  3307  4859  2988  1718  8495  1631  10889  5506  8391  4538  2845  1968  31411  28782  13467  2732  715  1596  3034  6023  101859  3380  1813  128161  177351  108167  72904  161618  1.43949e+06  2.01761e+06  0  1.42796e+06  666509  280749  3.2745e+06  129580  1642  75829  169  8192  160828  26675  47049  9591  10752  743361  107700  52421  
494  235  112  931  266  57  876  3571  233  911  9396  469  273  2130  3303  2971  461  7000  427  12244  6829  3238  1460  5057  753  1151  820  449  604  438  19  900  79  432  6976  843  1568  979  289  4335  480  1039  608  858  1184  384  240  3194  21864  579  334  911  6148  13150  26435  436703  376  226  30766  17861  140851  82254  113245  62479  750813  1.19145e+06  0  771954  82580  54770  6331  259  7680  105  1368  25484  3248  8170  2952  962  447478  90576  9248  
3229  273  371  3310  220  42  848  2974  240  793  6420  718  410  1758  2407  3092  460  5512  361  9664  2403  1460  1032  2446  1140  1107  1083  2029  1104  760  20  1129  77  354  9568  1736  2731  1214  1846  5223  1632  42243  563  1113  4235  368  254  2787  11758  419  548  746  7517  13486  32571  196246  895  512  13384  4425  33033  15332  18168  23673  75948  1.10292e+06  836918  0  225644  43709  4304  112  5071  102  17204  97190  21211  22655  4797  19150  517978  446736  29226  
11076  1081  1544  12315  665  151  3946  10072  1278  1236  1837  1397  589  542  601  1414  903  6678  614  7605  3693  2889  1915  4830  2156  574  968  9319  3792  2320  40  3280  99  556  8516  4978  10841  2630  8427  4622  7127  159274  7367  14406  29117  9718  3433  18739  37687  3421  5640  1682  2428  805  583  5645  12146  6873  28510  12085  15498  14630  16669  57964  40777  256018  20345  233407  0  443370  527807  661  449177  1444  170247  117635  94905  106023  14595  118070  100266  345262  58962  
4927  2803  711  2038  4214  1920  10478  27067  11543  3764  5556  560  420  762  10561  4688  7541  84234  7460  101964  12029  7869  7313  9726  2880  2226  2561  5768  8101  7864  531  14883  1449  7705  51223  9297  24996  13290  2354  16151  5231  11312  6298  7328  4298  21872  81446  123419  61887  264914  57341  1310  642  1051  2423  42637  9187  57435  131606  447852  123366  45022  67165  1.97124e+06  121188  3.5871e+06  153949  91873  323360  0  4.78732e+06  32792  190030  534  15624  107243  35385  71848  23356  10025  192230  52002  63333  
2598  2377  578  2326  3432  1687  12558  29661  10886  3338  14275  496  368  914  4528  10877  9244  65848  2995  78383  17658  10202  4393  10812  1624  1445  1584  2991  3425  3716  320  9617  943  4166  36954  8349  14268  8435  1789  10664  3194  18784  13602  12433  6552  59527  204074  149925  88117  234129  114002  1916  614  1114  2616  35723  18145  465307  260291  898141  178993  90712  70985  978408  115740  100102  23424  18596  414357  4.229e+06  0  1.87568e+06  3.71634e+06  1894  23614  152163  45322  81308  26523  7587  54202  36117  70434  
792  676  132  338  932  430  3094  7842  2712  1122  7262  114  114  328  1475  5394  4288  26795  906  31679  7669  2075  994  1862  529  521  540  945  1123  1329  118  3770  370  1432  12783  2502  4899  3142  493  3603  1013  1988  3552  1129  489  29121  79038  35325  24738  19252  35770  918  179  418  1025  15623  11387  641070  121299  699462  83798  34926  9404  60706  14411  10522  8498  6212  5013  179572  2.50321e+06  0  947259  1152  9371  71211  17583  28047  12178  1284  16730  10935  25286  
6354  4519  1870  9164  6247  2496  23707  55998  16047  23711  67617  1114  705  3672  4845  82218  40049  121447  2767  142562  21980  10977  4939  12250  2386  2242  2516  5704  3787  4173  503  18291  2339  6918  68491  19740  25223  16038  3775  12791  5440  487081  70385  35379  30942  153427  415683  142709  204160  20297  407407  19739  1307  2044  4499  39156  510639  1.82309e+06  425532  281381  312722  115262  73005  485710  129467  56215  22774  42867  361635  193394  3.77704e+06  1.60329e+06  0  817049  1.1248e+06  202363  116200  272616  45637  22980  52702  49612  109287  
145  161  34  92  293  176  799  2227  1147  2534  7934  44  44  479  282  10700  3492  5351  118  7889  221  99  93  133  87  139  150  178  128  124  25  1010  170  437  3785  1018  1316  911  126  396  224  3535  2428  155  101  13018  31620  3145  7868  586  89596  2325  31  59  244  1663  303169  298894  22087  9878  22045  1732  529  2464  1703  977  809  2416  13233  4181  6713  13061  581698  0  402277  7940  4505  27132  3957  344  1584  2805  5608  
1302  1528  554  2169  2344  1523  10576  41188  13381  10574  19658  475  576  1383  993  22102  7526  14896  601  21101  2161  1119  714  1407  483  418  597  1279  652  603  76  2980  395  1439  16105  5908  6126  4177  1582  2149  1615  882812  135640  9560  6792  843896  1.77043e+06  85480  266357  9101  1.27772e+06  16887  697  1680  1491  5080  1.4601e+06  522302  108927  42194  65978  11851  6976  40237  13154  7798  2947  43248  214772  57758  59653  34251  1.45614e+06  923249  0  99783  119809  272053  38669  8202  20784  77281  46864  
7676  26855  8430  28920  29664  6211  178337  396008  39056  27793  41129  5155  5531  4763  7598  33504  9501  53875  5129  97563  45729  23077  15872  28001  6754  3344  8966  15147  7048  5168  352  11220  843  5464  386713  107799  44873  57296  25180  55930  39228  118279  110451  165450  55404  93085  81916  526762  1.79014e+06  24281  284279  160826  7435  17289  13682  81308  397306  100539  789509  166289  716731  225467  151350  452597  263417  354558  115129  311537  315343  501291  231274  7194  181187  1280  48962  0  2.17759e+06  1.37898e+06  933888  131928  2.72455e+06  1.65532e+06  3.13671e+06  
7705  7505  8044  30330  3956  1965  27870  61030  12548  5236  9341  1339  380  811  863  7581  1982  8172  719  14184  2358  1311  1081  1931  767  414  621  1801  935  699  68  1577  131  943  16654  20535  7284  5479  7441  2803  2731  48728  61938  73785  67109  18934  26560  272892  300955  30699  46743  19666  869  888  1246  8539  35198  13507  57335  13733  66669  12932  8517  22084  20026  26832  9181  26144  32337  36952  19090  1355  27653  326  9612  1.23022e+06  0  423771  204802  460236  290539  120380  204922  
4861  17607  7027  27402  14775  2899  102246  230814  26731  33485  24960  4165  2364  2502  2371  18445  6141  20015  1975  29329  9453  5049  5090  6875  3037  1189  2046  7152  3450  2218  125  5246  385  2236  71385  56235  28568  28021  36322  15152  14795  132574  103697  120286  52425  73110  25790  406664  1.11705e+06  17232  252018  89501  5804  6789  5906  12721  312794  54221  300198  93770  158118  47769  20463  120954  32286  22060  7295  19300  30643  99215  46675  3066  52569  1078  80785  407776  784492  0  2.11446e+06  370325  110736  90250  327022  
533  3314  643  2004  2992  812  20519  47555  5973  12210  11406  687  489  941  804  9903  2661  6858  663  11631  2326  873  1217  1469  833  351  559  1095  699  513  54  1446  143  685  20751  12359  6333  13700  1409  2946  2424  5903  24213  7855  2025  21918  12618  66233  431186  4890  143516  51548  1113  2103  2223  6386  140953  20888  107159  31061  76227  13834  4365  17582  7143  6694  3329  3651  4284  25622  10530  1021  10164  229  5251  197452  207077  1.739e+06  0  4493  309005  37620  804704  
5936  1759  3907  19120  268  39  3895  10540  136  116  209  2667  1878  956  237  182  168  1393  227  1961  1013  902  894  1626  867  214  466  3731  1314  751  10  1083  22  147  2148  6075  6630  2195  11947  1931  3649  53195  2073  34581  65415  214  328  20312  22704  436  556  235  9968  5296  917  426  1086  472  5042  1795  3564  3013  3743  10995  10108  6344  554  16371  86248  41024  22961  71  40256  9  5429  24684  418735  169947  1357  0  5522  26087  3205  
1494  1050  500  1895  674  108  3419  7214  614  1880  7895  544  352  1567  3118  4405  1313  12080  1040  16092  8743  5513  6310  10722  3756  2224  3967  3474  1880  1217  51  2458  154  1106  66786  4374  8237  9770  13529  42228  8390  6404  1908  3809  4204  910  758  10074  20319  1508  7893  4578  2729  4807  10313  178625  9923  2439  44066  27008  72359  46499  67885  84680  204383  483065  1.12484e+06  705929  125782  130777  27885  413  22424  109  9095  1.63487e+06  72863  76611  74510  33948  0  1.32499e+06  177027  
1583  803  439  1982  392  62  2758  5353  362  1116  1588  470  245  349  411  1596  621  3897  471  4448  4112  2131  1732  2416  803  311  899  2279  700  514  20  1063  82  379  20567  3987  4601  7826  11510  3924  5615  13486  1353  2133  3815  857  659  5936  13206  416  3080  1223  994  1185  2534  20910  3324  1827  34711  6144  19112  18514  13310  52320  21776  57319  93076  516734  157523  40946  12137  238  17168  91  18718  738695  96345  48081  17812  44570  1.19148e+06  0  217076  
18289  30450  15454  16441  25292  11997  104838  597734  35529  557051  289925  2419  3350  7116  13103  353510  50668  305556  61027  261791  45075  21329  90474  88223  74651  20225  49701  58939  41478  28514  3794  42752  2790  17324  2.60671e+06  971041  477867  2.36561e+06  36068  123092  200750  11314  20104  14909  5653  19936  28611  87713  712945  16165  340628  157723  2112  3018  4639  22888  334434  63264  412779  90073  298009  80586  33648  134110  62750  53196  21383  48766  52666  76883  35592  3663  46645  844  17707  2.51957e+06  507588  1.01327e+06  2.71022e+06  7148  521903  389554  0  
