4656073  
2955352  
747261  
3744139  
4029423  
4201926  
8696076  
12657509  
4227138  
6611527  
2818862  
2314740  
2560752  
3702605  
2957771  
5790291  
7727968  
6570300  
8009128  
8976832  
1472582  
1446829  
4030082  
3939622  
7817342  
2118879  
1798451  
2475899  
8981295  
10228897  
2913442  
10211600  
832205  
7099190  
11244846  
3383837  
6739598  
2520785  
719639  
3849552  
2184182  
4615926  
2440512  
607533  
3622640  
3148521  
4630244  
7236927  
12592105  
4459212  
7106188  
2061448  
2391813  
2026688  
3491411  
2630334  
5528363  
7067124  
5984361  
8018724  
8662083  
1786725  
1250345  
6636625  
4230759  
7889633  
2232881  
2066290  
1981491  
10043101  
10409330  
3430465  
9630433  
976470  
6470690  
10890024  
2595399  
5285916  
2525812  
709315  
4254144  
1942620  
10702659  
