3957555  
2824700  
613188  
3521808  
4064191  
4271345  
7540960  
12531914  
4071915  
6434525  
2474988  
1968222  
2145737  
3238324  
2819947  
5436491  
7271717  
6501986  
7481946  
7422331  
1192642  
1380100  
3387912  
3625083  
7558603  
2008116  
1781478  
1927734  
8474983  
9128823  
2653106  
8505315  
700228  
6685973  
11429174  
3532760  
5969463  
2111653  
621125  
3393080  
1822607  
4353879  
2187172  
433592  
3214167  
3195257  
4613568  
7619357  
12106256  
4192765  
7064550  
1874405  
2145068  
1751894  
2924042  
2615584  
5785333  
7049466  
6099782  
7180804  
7773849  
1571452  
1140274  
4127628  
3625772  
6509590  
1824519  
1501476  
1624210  
8747538  
9565040  
3182472  
8142322  
899796  
6488742  
10698744  
2943616  
5250070  
2030527  
677802  
3212537  
1903388  
10359462  
