0  1.08061e+06  191033  693195  180998  33964  513933  97715  770  12915  7410  5182  1041  1107  1355  17412  46211  35648  23734  34232  7951  12140  31026  54620  30848  4609  14070  88404  36560  151144  23656  282706  3540  903997  47442  87554  289789  31427  16798  56068  20716  7916  472  2999  23150  560  268  2140  13706  427  1153  1789  2027  562  483  1203  1048  548  5328  1056  10844  1958  1220  5102  5189  2197  408  319  647  3919  1265  291  1145  20  343  8716  26690  3485  1535  4984  2562  1025  31499  
856678  0  11781  5088  719161  14165  304867  38274  661  23498  23868  628  673  999  1571  30685  15826  45613  18180  49451  10031  23711  38778  115946  36539  6104  6287  7454  12424  29161  7130  17123  387  12793  298592  600077  653976  90713  37444  101486  17809  1944  5483  1566  1139  9457  296  18866  24898  360  3652  3968  225  129  419  856  1538  420  7244  1315  12538  2407  1694  6875  10109  2773  531  593  1245  5015  1950  358  1405  12  859  36083  12531  8051  4953  1595  4965  2583  160402  
38390  1853  0  239330  452  291  170187  178968  214  6024  6331  403  389  476  594  7445  1073  13436  3576  14612  2827  4558  9751  25988  16449  2104  2042  3929  7956  11444  1690  4260  34  775  56408  219167  174207  21919  34228  35836  5896  5776  7817  7360  5827  4267  122  12292  14420  151  1042  1094  247  85  125  420  447  144  2258  546  4010  842  647  2962  2256  1159  202  245  492  1917  894  159  554  4  388  11560  16433  4562  1543  3632  2099  1030  27450  
739207  1508  160208  0  535  422  5599  922349  568  8710  7466  903088  32550  22495  7656  7461  1593  15086  4109  34618  5927  4577  9003  16678  19462  2794  18167  52729  19762  18400  1817  29232  132  13606  69473  300614  158385  26037  72845  35279  26871  165558  54092  164897  986388  10380  374  72218  231924  283  2003  1497  109275  9938  1207  14204  1065  354  4124  2857  18196  3767  2501  9068  5520  3485  754  1697  7239  7448  7388  1277  4871  5  1906  39394  299360  25130  5730  116512  8841  6807  35017  
326522  887674  3259  3455  0  888327  947216  169584  26681  48286  14424  346  725  1079  1037  33999  72957  50766  48667  42037  8503  15863  45819  43010  17377  3392  6319  9616  15610  35272  13970  43001  3418  354574  362378  492001  479990  71319  4272  36108  20208  1074  1962  655  456  11101  5624  44618  71535  9216  3680  3181  249  255  523  662  2554  1058  7748  2421  11716  2503  1977  8627  6774  2025  380  586  1318  4172  3269  846  3076  35  5441  50057  8807  25730  19027  711  6920  3403  154402  
69722  68113  2154  2516  1.04697e+06  0  621132  667366  441087  1.50331e+06  6531  194  513  1013  306  61724  203023  18051  79197  15027  1422  1608  14825  3699  8646  715  1047  4202  29095  31845  24998  115355  12662  984301  42667  44962  171448  16020  764  3553  2227  1861  1063  536  338  8113  39978  76040  201657  93535  53320  3514  161  162  639  310  4874  1946  9181  15459  9168  1558  1025  9847  1440  1305  181  513  1339  7200  5279  1435  5823  87  15275  42724  11912  26999  16240  488  9462  2774  37948  
349879  610331  327288  24315  1.53914e+06  532585  0  1.17109e+06  985375  199049  44698  1250  1736  2310  2877  56322  33490  132763  96471  128456  18856  31057  87443  142748  81867  10396  17157  27125  90275  85920  15486  40432  1740  21556  989103  1.30353e+06  795291  98131  114783  168926  53639  5061  7712  3302  2303  36177  28624  193653  222341  40906  12893  7859  825  812  1211  1768  6596  1900  20434  8214  29130  6662  5635  29029  15960  6568  1095  1832  4209  13642  11054  2585  8995  77  19173  144380  48357  89796  46726  3659  24413  9638  328974  
17811  19637  287484  1.11363e+06  52955  337754  1.49686e+06  0  1.799e+06  474189  544666  817666  1.73906e+06  929340  290715  81995  28160  147891  51036  439631  50189  39534  70150  108037  81082  74319  69892  34426  29175  40502  11135  41925  3096  48363  1.38565e+06  1.76788e+06  866040  209721  42590  174779  75256  67586  67724  69540  112407  91436  93952  371798  2.99908e+06  184879  251592  49636  187335  147372  97923  32240  21277  4661  47195  56591  94316  18548  11680  63799  21452  12028  3297  7590  10825  35524  30428  6896  25462  270  62968  386679  243674  226406  137056  37478  67721  25819  624174  
1575  1769  1357  1798  105388  758728  1.06839e+06  1.306e+06  0  1.28397e+06  5328  98  164  201  153  7635  10516  31943  84328  10290  1011  910  18525  2082  13697  571  1348  2720  41585  14102  2299  5929  638  8968  124821  104237  46819  18129  1471  5004  4412  1666  836  379  285  3547  36183  24080  171189  59498  72405  2364  83  89  360  187  3236  652  6487  15820  3885  838  584  7400  827  947  155  316  957  6789  3581  662  3893  55  11758  27899  13330  20967  12746  662  6854  1901  65177  
25989  14148  10837  11650  93464  1.2028e+06  201067  936437  1.29627e+06  0  115888  1577  1889  2803  798  2.23546e+06  272893  76454  112852  28381  1944  1837  14195  5540  10827  1148  3718  23525  30650  48817  28104  217902  44650  656153  166770  211935  525986  230540  5211  8085  10343  3193  1295  987  1718  3158  12986  13050  342314  35344  263303  47195  1052  633  5376  809  25089  3808  15495  23609  14826  2008  877  10476  1754  1547  361  783  2192  8056  3887  1131  6070  168  8662  37780  26261  44038  30491  6692  14934  7482  213035  
770  1490  4115  6708  1033  890  6121  783567  2474  189559  0  30153  56676  933008  23752  148670  11836  57087  917  863338  13493  3995  1539  4826  6159  8019  6633  2241  1737  1220  437  9243  2543  3558  42947  34904  21106  19400  2011  10527  5103  2571  745  927  2359  1406  1724  4523  319895  3079  197682  485367  17109  7913  143203  6679  74719  18613  37994  7396  118291  15164  1969  5624  3047  2024  1128  1759  2153  6327  4244  4489  16568  558  5263  44536  25971  41207  35045  6229  17745  9321  52395  
10494  1179  8218  892698  1156  408  9316  959629  393  2384  6554  0  377122  156272  57211  1291  429  6421  420  135866  19305  6433  1628  8054  5155  4469  7320  11985  2341  1355  103  4787  104  1930  24461  31399  13445  3365  3893  9008  10337  31398  14770  41544  171443  3828  413  28338  237035  421  1141  1300  744076  75935  4651  42307  938  305  2248  1317  40509  5908  1839  4129  4109  1615  1462  3163  1871  2831  2839  610  1814  4  1366  27034  86826  17935  6895  29443  9943  3491  14804  
7372  709  2453  46788  2251  1444  21480  1.39976e+06  1389  2633  27560  768758  0  917955  296289  2583  1131  18620  770  497603  62134  19317  2325  26006  15858  28974  24254  7596  2412  1330  205  3588  274  1782  36030  31697  16344  3741  1812  35829  9643  3592  1111  3578  23831  2273  1688  9164  476249  1065  2736  5085  294160  461310  41471  48630  2526  839  5032  1472  85744  7712  1788  4852  3436  1457  1374  2649  1477  2618  2294  666  2431  38  3160  27522  19959  20028  10627  11826  8498  3100  22418  
4486  376  1614  28147  484  812  3052  876615  2174  15732  1.19703e+06  350760  724829  0  668563  21362  8455  47007  1008  1.11782e+06  99905  29600  2591  35960  17164  40684  34960  5519  3561  1441  281  7557  1707  3164  38244  14408  14154  7953  1679  65465  10511  2730  684  2225  13613  946  1366  3579  209507  2175  38187  112323  115642  93960  931445  155487  28964  7051  21489  3403  319741  42899  5688  5452  10306  2809  3733  4887  1323  5311  2683  1942  7390  240  2803  19148  10839  13447  9592  7194  11431  3494  19252  
2028  242  1425  11614  189  135  1807  83601  329  993  7905  129936  233028  763865  0  3399  1561  69799  1314  1.8434e+06  155839  129129  5314  544522  37011  109076  70785  3524  7165  1743  157  4222  419  1293  44178  6297  9888  3934  1386  144540  13629  1335  359  1109  5114  319  152  1466  29059  127  1310  9354  38049  23716  329895  291902  2234  1251  15474  2303  171688  14432  3217  9076  5807  4303  1752  1957  1370  8284  2641  738  2684  33  639  11497  3689  5355  3253  3020  7344  2060  11590  
24631  12204  12392  10128  45267  94587  79855  143199  48365  2.29917e+06  177710  1963  2832  5776  969  0  1.97702e+06  507911  193987  79793  1681  1299  12462  4338  13125  998  2814  21594  28445  31937  17426  548105  217503  609186  124564  98417  596983  218765  6756  6610  6060  1651  518  618  1076  1712  1695  6452  30071  2326  21745  74855  531  359  5274  761  57756  30272  32902  7863  48144  4033  811  5050  1521  1614  422  506  1086  6362  3929  6381  25629  779  4445  28741  7801  21974  17692  2116  7040  5715  192546  
61410  41417  10583  9410  114244  75218  113997  165813  32526  335007  178900  4335  6172  35267  2714  2.75306e+06  0  621125  1.52262e+06  542123  8783  2661  24120  5822  22668  4833  4489  29033  127793  391908  429766  2.15446e+06  643943  461400  75346  60235  573918  122225  8696  12149  8246  2962  875  1068  1458  2418  2321  8533  35425  2633  15259  107690  1618  1046  25171  6359  96225  53891  144058  20988  300508  18766  2489  11377  3740  4600  2228  3219  2558  16409  11872  15872  52241  1436  8581  68558  13357  54329  43969  3531  19744  14877  116951  
12537  7970  29251  24359  28649  26216  105213  139121  233491  231226  85021  3984  4338  5635  10262  602019  562090  0  3.23034e+06  917169  87758  15992  722318  38607  266204  54132  25503  38568  134154  49605  4678  137171  14049  47229  241359  128668  338138  162790  29405  251631  55640  4827  983  1571  2736  1652  1900  7467  33341  3228  10879  10981  720  707  2446  11209  9065  10070  85867  16712  107214  30135  18537  70678  28613  28474  5931  3525  7211  53794  15414  4595  16515  223  3397  68627  11908  28451  14826  5520  36505  10622  158756  
18667  13593  18283  15472  73694  65453  279051  171824  264099  139051  20219  2398  3276  7203  5178  118119  1.46952e+06  2.77771e+06  0  289895  9938  3703  1.44709e+06  15176  345590  32764  15507  33275  1.11726e+06  1.20926e+06  296607  270302  5079  85974  164993  97126  360787  138986  18104  113893  33406  2413  574  754  1580  1718  3518  8829  32684  5989  9873  8750  565  466  4018  3332  6479  6549  53208  9923  85159  9468  4770  26097  6426  10116  2032  1559  2562  18477  7190  3222  10429  150  3052  35812  8417  22269  13052  3212  13007  6412  136396  
9766  4575  26418  34440  2434  1206  30396  323336  2596  33658  791395  201459  292778  770172  1.97004e+06  51152  23353  1.51633e+06  24911  0  2.1951e+06  929142  59618  1.21335e+06  274006  330042  193166  43351  184950  38894  3261  78154  7915  19466  301527  102390  200346  85599  25461  619517  76112  13076  3088  5430  11611  3249  2219  14769  129425  3010  35734  98276  83353  32721  271041  262676  43427  32411  323704  55132  1.60178e+06  122860  49725  208967  73763  89793  19018  13744  26184  195689  54512  15596  56533  723  10079  202833  31747  81612  50866  13788  111365  34645  147726  
889  529  2857  2311  189  50  3127  8448  120  440  697  2822  4052  5748  110050  237  263  167517  1659  829135  0  767283  80646  312514  40114  61025  18817  4343  28624  3197  113  5622  77  1421  36242  7855  20082  5345  1864  86673  7427  646  144  242  383  124  52  578  4093  57  211  547  1291  1132  2226  10103  242  171  18204  3306  66982  78059  33431  36359  57462  15985  3639  1599  887  9918  1521  124  1219  5  320  20292  1130  2441  776  593  18968  1146  6814  
644  609  2833  1853  181  10  3779  8443  38  183  235  902  1351  1994  55012  104  106  43551  548  234695  742600  0  87802  590201  31992  61946  8771  2682  7686  1852  54  2779  21  670  19064  7264  23320  3332  1219  44968  5366  373  97  176  223  68  19  383  1991  27  74  143  364  384  791  3488  68  46  6489  827  26438  57558  52042  21536  93137  7587  1724  730  414  3418  627  49  553  2  161  12318  624  1406  306  342  11960  630  3826  
5779  3149  11100  8833  5201  4920  44879  57390  13099  7757  4905  1390  2116  2503  5275  2410  5453  894093  996323  82315  100444  121014  0  337310  940568  70233  19902  15024  1.19541e+06  499010  3105  75917  1176  21076  105612  51819  149919  59525  11174  108753  35484  1314  297  479  926  550  485  2376  8632  733  2170  1235  267  335  504  5646  930  722  25258  5177  29864  19884  15141  50940  22005  17529  3634  1497  1327  12850  2622  395  2318  18  731  24167  3084  7299  2338  1603  16702  2240  54621  
4723  4295  20460  12240  680  73  21364  35923  143  663  623  3573  6666  9552  595269  343  377  86978  5378  569407  458517  1.01732e+06  595627  0  1.6628e+06  715031  95825  15825  39326  11799  266  15706  64  2401  119350  36860  105999  9629  5619  386412  25034  1371  275  573  1075  293  63  1192  4855  64  254  373  833  697  1124  6306  180  131  12344  2403  24931  16053  21600  77479  276303  26181  5321  2213  1227  9061  1614  124  1361  4  382  51661  2267  3944  742  1346  53255  1624  26565  
8063  3421  23233  21669  1087  1183  24962  52784  3672  2940  2164  8433  19112  27866  51366  1102  1279  129657  56416  100631  52032  47415  778608  1.6524e+06  0  2.17759e+06  1.38923e+06  251883  2.98191e+06  75316  725  49524  305  5475  254736  53784  143679  83951  17551  1.07604e+06  360054  2826  300  730  2482  384  212  1668  13208  291  853  1327  1516  1808  1213  4994  692  482  23664  5258  30721  13980  10659  50553  28835  32675  5604  2431  1807  16040  3080  313  2309  20  628  47131  6128  7239  2210  3176  38746  2467  89880  
800  350  2468  2631  94  61  1943  24516  189  327  335  5761  16507  24795  61621  141  179  35433  9870  44836  26887  19399  74680  355705  1.74465e+06  0  510109  8690  53072  3776  79  5324  88  736  26266  5106  10772  2501  1287  355863  28119  367  80  170  451  75  27  296  7144  33  149  721  1138  1477  831  1055  224  88  3215  513  5455  1696  1239  5430  3948  3331  702  335  286  2090  483  54  429  3  95  6670  766  1068  428  361  5846  375  60718  
8129  470  4106  12152  263  79  3107  62580  260  2416  2251  15508  43525  65132  100791  896  499  29472  3223  54153  16001  19794  36429  67004  981250  920106  0  205140  24283  5761  227  6870  108  3543  199195  25124  131087  180244  15309  695201  722226  4824  192  1001  5488  242  88  1018  19238  98  752  2493  2805  3740  2337  2048  919  337  5835  869  12349  1913  1336  4868  6851  3282  923  621  871  3772  1271  236  1083  14  239  26592  14352  2805  1452  4759  7774  1444  90087  
101176  3718  17880  50042  3332  836  12353  21345  590  6605  3613  8141  6057  5869  3657  7741  10328  35674  9201  47251  9477  18347  35323  63080  303353  15464  182585  0  378920  362516  3716  510829  3353  69948  323993  63390  290995  130743  38437  350709  660724  19076  253  3288  22043  382  189  1685  10177  239  1076  968  1963  883  529  2023  672  431  8813  1608  15971  2776  1944  7775  7817  3569  705  585  1752  7498  2811  385  1926  7  424  30184  55477  8529  1721  16851  5325  2298  73054  
12504  2840  15800  17807  12852  19033  107152  43854  26511  18864  4586  1942  2365  3249  7186  2831  22132  137231  352759  103256  28308  12325  982969  42695  3.44062e+06  66303  55887  484598  0  3.26301e+06  26717  177979  670  11451  106514  42989  107323  57566  11348  279893  52295  1990  289  624  1450  543  1022  2920  9918  1573  2013  2278  321  455  1171  3278  2068  1799  26992  6878  42596  11830  7128  45967  11288  20080  3669  1754  2030  20688  4180  830  3904  29  1077  18341  4768  8832  3644  2193  9314  2823  62477  
108334  29324  41396  37831  26913  18416  128548  152800  9171  50684  22452  2188  3267  7654  5336  11813  673502  163278  794265  173198  33135  25353  432052  96192  163173  25583  18282  475560  3.4425e+06  0  1.36147e+06  3.88561e+06  1702  65169  162686  87297  355921  186724  11924  191152  43591  2247  538  784  1734  1341  1103  5356  15963  1818  2619  9472  516  557  4259  3283  9092  6567  36137  5937  73675  8384  3700  17772  11360  7721  1723  1376  2298  16095  5161  2667  8791  159  1872  26871  6291  15044  9622  2489  10205  4531  159750  
13884  6140  5984  5470  10872  7152  38735  65906  3267  27851  8421  525  886  2787  848  5173  811908  28673  539826  46394  5552  1779  24424  5349  18920  5043  2381  15913  132525  1.74173e+06  0  1.0779e+06  1465  21834  47074  22653  132342  99056  1990  8524  3398  372  139  177  296  532  584  2445  6015  990  876  3624  151  153  1639  657  3170  2306  11153  1666  23169  1586  393  1947  920  853  237  280  318  2142  1214  922  2867  51  614  7504  1571  4880  3767  433  2054  1329  72515  
457547  48635  30107  38263  76026  50188  131560  215638  5051  89411  137820  5274  7085  28108  11324  475736  2.28151e+06  424852  284757  519833  85987  37750  250375  120865  196046  54194  26949  514492  258653  3.95959e+06  874040  0  1.09842e+06  1.30013e+06  171595  94647  950472  148319  16999  253529  76129  9156  906  2444  10385  2137  1621  8117  30732  1993  6415  49588  1898  1333  18428  7290  47016  31265  107608  15423  232817  19726  5981  25837  15932  10774  3094  3230  3535  22087  10679  10424  33425  699  5276  57931  28856  39422  28247  7795  19088  10873  147631  
6778  2436  1025  817  6576  6647  8094  17449  281  14794  19695  343  589  1807  186  132359  315532  27806  3235  46926  541  194  1987  593  1285  357  479  5101  2170  3328  3060  611471  0  249918  4147  5503  111374  5647  488  1125  656  154  43  62  109  164  148  606  2026  219  633  4951  129  74  1323  234  4467  2704  5175  673  12778  897  135  553  232  178  82  120  99  599  434  696  2486  62  417  2951  608  2130  1674  151  694  530  6344  
1.00853e+06  115474  8722  12677  613689  1.35132e+06  169806  269244  8491  1.09048e+06  41907  1663  2426  5891  2138  1.29946e+06  970577  133056  89496  135275  13212  9161  46978  24658  29801  8201  18040  124729  33038  139243  78904  1.47933e+06  720383  0  43706  37394  1.97965e+06  25445  3328  22101  36221  2146  401  675  2741  1882  3740  11366  28151  6903  4022  16940  605  357  3679  1377  16189  9567  21168  3849  42950  4005  1279  5836  4073  2013  599  639  843  4399  2611  2542  9608  257  2960  20460  7836  11977  8593  1822  5001  2726  35362  
19925  23145  136684  129689  19073  5978  457381  2.31108e+06  24806  529535  542720  12570  22527  29098  29672  445747  23443  823322  84747  758509  111677  116255  303889  255687  328586  92117  321377  359797  132839  129230  6547  168749  4937  29554  0  4.22086e+06  436886  438437  473603  2.12011e+06  1.20261e+06  12111  5661  5589  9484  23516  16844  99526  255875  29717  43160  57512  2967  2901  6744  6578  20633  7043  57157  13170  95596  14869  11985  48809  44368  20529  5022  6491  12667  26580  14947  4394  17157  202  14794  716227  58240  106209  66452  19474  61211  47318  4.4532e+06  
11307  21453  181833  146381  11870  1833  359366  900634  4683  74642  195968  3054  4753  4946  3015  56515  4642  113187  10626  144040  14243  17156  43395  38577  48405  6555  50147  65365  24755  23845  1683  24575  740  3353  2.76122e+06  0  412973  243878  689997  261434  190199  10073  6847  5707  12984  30643  5415  102660  157567  6793  22755  30110  1908  1294  1674  1542  8674  2220  16291  5285  25403  4524  4159  19251  9356  4409  724  1696  3813  8576  7665  2023  6737  76  8472  205937  48289  68351  41075  14510  16139  11796  740430  
90431  50299  497314  421887  70921  19707  697457  2.08955e+06  19127  562545  416531  35847  39669  37065  18085  719480  162683  469816  210949  388598  48875  50055  194685  145442  120032  30279  49566  131213  91686  142130  58581  282061  39233  260597  332584  3.19946e+06  0  1.55427e+06  389311  139812  118098  27055  5583  10471  40250  19179  8731  73311  245135  13733  95985  79912  4367  3233  5785  5499  32984  7481  36570  9797  70469  10035  6530  27305  21608  8423  1743  2146  4875  16792  10469  3639  12446  214  9959  110703  85902  73913  46330  34111  22536  10831  182488  
5955  4693  56664  48946  2599  1098  84626  383960  2879  216175  159851  12265  10882  11251  6033  233952  13343  181517  87878  166924  16904  6401  46643  11649  32854  10694  23843  25572  18567  18851  6313  17011  617  4800  176351  567659  1.34093e+06  0  130675  22771  108157  3372  741  1282  4083  1682  981  6743  39092  1682  21963  25934  732  487  1938  1561  10048  2225  13065  2482  25083  3310  2573  10021  4733  2881  599  623  1210  4273  2397  900  3493  71  1389  29433  10812  33374  16630  6462  7403  5079  469138  
5119  2805  36252  66883  144  53  16471  41774  228  6167  6930  2864  2066  1912  925  5966  561  9173  1516  11429  2161  3359  8939  8995  16118  1956  22110  49173  9845  5502  221  10461  89  2668  157473  381030  308313  64214  0  30882  80771  6408  412  1936  9055  342  69  1185  4622  67  900  1036  578  242  135  551  552  120  2685  676  3369  1018  1439  5145  3125  1391  226  199  862  1990  1318  167  935  3  167  20519  16064  17025  1090  11490  2591  1950  67443  
8867  1928  23143  28950  298  101  12456  60839  348  2049  2137  22476  62114  98234  129234  967  715  83005  5673  167216  45335  24307  42975  132718  519055  827876  1.45079e+06  173991  154280  86602  565  97730  193  3676  1.50138e+06  68467  90312  30951  34942  0  1.44598e+06  4219  659  1357  3494  569  221  2515  21576  211  1027  3688  3003  4551  6191  7667  1308  776  34391  3876  53055  9536  8981  33157  21938  27096  6958  3744  5472  26921  7742  729  5245  22  1108  84038  8315  16552  4192  5604  72641  6094  109199  
5306  615  3070  12560  357  67  5353  20620  308  4306  4656  5124  6181  7880  7927  1775  772  35883  3796  33723  10499  22719  52808  50067  202556  29417  948055  178918  17255  17584  359  17955  171  6513  1.08912e+06  74095  171175  432426  47138  1.15237e+06  0  1351  121  253  1186  288  133  1167  4640  180  946  1001  399  367  583  917  538  295  5763  820  8619  1505  1499  4508  8227  1722  362  419  936  2819  1201  196  1061  10  285  48145  3723  7609  1943  2816  3842  2585  199560  
595  1982  7536  21045  1913  393  8674  23333  532  1935  4729  1504  377  366  506  2676  798  7832  571  11873  1510  3674  2077  5197  2087  521  533  714  1331  489  62  1192  200  412  12136  11632  5594  2307  1793  3387  1412  0  1.5354e+06  93256  771947  451763  60514  639233  138329  2192  24955  6606  2231  520  936  3054  29133  19384  29739  72960  29129  12047  28441  101026  58039  35537  3613  6959  56513  101433  220135  53457  316063  1336  1.33238e+06  133708  87456  397352  83253  53176  32085  16994  54366  
1821  11840  47421  74055  3147  188  28262  88114  226  1068  1843  3434  273  258  287  1323  365  3391  398  4677  657  2047  1412  3555  1153  228  364  480  730  466  79  594  72  197  15700  22938  8762  2115  1940  2427  1294  968573  0  11133  9574  690003  13882  400669  67089  987  4498  1945  678  142  312  1021  4194  2361  12860  23980  13005  6502  14073  54407  22587  14633  966  4315  6817  30310  55156  14295  63189  32  28361  170607  133883  131541  34603  16727  29989  11420  48040  
891  1921  16123  44473  407  56  6550  26050  60  535  799  1712  88  75  75  498  126  1139  146  1675  306  1076  587  1662  532  109  189  329  373  228  39  265  23  85  6126  12040  4084  1005  1789  1057  646  54294  3146  0  102033  2097  419  152724  109285  178  2694  1063  269  65  127  452  2126  473  5643  6577  4671  2799  7162  23902  11647  6294  424  1114  2021  9581  14466  3549  3801  4  3988  60036  65553  91771  15917  11693  8321  3904  22817  
29173  3787  57675  964498  631  83  15973  117293  116  1367  1432  125571  7108  4773  2006  1304  280  3224  661  7524  1231  1165  1757  3545  7604  593  10501  29396  5331  3130  252  18558  22  5466  16143  60406  31736  4065  16198  7059  9150  782539  4177  130175  0  1792  293  7657  475920  120  1610  653  783923  3211  316  3058  994  214  2894  3809  6120  1850  3513  10538  7668  4710  553  981  9459  8312  10771  1700  7220  3  3832  27274  263760  45217  6897  44961  5507  3636  13699  
1356  21547  33295  23695  14661  4011  93557  142103  2767  3035  5591  1241  827  465  341  4414  1532  7702  1335  9898  1270  2163  3292  4331  2116  433  1033  1561  1305  1619  389  1965  215  1035  70637  74502  26447  5545  2184  5354  3896  460795  859400  3489  2306  0  1.10383e+06  982730  273813  21807  23542  5412  737  775  947  1645  24323  22275  26153  94616  25969  9762  10825  58648  12920  13192  946  5768  12432  59453  101888  42405  61932  909  417859  299043  84978  169933  83515  3245  51140  17789  101803  
582  839  1033  1147  4567  19099  46910  163446  28350  17290  7903  148  791  424  187  3757  1877  5557  1574  6640  546  606  1744  1289  1302  287  694  1251  1089  1372  466  1886  237  2936  60406  43376  20956  7588  761  2522  2202  106819  57047  1191  447  1.15002e+06  0  738461  447839  610074  1.40467e+06  6178  252  535  1170  787  63169  65072  11401  188634  10173  2480  1377  22728  1758  5748  454  1186  3746  78869  75160  47325  144142  10174  952017  37365  79317  44336  20120  710  12561  2899  42720  
3698  40685  86109  90309  28103  21918  245799  402423  17388  9313  11362  4504  1357  1025  963  10715  3535  21027  3769  24718  3412  6590  8551  11901  6052  1242  2944  4353  3917  4107  968  4911  451  3694  187684  211344  72779  15404  5246  14912  10088  363381  541000  193539  10271  1.40906e+06  1.15462e+06  0  1.67422e+06  1.03233e+06  90701  9065  3522  3306  1191  3228  33536  9971  51960  415051  46755  20075  35071  233744  52252  48611  3421  10806  20855  309639  257495  51186  56793  216  128019  471646  184207  419747  142596  15220  98274  28451  205303  
14618  55644  109708  273591  47460  61826  367997  2.28678e+06  161578  235163  161103  88882  229591  65082  27046  24977  9154  45944  10087  86777  13271  12652  18671  23180  18782  8944  13351  18150  11262  9844  2148  16395  1355  12966  377990  408601  179909  66907  13437  33778  22902  76731  64873  153431  593100  156511  199689  1.71585e+06  0  1.82336e+06  745916  648335  1.10934e+06  807465  936274  154853  74855  13072  159297  98383  475495  145577  61000  284900  80052  49519  16328  38363  33633  98471  157857  40070  95074  792  272669  1.16731e+06  1.42368e+06  1.33457e+06  575092  50601  315204  76071  646086  
748  1169  1181  1382  4231  27107  43677  208834  44535  35753  4248  117  365  262  133  2540  1741  5290  1940  5436  556  495  1791  1217  1247  241  661  1396  1180  1534  487  1953  227  3606  65393  43123  25284  10219  864  2430  2351  2865  3981  1085  489  39785  776231  877530  1.87852e+06  0  1.83126e+06  1904  226  211  246  315  11954  1623  33156  118585  10711  1239  750  36918  1006  3521  373  673  1698  51203  35095  3061  6834  77  14360  46733  193919  53836  45282  1054  23330  3688  60760  
627  2320  4289  5245  2418  9933  15687  281866  62239  232707  85158  707  787  1708  287  9367  2225  10141  3024  12955  798  776  3975  1688  2386  359  1158  2166  2126  1335  226  2070  268  1689  76806  97165  41714  44738  2001  3702  4732  54320  17088  4514  2784  60491  1.27582e+06  200363  1.45756e+06  1.43618e+06  0  105920  1011  631  3842  1097  2.45893e+06  161385  123451  132080  18063  2964  1637  28131  2178  4817  1219  1688  7690  50390  68155  39574  375213  102421  803857  213074  416153  360562  343418  9537  141481  20359  292225  
421  922  2592  3264  856  933  5391  88346  4295  150291  280091  1190  1999  9818  856  69326  27085  14375  2102  28682  1335  646  2822  1055  2192  472  862  1281  1937  973  264  5896  1300  2012  53719  58088  22673  27809  1637  2871  2738  2434  698  977  899  1887  1613  3819  611031  671  121044  0  1260  2582  665938  3580  127416  8685  92028  3001  457510  34806  3194  6417  4831  2493  1008  1120  1914  4637  3345  2792  12488  780  8160  36635  23656  34581  21943  4802  11154  6700  55576  
14407  3539  21386  265800  2958  485  23682  423600  348  1540  4338  730457  167151  46483  20206  1981  523  5552  693  47957  8790  3840  2044  4732  5137  2188  7024  15435  2994  1720  199  8917  109  2449  32218  52208  20561  3234  4681  6467  6237  19278  5220  11603  534013  6706  612  19679  1.02624e+06  482  1284  1334  0  292650  10521  114215  848  264  2907  2440  100619  21443  4294  6141  10737  3201  4068  7955  6890  7002  7102  976  4948  5  2231  31215  141180  24415  7774  93217  20452  9817  20482  
1923  1371  2989  15229  3200  2021  34657  304461  2588  4460  19331  125403  778596  226223  21960  4372  1573  10996  1062  122295  21910  7376  2756  6599  4450  4121  4071  3318  1556  1299  315  2725  217  1108  46685  42595  20475  3702  1221  7023  3323  2277  731  1073  7798  2261  1318  7776  1.03043e+06  769  3267  9186  241197  0  327218  219479  1860  789  4749  1750  209904  44166  6560  6299  13971  3040  5779  11834  2889  3916  3491  798  3231  56  3935  29499  23421  25815  14214  24972  42616  8190  28703  
1112  711  2026  5623  1125  3629  6939  224852  15581  51309  240235  29760  92299  784932  216929  72612  25482  41343  2278  293174  32743  11498  4646  8277  7958  7361  6333  2182  4299  1864  590  11981  3145  5057  49607  27845  26017  18229  2050  15037  3766  2756  893  1405  2568  2448  2717  5532  722171  1233  36679  720412  27878  227869  0  618871  16121  14447  27296  6796  1.1739e+06  192016  20905  12418  38685  7653  14155  18781  2422  8718  6969  6456  23387  1400  12482  43276  21694  46523  25433  5580  47282  8482  44734  
2870  647  3370  14912  524  1607  3843  67291  6532  6341  15514  11656  27528  115480  172944  7320  2916  38129  1905  171472  25706  10725  7461  7548  9456  4633  4204  3606  4773  1649  250  5938  1094  2100  21083  12359  13503  6131  1936  13635  3513  2571  564  856  3553  963  812  2575  135376  469  1470  3462  24462  103674  579733  0  1043  1268  26009  4855  1.48953e+06  194270  59252  14340  592731  20336  96054  49750  4306  13491  5484  1293  5152  38  2874  27995  21787  15281  9085  11679  110705  9941  16574  
287  608  1512  2114  939  946  6860  31652  2682  52274  71100  454  554  1777  212  52550  19543  8568  1101  16471  573  365  1194  636  1141  273  466  754  1005  651  264  5602  1544  2250  33410  26981  14063  14554  1413  1695  1667  47717  17504  5530  3506  53376  111515  101785  159085  55584  2.16922e+06  152210  916  544  10175  1205  0  2.28288e+06  948817  172604  41104  5946  1450  28984  1927  3910  888  1366  9666  39644  67939  69353  841563  291855  716136  120898  45703  423186  201158  11110  58632  21540  160009  
1291  802  2355  2802  1815  1402  9254  34243  2153  39539  215782  1275  2070  11559  2022  210633  60467  79603  3317  182370  2506  994  2720  1430  3970  1346  1812  2267  4402  3068  1358  33168  10878  14413  100029  41803  49303  37680  4180  5248  4271  48416  31150  2620  1686  107825  239940  72548  75838  19656  420179  142034  1180  1962  64445  7454  2.96284e+06  0  1.19466e+06  1.64396e+06  344951  45581  4147  63961  6360  9877  2041  2120  10772  79799  406530  488608  2.52946e+06  271693  439071  48910  11440  126677  46057  4555  13929  12980  95084  
974  1185  3578  4509  1535  1201  10991  33134  2702  11737  33233  789  934  1462  1452  36623  19770  84207  5653  94012  16602  4965  21799  7334  24045  3427  2412  3621  17821  3903  670  15460  3556  5778  49916  24401  31610  18583  6107  18891  7670  24828  9834  9733  6558  23275  20084  78540  251560  72823  159689  81427  1725  1010  5249  13326  879833  699929  0  3.07362e+06  829987  159074  33246  775009  34049  90765  16246  11762  23205  135785  75493  22517  191271  2727  71606  313038  60148  383946  155463  24140  78652  80263  186196  
1209  1364  3644  4642  2204  2055  16901  50391  4473  11929  91854  1106  1622  5500  2557  65120  23694  119251  5753  191579  16074  4343  20048  6939  22253  3591  2700  3586  17203  4113  1029  23128  6940  9239  77916  34534  41074  24666  6349  17714  7690  40632  39013  12357  7282  177441  164780  360261  304298  152017  178932  27108  2059  1924  20086  23424  79420  2.09058e+06  2.66263e+06  0  642330  82461  13140  1.62139e+06  30083  194052  38165  20514  41280  444472  1.56343e+06  1.36647e+06  901582  2113  130459  261442  60084  461663  161299  23239  70224  67704  224362  
5558  3378  14950  20093  3010  2946  24796  133704  9141  27180  114657  20339  41786  92747  51968  87686  42409  385598  28506  1.10557e+06  178041  63656  87316  44291  105237  22774  14516  19166  75176  21549  2387  58138  10409  18548  162840  75701  131484  62779  19207  117964  33365  29278  7088  10692  10366  6922  5830  28889  432076  4215  18214  495265  32505  86636  548856  1.8155e+06  23316  24915  842075  61825  0  2.32742e+06  942894  206754  1.06119e+06  146951  103626  101539  67575  388439  103868  20562  96420  947  25742  324265  71361  143211  75902  23686  239195  69730  171312  
486  372  1536  1535  224  223  2343  9298  643  1513  3451  575  1170  1867  1417  2401  1198  51318  3333  41678  82001  57533  39427  13791  29766  3993  1676  2133  15987  2190  106  3393  315  815  10943  5583  11980  3849  1389  15321  3261  1946  537  1082  715  556  376  2508  32314  222  921  3627  1122  2793  7130  93350  675  794  222591  3746  909507  0  482934  129687  289882  29484  25183  19364  3387  29336  5473  807  7019  37  2287  36126  5509  15181  6536  2158  41987  7668  12923  
128  121  499  574  85  33  713  2146  101  209  460  158  237  296  338  214  146  9888  694  9050  33106  43867  11455  9754  6609  1108  491  523  3617  488  24  690  38  180  4271  1484  2907  913  503  6840  837  1452  394  712  467  253  50  1461  9079  49  230  313  298  553  952  47644  164  86  92077  1031  304126  455911  0  134405  620054  29384  28210  7659  2003  6979  2235  167  4123  8  1156  24431  2288  9262  2030  1417  33858  4861  5222  
1080  1144  4423  4512  915  452  9158  20846  859  1933  3308  724  883  915  2710  2346  1195  95783  8300  69070  43018  35456  58525  68674  57818  8543  3956  5212  40160  4836  182  5994  333  1290  37960  15322  26469  8065  5061  45111  7445  19269  6424  11143  5565  7816  5215  64807  149562  37222  12295  2558  1518  1051  946  24747  4746  2409  898223  1.16407e+06  282090  169053  197606  0  523867  1.01286e+06  94553  44175  25618  1.22782e+06  566043  8396  206489  253  38211  201568  24931  175144  34221  14284  129063  45991  65583  
458  442  1836  2384  230  78  2273  6916  236  512  999  537  696  727  1057  571  329  28212  1728  21221  44014  79090  33880  156095  25664  4363  1914  1711  9786  1421  57  1933  95  416  32840  4896  9811  2731  2082  43120  2974  12926  2759  5171  3793  929  228  7568  23181  128  621  633  1354  2135  2154  767563  456  267  102948  10210  505552  232758  508873  630461  0  1.94762e+06  616751  106242  18462  64567  15048  691  15465  9  4160  118451  5666  16433  3714  5764  251981  18106  22718  
493  452  2117  2385  250  88  2482  7311  291  771  2560  512  614  522  1317  886  568  32984  2759  31475  17025  10836  20402  24593  26518  4320  2124  1953  12291  1776  88  2738  229  629  41409  5604  10562  3648  2827  46104  3183  12721  2454  4502  3779  2960  3665  19361  23033  1504  2380  897  1344  1257  691  57003  1054  479  77351  46135  76356  31858  50160  1.13621e+06  1.7008e+06  0  1.99692e+06  1.10376e+06  71116  3.20538e+06  30718  2476  20945  32  4669  188121  12003  22846  7127  9652  419247  36400  65176  
115  105  488  878  47  52  499  4055  289  301  637  189  440  212  272  186  103  5174  403  5773  2372  1473  2961  3435  4160  796  416  373  1484  298  13  511  45  133  8585  1296  1767  786  490  7900  650  1698  241  402  537  209  148  1106  8351  88  522  302  668  933  553  93311  314  93  13947  6890  33650  12545  10201  94952  278322  1.64091e+06  0  635246  22326  66667  4455  268  3641  11  726  42750  2536  3808  2400  2173  269524  26348  65092  
404  261  1149  3350  113  121  1068  11009  527  660  1661  691  1994  636  559  365  218  4882  349  8468  1238  1141  1794  3820  3872  710  583  627  938  310  42  794  91  232  12368  2482  2239  956  671  9581  846  4528  208  511  1071  321  180  1268  30540  118  490  391  2382  4994  1509  85834  406  142  7918  2219  36320  12684  7413  24368  31628  1.10438e+06  691616  0  175706  26114  2732  288  2333  9  2243  117892  10730  14576  3847  7901  501599  244730  28051  
116  127  612  2299  117  31  731  2548  103  985  1326  970  387  260  239  559  237  3167  197  5123  507  1523  861  2576  861  217  236  481  579  203  13  505  71  135  4567  2467  3023  2331  4501  2084  2206  59062  3346  2272  8463  4064  780  7961  12607  263  1668  679  3029  743  301  1837  1714  941  13006  10083  9461  6437  11955  44539  17706  68282  5757  136730  0  153455  131832  4365  155602  74  58642  121435  16485  81288  8002  39846  79767  324228  50159  
899  703  3006  3227  534  316  5208  12113  707  2094  7986  657  806  1354  3828  5169  2226  68599  6482  82698  10112  4859  11963  9087  22078  5168  3017  3983  18544  4062  203  6731  711  1655  26982  10767  19719  7395  4380  30115  5418  20143  8424  6095  4271  40055  28577  158638  50970  27103  18775  4303  1176  739  2049  23980  7460  8916  62854  320458  176480  45611  23236  1.21666e+06  49898  3.42152e+06  102151  86744  329194  0  4.52433e+06  69413  120967  127  14711  127311  16887  66290  28861  10013  178348  25859  54722  
654  1250  3109  4216  1589  809  10846  25296  1089  4795  42113  773  920  2940  1703  35703  11105  48044  2771  80752  5226  4633  6353  6382  7853  1822  1423  1859  6202  2030  440  9881  2855  3884  35314  18609  19375  11343  4179  9519  3989  70592  100994  19427  7919  311154  47544  358687  209702  43498  28593  15075  1692  1194  12704  12146  26927  537845  161214  1.21148e+06  182957  57702  42801  661689  43191  69116  8287  8213  432033  4.06584e+06  0  1.52261e+06  3.939e+06  489  97537  120662  17528  226906  77974  12697  50430  38565  128629  
378  347  930  1061  591  318  3255  9493  364  2180  42558  335  506  2674  546  37572  11575  31997  980  64612  1090  466  1264  743  1446  316  455  707  1599  1002  480  9989  3342  4376  25358  9843  13365  8480  1337  1852  1460  25313  48265  2769  1132  118000  15474  62241  39784  4263  6446  7199  401  554  10922  2633  12324  623338  56909  1.30439e+06  95214  14350  2792  56264  4060  17489  4014  1990  12856  57834  2.02501e+06  0  971909  611  30465  19142  3537  37955  12693  1718  6504  4338  26349  
951  1182  3123  4576  2064  1351  10815  35020  2073  17690  130381  1409  1795  7711  1715  142104  41444  57356  2896  125149  5223  4064  6706  5909  7227  1842  1750  2124  5526  2404  918  21530  7121  9468  64983  29249  35955  25170  6604  7806  4868  304669  109376  14768  11179  192677  141931  111392  195799  7280  222197  70380  2845  1987  47983  8693  900697  1.82437e+06  303748  471030  277554  65311  36428  315555  42300  52196  10463  9073  189966  163273  3.40424e+06  970896  0  646376  1.03747e+06  108404  24880  234381  42745  17805  44742  60864  104571  
67  53  107  177  132  102  600  2163  149  3199  14680  94  124  674  74  15694  4633  2032  138  6196  140  66  143  79  195  76  91  106  168  117  46  1413  432  644  5127  2396  2528  2018  183  264  192  14808  4932  212  118  12971  12259  1402  9850  236  56396  13217  64  110  5591  317  227249  276916  15393  4716  21039  2813  293  1925  435  806  188  220  1566  4360  7463  16539  483491  0  397056  1622  878  15024  2050  349  621  1502  4970  
305  1132  2168  2766  2382  2334  14494  42303  3989  8847  33906  531  746  1686  298  30847  9323  9657  775  21350  917  917  1397  1471  1254  288  446  628  1015  683  199  3968  1246  1954  25394  17206  10861  5997  933  1843  1256  1.18613e+06  201188  6429  5257  753180  1.64674e+06  65079  328152  8974  1.39484e+06  30073  949  700  10733  2069  1.40462e+06  879729  103837  93801  66004  13669  7859  57412  8482  10289  1796  8754  70994  41805  141460  158187  1.50466e+06  831348  0  37896  27402  135034  17289  8209  9285  55086  31227  
2082  9159  18759  29625  13618  6016  92126  264734  9167  32236  65237  3806  7490  4101  2635  36402  11094  56974  4541  95413  10915  19046  22046  40554  32038  5062  12731  17387  10918  5945  819  13130  2590  5245  521158  164958  70217  48110  49258  78772  60333  98260  38215  117061  47133  50064  8671  308582  2.381e+06  24321  502115  235620  14343  8947  15519  35178  280758  23139  738789  81506  743165  214592  163520  659435  152631  336224  56527  288112  387656  428484  234951  30356  202476  492  39076  0  1.74022e+06  1.18254e+06  1.09898e+06  284478  2.49226e+06  1.23713e+06  4.05498e+06  
2094  14468  36721  52297  6492  1616  49802  106206  3259  11412  16395  2709  1110  783  397  12055  3375  8143  912  14772  950  1299  2075  2729  2030  410  1394  2194  1260  966  209  2760  551  1041  47457  49709  18279  7330  4167  4244  4195  119676  28996  89765  52572  16976  6073  116354  520328  26157  124987  41815  8280  2076  2770  6304  29136  3996  52984  13639  72308  12572  7824  33306  8042  29177  2117  26450  26165  30945  13109  1839  10554  87  6350  1.2733e+06  0  181271  267866  349024  222837  87460  309797  
990  3988  9675  26049  5600  2584  36736  137529  10811  64648  72476  4484  3478  2597  1020  24547  7559  17807  1868  30874  2462  3409  4934  6157  4021  911  1632  2874  2686  1578  272  4583  1003  1934  63122  67675  33898  28894  24103  8204  12235  473124  49318  370231  136773  23173  4747  516439  1.80389e+06  25837  659305  195922  24966  7035  11960  17484  389037  13580  266755  121669  206647  42407  23518  136085  26004  27651  5480  10019  31851  72674  66114  12555  43300  245  36681  339471  323767  0  1.9422e+06  341009  139523  126638  329891  
225  1435  2491  4485  2139  949  13127  45263  2486  13733  17295  506  1078  605  260  6779  1873  5079  615  8203  640  480  1235  990  1457  292  521  721  714  486  118  1186  259  568  24693  21357  7871  11294  1443  1889  2527  32209  7822  52725  11709  7898  1488  87499  757928  13060  265534  61286  2867  1344  3394  4417  114928  3530  65871  36856  74565  12949  3123  20897  3419  5435  2816  3658  4098  20129  15338  2888  6588  37  3920  249953  188004  1.74058e+06  0  19689  503258  90108  829024  
388  218  3777  12767  76  26  1428  7455  90  2134  2010  6143  2365  937  512  776  272  2805  180  5221  732  909  617  1333  848  194  471  829  535  215  33  557  70  172  4960  4706  2521  1363  4539  1577  1354  176222  1661  11809  48115  1446  529  8962  27342  197  5732  1955  27604  8701  1127  13758  3276  472  11256  7993  18405  5704  5867  23755  11752  13341  2308  8663  56552  33510  25548  2683  22574  15  3448  140925  288951  136621  20587  0  35127  88338  16260  
3246  935  6005  20007  481  224  4469  25142  722  2620  9357  4684  7642  4003  2994  1982  1050  24106  1453  38530  7517  6663  12054  25730  25187  4296  3800  4300  5082  1573  135  4280  488  1237  82140  12031  11299  5493  4230  66812  5326  8267  1512  3635  6196  1756  718  8367  100337  913  36100  11779  12494  45564  15002  329826  11049  616  31228  11669  88655  33176  24524  97123  100868  529287  526836  1.07003e+06  123968  167860  33023  1802  20115  54  7560  1.52588e+06  78860  87483  155365  83777  0  1.68632e+06  168000  
207  224  1096  2611  221  45  1428  5271  160  1968  3434  881  718  396  205  1616  560  4199  276  6936  752  1916  1136  3100  1107  213  390  600  590  216  29  781  187  295  14084  4700  2551  3033  2265  1966  2175  7352  786  2838  2848  939  222  4998  26614  262  3254  2529  3118  1937  861  7830  3902  756  42948  4116  25742  15674  18757  81235  14699  27827  21041  419790  153789  26594  11619  1143  22578  80  20999  792737  47233  107440  30191  73777  1.1641e+06  0  324451  
7320  6554  43329  90924  7285  4225  123011  779427  13567  529967  480478  3475  5680  8850  6840  448124  22166  386560  70074  446053  26779  18696  75822  47833  133542  42225  85378  88692  39591  30916  6089  42555  3228  13922  3.67074e+06  1.46646e+06  255711  2.04967e+06  171146  158904  393373  19451  10200  28350  10229  15702  8462  101313  1.04585e+06  26238  512352  223042  3200  2192  10955  12777  273654  16755  275468  42736  370256  72068  26449  126726  87090  72391  49895  49663  78760  61671  29677  7771  42360  318  18762  2.98857e+06  424753  960929  2.64113e+06  22109  769502  580910  0  
