3818816  
2456441  
746636  
3716551  
3456987  
4313209  
7076701  
13535351  
3970498  
6381921  
3137652  
2316609  
2666180  
3862109  
2899344  
5480049  
7784356  
6036275  
7415941  
9394974  
1655730  
1387604  
4013544  
4205265  
8002839  
2132636  
2202080  
2259924  
7920210  
9195421  
2630896  
9639900  
840109  
6665248  
11122550  
4029835  
7097222  
2430510  
746065  
4340602  
2303093  
4832236  
2177112  
540995  
3082089  
3340900  
4510846  
7586136  
13775655  
4538978  
7490876  
2119487  
2509697  
2010259  
3485502  
2567428  
5920413  
7756794  
6547353  
9229908  
8561744  
1586400  
1187984  
5253986  
3940803  
7436573  
2078122  
1829211  
888115  
8921674  
10435239  
3286263  
8352626  
904133  
6655203  
10995982  
2704261  
5810804  
2623473  
726093  
4285631  
1989787  
12163410  
