508626  
435882  
668378  
488661  
895480  
692310  
439627  
305262  
267684  
197964  
554154  
703402  
630185  
770293  
244826  
523312  
230924  
826198  
649538  
621751  
671130  
236108  
438266  
640148  
337246  
355735  
508667  
523009  
499365  
283819  
223185  
325941  
644168  
531295  
416246  
478916  
504328  
660345  
797130  
717958  
863210  
639435  
406578  
427667  
583937  
439422  
824721  
636859  
428583  
655663  
427058  
814261  
505125  
479221  
695459  
927113  
771882  
692246  
883039  
498026  
829974  
537539  
568546  
548275  
487220  
531781  
629290  
692826  
503020  
683455  
426209  
552762  
448737  
418964  
449450  
311220  
288969  
494973  
388852  
690556  
762204  
518907  
750875  
389640  
339486  
390185  
352744  
487102  
844599  
501480  
891041  
472331  
438164  
527363  
423981  
473049  
575652  
680719  
442088  
582120  
395477  
481120  
676638  
338886  
358343  
720452  
442230  
812894  
378116  
373999  
668645  
497315  
332203  
240834  
304108  
729133  
987737  
245472  
232392  
229638  
582376  
316469  
216073  
581389  
320762  
432561  
485420  
500299  
765831  
495414  
650032  
379203  
463198  
518097  
371472  
547822  
413193  
144777  
343226  
362776  
577404  
336375  
191899  
166492  
210138  
242793  
196564  
157189  
184811  
182210  
328661  
185141  
140978  
215651  
194253  
125284  
130245  
339965  
378533  
236255  
69122  
113896  
143752  
134520  
211201  
177574  
135034  
143960  
219555  
396463  
280948  
829479  
295176  
273807  
191726  
409562  
458393  
550547  
382645  
1026730  
820218  
548107  
561757  
352176  
456196  
534574  
592942  
289040  
522659  
658288  
212105  
786193  
719509  
220538  
442596  
215721  
763353  
377139  
409620  
642535  
880671  
524886  
589546  
329119  
449847  
615224  
532225  
346493  
416881  
140017  
480881  
324522  
166725  
194212  
290294  
284144  
244675  
159456  
215783  
147356  
170159  
203453  
292288  
149010  
129805  
126469  
122922  
217389  
135626  
77474  
131849  
184709  
139488  
146672  
339335  
506930  
412083  
313793  
343485  
503979  
832660  
310234  
388262  
840378  
435203  
656268  
999111  
334618  
481223  
600610  
647268  
812950  
657810  
456724  
322611  
647530  
552251  
431702  
153766  
173886  
258459  
261554  
253368  
278351  
218005  
280754  
325173  
230267  
346904  
657554  
295124  
306031  
223782  
339263  
347267  
476047  
226992  
223577  
184541  
148270  
238888  
392343  
388036  
648452  
527965  
378331  
293306  
536896  
563402  
695157  
437011  
219236  
130039  
412406  
448724  
335409  
280967  
360504  
435934  
469727  
891734  
640133  
547477  
412324  
672524  
382539  
332841  
404426  
415070  
322203  
272224  
418667  
585364  
494272  
490803  
444369  
698996  
632580  
821482  
772622  
345157  
574480  
456241  
441057  
889658  
760571  
627357  
627486  
578753  
1003915  
425229  
225049  
317279  
206906  
250947  
243123  
270063  
272838  
160114  
145357  
344115  
183718  
198882  
165557  
269988  
185742  
167595  
107328  
249970  
100448  
139350  
128958  
269281  
343550  
353070  
124294  
377586  
454074  
491049  
412901  
239244  
192211  
219585  
288499  
290051  
235083  
443183  
498661  
515272  
671961  
416976  
272275  
263970  
111636  
543855  
162132  
220547  
262699  
302919  
379760  
547224  
261757  
283070  
272181  
286174  
263659  
277724  
420558  
509175  
580912  
341846  
348853  
623792  
460531  
453183  
384421  
478405  
469071  
921660  
510842  
955186  
836658  
779712  
880144  
1309202  
393745  
311136  
428382  
306099  
573003  
521060  
1408201  
723870  
849055  
1036259  
817798  
647691  
1103168  
1015593  
911260  
627422  
742438  
608079  
607322  
812375  
505579  
901482  
867720  
570128  
765885  
741590  
1143209  
667612  
590433  
462921  
791546  
598195  
528881  
585644  
459462  
645706  
816961  
659912  
766936  
884171  
994695  
452278  
937788  
816820  
908388  
873565  
562588  
421171  
507418  
542358  
766628  
744776  
485957  
359840  
366726  
421120  
642506  
691643  
559458  
591706  
756129  
478768  
462816  
544540  
635664  
413679  
329022  
444041  
375047  
748499  
641920  
565998  
766379  
373662  
563754  
873578  
997540  
412460  
247176  
205231  
317432  
384806  
439889  
484599  
338460  
611117  
710924  
412535  
442844  
533534  
559449  
854327  
493016  
509126  
568383  
1174229  
9808196  
4606345  
6142728  
2455437  
762566  
4292804  
2022728  
467860  
538982  
550978  
579984  
997726  
802165  
508911  
319758  
274857  
241815  
687473  
824645  
616890  
935450  
247297  
731601  
318491  
905928  
845893  
459491  
476282  
122483  
461134  
698070  
383504  
374702  
579492  
409386  
549333  
292103  
220694  
325630  
360140  
322858  
362915  
470350  
422393  
447843  
758093  
732106  
592338  
269431  
735356  
523547  
732160  
423250  
940898  
529327  
603850  
551324  
401426  
890875  
667390  
566798  
694457  
1159285  
1053859  
551264  
718658  
535987  
759795  
472959  
487281  
797459  
562470  
648396  
551051  
744143  
523354  
685662  
371084  
405457  
516374  
395816  
301873  
226786  
273482  
454483  
302448  
500170  
688963  
662353  
624628  
346148  
344236  
448315  
526315  
416555  
873059  
484730  
864215  
477560  
294371  
411988  
461385  
453175  
489408  
624873  
506386  
509530  
402735  
398756  
727515  
328694  
308217  
616765  
516078  
846989  
329722  
407252  
571490  
529725  
395703  
174335  
206328  
908757  
1365573  
380088  
274426  
342967  
763749  
237814  
190630  
502170  
294005  
379466  
447577  
505907  
951196  
570947  
776160  
339757  
447516  
412928  
378117  
413064  
603745  
175208  
328447  
303186  
583771  
337926  
236006  
225635  
194840  
260660  
215370  
264196  
257981  
179149  
343767  
142544  
108306  
154246  
134966  
118326  
136586  
394449  
266723  
165726  
107978  
74965  
110366  
109231  
238781  
78850  
170692  
277232  
163486  
340093  
105513  
422320  
335580  
341955  
269385  
273130  
491036  
368043  
303553  
970975  
915618  
736464  
629459  
177591  
303224  
413299  
489920  
299889  
615269  
456801  
294886  
688167  
556025  
274569  
349263  
210940  
997674  
380290  
330919  
534072  
855424  
553625  
586364  
402623  
224230  
816577  
651042  
418659  
464475  
152340  
345134  
242958  
219236  
194372  
200380  
347262  
214162  
113770  
181753  
162513  
129837  
282056  
400631  
151153  
136622  
146314  
174897  
204006  
279955  
125868  
88307  
127982  
150724  
138960  
313612  
546522  
279927  
490728  
318690  
585229  
801798  
575314  
441970  
835707  
387277  
732690  
868894  
160854  
420324  
535100  
710625  
694923  
304660  
175230  
481776  
774398  
472160  
432445  
82982  
128209  
307720  
171506  
261819  
311695  
329583  
343583  
283100  
355899  
327401  
623624  
319918  
265603  
257272  
335195  
312168  
358695  
190635  
190210  
130633  
246193  
449744  
403162  
297820  
454852  
403214  
355831  
291734  
401770  
735773  
1004133  
554974  
233001  
259390  
404762  
356878  
291938  
386768  
342874  
373213  
777161  
1210619  
342554  
183416  
298907  
274262  
542781  
378213  
633313  
492912  
314721  
346113  
308204  
675146  
541173  
528307  
478204  
713209  
573354  
722931  
651751  
440358  
556978  
378504  
467125  
841703  
806221  
707009  
456375  
531191  
822090  
484400  
103256  
400992  
221935  
391210  
360347  
240854  
213113  
141645  
220323  
424587  
203923  
142438  
194503  
272357  
39205  
68516  
147397  
242326  
250264  
270002  
286142  
757819  
447728  
416566  
196518  
346807  
358398  
491748  
487466  
294973  
293406  
403841  
197508  
346620  
322388  
436604  
556718  
810838  
733440  
426015  
305599  
153094  
141206  
514906  
161982  
178130  
408013  
255713  
333469  
517312  
304154  
240797  
336439  
313680  
269763  
314213  
688636  
339798  
636934  
242856  
347579  
613246  
484661  
420691  
328843  
469027  
580573  
875669  
607069  
968851  
711131  
523481  
687205  
1376278  
204380  
249366  
404683  
278968  
531664  
640497  
1418492  
669754  
1090088  
936428  
766609  
582609  
1105121  
955827  
779913  
583425  
583537  
552428  
734983  
832130  
993494  
957082  
1288180  
706365  
683711  
712590  
898110  
524845  
512198  
481727  
720133  
814972  
698373  
554602  
603820  
564002  
909981  
756449  
478153  
1038286  
1087080  
519070  
761794  
923208  
951322  
741089  
898956  
417104  
648328  
623419  
883156  
864892  
766328  
425071  
402542  
352029  
433664  
270379  
526076  
598335  
741148  
379113  
425895  
539209  
532632  
369770  
364630  
314054  
394054  
729373  
683057  
627484  
709376  
267345  
543093  
1005434  
1168366  
622197  
309318  
185139  
319347  
442868  
432611  
507217  
365239  
611746  
