0  1.42916e+06  61044  818798  243141  17725  478605  25189  2352  23756  5264  3290  761  807  1175  37799  38840  80742  45022  25154  9577  24643  96793  97690  33820  2163  27684  119794  18394  83827  5740  270460  2428  1.22356e+06  91591  254350  750816  102392  85973  40573  21951  3775  106  479  21031  53  223  2780  4389  791  784  461  787  290  113  300  841  50  3983  782  4100  1010  928  1152  5713  234  84  138  204  482  240  17  291  10  109  4718  6669  1208  781  2535  950  729  59571  
1.05617e+06  0  14024  3365  854142  12814  332440  21412  2368  22023  14379  249  248  413  1721  27609  19476  58866  21397  47425  5291  6144  30304  18097  26566  1431  11526  18745  34033  32967  2848  26021  722  50060  733075  1.1876e+06  437222  254688  22066  98114  28530  438  295  1483  506  129  348  6868  5875  847  1048  930  122  101  46  332  1501  57  6416  1017  5347  939  437  959  1417  274  101  157  229  612  311  48  346  13  138  19283  999  1643  1536  568  1311  1211  253626  
26926  1918  0  152717  1196  141  262174  192139  742  1131  968  2603  282  291  219  894  98  1555  349  2075  120  113  436  304  675  62  492  752  801  658  22  318  6  247  24231  98493  8174  4780  9117  2419  1063  13761  2165  38295  24818  387  853  109304  25470  523  215  61  839  229  138  172  137  20  287  79  465  69  46  114  120  53  20  44  127  199  130  10  112  2  114  2454  31798  802  568  922  468  217  8224  
767179  1552  166881  0  816  134  17471  720055  909  5601  1677  1.62715e+06  53237  41075  30855  1079  237  2972  1176  35169  6182  2353  2840  7891  6534  901  53184  138534  6142  22217  79  51768  17  7435  18868  63289  73761  6828  49328  10229  16452  210711  1832  181853  1.2804e+06  355  527  122022  105640  525  1586  414  290658  51150  20186  17347  498  63  1372  243  25796  2247  860  523  5827  281  268  701  1872  1061  774  25  1122  9  575  5707  212589  2234  1180  36778  2209  2212  5379  
307994  1.20586e+06  2023  1177  0  1.15311e+06  1.20535e+06  231335  85695  98389  17929  256  777  1559  2434  79167  232420  88226  79976  62728  6120  4861  28492  11166  26956  1738  11231  21281  65176  161177  51706  97366  4074  519787  857068  722262  459999  150287  3559  105073  27649  413  297  833  336  1531  15217  67156  57130  27710  3826  1583  100  321  155  540  2846  136  8428  1749  6918  1117  503  1175  1123  512  138  198  358  1300  476  80  642  16  736  15955  1947  3515  3500  236  2550  1655  257674  
43182  93746  1074  694  1.16511e+06  0  678578  457663  610242  1.65135e+06  14638  242  817  2299  838  167921  273022  31090  61459  19331  1056  523  4840  1329  4079  516  1566  2618  33807  110913  32407  186003  14745  916881  197353  70662  245592  100001  1299  7500  4596  292  275  217  181  1352  16517  69953  136503  55022  8585  2417  72  320  204  291  2642  152  4049  1377  3249  351  154  658  288  409  87  124  337  1062  355  43  705  20  1246  8756  3907  4362  4320  78  3394  1737  142650  
337993  380946  271463  13509  1.87087e+06  995344  0  1.55919e+06  813642  190890  31961  1321  1862  2432  4130  56366  171617  108970  113629  104489  7141  6910  33060  19824  40641  2693  16416  34897  107811  270035  89950  67324  1890  68675  1.21096e+06  1.53252e+06  420982  172140  28836  159519  38636  23270  15772  161137  51185  23134  120505  1.02224e+06  455266  104600  13781  2388  3092  1975  692  1985  5481  858  15445  5297  13756  2131  1153  4155  3150  2502  469  908  3132  8420  3778  492  4658  69  6334  69243  26381  32435  27393  1293  13367  4842  362007  
7669  39644  343304  870639  87304  108566  1.87472e+06  0  2.31755e+06  513782  515194  907212  1.58152e+06  975268  266837  32708  15608  138493  105510  570779  53934  13201  14145  22533  21173  8993  19537  17557  26101  42386  6993  18388  710  21962  585565  508419  281583  176897  8618  76196  17176  62855  20406  131326  169830  42672  218799  1.60533e+06  4.83174e+06  567377  146023  75320  205619  536434  194395  91794  21677  3495  35910  16915  263661  32812  7435  11504  27968  8166  10289  10494  10574  22227  11317  1898  19388  344  34664  200567  177512  136645  113390  7549  63373  15257  385882  
1450  5645  930  1002  55189  583858  1.05332e+06  1.60692e+06  0  1.58315e+06  11029  651  426  610  454  11602  30793  78656  267729  20380  426  169  16318  569  37735  722  1490  1886  95689  64540  13856  11762  281  4295  101885  29763  35439  32627  1592  5044  3551  574  744  349  384  2012  38016  129384  322725  192216  35175  1696  115  157  98  193  3265  275  5983  4120  3966  443  196  1364  301  929  72  202  542  2638  716  58  1293  24  2159  14219  14529  8118  6828  242  3907  1195  83962  
39754  89477  2474  8002  144865  1.40525e+06  179860  728353  1.48853e+06  0  87728  5504  3183  4551  2363  2.45142e+06  417778  97617  191245  27828  1601  779  12476  1920  21720  2444  9632  13580  80541  78569  18945  359931  62016  614200  293230  180610  579980  519987  10959  31385  17686  1896  684  620  2632  992  11516  42777  197059  125353  133794  13481  904  728  447  626  22857  460  13049  3309  6379  759  743  1749  857  838  163  545  1117  2494  941  100  1609  70  2479  16732  49419  7987  8710  1452  11138  7344  397341  
700  1412  1544  4788  2011  1557  10203  873363  3898  71941  0  18136  125929  1.12413e+06  9822  81469  1723  47605  1516  1.18935e+06  4770  903  604  1059  927  766  1494  1423  921  1736  296  2417  270  2306  33697  9474  16265  15931  1175  2915  1710  2183  382  918  3516  587  2634  12147  222452  20572  319626  437735  8684  44037  45408  3744  114435  1581  103672  3441  96212  5257  1161  1268  1360  624  412  570  617  1832  1136  555  2807  327  3120  18332  52194  8975  10684  745  7993  1934  38792  
7518  975  10913  1.06788e+06  780  98  21257  913835  932  3341  5563  0  483213  302576  239389  1034  164  3339  556  210129  35431  8423  699  12893  3219  2915  17054  24746  1319  2076  32  3624  20  1076  9906  3570  22631  3006  10080  16328  6611  40582  805  26609  245813  1012  1418  47281  255212  560  1406  1598  645683  159985  34170  53427  907  141  3440  413  75038  7493  2333  816  12551  510  1296  1724  1434  1210  830  102  1140  15  1031  8936  33737  5552  4120  17161  6335  2259  5388  
3509  1169  5897  121886  1490  914  29798  1.45325e+06  7216  3971  53751  603529  0  784976  258424  3465  705  7767  1039  501464  54963  11058  950  13009  2677  2604  10000  12758  1128  2256  217  2741  74  1416  15129  4910  22874  8607  5430  16099  3214  22070  1148  6480  56453  4262  9930  53413  435797  3356  4644  12309  196535  761872  138127  55387  3259  655  8071  1247  186284  20989  3127  1441  8486  922  1771  1833  1543  2340  1759  534  3705  60  7287  20623  26214  21059  16655  10351  7851  2152  20694  
3905  882  3859  128310  1045  631  10749  878777  3048  7857  1.18584e+06  433861  966449  0  673132  15130  1145  23115  1314  1.25287e+06  72059  15269  1180  19443  5724  6756  16387  14647  1648  2658  208  3732  143  1585  24699  3428  17726  5843  5175  50562  4428  35612  357  6223  72552  623  1946  14034  232902  4301  67784  105004  101497  265420  710890  149099  24270  352  27760  1198  306011  25315  3866  1000  9041  570  1068  1285  774  1244  826  183  1497  70  1965  11667  43784  6038  6129  10367  7296  1791  14510  
2920  1468  3126  65328  1016  169  6670  167020  800  1638  9474  240986  304331  667929  0  2958  1605  37354  2435  1.69186e+06  169124  149950  4918  488767  11355  23382  19816  10680  2390  4709  161  4769  243  3277  38382  3104  15190  6547  2410  90537  5031  19189  388  4703  38907  402  695  8080  70228  1135  2447  6599  66360  68061  193462  437340  10832  331  62413  4485  275145  22657  10657  3066  32422  1635  2506  2860  1290  4105  2253  385  2513  117  788  25885  25870  5292  6638  6401  15209  4089  23727  
38592  76221  1811  3909  96417  179986  62958  78191  43056  2.55099e+06  95327  908  687  1340  1289  0  2.18838e+06  802960  214809  39878  1339  630  14944  1836  21741  4505  6908  6996  133384  115204  19987  535002  257825  830260  192745  61751  627467  358132  3713  26865  9777  677  213  281  883  234  977  5220  14005  4835  16624  16052  315  288  289  469  63606  2178  79665  2672  21548  2042  1740  1991  1220  739  159  277  461  2095  1337  677  2647  422  671  14930  4535  2990  3832  428  4853  3346  265082  
50360  129708  1489  4136  289557  358547  171741  106058  145194  540866  57902  1040  987  2198  5532  2.57442e+06  0  926026  1.73803e+06  150308  3935  1684  19979  4742  19418  5632  7760  10634  221805  844483  632130  1.8931e+06  533412  863869  160512  62896  619817  142466  4972  20037  13160  564  196  219  939  379  2493  11203  24594  9015  7252  9505  435  447  483  1385  74175  1420  76477  1857  45249  2754  809  996  1176  488  246  335  393  1364  789  458  1914  371  642  14954  3325  3565  4530  454  3978  2081  148783  
38751  52561  1615  5669  34747  18521  33950  107261  196301  276054  94368  1718  1090  1583  7095  576997  508716  0  3.61319e+06  533624  117349  12459  575596  66567  295626  55215  26082  32704  73829  70874  2428  137839  9264  175309  261294  37654  403344  167167  7949  92751  39576  3668  1177  323  1570  705  1495  8808  17697  7271  12371  7537  604  478  368  4217  36635  1731  266607  29049  177654  35674  35749  28778  25038  8090  1956  2615  3592  19301  9716  1940  10185  398  2069  114782  7457  12883  11656  1740  23598  11240  259580  
63658  68374  1673  5311  47821  31808  65784  86543  737540  481670  18919  1626  963  1135  2561  121309  1.68818e+06  2.9795e+06  0  127002  6841  1759  1.09379e+06  19648  682990  71768  35568  42928  959106  1.56927e+06  631079  673568  36946  323624  241306  39440  520929  177496  8585  96101  50108  1325  420  210  1191  324  1699  8745  18796  7429  9545  2116  463  340  193  1894  7624  335  64454  12608  55937  10125  4482  7144  4018  3320  798  1018  1344  6815  2883  362  2981  74  722  32830  4161  6239  5269  965  7882  5174  271145  
11133  15791  4829  41536  11020  3364  33026  595283  10682  25231  1.05759e+06  203064  474304  950930  1.69444e+06  47684  14188  779923  23276  0  1.70873e+06  622016  30105  937007  55217  48481  74337  32046  18324  35509  1797  40715  2937  36113  475548  30839  127222  79352  8036  579798  29995  17238  4193  3973  19173  2867  6145  41037  195509  24776  59027  123795  70319  145297  90188  148367  178815  4624  1.08951e+06  135889  1.90591e+06  294880  238114  126167  227003  35184  15276  17460  13529  71114  31957  5266  33524  1233  8083  324113  31123  47580  45767  6412  125468  38035  245793  
4569  5576  285  2258  2236  134  2520  12078  252  709  809  8434  10457  8730  136686  654  374  122041  1062  772190  0  649687  37202  322699  11323  9763  12221  8682  3966  9182  148  11654  102  7963  88171  3113  29653  13325  1276  98398  8742  1189  351  183  869  172  175  1862  4931  317  452  440  2216  2162  920  4577  732  89  50799  8319  103483  128087  79957  20551  53405  2703  2233  2483  1198  4128  1930  91  1864  30  389  48263  1060  3499  1899  416  20076  3650  22562  
2909  2099  187  731  680  39  1511  3007  103  235  229  2046  2238  2495  124008  159  120  12432  364  208442  438806  0  34836  623820  8574  10644  9297  8383  3544  12357  86  11104  28  1577  42963  1298  14074  6071  736  64353  5971  489  149  38  249  35  39  618  1235  57  124  90  533  426  201  1516  160  16  8776  653  19052  62531  55572  10147  76006  766  1799  1915  493  699  513  14  562  3  103  19727  267  1307  442  154  10524  1407  8217  
55831  49425  1650  3903  15710  1073  19281  15219  15351  6751  2963  1038  667  821  2714  1520  8082  761341  1.26272e+06  88859  75853  30788  0  459032  1.28449e+06  84563  39018  69533  915243  635998  5284  325136  1483  72320  144375  14379  268859  80458  6349  126510  55272  535  163  136  619  80  191  1615  3132  523  781  211  294  191  83  1169  690  73  33038  4206  33690  19802  33741  20300  20624  1669  920  928  530  2163  956  52  904  10  175  48550  739  3400  1912  689  7949  2128  84902  
23660  9743  1394  3830  1909  154  10170  11024  492  618  383  6832  5868  10169  544369  214  684  72291  15175  529615  261501  829912  544967  0  1.80767e+06  441005  85398  71916  52266  176147  835  116035  63  5314  116796  2887  75345  21117  4126  351936  29785  721  142  158  777  40  71  1171  3583  119  314  189  1667  957  289  2640  430  43  12936  1301  24377  15043  30349  27225  184277  1780  2838  3002  722  1027  571  25  672  10  109  29716  623  2986  1316  622  20894  1677  33458  
10854  7721  1005  5148  3155  617  8335  10101  17345  6190  1937  3811  2558  5063  11119  1143  2094  185810  289137  49989  16954  12509  1.32951e+06  1.79503e+06  0  1.94734e+06  1.15581e+06  244696  3.06162e+06  192123  888  53073  635  11161  305018  13210  71001  69249  20715  761097  207403  725  72  92  1092  49  156  1004  2682  406  604  249  834  431  122  651  965  68  12618  2172  11860  5148  7201  5504  8527  2143  610  635  576  1487  755  61  721  11  125  18788  939  5038  3316  926  6204  1755  109405  
1267  530  81  1246  211  31  592  2808  303  805  615  1649  1278  3100  20190  681  112  21184  13184  16611  6636  6283  50428  343424  1.9948e+06  0  949442  151988  40525  14164  51  3347  39  776  12058  1076  6284  5714  794  415132  19865  134  17  22  274  4  11  128  848  39  96  72  416  215  37  118  148  4  1128  190  1410  560  800  435  2041  245  102  108  42  150  69  6  59  1  15  1888  155  309  210  115  990  182  80327  
23926  1878  589  31506  684  108  2972  15243  490  3854  1569  12606  7668  17042  22880  1731  313  18771  7468  59515  18057  10789  19049  66253  1.06652e+06  760453  0  340882  16647  7156  69  5545  84  6274  140993  5918  59239  56122  10930  664418  406836  1476  43  159  5469  28  71  732  4790  334  1445  431  3036  1716  493  896  987  34  3959  524  5490  1633  3136  1350  4777  433  482  533  291  541  309  21  328  2  77  11694  1945  2119  2125  1005  6493  2481  90435  
125231  17632  3587  104474  4196  475  20842  11628  1449  9040  2768  12071  4390  3941  3956  2895  1561  52884  29033  22255  11216  24125  86634  83797  162328  21431  345272  0  133632  298895  687  407149  243  36384  287125  20086  363808  310922  109430  183717  751124  2576  146  292  11267  142  598  1837  3708  1119  4078  353  2833  1366  574  1054  1537  344  13510  6034  7726  3054  3399  15586  11883  2939  442  559  2538  5749  4896  217  4558  26  331  23462  4115  71558  32358  6210  8438  5863  167228  
10692  12071  815  3100  12076  17222  49455  22512  123344  47123  3229  1358  755  1094  1734  6531  42449  91284  801475  26652  5825  7861  1.25965e+06  60010  3.25433e+06  52201  32907  138924  0  4.186e+06  44561  78680  1278  26031  267698  16821  125441  150776  30593  282589  207708  468  101  78  676  129  967  3970  7635  3657  1241  436  258  154  83  510  2081  172  11902  3001  9071  2886  2918  6026  5201  1306  338  422  860  2275  1637  95  1633  19  215  11985  998  20313  11110  1063  4329  1779  96876  
34504  40034  2005  4861  81085  74820  244022  156665  179564  75381  13274  1037  871  1824  3339  18673  789992  131542  1.38447e+06  62918  12323  49655  530391  258667  241385  18622  13658  179768  3.91478e+06  0  1.91204e+06  3.83127e+06  2226  69156  237354  30704  290806  117642  20147  225269  67472  465  188  278  672  449  4026  16563  35885  12373  2874  1711  317  350  190  811  10044  321  22065  3323  18159  3626  3199  5277  15513  1151  347  409  649  2167  1246  159  1416  66  434  11886  1807  14597  8007  1424  3593  1826  110314  
2806  7616  180  316  31972  27624  82958  39043  44270  17349  3648  86  119  318  558  5848  1.29262e+06  10857  784992  11876  901  894  9947  2946  4194  577  793  2372  40218  1.97236e+06  0  1.14167e+06  1669  14814  13328  4896  25601  7959  379  2983  1285  44  30  53  47  132  1213  4791  9986  3856  605  474  22  41  32  127  2965  67  4144  254  3106  246  98  143  259  71  22  23  39  163  79  27  130  17  102  1368  384  456  479  30  368  152  9316  
451277  157633  4498  59188  185807  157591  201177  124543  54680  241219  66215  3588  2060  3161  13342  424194  2.27486e+06  446586  665424  282803  50421  81266  447470  257359  117502  14007  24506  412721  98389  3.92288e+06  1.22443e+06  0  941387  1.18122e+06  246611  44644  1.12086e+06  116889  22879  127302  63523  1388  350  384  3918  428  2215  10513  24571  6493  5019  8297  1031  733  574  2377  67367  1495  91015  5707  69040  7430  4252  6234  17375  1611  543  752  944  3503  1889  596  3209  441  842  24147  4356  14912  9497  2615  6554  3286  134028  
5746  10687  93  265  15756  11982  7319  3777  351  30006  4541  82  68  114  834  146861  290394  22595  8742  18090  670  223  1496  397  2659  382  618  970  4478  10163  2893  520475  0  290273  5280  3005  81829  5895  261  1225  1089  43  10  17  54  18  62  293  630  200  360  595  29  26  27  112  4341  86  4784  163  3133  243  74  88  85  30  20  27  29  88  60  42  155  26  44  958  187  223  270  35  286  114  5074  
1.16016e+06  429599  2987  13987  925753  1.33822e+06  143527  97189  9965  991812  19929  1312  853  1424  3843  1.54862e+06  1.29034e+06  290474  177013  97288  16217  8963  94379  18966  34508  3610  9350  34737  82688  244532  63693  1.63466e+06  706740  0  60235  33601  1.68452e+06  47162  2224  13920  16292  418  94  278  1339  201  1116  5677  14448  3040  2565  2464  348  334  180  595  13062  279  18661  1340  13735  1748  775  939  1626  348  117  168  161  727  357  116  620  63  279  5889  1261  1537  1635  244  1596  899  41352  
88555  415842  104069  59799  334951  73174  991180  1.63694e+06  99139  587267  311402  16258  26155  36920  48031  355926  21769  991853  276536  943737  108309  72767  374762  164859  456250  39228  398573  450582  587140  455069  3499  148245  4340  43809  0  3.59066e+06  412512  644688  477778  2.29651e+06  1.06241e+06  8545  3184  6423  10579  4714  14453  102581  300910  26792  33725  23849  3882  7216  2482  8806  24750  1404  110451  19909  100794  20255  17677  21644  30656  6315  5390  6729  5507  12658  6594  886  8014  191  6235  384299  23420  41698  45590  7348  70344  37116  4.34873e+06  
210976  431210  306917  141588  141759  10465  1.26113e+06  213547  9809  151275  173540  1532  2257  3359  7647  214334  7486  171406  23244  261463  8667  6058  27857  14458  65389  7462  41681  46257  80526  56447  723  19562  1191  16843  2.5098e+06  0  239871  397818  560014  270598  100027  1683  935  2647  2692  662  1900  24376  32726  3222  6872  10259  598  646  336  1404  11249  258  25725  2662  23359  2731  996  2126  1936  770  356  500  618  1797  955  197  1178  61  603  57815  6257  4663  5390  1492  4724  4185  622930  
458356  1.18895e+06  149353  138904  783300  28548  1.02699e+06  895300  39703  551854  195559  22320  12972  15843  14616  494563  74162  589835  251431  310833  33105  16773  138941  40679  60456  5897  46324  122010  97488  120002  14629  168889  8458  404952  299409  1.53897e+06  0  1.96012e+06  193707  48939  81061  7324  2598  9622  26853  1455  4589  78916  168105  19459  21264  21900  10142  5933  2622  3663  8819  389  22095  3338  23364  3098  1640  3427  4507  1217  378  584  1171  2879  1736  198  2255  68  2305  22429  14703  15177  9502  7683  7269  3500  178576  
24934  141402  13205  37848  112843  5168  138207  209964  9312  225955  72923  8987  4727  4988  6583  207373  10902  196291  87113  134090  11551  2908  30342  6109  22209  3758  25857  47074  47911  41393  2888  15964  623  9227  129684  279190  1.62386e+06  0  62788  41816  102836  1841  454  1617  8589  374  1522  15445  35497  3709  7101  4747  3447  2112  916  1583  4473  260  12221  2546  10526  1723  1041  3861  2242  856  268  363  750  1895  1176  154  1315  22  522  12684  3995  19533  14936  3767  9735  9892  292858  
102067  6534  37080  118544  904  108  35258  3357  489  9124  5392  4553  2088  1809  1616  7079  299  10151  2797  11172  1257  943  3798  2502  9220  547  11301  24586  13718  11775  50  3875  43  662  192353  405132  123346  53423  0  29532  45266  2722  48  359  5668  40  133  682  1035  279  1322  310  1017  639  329  470  723  103  3190  1036  2308  451  427  1828  1078  449  71  195  600  1031  717  45  740  10  147  10992  5326  9813  3566  9042  1439  1662  28286  
28119  5826  1878  43271  2069  527  9649  27417  2525  10006  3651  22990  14389  34441  46000  5099  1039  60606  21009  254733  92053  49237  64758  233931  545793  391678  1.9086e+06  403793  255315  215596  498  44805  222  7957  1.68201e+06  18596  140890  91901  41008  0  2.01345e+06  4100  312  475  9276  178  298  2716  9924  1148  3570  1080  5131  2867  1001  5281  2875  201  40489  7243  57277  17712  34703  13879  43702  3883  5596  6242  2500  5609  2816  189  2590  35  488  98195  5314  11334  8595  3828  63463  12279  182695  
10529  2737  1078  16615  1452  368  5371  10637  893  7152  2809  8348  4362  6291  7325  2900  581  34492  16728  28394  10315  7696  36147  16769  89104  37918  1.6805e+06  411152  85052  40469  143  14204  135  7107  832331  20421  82289  239112  43948  1.20974e+06  0  1660  99  114  3646  62  216  1073  3267  722  2772  376  1439  785  304  847  1431  118  6264  1642  5375  1520  1870  3693  3536  793  396  580  968  1887  1411  39  1300  11  162  23056  2602  13092  10303  1814  12300  11318  237938  
7511  342  3771  28837  322  288  6215  12378  2278  1870  1158  695  396  257  393  713  119  4916  608  4062  1322  2932  549  2938  351  77  477  795  343  541  24  466  20  241  4565  8506  1935  2112  1246  1122  593  0  2.43294e+06  39707  828137  392358  203508  769864  44327  10457  43976  2393  934  516  445  4566  28684  16245  50299  32249  21667  10234  22492  125350  81292  27862  2143  84776  147598  72948  90378  6520  422863  3302  1.3872e+06  356589  301229  656711  182697  83703  75754  35466  132474  
128  399  464  381  424  125  5858  5144  992  891  1564  57  115  122  242  1386  140  3427  304  3530  502  952  260  916  174  45  162  267  258  302  16  288  27  128  3609  1072  727  1879  414  606  554  1.08844e+06  0  4299  1447  555105  88868  411417  16861  4106  19115  2325  70  122  144  2733  17006  5224  30864  12773  20770  4532  7218  37674  20102  17844  2175  9751  45059  58480  34545  1677  53711  488  69226  816727  766274  276170  131194  7714  174921  56643  120988  
5527  5354  61544  83531  3402  55  99575  22834  389  212  118  4908  169  153  145  64  13  150  62  295  39  25  53  34  48  3  80  161  55  61  8  50  1  29  1435  20670  670  416  252  173  86  29376  613  0  151403  66  206  122164  65482  167  324  61  444  380  683  925  154  21  204  78  1074  122  56  181  420  86  46  129  230  263  149  3  144  2  106  2940  77062  1706  748  4356  834  491  1256  
49673  4368  152702  1.6186e+06  2506  113  165070  150192  896  1971  1092  416746  37662  27032  20329  575  81  1802  407  24298  4365  1369  510  1806  1295  339  16046  28472  1107  1963  23  4428  15  1044  7208  71351  28619  2953  9928  3086  5410  880605  888  189036  0  202  656  30501  436252  507  1584  535  1.40018e+06  69902  31848  31272  555  80  1857  461  49594  4432  1899  1774  14374  911  605  1965  10580  4662  3972  29  6428  26  1044  11448  324751  7581  1499  74327  4504  4138  3769  
96  522  425  247  1308  1397  27566  31129  7843  3841  2616  99  600  265  382  1905  290  4914  612  5137  624  849  365  807  239  57  149  287  398  588  75  445  32  266  5780  1691  2024  3073  428  768  526  782609  900918  509  484  0  1.40829e+06  861120  65979  20603  76066  4859  117  500  546  8596  45734  20409  62698  31730  41492  7211  6698  41911  15401  28253  2894  9256  46373  106266  52774  8824  68710  2553  478206  776830  360029  321027  260910  3474  190376  49194  222385  
190  792  574  317  3866  6880  58314  100075  64573  36804  3049  104  647  668  252  1349  532  3782  2645  3331  424  423  376  436  354  48  197  293  625  1006  226  447  18  486  9427  2674  5588  4789  277  615  491  189708  207211  442  388  1.35248e+06  0  898351  274386  668016  1.65472e+06  7695  107  639  637  6905  101001  67469  58561  56106  30859  4570  3233  24839  7984  35755  1951  5080  19452  217090  61227  13204  182396  12402  1.09769e+06  396306  115978  230297  200722  1652  116155  20950  215401  
4542  33724  49921  23244  47073  20854  916142  567947  106310  41092  5715  1972  944  829  748  4855  2218  10028  3765  10379  928  1044  1131  1200  1078  105  511  849  2167  3656  854  1674  98  1540  33588  33979  19325  14209  999  2629  1363  389905  437583  165513  10595  1.74094e+06  1.61584e+06  0  1.49864e+06  1.17298e+06  238193  10133  707  1703  882  8529  76113  13373  95647  57589  64482  8915  7430  46625  17440  56766  3585  10636  43755  180116  42634  4776  45354  795  62559  918133  1.62594e+06  315287  233102  51571  225922  50834  273923  
10733  61320  132600  171120  81643  60092  1.61676e+06  5.13171e+06  757725  380807  111418  90534  98538  98429  45227  16744  6520  40279  28516  149964  27706  9357  5115  7117  5585  1661  4502  5298  9327  15092  3039  7049  290  9185  189442  124610  126217  80184  2923  17705  5884  24404  26099  133710  347274  36276  148114  2.12496e+06  0  1.53719e+06  443920  561455  945202  1.75416e+06  1.05529e+06  520182  38002  5472  134121  51820  1.20872e+06  151003  31645  24264  156710  18327  53536  49470  17798  28329  14758  2245  34045  634  64549  339148  802163  271906  224710  9738  195393  35243  335016  
511  1255  409  415  3532  9235  36599  210037  192357  181029  9770  179  195  331  142  1898  583  10323  12347  4314  342  138  611  185  659  70  382  658  1106  1139  218  769  28  1147  15088  3734  11294  6643  348  801  872  3163  3416  329  383  13671  893166  1.08811e+06  1.61993e+06  0  2.03271e+06  2811  104  189  148  828  32632  11748  65724  162489  18338  2361  813  34218  1498  31246  425  1128  3132  127335  18101  545  14452  223  19159  76780  208019  74174  58272  793  27096  5334  78898  
670  1053  382  1330  1534  3343  11375  216632  102761  352032  47565  624  681  1653  319  8679  514  15309  19277  5802  405  228  757  330  739  82  976  1611  1061  1023  103  966  59  969  17310  3737  11833  11081  950  1201  2034  33021  22421  726  2439  36726  1.76256e+06  178038  923909  1.73235e+06  0  80417  671  986  1426  3059  2.61263e+06  250347  209154  167976  22892  2582  1508  30230  3383  47027  956  5529  11556  254988  62089  19371  470912  154110  974992  224519  642768  429698  356917  7824  144433  38058  267636  
267  446  376  1298  514  428  3459  96925  8728  306432  442166  1587  7487  16871  1564  83672  824  19485  3704  51590  1181  290  266  291  418  142  457  574  458  600  84  1143  112  645  8102  2167  4005  4075  390  889  721  791  266  328  1266  426  1435  4655  512954  2885  178650  0  9766  36739  801116  3973  55474  166  32831  605  490336  9090  914  396  1026  233  334  543  498  642  359  88  853  38  1800  15357  13421  8976  10550  732  6393  2417  19167  
9457  1740  22427  441986  1415  200  59036  425676  1406  1881  5794  953252  247833  164465  131639  1715  264  4758  615  129560  21872  5895  701  7631  2349  2282  11992  16379  940  1736  54  2670  25  915  9587  8480  22096  3820  4394  12825  3833  31315  948  19006  680832  1116  1802  43031  1.24636e+06  781  1403  4826  0  645781  111271  164999  1233  186  5318  653  286617  28876  7373  1170  46553  1079  4528  5308  2287  1496  1043  143  1392  20  1409  11901  41656  7761  4883  54504  17068  4379  7467  
2644  975  6107  51639  1529  1359  34361  490825  10958  3822  21438  63853  571727  216188  80532  2540  524  6393  884  216031  26894  5899  609  5175  1143  919  3231  3678  653  1246  168  1273  47  838  10611  5328  12844  5770  1115  5164  1086  5854  929  5279  64987  3903  11474  45863  1.21948e+06  5827  4247  24173  346640  0  417349  142840  2998  599  8916  1210  355479  40010  6297  1419  30040  1386  4682  4303  1770  2353  1561  470  3540  75  7148  19621  17186  19125  14732  39926  11230  3100  17922  
3302  929  9553  55565  920  750  13689  180241  7034  21990  178975  53389  161635  788956  188136  49873  1544  36823  1807  366013  31286  7113  883  5623  1284  779  3089  3921  1047  1706  172  2997  264  1433  15301  5143  10289  4948  1380  6429  1536  4833  343  7536  60902  684  2314  10363  880865  2543  13490  797497  190288  563421  0  626522  15239  272  29773  1050  1.07296e+06  74019  9643  887  46212  894  3150  3533  1049  1435  912  184  1500  62  2029  11938  15516  4732  4384  27279  14241  2734  13871  
4293  1547  11554  57513  1024  195  14748  71634  1504  2765  28542  47357  47164  144845  457576  16125  1555  63031  4830  226146  22123  8077  1922  8611  2243  939  3206  4435  1845  2860  183  3995  275  2202  23967  7075  11330  6250  1648  12413  2832  7629  823  16425  58546  917  2086  13638  248059  1322  2644  3454  169298  216328  492145  0  3996  438  84281  3735  1.68665e+06  140854  99000  10035  770973  17077  75873  70296  10542  6344  4204  554  4665  137  2034  58303  22931  13096  15501  15236  202587  40397  41436  
262  461  239  550  568  386  5882  23147  5150  37375  18701  229  496  577  183  62482  2124  28037  2025  13067  532  216  694  333  754  132  476  617  857  1116  180  2724  370  953  9615  2442  3458  5658  916  1397  1155  35082  18271  882  1757  25750  112491  65808  59700  78426  2.41717e+06  43451  464  677  1334  3236  0  2.16451e+06  1.07151e+06  195154  18668  1949  1127  19171  2774  28409  906  8409  14486  143769  41642  22876  686950  448898  724040  282810  150433  607018  408440  9684  146347  68775  337664  
187  409  312  464  574  568  10937  23967  5618  9319  10356  210  727  536  344  35631  1513  19157  1063  15732  520  236  557  297  488  137  355  483  538  897  132  1954  292  760  8219  1937  3103  4713  955  1194  895  40653  30062  1146  1616  58660  330034  115863  66133  47618  734229  2434  438  662  706  6220  2.49323e+06  0  900544  2.07119e+06  35769  3970  1819  62074  4387  37163  1736  13303  27059  646499  712116  676441  1.83016e+06  414210  504267  415429  110043  460441  311329  9810  114596  94101  354596  
2280  3159  572  1167  2215  713  9633  24145  5897  24642  35032  522  787  1095  2090  111637  7511  216357  14446  108550  25258  6780  20590  8278  10504  1493  3251  6835  8212  13365  783  18131  1692  7047  88465  11034  22340  19776  6004  25533  7920  25723  13009  1320  1878  12849  27228  71158  89165  183666  217314  13083  647  864  941  15020  954330  819765  0  3.43299e+06  693890  149488  72622  774670  53616  80779  12963  17579  23888  135546  42363  3157  79131  2722  105113  344829  41118  336558  234337  9165  110232  103199  294350  
879  1217  616  800  1007  682  11562  21886  8017  10488  5705  358  603  405  1425  8977  885  44763  6185  37759  7173  1684  6209  2090  3232  534  1158  3655  3144  5315  117  4214  285  2139  23233  2991  9359  10990  5189  9793  3566  24618  19229  1906  1746  27681  167447  180185  78370  384053  258126  1791  472  615  758  15291  63979  1.98168e+06  2.89282e+06  0  340549  42218  12943  1.95912e+06  26969  320272  13817  19053  32640  1.77345e+06  1.44949e+06  518722  252447  3332  100428  283882  44256  302891  192488  8729  88761  96419  256990  
13656  16926  6787  27448  10045  2358  34545  219526  15633  60504  274692  32638  65974  122975  113115  231075  17203  875337  88284  1.51136e+06  200221  57418  79513  51517  48544  10107  19428  33806  35428  62998  2263  66894  4604  32653  314093  42094  116317  72576  10564  165995  35887  11829  3745  7959  24362  3414  7480  39020  617617  9047  27237  436501  143923  213408  512543  1.58804e+06  31774  2646  845835  27513  0  1.96328e+06  658182  57178  719534  34087  89555  106537  19840  38062  19078  3085  24035  1135  10349  325107  35109  72632  89985  7150  275139  74137  269976  
1714  1979  226  664  990  135  2161  5826  634  1661  4694  470  655  763  4108  4416  658  94342  12163  110930  102956  45651  28384  21909  9925  1912  2730  4799  4542  9115  134  7700  456  4310  66678  3038  14031  7632  1209  33713  4013  2423  1168  280  509  614  482  4939  11541  499  1219  593  1694  2167  1215  52931  608  205  221367  3435  1.02982e+06  0  494273  116568  230224  6038  13954  18029  4501  6336  4330  292  6250  82  1837  108498  2279  13317  8224  918  60488  19364  38258  
360  343  67  273  156  23  568  1334  99  373  567  211  143  174  1607  794  103  15088  1450  25298  38930  44994  11968  20348  3323  852  1228  1537  1195  2671  21  1621  67  533  46766  510  2252  1636  715  20321  1052  4707  1511  311  502  399  229  5651  3737  145  388  94  624  454  311  55095  205  87  96395  678  288343  383973  0  112376  465551  5211  17657  22700  4769  4086  4337  86  5222  15  991  85102  1395  11475  2505  1093  70528  15305  14284  
913  1139  830  1234  741  291  8542  12757  2454  3585  1857  563  482  296  1361  3071  361  39240  4438  37052  28883  17565  20104  32897  5865  839  1422  5247  4060  7490  76  4112  159  1695  54190  2819  8580  12331  8081  16151  4484  61877  30153  4718  3817  12705  33808  126024  47695  74290  68920  821  777  788  875  11759  10198  13946  873600  1.63909e+06  232958  241464  318604  0  469831  657364  34371  28603  51100  1.22696e+06  782845  7709  175494  409  30919  376922  23276  235633  62458  13017  88356  120830  199374  
760  452  605  1963  184  42  2001  4465  267  600  1211  1081  564  735  4718  1011  123  12747  1186  27505  28474  69642  8734  142492  3952  1564  2216  4199  2567  5671  30  3034  44  486  58287  923  4481  7115  5784  30674  3030  56547  12115  2302  4643  1378  1538  33708  17937  675  2175  167  5080  3846  4554  786677  661  539  127693  5401  391317  183185  560498  613449  0  1.80943e+06  463117  164649  66098  118450  109365  354  97888  85  8205  130643  6232  56139  8337  9990  322466  74455  43874  
257  225  129  425  145  70  1608  2887  695  1146  584  130  104  63  288  494  84  7877  1271  8203  2824  1830  2317  3431  1457  256  363  1680  1252  1961  15  926  35  386  7364  634  2320  4468  3308  2964  1531  35129  7430  1016  2270  2472  15487  30615  8477  18172  16553  170  392  333  348  41542  1655  1179  41868  62911  23329  9027  20928  739968  1.76386e+06  0  1.77147e+06  1.2102e+06  413184  3.45387e+06  135929  333  99030  112  6861  117554  12139  37290  13946  7701  394873  67739  64070  
28  28  31  87  20  8  134  488  20  100  189  36  13  18  113  121  20  893  78  1511  1219  1601  468  2573  216  67  125  190  114  242  2  143  6  32  4191  80  192  313  196  1813  157  1966  319  75  251  92  486  1159  1916  188  715  28  163  75  200  79244  121  94  6304  2300  11141  7175  13889  39821  354193  1.62024e+06  0  1.04042e+06  185540  63454  7347  21  5091  8  494  13873  682  2064  922  632  366761  39034  47709  
193  54  115  741  40  13  448  1442  190  692  483  222  121  81  183  283  20  1562  134  2019  1112  1277  437  1992  210  65  169  359  197  308  2  147  5  53  4523  342  495  652  604  1954  332  30106  2104  174  4416  725  1202  3120  5592  733  3337  220  898  710  659  25143  2465  2478  13984  5924  15349  7415  10743  22398  59321  828694  707960  0  225177  21390  6128  332  10783  533  51095  68780  7549  31199  14851  11536  400289  274639  42040  
496  134  365  2081  154  101  3160  6613  913  3680  1433  435  362  209  312  540  63  3268  438  2708  975  1849  505  1952  348  77  386  1162  726  954  12  353  10  137  4820  1125  1444  3229  2059  1860  1454  129879  15904  1007  16628  7205  8397  30518  21154  3616  13696  737  1441  1387  997  5816  9638  15737  43187  24740  17560  9061  12320  62231  44320  229910  71569  447380  0  322555  210584  2411  481868  3640  220717  429686  39042  109523  44047  33328  480418  670268  97096  
468  688  310  488  663  546  7354  13153  6106  5721  2176  231  290  260  981  2060  359  23149  3604  24922  5269  2631  4179  3036  2043  365  644  1824  1589  2745  56  2230  168  1282  14333  1615  5224  5374  2233  5436  1895  18862  11349  1265  1362  20960  295984  136946  38136  180258  377704  760  322  396  395  7676  30412  206713  108781  824875  57072  17544  37158  1.16911e+06  88747  3.73585e+06  18549  33809  349222  0  4.30294e+06  124654  190522  647  16332  237298  30429  93581  66153  6939  153715  48871  124610  
287  395  245  404  516  585  7804  13605  6220  4690  4385  192  274  254  690  2558  456  23538  1747  18897  2354  3052  1247  3352  900  199  426  1443  1344  1776  79  1416  85  708  8667  1356  3455  4817  2342  2591  1763  20468  17166  856  1344  36799  421917  108768  38394  105165  432015  884  284  351  393  7187  44332  985700  89730  1.21963e+06  51020  19526  27065  596519  96264  65179  4663  6316  370557  5.49627e+06  0  2.35571e+06  4.31825e+06  1638  27902  211075  27494  78231  53764  6036  149343  36057  94730  
37  82  41  50  101  105  1715  2809  1255  746  1592  32  44  45  106  722  132  6203  252  4518  80  44  76  49  129  27  61  98  125  149  15  286  18  125  1371  298  504  491  136  171  150  2489  4998  124  80  12050  86407  18578  7649  8252  65388  235  22  47  51  1309  10823  858484  10243  772809  10151  1293  463  35899  1110  1830  539  869  4103  544388  2.4594e+06  0  735785  1024  12368  18129  4943  14648  9747  370  5534  3595  12310  
516  793  629  1236  822  696  14216  32138  7714  6397  10096  446  929  563  928  6807  889  36851  2196  27017  2697  4131  1687  4388  1398  274  655  3538  2759  3786  119  2449  164  1008  13309  2609  6308  11502  7011  3096  3893  307320  86108  2287  6793  78907  464425  147296  111166  43719  610362  4554  984  1285  1187  14414  718209  2.11506e+06  259841  431842  108665  30809  30573  257124  120730  84175  8581  24950  424822  472402  4.19667e+06  1.34086e+06  0  778470  1.36848e+06  333160  51179  352888  127651  18802  196813  150460  195084  
22  38  26  48  40  25  862  2002  303  383  1368  30  87  42  77  1486  88  3236  96  2397  84  28  77  32  58  17  22  53  75  112  10  194  20  77  795  171  327  345  138  105  81  6609  4545  71  125  8595  21752  8167  6014  1628  103186  283  29  66  85  1148  379061  380524  23092  16575  14242  1261  234  2080  566  2661  353  2342  4166  13802  8694  11772  541622  0  446364  11269  6166  27308  10622  641  3305  5365  7891  
312  499  630  899  756  861  17862  48808  9361  8675  6553  388  1117  676  558  3752  472  13358  1224  10310  895  878  521  880  400  82  189  397  469  759  99  921  78  449  7058  1838  3611  3512  797  977  563  1.56134e+06  412297  1184  2188  769698  1.99464e+06  160949  190582  40840  1.69448e+06  7801  947  1717  1444  14235  1.50953e+06  761471  194570  157075  66776  11111  6961  62916  20852  38326  4092  57115  87634  167801  100592  77358  1.64472e+06  778998  0  185572  44567  265354  106205  11070  53691  96464  105035  
3235  6119  9406  11684  7627  7343  189084  450435  65071  40342  25967  4540  12555  4179  5699  16304  2554  58572  10363  62053  17702  14734  12483  17458  7951  1803  11165  13967  10635  12225  762  6302  357  3390  276013  41105  33964  76564  17065  42019  39113  294755  183192  35670  38250  179807  192867  1.07348e+06  1.29014e+06  152643  572949  72551  5229  10355  11910  129219  526272  83017  1.01231e+06  290746  690253  132767  104735  384537  199408  279148  58051  212369  770100  973365  494480  3920  345493  2325  81068  0  1.35887e+06  608198  809266  370054  2.92014e+06  1.35617e+06  3.96584e+06  
9077  603  5756  29544  584  212  14596  22291  1939  8618  9290  1032  872  844  1462  7887  777  13338  914  16178  676  475  352  445  429  114  347  667  525  860  94  1223  140  482  7199  14766  2553  3538  2231  1076  876  664481  158422  106003  121157  37475  10688  1.75501e+06  156626  23521  181395  23859  3373  4142  3124  12448  127794  16770  97892  14950  82179  7505  3445  11093  7750  15495  3944  11410  35425  53796  31517  5334  36735  3431  9558  931803  0  110418  120530  509779  191129  54241  172823  
994  1679  4311  6340  1699  986  41962  86329  10951  17397  8314  2225  2327  1443  1148  2949  338  10344  2421  9172  2034  2077  2613  3007  2161  231  831  13563  8986  12153  98  3229  39  508  12945  6133  17927  52183  45470  3334  11445  714403  298531  44921  36054  195435  68840  1.08091e+06  405141  74986  488614  36181  5056  5764  5523  23228  377580  62135  423455  168376  138887  21855  12063  107985  24929  43857  4913  13349  26337  154408  34698  7280  54128  1970  79372  368998  567963  0  2.05937e+06  272084  138554  126704  323415  
187  635  943  962  760  648  14445  33182  5738  5793  2712  325  882  307  348  1574  172  3770  834  3389  589  303  919  426  440  107  409  1237  1031  1224  38  504  16  190  7217  2382  3265  12925  3233  1596  2117  72239  61879  6077  2468  61676  30973  195001  163922  44473  230507  14074  414  1063  1160  10482  181726  18712  148378  58152  47332  5120  1707  17580  4791  16395  1995  6543  10472  57866  9734  1661  13530  531  19703  232331  109492  1.6343e+06  0  14405  317486  113356  607753  
3224  66  1222  16041  58  12  734  2029  120  298  300  4351  1922  1313  1968  197  37  894  125  2274  356  382  132  371  129  24  217  626  174  283  4  191  3  52  1226  3618  1487  1464  4385  336  415  299302  2832  13824  173910  379  686  77188  6111  576  4730  377  24181  22516  14321  9654  2942  731  6572  2851  12902  1442  1972  9413  9129  4059  405  5119  18626  16935  12056  144  11742  90  4044  146563  414691  116876  10929  0  15763  45331  25216  
1228  589  823  3259  396  147  3561  10597  1021  16733  10966  888  509  608  1487  4274  367  21814  2103  27233  12226  8241  5655  15083  3413  1602  4281  3405  2175  3244  48  1850  74  812  80926  3416  5097  10011  3251  45513  5267  25150  6008  1779  10241  3407  3655  31893  38380  5299  39726  4408  3403  2366  3429  183594  29686  2912  64907  15959  124390  51778  63198  59119  230540  271627  533860  867357  528261  291085  100575  369  65029  185  11706  1.60948e+06  74201  87956  171217  40091  0  1.95753e+06  283545  
667  181  403  1925  169  84  1876  4571  446  7525  2347  606  361  230  422  987  70  3700  777  3777  2139  3125  1656  3320  592  225  823  872  469  682  15  473  12  153  16320  2053  1714  6441  1428  6210  1997  13879  3641  997  5908  2062  2349  16757  11662  2175  11555  794  2251  2058  1553  23576  9025  4229  67263  29007  31689  17210  19767  81791  45764  23460  50260  493297  408689  47667  21817  900  37856  559  38757  809903  42639  98700  86193  46376  1.34573e+06  0  235148  
18917  93471  20728  9261  77164  28312  207867  598284  53474  613842  262074  2481  6970  9984  20654  334607  13667  491034  155773  493468  42914  9604  83976  21773  67810  26398  66074  59425  64504  40915  2275  32949  2462  18385  3.02319e+06  939715  295693  2.1143e+06  38161  134243  209858  41017  41785  6120  4949  46397  59852  228032  519173  145026  664047  94484  1218  3088  2505  27255  619366  65383  699401  192398  357495  45596  17011  105149  30711  52093  36081  34783  54307  126675  33655  2959  44753  1248  38697  2.96363e+06  219079  1.02536e+06  2.80272e+06  30512  1.03669e+06  323339  0  
