4453408  
2749107  
690142  
3984866  
4327337  
4460618  
8622112  
14815378  
4617486  
6925172  
3084204  
2417258  
2651138  
3718157  
2873516  
6004412  
7937288  
6490162  
8720099  
8788915  
1499858  
1163948  
4217106  
3963357  
7959503  
2379380  
2179400  
2043579  
8398850  
10188941  
3046596  
9845270  
797131  
7182959  
11672552  
4342121  
6578235  
2304660  
735041  
1591325  
2551172  
86424  
494123  
713036  
1112567  
415279  
475909  
426638  
58688  
88277  
962699  
107227  
1029603  
5619943  
1478621  
5855235  
2315070  
521887  
3992012  
3743843  
4966894  
8961431  
15077565  
4969750  
7989011  
2263985  
2980739  
2236650  
3400455  
2970958  
6208503  
7840519  
6833923  
8773315  
8313150  
1601802  
1053242  
5024120  
3989981  
7693767  
2336497  
1744344  
2098272  
9594794  
11446425  
3183656  
9676676  
1003232  
7325156  
11881013  
3647316  
5347208  
2291067  
783222  
1725913  
2262074  
68300  
522386  
669525  
1023166  
413551  
475899  
503403  
107602  
99087  
977235  
146096  
975672  
5609645  
1652987  
17016733  
