0  1.83845e+06  231389  894432  443707  41151  553700  86425  1195  17994  5013  21469  951  1047  2274  20975  27780  28479  7592  20099  5336  34230  44395  77323  18577  2921  33973  408260  25503  72664  1977  155546  1003  1.18588e+06  153084  251884  291223  29596  63276  40156  115372  21850  4806  12146  70166  4444  1270  10252  21037  1565  1682  732  2424  1275  1081  866  2993  1940  5580  1068  5089  1158  1259  924  5055  994  173  765  1405  2301  1575  333  1869  148  308  7635  27746  2286  1766  6964  2378  1742  72186  
1.01197e+06  0  14001  12507  1.03437e+06  27294  418792  36278  1285  17385  5646  310  115  406  1499  16635  12428  31456  9062  19551  5515  39144  34646  81279  19616  2675  18395  26497  18385  35161  1668  27590  371  78576  391227  651171  343499  69011  32204  61197  75792  2952  54913  12086  10009  56451  4539  89613  106384  2211  2457  677  332  344  314  510  2412  1405  4611  920  4058  1298  1575  1149  6325  998  170  604  670  1586  1069  320  1342  88  358  12312  17168  4559  3069  1362  2427  1822  140736  
53388  16131  0  162502  1955  615  249689  95500  204  1398  538  67  84  122  250  1151  247  3006  743  2252  717  4179  3567  10496  3940  626  4691  13398  5694  10809  124  2107  13  2103  25973  136469  47815  5819  75363  8597  35004  3381  3155  6607  6453  2477  365  6678  9620  277  257  77  68  55  46  84  251  179  635  181  626  174  173  156  669  125  23  90  194  333  267  35  196  10  43  1189  12646  448  259  2994  294  303  12523  
1.08569e+06  10250  209848  0  4895  1755  22588  850881  735  3300  1221  819707  8202  5519  3448  2069  656  5179  1320  7221  1176  5507  5257  13864  6906  1257  25737  101415  8738  49700  262  39907  40  8683  28068  478166  38719  6399  244106  13443  79950  163919  36804  186479  1.78094e+06  16737  2921  85870  343282  1297  1659  760  399777  77087  42015  14620  1053  784  2007  813  10690  546  889  1673  1808  804  258  4529  14531  9757  8469  174  3462  49  379  5770  431216  4878  1683  59515  1881  5259  14552  
355854  1.35977e+06  5780  7591  0  1.07819e+06  1.59804e+06  173284  12853  79843  7105  494  415  863  2049  40471  49498  40001  36735  22705  4201  24274  36535  46582  10783  1714  10718  11908  24999  51038  4915  119335  2173  738570  267137  211226  367309  56708  4207  28275  24556  1022  13527  2798  2888  87457  44657  181216  170153  31479  10997  1165  293  641  524  1027  5009  2302  6963  1234  6364  1219  1362  1762  4042  2018  374  1238  1079  2692  1888  509  2392  198  923  42456  17333  9128  7502  607  6387  3483  129797  
53911  111917  3656  5558  1.2095e+06  0  680510  275964  423268  1.62338e+06  6196  303  565  2794  1284  126661  83768  27946  33612  14089  1365  5435  12620  10406  4676  790  7073  14691  29013  54503  5809  262846  6447  1.29338e+06  82821  57296  284378  35338  1955  7587  9144  539  1556  481  1036  17703  61458  127719  157612  110955  50283  1243  223  1165  869  941  6714  1894  5421  1140  5666  667  696  1517  1160  1860  333  1266  1225  3001  1524  323  2613  207  2646  35994  15967  13956  8675  555  5597  3224  66826  
568715  1.11385e+06  357330  54070  2.63048e+06  741905  0  1.53662e+06  669263  115892  6037  2486  1839  2009  1976  15761  22167  41114  87833  19205  2889  16348  25956  36981  17581  2097  17038  31027  107088  80374  3284  11511  225  21992  351878  431063  176300  48715  57367  45001  73552  5027  75080  23724  20789  267700  132021  606937  584681  98613  20807  1137  1203  2103  1135  2242  5529  1812  7734  1941  9170  1768  2271  4372  3750  4401  792  2867  2409  5756  4331  717  3104  152  2265  109368  55344  27717  19340  2656  14670  8324  186387  
76475  72967  155670  859557  319680  374150  1.859e+06  0  1.80346e+06  631611  463995  953374  1.11962e+06  846985  125338  29708  8550  75375  38020  293861  19511  17948  27141  34548  35509  15798  46883  49979  35925  38164  1185  34432  487  34321  661044  645843  455694  200934  45242  87921  96633  38858  73057  118203  340464  230204  278214  751291  2.12162e+06  517795  398771  14031  79349  90511  41927  22803  58015  5218  21052  8482  55825  5752  4918  11606  5949  10353  2482  8635  9125  17881  10189  1349  11336  546  15179  198433  196915  81558  49735  13646  31210  21174  407432  
734  2076  790  1074  46846  506194  1.0998e+06  1.80502e+06  0  1.56237e+06  1674  115  131  1616  189  4161  3166  46163  114510  9544  299  506  25288  1007  24677  601  2715  3470  91280  18576  769  5419  68  2189  13397  12357  20728  8807  1077  4693  5409  402  927  219  347  6842  56229  88686  169899  121426  102067  962  148  965  1448  651  10062  1037  4033  1916  3972  470  497  2059  483  1631  246  1137  1408  3313  1568  213  2471  116  3997  27458  11710  16010  7962  639  4713  3170  24177  
37752  48857  5761  8761  156286  1.39951e+06  186506  1.0178e+06  1.27039e+06  0  93650  734  491  7885  1283  2.24004e+06  157514  116798  83077  24909  1285  4223  15279  9471  12465  2260  29253  56343  47013  62421  4457  561124  31573  774459  171963  114213  431970  197323  16421  19818  79350  1552  2615  1144  1892  10122  24284  26235  341251  123243  466676  43601  873  1653  12546  2271  109032  7658  12655  5733  14765  984  927  5125  1325  4686  701  3614  4475  7590  2764  456  7389  555  8833  48722  71544  42665  24752  3622  15571  12009  218976  
1986  1070  924  2122  4679  2960  7019  582831  1205  196511  0  4246  11000  827208  3386  221984  12465  34650  864  717625  1504  1584  1812  3672  4145  1372  13733  17683  5480  6746  162  16091  2378  6290  25739  4600  28468  10849  7531  13258  44957  1060  1482  904  1550  3648  7418  8589  130592  20317  271652  162769  1604  3689  26929  10975  213648  51061  44941  2637  70339  2091  863  2333  1120  8225  3578  6860  4126  7864  2373  1304  23827  4455  7159  48543  55420  37079  26729  2227  23214  10682  50145  
42578  5640  5892  761288  6767  1486  19533  830897  834  1847  1322  0  239280  69567  71256  881  343  1998  417  57221  3329  2144  919  5242  8013  7607  27329  24088  1349  6956  51  7217  31  3333  12074  18829  5889  1609  2921  18036  19365  35163  8369  65705  563282  17418  2769  47462  318615  1306  1463  1229  624068  100242  54656  28209  1527  1126  1653  481  22045  1039  817  1006  1438  835  662  3936  12288  7557  5101  141  2447  100  466  6429  33263  3297  1407  13337  2025  3227  7184  
8202  3102  3557  38322  11895  6614  31540  1.53307e+06  3665  5221  9205  357680  0  469837  123732  1760  761  3583  663  209410  12916  5069  834  9089  8461  10024  13307  5351  1473  2465  65  2545  64  1587  23898  13834  10816  3872  1558  23224  6575  6785  2147  10166  51420  7592  10562  32727  291158  17150  5311  5835  120549  384525  124978  19447  5298  3364  4264  843  50272  2939  1561  987  1743  1654  1508  2363  1892  2658  1417  304  2337  323  1253  21950  16463  8045  5951  2032  4950  2351  20652  
5682  1057  1590  28608  4682  5245  9381  748251  3660  24223  1.02518e+06  163401  451180  0  435169  20829  5555  11665  1000  709697  23859  7802  992  12327  6392  7288  10937  5523  2850  3231  120  5904  560  2186  14640  4807  10599  3711  1083  23393  9167  5338  1108  4526  32401  2889  9910  12127  137397  48027  87728  73790  45049  114621  397886  83792  95005  37653  27757  2277  105151  4725  2275  1761  2590  5260  5062  7278  3167  5694  2395  971  16712  3507  5133  31359  16521  15476  10065  1957  14177  5299  24024  
3534  1325  1428  13436  2643  1057  4399  91855  807  2331  4325  44961  50747  476045  0  3527  4476  67063  2609  1.82278e+06  100698  73206  3424  519213  20699  62401  27320  5759  8395  8419  550  12189  414  2366  33077  5209  10773  5094  1058  97537  13436  2598  773  3183  14864  1411  1211  3751  34261  2341  5942  9282  14305  19413  57878  232670  13327  11649  30489  7377  246318  14080  7631  3694  9464  6882  4918  6422  3201  12306  5437  2434  10045  1168  1778  22749  6469  6965  6311  1235  19621  5864  21655  
28971  20102  6661  9030  47071  81790  42203  51163  24842  2.06182e+06  215362  500  387  7714  1781  0  1.92367e+06  665717  69645  65923  1125  2369  9070  5039  9679  1121  19255  74022  68499  72860  5601  888325  347104  794938  235267  45962  571986  297318  6970  20713  43590  517  772  474  1187  1749  2493  4608  22677  5855  48327  32655  335  396  4105  3089  110403  29410  27283  1143  26766  917  440  870  821  3245  924  2438  1919  2920  1289  805  14098  2852  3448  25205  10334  10886  8937  948  9221  5186  299308  
33850  35241  5564  7110  78027  104998  36653  35507  14824  189284  131710  603  568  12677  14079  2.30338e+06  0  1.03085e+06  1.60854e+06  315398  4433  6635  27212  11826  37140  4911  48342  104813  198809  632460  504086  2.74112e+06  560574  590949  190403  29975  358217  68630  6966  203633  97322  808  1465  661  1123  2950  3639  9525  16148  19413  20086  29307  409  535  6819  9361  160190  99288  160697  11152  110476  3517  1647  3630  2452  15710  3096  8342  7247  18829  10168  7821  66656  10042  10020  79420  11310  23851  19939  1537  42301  14487  168841  
16688  18557  8876  10101  40350  31649  42517  88802  84119  233646  49904  394  202  1658  7136  496030  589060  0  3.28048e+06  672794  168363  63993  918384  60570  156213  22474  47484  92367  221451  136891  2824  179891  7123  55781  285796  33680  266855  82016  10456  292096  125026  992  1774  949  1348  3172  3132  10540  18206  19478  16272  7174  268  367  1556  10080  60081  85352  200245  29493  111983  18774  16205  26059  23440  37770  6805  12395  11186  44728  20587  12030  63438  5090  7857  149388  11040  26753  20219  1848  116263  21671  225755  
12119  29630  8667  8823  84780  68123  212147  100384  254497  155252  2923  237  130  713  6810  42223  1.86732e+06  2.97067e+06  0  70563  5270  8350  1.46515e+06  20607  367568  30746  50970  77651  1.28754e+06  2.12642e+06  797598  341183  3548  48868  137154  32151  233430  66803  10433  232555  127325  553  1164  574  1023  3035  4180  11518  20656  10969  10951  897  123  205  441  2957  7746  16151  53890  11275  35429  5361  3499  6799  4641  8092  1368  3164  3748  15858  7479  3786  13387  731  1873  36825  5265  10796  7138  943  23665  9007  115914  
8045  8336  6505  19831  15026  6659  20654  337727  5455  20799  684767  69621  111714  465740  2.08261e+06  65750  36540  1.25371e+06  21085  0  1.56516e+06  926332  39761  998968  123753  164932  130807  46618  108971  83577  3227  90061  3276  13728  281459  26674  89393  36352  8332  608628  105262  4993  5592  6937  18356  8910  8192  25474  103982  36584  43955  42696  14140  27008  38716  144440  132848  169525  507928  101150  1.46548e+06  193512  118951  68485  89824  88233  19846  33737  32930  151077  65085  33515  136759  10776  19107  338173  36213  75012  65539  5116  266564  64708  187000  
681  1627  997  1068  2079  212  1418  5897  144  503  296  394  460  1433  40585  295  957  281584  1524  797379  0  737894  76913  203191  19154  13856  12213  4551  11000  6822  137  6640  106  942  62289  2777  11478  3529  733  98619  11624  168  227  140  236  327  196  769  1921  488  923  835  83  121  277  1813  1766  1743  26322  4575  28208  134600  56742  11921  17139  10571  2096  1651  1206  6076  1912  508  2742  109  431  42817  1110  2951  2147  224  35650  3282  10321  
1704  4083  2698  2847  4651  297  3505  6647  94  469  157  204  164  485  24410  244  310  90900  1003  234590  548965  0  143630  752242  34210  15253  10483  8698  8980  11182  85  6677  29  733  33614  5548  23761  3569  1230  54814  17191  365  529  400  353  621  183  1509  2406  249  424  218  58  73  113  959  794  721  11475  1283  13296  109038  84303  27398  72535  10065  1315  1547  2379  7858  3743  195  2331  48  256  19815  1546  4763  844  324  15465  4770  11966  
7834  19033  8869  8327  32009  5412  62224  50480  56841  13045  678  160  92  274  2305  2667  7003  836139  1.33052e+06  24974  80050  162774  0  661528  824418  52807  39496  40764  1.25522e+06  632704  6099  122397  662  14681  122791  18519  128044  30604  3973  118301  65665  266  487  309  762  969  1153  3793  5590  2017  2257  384  76  67  138  1555  2406  2564  23063  3723  19292  8381  9759  14492  15956  13322  2534  1743  1066  4196  1522  419  2658  174  415  63434  1750  3048  1621  395  50434  3189  49694  
8101  16521  15387  15783  16322  1195  16745  31501  782  2464  651  1070  685  1764  400744  1235  932  158680  9670  602442  305217  1.1951e+06  587679  0  1.90087e+06  380226  90124  75226  84348  82076  244  30345  101  3462  102227  35041  111910  13198  8678  300785  119113  505  770  656  1605  937  319  2255  4641  707  1130  534  218  176  271  1561  2108  1865  12232  2372  16205  44637  56990  53262  168913  10843  2047  1802  1715  5778  2489  312  2383  107  302  36500  2108  4996  1415  677  27386  4903  52136  
4277  6976  6921  8189  8419  2192  27404  41623  27912  7101  1316  3274  1473  4670  33288  2206  2883  141525  98843  65813  48032  116391  1.25722e+06  1.83006e+06  0  1.78425e+06  1.41023e+06  134560  3.23622e+06  93974  461  25507  172  3867  150693  34979  68480  29547  7794  823660  355862  741  547  693  2151  875  731  2636  6878  1418  1857  840  540  475  463  1440  2798  2710  19226  5126  17504  6316  4843  6991  13908  7388  987  1318  1417  5848  2142  676  3127  181  530  24819  2610  4866  2841  772  13661  4698  61582  
753  1114  1274  1668  1076  275  2309  9293  1199  778  245  1686  763  2289  42436  405  469  30352  11861  33975  14818  22422  152997  279514  1.75114e+06  0  497367  33000  52370  18644  93  6229  39  832  20480  6232  13173  5077  2287  426650  54167  160  78  212  693  115  85  363  1828  202  342  207  263  214  165  260  525  419  2461  567  2221  997  810  858  1644  696  145  186  218  775  336  98  417  36  74  3631  516  935  330  157  2184  923  13579  
10911  2547  5216  12281  2181  919  6539  27213  1320  4101  2310  4688  1621  6235  44419  4136  1752  33036  6075  48849  13628  20478  35426  52500  1.34781e+06  730134  0  266668  90057  41623  219  9977  134  2885  213350  42960  76939  79191  9965  880871  693820  4229  317  934  7955  415  389  1453  5701  1065  1682  1123  1555  1051  922  1000  3360  2658  7829  1796  6662  1140  985  1348  2332  1801  435  1015  1349  2960  1694  539  2371  199  333  9430  4047  3209  1445  2512  5787  3672  56977  
321809  13084  36577  80852  8371  3666  23907  39657  1965  15311  6958  5564  618  1162  3399  20861  5170  39951  10306  32908  8503  41243  47087  101174  145290  18237  588518  0  241317  478357  1241  458531  383  33623  100946  90845  287286  51636  25384  174653  527616  22111  521  3067  37803  749  687  2310  6320  1583  2717  1056  2895  1730  1273  1207  4434  2981  9657  2371  8725  1784  1759  1941  6200  1886  344  1410  2971  4910  3427  626  3271  212  475  8845  14953  6415  1831  8326  4406  6538  51763  
8980  12886  12298  13768  43941  40295  243639  67988  169546  55081  2774  411  201  806  11203  12410  25276  237130  582524  93829  22865  64172  1.39214e+06  163370  3.26324e+06  55937  376657  810931  0  4.27142e+06  23886  68913  392  10388  150754  45176  142035  75111  13665  423399  226417  970  1183  672  1757  2947  4196  11773  16594  7448  5956  683  137  197  296  3471  4213  6750  45162  15396  50251  9989  6485  12079  12969  9357  1374  3051  3990  18847  7064  2529  10010  385  1862  36445  5686  12660  8521  1156  18651  11972  99375  
32006  65898  32526  39897  194628  170038  319993  85908  80697  88630  36598  620  363  2910  22057  37885  520905  302419  1.02712e+06  261830  30153  91050  598969  180118  206663  27702  176947  738503  3.57362e+06  0  1.25735e+06  3.72407e+06  6015  42170  226091  74850  304231  137521  15113  289868  250480  1428  2324  1430  3542  8284  7464  23504  30252  18653  9446  4222  239  398  1290  5578  30697  44973  112182  16187  81571  6530  4781  6666  13452  12888  1987  5676  6107  22770  11809  7085  35581  3288  4829  60263  10016  19426  14796  1570  35343  15133  217883  
8204  28094  2081  2381  79280  79713  98987  19261  15560  27373  3728  73  66  444  4084  8114  985198  43048  840125  44027  2163  2431  26515  4207  9271  2037  10569  13744  135735  1.8675e+06  0  1.23365e+06  681  7337  35436  13524  49751  24821  1652  50929  20817  182  796  251  323  3643  2896  9734  10604  4845  2388  557  42  92  210  974  4367  8741  21951  3359  14175  740  414  902  677  2399  317  1076  1228  4403  2516  1621  6380  458  804  11493  2192  3468  2765  253  7329  2398  36419  
207934  75817  36560  84229  163388  378193  50539  96859  16690  578520  185164  2885  896  13080  51389  744566  1.84284e+06  533493  209867  676351  41376  101652  296346  198087  115246  29599  82126  864949  126773  4.59392e+06  418128  0  897671  1.52677e+06  247504  71883  1.02703e+06  126155  12401  197280  235309  5775  2602  3080  15125  5739  5499  17087  29990  30095  19351  20221  1041  1051  5732  12384  123622  122437  255412  23276  182702  8605  6062  8740  15333  23971  4239  11910  11455  34450  19440  13477  92795  11810  12506  121927  18988  35397  29825  2916  64829  23121  260089  
6005  4172  436  724  7253  2565  1090  2212  414  13552  17310  41  36  1611  843  190019  296000  23249  2459  25984  338  352  995  600  748  200  1574  12201  1063  5494  1277  545223  0  364451  8268  1353  88492  4968  318  1898  3273  46  87  45  101  128  205  375  831  648  1483  2287  29  35  647  485  11359  5343  6108  252  5858  170  65  136  105  466  132  322  278  503  229  190  2906  607  556  4167  632  1181  940  80  1268  619  10294  
1.12436e+06  435159  23815  27480  1.34235e+06  2.05267e+06  93650  239871  7136  1.09342e+06  60901  1291  955  6028  5829  1.65903e+06  1.07676e+06  191061  35956  107380  4471  14143  34930  27761  12489  2356  20341  117991  47286  171117  18685  1.8796e+06  738982  0  112233  62416  1.43332e+06  56006  3951  21529  31595  1187  2649  1241  3982  8826  13643  37389  50084  19657  13932  9838  484  644  2363  2272  39775  17100  26004  1920  23854  1243  891  1294  2422  2704  686  1722  1524  3475  1849  1097  10792  1815  2271  26229  8484  8088  6453  702  7754  3486  88933  
51039  273700  152327  106592  247030  66271  440519  2.05576e+06  21101  702275  130693  4586  4023  11814  34298  486488  49029  933527  113084  519939  45921  107049  199943  198356  359531  61621  785027  379087  188627  241223  2756  160114  7164  55340  0  2.56475e+06  874616  921966  114107  2.46314e+06  1.82534e+06  4846  17904  6702  13613  35889  26818  94689  189892  54957  51933  11258  1838  2291  3782  9505  44257  21125  83860  12759  68124  10904  11295  21518  24712  25381  7067  12644  9417  18668  8640  3214  18642  1670  4907  464373  46787  48831  40669  7816  95019  43804  5.04106e+06  
57392  211681  458597  365495  56621  10467  336401  549539  2861  76366  22917  1178  690  1458  2601  51121  6823  73740  8306  50095  4655  17487  23028  39046  51898  6613  121796  122752  41815  54526  518  17952  548  7871  1.48142e+06  0  640970  403367  704924  213396  377322  8660  5075  7568  19136  7428  3561  17303  34909  5575  6869  1504  386  394  558  777  4907  2018  6873  1359  6320  972  876  1301  2664  1295  282  1019  1260  2341  1325  348  1930  180  514  26561  31342  6390  6822  9101  4162  4195  588970  
111699  284138  145615  135025  577680  66396  336768  1.06831e+06  12086  442085  129934  4102  2474  10601  14560  375157  53830  281937  62164  207152  16296  66999  90134  128410  56701  9615  93630  263204  119937  155977  9158  221515  10032  198312  557727  1.35572e+06  0  1.90516e+06  422274  100243  335657  4514  9115  5760  13537  16007  12205  41634  108115  26851  60843  15463  1210  1401  4704  3606  51600  14211  30131  4967  29603  3459  3347  4356  11018  4766  1128  2936  3288  8112  4601  1564  10121  1255  2922  42003  27631  27125  13415  6719  12938  15128  446545  
12303  65179  32417  22449  124838  14690  72083  318683  4428  213217  35699  758  592  2395  5603  167967  15865  88923  35077  79723  2909  4730  22588  8363  17459  2801  24237  17717  89730  71887  5224  21732  695  12113  266790  501782  1.71079e+06  0  72512  33851  210844  977  2302  1182  2225  3798  2401  8533  24622  5050  14852  4096  280  297  1078  1150  14219  4471  10298  1774  9607  858  766  1869  1393  1613  370  1093  1350  2898  1722  509  3457  438  837  17678  8679  14854  11399  2857  5669  8701  482174  
21740  11659  98737  100751  1690  725  27163  35770  498  7988  2784  325  134  273  891  6917  1091  10072  2188  8396  1781  6731  8208  16040  13694  3594  44234  67190  15911  23487  294  5902  86  944  29637  453159  345963  54809  0  25464  173494  2862  294  1757  4571  337  169  942  2083  300  1043  286  156  97  112  187  1166  673  2137  583  1969  351  363  706  1074  454  85  391  668  1083  722  132  715  46  104  2252  9240  6219  667  5730  1045  3322  16763  
5196  5817  6822  9279  4736  1965  13999  47054  2522  7645  6269  5401  2249  19190  76805  6742  5005  103837  12018  149521  56889  77056  55847  157862  746922  476803  2.10492e+06  289732  154999  124083  527  28507  281  4453  2.04362e+06  123912  108548  88758  29991  0  1.82352e+06  2012  1383  1662  4392  1652  1347  4691  13034  4497  7693  6468  1788  1419  3097  7472  25605  22190  58030  11793  46765  7561  11670  14677  23985  25822  6194  8946  7652  19907  9194  4022  17125  1471  2510  95180  10380  22370  9510  6863  103486  27711  116897  
6995  7869  10832  11347  5338  2095  15056  42104  1827  12848  7450  921  394  1411  8909  12548  5085  64546  13849  52313  12136  38769  67811  73899  270343  42200  1.49283e+06  304368  59951  87973  497  29298  252  5987  960054  164434  289114  333248  49564  1.28476e+06  0  1494  765  692  2297  1030  753  2773  6250  2096  3418  1051  522  329  394  1204  5227  5138  15436  3160  11890  1908  2390  3804  6286  4440  974  2481  3238  6113  3550  962  4714  324  678  26895  5406  13299  3598  3699  14797  15912  215922  
5052  1687  5284  32173  2206  1299  5462  11270  1144  5455  1578  2894  510  715  566  2364  1331  5570  749  5686  863  4499  703  2083  1007  178  4289  7775  1456  2961  158  3482  80  734  11636  15652  5010  3142  16539  3482  8386  0  1.77714e+06  38070  720893  424768  210752  556590  80288  9174  32392  3191  23964  11394  6570  6700  17554  10804  30552  17301  23791  7551  26918  62994  28798  19708  2731  80041  56564  49910  115825  4720  273552  2358  1.20296e+06  279901  301263  313509  65709  112705  37719  29816  136830  
1980  34959  7438  20047  14485  1497  37669  46473  797  3002  937  361  119  222  371  1620  739  3232  531  3495  512  2435  492  1052  431  114  872  858  773  1071  75  1305  63  316  14875  10709  3818  2571  1738  2137  2952  878429  0  4077  4285  645369  125589  358838  31426  7355  16371  2180  172  258  201  7236  9738  4843  22698  8393  23028  5526  14506  32441  12452  28445  3270  19020  13291  26577  31055  2109  44225  461  30225  447869  489771  173921  57540  12858  77903  36936  163430  
1966  3751  16334  58499  838  190  5178  17704  109  386  84  1631  58  70  69  137  78  396  74  418  56  290  125  345  158  40  548  960  246  518  10  338  2  87  1183  20883  1005  293  5656  488  1874  26234  2267  0  208675  901  1316  130254  88955  565  1312  110  158  265  243  404  471  334  1130  584  1100  287  1138  2371  1860  853  110  1629  3622  3990  5293  77  1275  15  397  7000  151502  10091  2015  25291  1522  5730  3927  
105056  17395  72401  1.68494e+06  5785  1127  29833  307801  586  2163  615  381764  4767  3011  2048  1263  434  2203  561  3745  454  1956  1800  4610  4877  558  34637  54920  3138  18744  96  16507  32  6194  11848  196602  12558  2544  55664  5411  42432  760634  7192  172245  0  4978  2402  19867  752820  1013  2704  546  955029  33844  19559  7906  1278  577  1710  753  6912  425  958  1993  1652  988  267  7183  16712  10388  8740  140  3292  41  629  6065  407640  7354  1539  72217  2223  14218  7640  
2056  33267  3954  8288  85538  12187  173673  98376  4821  7549  1612  645  345  437  463  2967  1528  4724  1868  4518  579  2621  1153  1679  862  151  1500  1226  1648  2354  149  1832  82  1168  51533  16649  14482  5976  1039  4039  4522  411788  1.06076e+06  3122  2009  0  1.01375e+06  844215  95823  13796  29120  3323  234  673  451  8451  16534  6212  29197  11569  28381  6488  12782  35403  8372  25452  3623  15484  11409  24027  28162  3328  24211  1189  173849  468248  386173  178665  98662  3070  82724  36129  211411  
823  3871  760  1439  46274  83228  132651  129695  52903  46850  3276  217  590  2298  429  4713  1840  4843  2539  4681  361  1262  1028  941  765  142  1468  1738  2758  2275  145  3722  109  3349  36796  8225  19321  7131  605  3335  3304  67691  88723  7269  1776  1.04412e+06  0  711586  284575  619525  1.34109e+06  5389  265  3018  1510  5668  56217  18736  28173  8358  22646  4080  5934  19947  4442  15590  2108  8523  13203  100900  87944  12911  118637  6794  888366  201678  394229  158126  77406  6268  38733  18876  126782  
6217  94181  16127  43174  244221  120020  588651  357397  66202  26485  2478  1814  1344  1233  896  5186  3459  10261  6006  8094  929  3749  2953  4088  2406  417  4356  3906  4734  5912  381  4658  135  6212  141965  55294  48901  15026  4249  10277  11898  368204  557913  179971  15056  1.76678e+06  1.18278e+06  0  1.6617e+06  940055  61664  3708  615  2374  1765  5159  19749  5092  21866  8219  23580  4369  12195  29337  12642  17792  1920  9289  9797  47322  31632  1763  11516  374  13723  255574  399861  196130  73424  28396  43845  21807  185733  
33663  129608  59044  428995  325458  349738  879870  2.12724e+06  292291  489899  76989  214184  84789  78192  35684  26192  7654  31258  16716  67676  3957  7286  9123  11339  10142  4388  21256  24572  16927  18912  778  20158  472  20933  321421  162305  155692  50906  16767  33751  43189  27542  43615  106742  875362  213862  276334  1.72499e+06  0  1.67194e+06  580889  492227  1.19554e+06  1.36202e+06  888686  263870  38512  8672  60838  19038  409423  16365  13075  30944  18471  28038  20737  35253  24231  32306  26948  2514  27779  1123  41606  400347  790273  460436  274066  47130  93305  55613  404591  
1274  2371  753  1163  29160  157530  100128  341894  136341  165537  4302  132  819  12468  586  4235  1932  6701  5637  5583  318  796  1919  1240  1700  239  2679  4088  6223  3947  189  7240  125  6468  47538  8469  41901  13096  682  4413  5193  1927  5010  1845  642  12376  814783  1.03744e+06  1.76211e+06  0  1.8138e+06  2177  209  1767  1024  1332  39354  7442  29561  44274  11065  976  1362  30849  1362  53680  498  2759  4126  178828  19553  614  8810  394  7645  34949  281714  66001  27279  4425  10862  7668  56597  
1483  2549  878  1793  12721  35611  23220  318730  49029  400790  92067  378  439  11069  571  42225  7623  13727  5332  9993  526  1346  2406  2001  2644  504  4984  6415  5024  4202  180  7327  426  3673  41234  8040  32223  16345  3034  9123  13301  29117  30224  4946  2744  66513  1.39483e+06  179337  945869  1.6992e+06  0  85716  1476  2535  3390  4559  2.14736e+06  94383  85522  34265  25334  2622  3070  25542  3142  36435  1859  17027  32199  161656  78589  7808  461255  152363  795595  153252  1.10243e+06  307487  178146  28654  74392  62080  169912  
989  927  491  1933  2452  3136  4165  35725  3623  305444  166977  2064  2294  29366  2111  90680  14395  12251  1217  21237  659  619  593  921  1117  402  2290  3211  1441  2106  105  8342  964  2627  24075  3669  15662  10791  516  9089  3880  739  477  627  2566  1723  2448  3233  439607  1768  190243  0  7977  22519  732970  4889  155081  7372  19470  388  457014  2281  662  597  737  1491  587  2053  2135  1762  853  335  7145  1503  2419  16014  18566  9812  7461  2372  5367  5943  29869  
31591  6618  12767  574030  12027  2390  35713  244024  1462  3034  1240  747649  88136  26454  19015  1523  601  2403  519  20205  1054  1084  760  2255  6558  1829  47679  44680  1238  5036  81  8810  42  5210  18274  22118  9009  2174  3225  6209  23038  37639  2506  13363  968681  5682  1954  12676  1.36729e+06  1018  1343  3619  0  449264  145482  94229  1279  974  1771  539  63242  1800  1015  1206  3528  2413  4024  9699  18269  9820  5626  168  2981  79  535  5368  21751  3852  1353  21153  4656  6480  9414  
6948  3774  3126  42540  16511  26697  61787  212409  21272  14177  3700  50217  256619  118073  22149  2430  964  3966  1000  51012  2510  1365  673  1853  2441  1448  10264  9678  1565  2563  91  3783  70  2685  31034  10487  14310  4594  1203  6074  7014  12290  1425  4174  113338  8438  10471  12401  1.23832e+06  8420  4635  18285  339989  0  521069  156076  2896  1864  3743  924  179698  6700  2307  1602  5286  6062  11507  13605  7177  5184  3142  366  2486  178  1218  22892  18396  17224  12869  10803  12204  5145  27042  
9486  2095  4429  49279  5032  12159  12151  165410  16011  172024  81095  34624  39092  405301  53531  52840  11724  15362  2619  89683  3725  1912  1364  2690  2330  1208  6773  9498  2956  5345  265  11045  1154  3543  24787  10472  17411  7938  1705  9156  9229  12562  859  2230  63500  3852  5238  6896  768820  5980  10609  888493  178188  619791  0  574597  17947  10250  10470  1272  647840  10975  3265  1118  5182  3529  4254  6551  5953  5988  3446  879  6811  1133  1851  14457  16054  9835  6460  9589  9648  5184  23585  
5554  2378  4692  38356  2766  2510  6499  38773  2391  8326  10290  19705  8244  61358  279019  12246  6467  38353  5026  182927  8714  5619  3520  5503  4823  1850  4938  5941  11764  10190  608  13414  501  1918  28026  9432  11452  5484  1712  22864  10851  3515  1286  2277  25916  2989  2368  4580  139249  1352  2343  3465  55676  84300  315516  0  5170  13315  48096  7718  1.69999e+06  120138  117387  11797  625579  100961  302077  161500  12109  23848  11421  10970  28580  1303  7388  58398  19735  23956  33166  5050  160939  26217  45634  
1001  977  450  975  3349  1902  4675  35090  2671  112309  64418  262  225  5378  910  137115  32816  33384  1639  29213  853  1342  1261  1836  2367  595  4068  5421  3154  5641  410  21759  2584  5233  34637  3497  16053  9007  1635  21260  8407  6966  8145  2873  1623  17460  63732  22012  87407  86771  2.08611e+06  72508  800  1022  4018  6316  0  1.78411e+06  857622  40847  42066  3286  2000  13878  2309  28599  2538  16356  43355  62024  31467  10566  549022  417331  619234  194506  261266  379669  252597  12529  87697  63492  219990  
2476  3624  1489  2142  6944  2860  6441  16773  3834  42420  75407  482  536  10352  5368  236737  93606  164977  13267  141897  2761  4120  4358  5283  6817  1695  12156  17304  16994  41588  4437  104581  6503  14486  112259  9853  46783  20809  2980  72561  30247  5243  6786  2893  1645  19279  77193  19966  32011  47010  212070  54745  1011  1460  10344  44976  2.37544e+06  0  924675  1.78438e+06  224989  13714  5934  29687  7351  69964  12830  30959  46366  249329  552288  658108  1.88456e+06  498518  239185  138625  86680  128523  72037  10114  222272  59753  129817  
2327  4996  2434  3009  8476  2416  7617  19657  3607  11446  14516  274  225  1813  7925  35062  35859  212254  30438  134394  32935  33343  26605  16258  23180  3507  16375  20423  59925  60795  4238  74945  1947  7807  158808  11660  52230  23065  4760  134023  46181  4859  9069  4514  1932  18880  15294  26893  60040  64214  86516  12841  677  1208  2033  28809  1.0501e+06  1.01396e+06  0  3.19942e+06  1.2459e+06  178795  47503  812439  95437  326387  26166  35279  57835  392460  116445  17496  155954  6660  32321  180914  31794  159725  47750  8149  177741  101680  146686  
1288  2846  1337  2007  5774  2630  7423  15614  2770  6619  2289  273  231  736  8462  3520  12885  108701  16312  89067  9900  11185  9828  7759  10764  1945  8555  10321  31484  30251  2202  35074  665  3593  73394  6997  30114  14048  4526  56109  27280  8056  17674  7544  2810  41774  24497  61149  72426  206323  56306  2064  820  1783  1323  42009  128994  2.46926e+06  2.49364e+06  0  474665  51409  27039  1.7103e+06  44648  560129  27058  48876  97038  1.78496e+06  1.3717e+06  928111  259039  895  35242  150130  37712  247500  50361  9075  205732  140467  135177  
7267  11618  7109  20687  20696  11481  22689  91460  13294  71674  75735  12182  8418  33225  177646  129773  91519  495327  64316  1.27405e+06  85208  60712  64115  44104  63757  11811  40184  44751  134733  114772  8241  167029  5875  20291  327038  29651  121254  54278  8047  273732  99432  5761  6448  5209  15634  12069  10228  23840  342637  13559  22054  308674  37807  61347  416335  1.89739e+06  36739  71825  1.27687e+06  160714  0  1.83997e+06  963063  100997  897619  183814  209654  155101  51239  259893  87602  32554  132957  6541  25334  280572  37889  102983  85131  9080  401244  102225  219465  
317  720  447  510  1139  227  897  2694  300  954  483  102  127  523  5625  773  929  53605  5245  89670  59027  70740  16235  22758  8848  1649  3226  2502  12416  5007  153  4635  77  677  44175  1681  7071  3128  577  59470  6485  534  1131  572  260  1734  511  2831  6273  487  827  381  116  183  326  34800  894  1942  297252  10217  990086  0  507112  138370  231539  30521  17030  13121  6172  31017  9718  1594  13409  298  2611  64954  3664  15978  8232  725  52532  15085  20612  
172  323  187  249  471  96  437  1202  138  437  192  56  47  219  2129  284  338  21951  2152  26372  19265  50314  8385  12392  4128  702  1319  1050  5131  1902  68  1830  20  286  23821  731  2894  1319  301  36082  2726  589  1184  697  205  1499  346  2774  4304  273  509  115  72  113  156  42967  448  734  72699  4819  430568  493517  0  198646  590324  63853  27910  14581  7085  25626  9745  752  7672  114  1207  42692  3407  12568  3802  740  53857  13321  12614  
402  1056  583  945  2278  1409  3846  6842  1224  2581  720  96  90  448  2751  1006  1324  61235  6216  28702  28807  86105  19818  33195  10714  1792  3664  2908  12847  5906  187  5675  80  861  65883  2363  9153  4532  1929  44268  8995  4020  15928  4212  1387  31827  15794  55844  56674  83586  19956  880  294  882  449  29709  22124  14770  971670  1.54828e+06  217337  188562  491633  0  418116  1.26176e+06  47860  45334  56214  1.5054e+06  1.01149e+06  7761  143596  243  14102  225191  29497  197787  24980  4601  112405  125929  124064  
392  870  539  966  1098  250  1092  2941  242  1452  844  283  214  818  6390  911  598  35868  2577  42074  26823  74057  16084  114977  6804  1616  2787  2249  7379  3587  78  2773  33  363  69988  1533  5994  2065  986  89719  5705  1606  2292  1816  805  2739  910  5936  10054  982  1660  292  537  623  1247  617588  1282  1756  164638  19139  771641  333654  786382  524337  0  1.89373e+06  491121  111435  40133  127089  33404  1993  17410  177  2857  137690  9260  26656  10402  2563  344802  42960  30829  
381  721  444  1102  1356  1028  1842  5162  847  2703  1622  319  165  632  3325  2282  2889  30155  3855  26859  8769  16780  7192  11631  6117  1453  3281  2810  8998  6717  408  7935  163  955  56441  2142  8076  4037  1537  40779  8252  2353  3763  2348  1218  4569  8675  21347  20073  41432  10347  593  1077  1205  1978  110498  11185  8064  166253  154979  104793  64586  150114  1.07758e+06  1.77591e+06  0  1.56049e+06  1.11109e+06  198390  3.08085e+06  63286  1939  20476  215  2584  304922  38383  41055  15309  8112  880787  215022  57999  
144  163  192  1113  316  619  877  2978  596  807  430  532  194  275  691  700  347  4304  496  6067  1594  2119  1108  1460  697  177  456  410  1222  790  46  921  30  178  7033  521  1370  632  334  6135  1338  401  343  379  947  556  533  1391  11631  801  868  132  1806  1665  3020  251642  666  1193  20717  5977  111413  39612  43222  44315  357199  1.41501e+06  0  550371  35399  95389  10575  1033  6320  133  1328  33713  4642  7127  5949  1339  387078  27817  12597  
794  439  459  2733  913  1982  2528  8534  1852  5446  3632  1112  515  1371  1251  4191  2124  9133  1119  11367  1529  2692  1266  1899  1258  407  1931  2258  2271  2704  189  3880  126  651  14837  1636  3731  1888  1471  9638  3628  11237  2608  3291  6250  3183  2318  6663  31966  2051  6029  1063  4359  4110  5538  240482  5925  4860  27258  7997  115360  31800  25516  23982  81140  1.22979e+06  828746  0  281803  49247  7286  2561  15336  555  13533  204684  40804  46872  19480  18280  996017  489603  44716  
3233  339  1132  7079  853  782  2073  5700  810  6432  2590  720  254  662  543  4241  1977  5754  694  5784  733  2917  616  1761  988  219  3564  7177  1439  2657  149  3739  134  666  6358  3215  3918  1620  5632  4366  7595  63395  15993  31093  26787  14626  11231  38391  37107  5858  20714  4073  5110  4681  3309  10082  25681  14620  41275  18062  33238  8258  16760  44943  21684  91994  7689  330398  0  385254  237193  2705  441827  2130  74135  96967  73875  198776  18752  48528  85443  290938  35805  
907  1894  901  1371  4434  4787  7071  15798  4481  6836  2196  213  195  740  8925  3203  9918  69791  9801  69213  6368  19199  4844  8118  6595  1707  6037  6624  18903  18816  1427  24933  476  2884  43598  4744  20442  9565  2491  32033  17595  4353  7622  4763  1693  19109  134684  122894  37260  231601  122022  1204  604  1094  992  36379  41861  76236  305648  588194  171796  40301  106834  1.51807e+06  122646  3.27761e+06  32163  71108  261650  0  3.53838e+06  10862  55184  514  4838  155348  36430  74398  22137  6000  259983  106592  72616  
852  1943  801  1399  7622  8346  17713  23043  6898  9018  6046  219  216  981  2797  8083  17734  60011  6966  52041  3527  15806  2615  5632  2984  730  4385  5947  9151  17977  1898  33557  797  3273  41737  4766  18185  8344  2671  25555  13940  11967  21153  11083  3452  70838  407487  140992  73225  121993  214023  2256  631  1452  1433  47798  42934  529996  233577  637856  168312  43921  92218  632408  81271  123807  22707  34233  250572  3.1973e+06  0  1.93887e+06  3.40108e+06  1972  21038  116618  53302  94180  18391  7077  156379  69288  71068  
384  822  364  607  2164  1688  3624  6159  1477  2514  2234  138  98  362  1542  3303  8150  30938  3832  28570  716  1138  955  1080  1285  335  2092  2982  4980  9789  966  16393  360  1467  19094  2035  8615  3965  880  13471  6575  1829  3492  1758  652  12370  93448  19977  14628  16831  67762  783  326  606  749  26666  13343  617299  70509  837123  76055  9660  4861  49843  5649  32499  11753  16291  20286  160969  2.64998e+06  0  833726  860  7426  28444  12969  19501  6007  1889  84351  20406  21197  
2180  3183  1462  3042  8890  5554  15588  30697  6052  28939  49191  522  549  6678  4529  116881  65187  133776  8885  115937  5040  16993  4418  6949  5916  1468  9517  13763  12458  30275  3111  80352  4063  10467  90503  9005  35300  16038  3502  51675  24124  172412  76710  16955  8753  98971  301642  80891  118383  34950  463343  32150  1334  2520  6923  106676  501519  1.81236e+06  459982  229910  425363  86873  95551  325126  72095  102413  47734  68136  608563  140894  3.75295e+06  1.20921e+06  0  911451  1.01831e+06  182814  125730  352656  76176  12804  159498  93331  126999  
143  164  52  127  430  245  657  1520  348  5387  7844  53  62  1218  360  21736  6184  7460  282  8023  201  212  170  256  330  93  559  818  563  1244  83  4676  443  951  5211  499  2345  988  123  3132  1196  1450  1731  238  114  6454  18508  1906  5772  843  93065  9135  49  117  950  3533  274027  372382  31659  1102  24342  1542  558  779  681  1266  1030  2658  8076  2071  3160  2473  583336  0  338136  11359  10224  28792  9409  763  3676  5160  8848  
649  1715  614  1641  7012  7286  18348  42608  6889  55094  24676  291  439  3698  1224  40845  13302  22971  1716  23089  1049  2261  1109  1280  1325  318  2098  2863  2510  4594  358  13192  902  2648  24349  3617  10777  5648  893  9837  4908  1.01932e+06  295645  11284  3429  996545  1.81529e+06  96261  289708  15528  1.40051e+06  44238  756  3275  3064  27507  1.41831e+06  587058  178712  27165  119462  19475  12918  42243  10506  26109  11150  51200  191358  54457  50210  17912  1.58887e+06  919902  0  169168  148617  429463  97941  5379  42493  85407  110266  
1973  6064  3506  7283  24894  20229  69760  125238  16434  60839  24531  1156  1655  6291  7633  40883  15502  70315  7894  84294  14600  37848  14051  20800  10927  3348  12524  9264  12729  14538  920  24578  1239  5093  430595  33349  42133  39453  7407  81518  43000  64152  235816  52608  14662  283026  146529  478739  1.92268e+06  59208  529776  128790  2788  18750  9653  223451  526855  99662  835301  109583  910662  168333  174097  380742  162932  744219  124525  661425  373847  586512  199283  17384  162070  10500  47187  0  2.0825e+06  1.35621e+06  1.21407e+06  120856  2.82636e+06  1.778e+06  5.22022e+06  
1304  1590  6331  21153  3555  3109  9384  22735  2819  14079  4787  273  193  1035  1218  6906  3370  12607  1564  14318  1077  4247  1024  2618  1161  297  2134  2831  2189  3542  286  5533  191  905  20226  21309  8980  7205  14344  6124  7651  137151  149552  112206  45408  58884  75158  326167  286766  56077  235993  12969  892  2020  1262  24572  64653  20100  47939  13495  61948  11501  23341  46991  34472  164204  13213  108117  78350  109190  94392  3958  57340  4221  27228  948554  0  582753  386668  600706  407003  129073  431807  
910  1834  1179  3361  6291  8471  14717  77422  10888  92280  26364  566  558  3954  1957  31508  8907  20381  2813  23287  2200  6984  3897  8380  4643  1394  5204  6144  4949  6629  343  9967  655  2374  35096  9405  42450  23977  56250  19463  36882  60564  110621  46774  11814  157944  74504  230970  753166  73164  494560  65363  3670  6368  4244  37468  402897  55979  171146  50824  157950  26907  24387  91376  20840  66233  14845  49834  64994  135944  39791  4448  67927  6155  51624  562252  758604  0  2.08178e+06  209675  139781  592162  441907  
234  906  405  996  3731  3768  9960  18630  2877  15262  7015  161  268  1242  770  12494  3532  7538  845  9420  551  957  674  793  742  182  1040  1059  1283  1633  124  3731  269  848  15180  3823  7852  13544  1335  3981  4530  6329  47494  4994  1808  114353  48533  73131  378083  20778  246604  23050  415  2620  1633  14795  214040  19006  59188  15449  58965  8140  5113  21384  4883  35602  5052  16477  10766  64907  10547  1895  18375  1733  7466  313740  322727  1.7458e+06  0  5342  326528  111481  593300  
774  235  1305  5132  430  363  920  2483  436  2635  508  510  147  374  297  927  394  1389  246  1432  203  872  406  972  532  135  1300  1982  481  800  39  766  29  124  2431  4105  4778  2233  12078  2185  4594  114854  12189  60904  35590  3493  4007  44038  24893  2813  17563  747  5441  4885  2798  2172  6664  1868  4258  2076  4044  934  3102  6712  5275  4070  785  10058  30067  24046  24601  305  6521  95  1056  24103  539197  137146  2966  0  9525  30208  5270  
636  904  715  2145  1717  1131  2754  7260  1207  7387  5952  704  296  2230  2463  7609  4867  31449  3466  23859  13343  19172  12678  16570  7760  3058  6159  3957  8654  7691  491  9293  307  1110  138776  3220  10178  5975  4610  107961  12205  9599  3276  3035  5337  3172  2488  8719  29248  3026  20908  3018  3715  3496  4815  174356  14866  6258  53074  12131  123342  43502  52214  52763  122504  779873  450633  1.48419e+06  193589  216894  30583  2216  15333  424  3551  1.61397e+06  101481  86447  91233  88852  0  1.57324e+06  174405  
216  314  343  757  622  599  1061  5496  969  9968  3037  115  57  346  542  5836  2222  5537  668  5452  1162  3893  1185  2547  1391  449  1982  1878  1526  1880  114  2458  128  436  17756  2348  6214  4277  7016  9359  9556  4377  3257  2613  2227  3002  2880  7770  22320  3913  30165  3381  858  825  727  14888  21956  6768  43579  17831  34895  10238  18087  50666  19495  154509  21373  1.07198e+06  385476  123006  25547  1104  19015  1013  33935  756375  107033  121571  78606  44774  1.01104e+06  0  260916  
15990  62053  49654  32322  71865  30684  127097  629708  15810  766956  175460  1101  1248  8569  16293  651869  37702  362236  64552  242454  15558  31006  85259  58260  63548  11262  106481  62834  104524  78616  2951  57992  2191  20069  3.35258e+06  916229  1.00142e+06  2.24788e+06  57144  203259  474788  14586  56423  12888  6371  87876  59693  141898  715501  51334  516918  103866  953  3871  4986  81228  497004  63757  317866  57475  339488  53617  31927  103531  73513  112666  34120  133494  71889  87175  32621  8079  69130  5514  22250  3.23209e+06  661226  1.02585e+06  2.47948e+06  19941  788558  568207  0  
