5016477  
2881457  
604433  
4406417  
4517376  
4360557  
8237692  
12345922  
4240148  
6877616  
2780398  
2211913  
2423214  
3158886  
2703320  
5638440  
8132141  
6648561  
8625763  
8877385  
1543190  
1414202  
4374081  
4295373  
8111361  
2110938  
2431855  
1998984  
9108897  
9991390  
3108763  
10739217  
825396  
7607866  
11318991  
3632883  
5968866  
2484990  
819899  
4800763  
2518623  
4832899  
2215653  
530735  
3756272  
3320823  
4462436  
7129291  
12593551  
5160712  
7685477  
2121022  
2755366  
2111819  
3190289  
2647848  
5567470  
7183760  
6849669  
8765406  
8640231  
1655375  
1261272  
5690375  
3941688  
7450497  
1967889  
2243788  
1662272  
8629983  
9098728  
3467877  
9318100  
968962  
7091949  
11605501  
3324547  
5025171  
2533110  
760326  
4163397  
2162990  
11874851  
