0  1.68699e+06  298788  997701  230293  69544  501477  126044  2750  17868  9033  16821  2483  1271  1634  17928  25810  29943  47800  23051  12700  72287  69525  91649  25050  2596  20091  245629  41643  78402  14586  598184  2377  965648  110758  176312  365524  36849  24111  56792  53502  16395  1472  6214  57830  964  384  7261  22216  677  1436  2008  1337  1045  680  1550  1404  377  10451  3978  17026  3682  1936  3025  11611  1145  456  2269  1936  2816  1998  125  1756  69  1117  5775  18310  4562  3068  7948  1344  1839  42141  
1.03595e+06  0  56425  21531  581728  105896  735739  189213  67946  18025  12943  751  809  542  727  15848  11208  17887  22527  15801  5214  30355  17598  40902  14547  1366  12366  34169  16186  26734  4546  152771  548  34189  380183  563602  272390  41081  32196  66654  26344  7940  6799  3527  5215  4855  1446  28712  27480  3259  1935  2067  443  394  282  795  1161  272  5490  2028  9768  1620  950  1512  4874  549  232  911  1090  1423  1094  62  974  53  602  7746  12968  3411  2640  7599  1477  2116  87185  
65329  20673  0  107683  429  419  174815  101618  281  2383  2873  428  350  226  437  4659  1990  7020  5290  5854  4616  28905  10322  39712  7521  612  981  7402  8568  14882  2342  12959  44  6232  29291  123895  152880  4066  10597  19268  2843  32734  13718  26573  26862  1338  121  46714  9921  123  502  559  677  629  492  678  405  107  3072  1266  5486  1369  853  1148  4782  427  140  962  1754  1177  1030  24  1302  13  844  2137  35087  2154  440  12450  490  879  8148  
1.10393e+06  15538  218530  0  736  1209  31294  678623  1509  3048  6807  857562  84018  29472  7843  5155  7136  12050  13651  25916  6038  29759  19351  43464  19275  1984  14929  125079  37075  82377  9296  103726  191  32816  38794  220520  176743  11896  42613  43234  13259  234453  33871  261462  1.86838e+06  5953  854  197592  275834  821  1324  2390  101759  34253  19462  10600  1315  476  8642  3433  27237  4182  3696  5853  11787  1649  532  12267  15210  6803  7041  158  8482  58  10840  9828  255464  14197  2036  70380  2172  4740  15266  
519314  1.2885e+06  16262  12767  0  1.41377e+06  1.46947e+06  576334  138581  61949  18228  520  1550  1408  661  26914  35951  25645  61737  20488  1682  6373  14668  7609  9600  975  12460  19977  12814  18100  7696  32205  2124  334797  524566  476833  249179  74637  3993  54788  27457  1284  4307  1265  3275  6588  3922  35846  97142  7325  2890  3155  320  337  250  732  1825  390  4999  1650  9474  798  565  1159  1348  359  212  478  468  1071  894  88  603  54  509  10693  3732  4443  3938  949  1870  2308  119972  
80697  159200  10128  8467  1.15736e+06  0  589436  806056  815075  1.41384e+06  11824  470  601  1556  374  62202  101721  19492  90004  10998  620  2031  9624  2340  3648  325  1375  5951  9848  27743  16238  162765  5326  984982  81400  81786  146035  33790  998  6228  4193  1219  4213  1134  2373  11324  20899  57026  225504  54701  10412  3906  280  281  253  564  3298  650  4357  1827  7691  422  358  1091  691  351  173  423  479  1449  1708  132  1254  69  1696  10511  8118  11075  5824  891  1370  1257  50228  
615015  1.65006e+06  438902  22919  2.28161e+06  735594  0  1.26159e+06  1.39062e+06  107218  38671  1194  916  1012  1969  58006  61040  75023  123556  52032  10051  51703  54718  66193  24266  2527  12115  33253  32403  56689  19363  81802  4890  98102  705144  644572  820159  116333  15059  75940  31541  19226  34658  12316  13603  59185  41394  369928  310837  43660  7136  6809  977  911  659  2206  4323  1203  14570  5521  27644  3562  2199  4212  8836  1428  644  2011  2426  4896  4911  278  2771  129  2684  27266  36030  16449  10091  14639  4355  4883  226245  
99589  156311  376007  1.24985e+06  50313  285399  1.65785e+06  0  1.9471e+06  555866  539323  808357  1.39547e+06  726604  199703  65831  39186  86832  88617  297032  14954  37704  61709  54313  39136  21696  27775  42218  33261  51707  14507  80892  2971  48482  998951  865411  1.15433e+06  322511  29714  88535  43009  97339  196102  140151  346874  195855  113025  1.10554e+06  4.10119e+06  299988  174707  133240  268721  121497  157230  59057  16204  4917  42601  22754  133251  10542  9487  18903  29890  6747  3407  11665  12820  22398  25179  1740  16542  417  23544  200336  204627  187121  84828  42510  32894  20314  553633  
2986  37832  2835  2764  113812  1.05464e+06  900821  1.75524e+06  0  1.44393e+06  10287  204  127  484  134  8914  7073  33031  52898  5009  354  1221  6864  1405  2515  155  598  2324  4004  5232  1635  14490  420  7611  75766  65336  93404  29020  617  2826  2561  1178  5133  827  929  19321  46326  88407  300695  141811  38036  5564  132  160  157  415  2219  838  3821  3990  3885  475  411  2443  578  749  198  643  787  3456  4149  217  2648  57  3818  14332  17104  24906  13141  1088  3261  1904  62828  
18040  26406  15384  12712  38086  1.28873e+06  85610  1.15003e+06  1.54602e+06  0  186181  845  737  3192  697  2.39306e+06  231053  99449  158975  21039  1280  4382  19251  5123  7594  678  2275  9974  23456  65196  38046  355592  39537  527006  298040  319830  480147  267510  4090  11858  11748  2580  2333  1026  3327  4605  16122  17566  289245  79054  205790  37284  454  420  563  1121  14283  1953  14400  9781  16111  1369  1110  6640  1677  2155  795  1733  1886  7129  5325  343  4743  196  7151  36968  18334  51758  31734  2262  13730  6080  369164  
1728  2674  3039  7175  634  2132  3467  648555  5635  155529  0  7489  14901  1.02311e+06  9115  126382  9724  140013  6854  758292  2698  1504  2552  1719  1663  495  1414  3600  2003  2898  1085  7947  584  2203  72449  36906  52732  42956  2355  5424  6900  2914  2305  1178  3268  3053  3313  10262  196686  16425  312278  332365  3414  3097  41522  8497  119821  20630  80551  15319  245631  2188  1622  7156  3266  2641  1704  2718  2046  10273  5951  1373  9977  2037  6120  39333  18496  37708  25944  2622  13586  5417  82945  
17353  4567  17503  859419  459  659  11744  1.024e+06  1725  970  12481  0  668848  210228  88360  1310  582  2736  1960  128069  4606  3414  1527  7074  3920  3391  3353  12487  2314  4179  447  6149  36  1094  7501  20149  21365  2410  7725  4826  2593  85917  12293  89137  372840  5787  980  85333  311890  911  1342  4640  799685  141637  50031  23235  1044  324  3252  1456  42769  2446  2234  1962  9916  664  319  5699  4221  2535  3031  133  2467  35  3824  13321  44352  13988  3872  11907  1711  1891  5934  
14745  2608  5647  198848  492  1853  10147  1.31959e+06  6952  2752  33352  1.20258e+06  0  812880  461591  3445  919  6845  4242  379121  13462  7915  2669  24052  17007  19103  15058  28729  3672  3965  517  7609  61  1119  13073  13455  51310  5143  17456  14188  6361  45527  5485  10362  100319  5039  2826  39612  401785  2825  2423  10874  231261  387911  85220  46397  1737  494  5645  2037  70025  3500  2157  1679  8237  758  727  7266  4583  2952  2472  134  3189  80  4516  11613  17418  8965  3452  14453  2021  2299  7914  
9617  1790  3879  100999  607  2251  3774  913195  4188  9640  1.25374e+06  548257  797629  0  749868  11061  2653  17916  7021  1.08802e+06  21675  10333  2891  23593  12051  13035  9900  21976  3212  3565  582  6837  168  1374  24974  13218  52311  11755  13959  11138  5538  26727  2014  3789  46233  2467  3100  12532  243688  8915  66029  117777  70733  71738  658145  131059  25033  2798  19954  4427  249112  7031  4507  2601  14882  1415  3046  7361  3596  5079  3369  320  4159  335  4069  16656  12003  12886  6286  9563  6030  2828  20644  
6299  1037  3090  48903  148  266  2379  113373  700  958  41883  194835  263155  532950  0  2842  2273  38850  17358  1.70537e+06  31937  31494  5481  504733  47999  105224  34675  11904  6364  3885  856  8581  363  2583  16591  5195  21480  6315  5239  43669  4347  11547  996  3141  26670  803  411  4435  51453  466  3664  23695  52771  60166  263077  579213  9050  3255  52767  13142  275614  8564  5928  5529  21545  3077  3598  6087  3666  10022  6185  749  5593  738  3022  14180  6899  7065  3343  6347  6651  3297  15236  
27644  22936  25987  22707  16765  129382  45394  152229  134681  2.49852e+06  211390  1468  1451  1869  1164  0  2.51481e+06  654917  320886  58038  1341  4361  29007  5128  13819  947  2111  11921  44412  118445  61849  572168  266751  611830  190786  75575  628902  219476  5101  12837  10834  3109  1244  1238  5318  1885  2051  5757  34447  6191  75546  53607  740  691  1366  1473  100466  12860  44271  7906  55000  1115  800  3895  1687  1455  737  1563  1272  5162  3248  620  4752  859  1986  20962  9170  10292  8148  2718  4950  4746  237220  
37526  33612  30242  35486  24738  108866  68194  215204  86067  351347  270606  3003  3170  3949  10752  2.23699e+06  0  699085  1.7297e+06  344268  5254  7388  56931  8834  34793  4634  5618  29167  230247  940013  957551  2.1514e+06  667878  503110  135266  49974  647528  122241  9510  22345  15199  5401  2058  2010  9239  2746  2484  9421  43801  4995  85515  128208  1490  1460  4017  13371  159686  23591  148231  24608  292557  4738  3644  10740  8025  3968  3188  4128  2791  14363  9204  2415  13630  3041  3705  38865  14180  17276  12445  4549  8027  6751  140975  
22080  16708  26805  35488  6883  31256  28494  103077  291919  225133  209691  2245  1936  1945  4206  637172  487298  0  3.26324e+06  1.16223e+06  193137  41637  1.05234e+06  19877  95047  12593  12682  46681  77859  52082  8397  72363  3260  36944  307451  56515  305645  143798  22207  147246  71998  9479  3694  3337  10500  3126  2441  11712  35677  6916  27746  36335  1236  1123  1004  8300  44482  18115  265051  101075  250855  39466  19250  53746  25372  26044  6144  8561  10605  77203  43952  3414  22996  2041  4886  112904  19231  42875  16985  9848  26464  19343  244188  
62833  42956  55267  71729  24248  72396  76247  227206  292861  151131  33985  4036  3529  2377  9307  110213  2.08102e+06  2.93253e+06  0  234112  41114  15647  1.78729e+06  22096  336133  20429  21713  86720  561697  1.90708e+06  1.12774e+06  424885  6011  152500  346095  76713  801067  298906  36236  189911  98877  11881  3819  4319  18950  3460  4299  16024  62062  13613  14372  16226  1880  1645  1138  10885  17105  6660  187545  80976  217531  33072  16587  40719  23135  19212  5772  7921  8539  56924  33482  1784  15499  1042  3845  82441  20809  38929  16610  13101  16073  17248  372696  
17659  9941  21638  54757  1225  2322  13658  322380  5813  22044  1.41581e+06  104516  152909  442293  1.9134e+06  37973  25459  1.09058e+06  162279  0  1.47016e+06  605219  96241  621347  204576  228859  128984  55982  65674  48692  9579  68525  2574  24258  361935  47713  189564  90696  22419  481928  61958  22465  9523  8255  23803  7367  3861  29107  149793  6795  48382  164065  26854  23929  64726  170594  98208  35446  674968  242358  1.91324e+06  148656  79044  169556  120668  81281  26523  28026  26797  192656  112606  7630  56928  5722  11691  251321  42816  101079  39834  16672  87164  46544  231781  
4467  1607  5160  6172  64  71  2115  4192  58  279  898  574  643  576  21946  269  451  144626  17121  805050  0  808722  88803  178603  36667  20985  10491  9101  11852  5427  453  6362  50  2991  77147  4073  21869  7312  2764  93718  11298  1484  510  727  1747  308  50  1652  2252  74  344  463  244  211  202  2176  412  165  28445  13442  37126  110621  50042  39132  43166  17854  3141  2161  1809  11259  6382  63  1822  27  340  34008  2298  5601  1176  1173  20686  2625  13240  
14670  4742  14859  14347  113  118  6098  6461  51  301  571  699  605  471  20226  327  660  50248  4696  163537  669976  0  87110  490006  65563  22434  9585  19621  13264  10961  630  16041  68  7569  77603  7589  42645  11726  5004  87064  21601  1364  214  636  3197  103  37  660  1528  30  183  236  284  233  203  1055  225  103  12478  2574  11484  73568  30793  18494  70206  7129  1143  1063  816  2856  1518  27  767  12  191  18619  1951  3220  1009  1647  12182  1190  16740  
53780  21839  39538  35522  1356  2621  22314  71722  8935  6781  8358  1953  1801  1099  3097  4178  10544  980314  1.36779e+06  208469  169696  81953  0  379010  807078  45290  21243  54662  1.05199e+06  528875  13192  118579  492  83046  251174  38748  295923  104442  25003  103339  91791  4773  1115  1889  8559  803  320  4162  13099  657  2771  2356  773  635  385  2530  3015  778  31977  14405  40724  32586  16412  40039  28204  15667  3073  2880  2647  13173  7525  183  2850  95  759  49677  6743  14924  5661  6937  17062  5584  143386  
28583  9553  35924  45477  283  273  12468  17932  182  745  2194  4729  5456  4601  436946  1029  1576  29995  8070  500135  120755  589465  591724  0  1.61047e+06  457196  53834  67298  55850  33159  1634  39791  210  11770  149042  19344  104488  21645  12152  233908  47279  3528  409  1948  10554  226  53  1400  6157  67  395  600  2013  1759  1771  5346  521  171  8111  3365  35682  15553  8849  13961  110975  8188  1366  1669  1346  3750  2147  77  1236  44  426  19166  4930  6379  2587  3843  13396  1852  38662  
14767  6364  18872  32047  560  1065  8122  29944  5494  4044  3613  8103  11106  6211  47319  2199  8876  59403  149138  132882  46927  84378  1.3187e+06  1.6348e+06  0  1.98866e+06  1.3613e+06  291715  3.85715e+06  106790  10204  37928  294  10701  224844  44782  93844  31280  17128  1.04837e+06  59783  3205  566  1521  8267  374  191  1961  9806  423  1789  2890  1541  1021  647  2588  2338  691  20949  8558  28892  11400  5736  13405  18931  7949  1555  1806  1512  6422  3893  186  2000  122  570  20681  4988  8474  3988  3833  8713  2865  65598  
2193  829  2658  6305  73  61  1063  13567  225  315  806  5827  8474  4652  59491  332  552  15786  18211  69126  17530  25597  72743  264619  1.59374e+06  0  590341  47416  150427  10448  534  8176  47  1747  28968  4748  16826  5351  4745  529116  23100  857  137  356  1858  87  27  518  5050  37  503  1367  1045  564  342  802  642  168  4399  1515  7547  2184  1149  2420  2880  1140  400  515  385  1376  842  42  455  33  132  3647  1109  2441  1094  1057  1504  638  26340  
38440  1725  2631  29756  167  169  1648  15527  253  918  1715  7106  8582  4133  26043  1280  1715  16061  11944  63345  19070  24098  23994  34678  1.03326e+06  650180  0  269067  92023  7355  949  8017  236  6305  179487  25779  62837  55441  13046  785889  356618  7286  214  451  8497  135  56  742  5456  71  676  1759  1542  957  466  1191  1024  352  7869  2472  11199  1993  1276  2679  3191  2010  758  2121  1452  2173  1316  77  1308  66  729  11451  4926  3257  1942  5030  4760  1770  51139  
315701  7838  16173  149644  462  927  6265  18799  682  2256  4931  16041  6105  3240  3084  3379  11860  27922  36229  24657  11499  49395  60061  69423  196716  9994  235845  0  502760  729228  14102  552198  668  50276  195534  41423  264945  124916  73813  258417  447989  47657  499  1866  51526  345  149  1621  5519  196  933  1395  2679  2051  1041  2492  1567  553  19351  7288  24051  5094  3874  6387  9948  2205  831  7692  6944  7797  5337  213  4973  102  2448  10650  39290  27040  19710  26172  2240  5882  31131  
38400  14107  33230  54573  1648  3743  18205  46968  15879  10734  8008  3204  2820  1726  9773  5684  99857  73852  488265  83294  23060  62318  1.14482e+06  85967  3.68142e+06  105337  167902  1.09133e+06  0  4.15315e+06  190285  265131  670  39496  139405  35291  214542  69939  23132  349213  62435  5032  861  2239  13960  653  460  3188  10966  1158  3448  3830  931  818  542  3046  4711  1202  37171  17737  49345  13284  6588  16669  15902  6011  1656  2088  2333  10450  6665  335  3255  164  931  15811  8102  14069  6353  5902  3769  4181  78384  
121581  42410  78311  130759  6574  10133  57249  157753  11940  17131  62998  5747  2939  2447  15091  22204  901431  114511  922656  203140  21670  79252  551890  102125  155255  15057  20058  845072  3.77364e+06  0  2.06846e+06  4.28743e+06  6099  133665  142219  50569  509503  118443  23997  209327  69932  8585  1800  4395  30960  1559  882  7249  27370  1785  11178  20381  1541  1474  1463  11120  19897  4356  94565  31718  153640  13314  7956  19174  20104  6847  3444  4056  3571  16159  10943  1006  7326  801  2044  26248  15190  19383  9224  8538  5961  6865  118594  
20284  13434  15280  19591  5067  6861  25361  93388  2731  9275  31956  1126  890  893  7030  12736  1.292e+06  44078  564314  96156  3714  7001  32575  8413  14642  4746  4359  21078  176340  1.84501e+06  0  1.06105e+06  4375  33093  24451  13542  190288  34351  3581  15078  6828  1858  703  902  4755  688  427  2982  13496  783  5593  10235  435  412  517  5375  9978  2089  38403  11098  66968  3371  2357  6077  4531  2051  1426  1527  1033  5165  3489  505  2817  383  730  9015  3622  5020  2808  1517  2276  2222  29413  
616398  163262  124591  206543  14321  241989  90851  246305  13600  368409  210980  16278  5239  4576  28717  463049  2.05366e+06  301205  577136  523540  29674  95393  332713  120095  109051  23107  22724  685798  310413  4.98121e+06  949324  0  830939  1.12263e+06  180660  100258  900705  142894  26454  159177  83162  21118  2942  5583  50617  3097  2762  13298  49497  5273  24642  59226  2427  2122  2705  20391  46924  10898  162589  44913  317449  16582  10518  25817  26995  9175  5622  7719  5616  23208  15878  2215  13517  2042  4034  39982  29499  26237  14230  13623  9595  9981  158702  
7408  3851  4560  5015  2477  8893  9263  26637  737  34808  16264  348  322  295  708  138747  412107  31559  21471  27530  417  517  4158  623  2638  478  477  3007  6455  17104  14976  570712  0  305592  7005  4706  149594  11155  974  1374  1533  572  173  244  1202  180  124  870  3426  228  3977  4902  140  113  190  494  5186  630  4525  964  11941  290  210  472  374  181  138  229  156  628  373  64  431  77  138  1518  1001  743  486  462  324  353  9179  
996053  320887  38426  77119  839117  1.69863e+06  172967  331351  18505  1.00653e+06  49247  4557  1563  1432  3913  1.3399e+06  1.31338e+06  150954  241426  99752  5102  13323  95856  14742  25552  3595  5847  58435  75911  198077  121936  1.69176e+06  1.16691e+06  0  78053  78757  1.36583e+06  38338  3966  19493  34195  3939  2017  2196  16840  2554  1739  13779  42977  3196  12088  15781  778  667  879  3025  17605  2370  25219  6972  53246  2618  1680  4225  3903  1441  793  1204  958  3953  2804  331  2214  325  788  9099  6954  4940  3075  2361  1915  1894  44552  
81921  364653  253002  209937  48700  13748  327751  2.29624e+06  42033  485951  670271  7142  8886  10598  20416  416835  39088  435778  259556  515211  54541  155267  347697  152232  237643  43631  501765  615712  213471  106169  9967  105258  1508  26998  0  3.9887e+06  583170  636590  287471  2.29852e+06  1.33367e+06  14050  11394  13131  52165  11359  7264  60452  375587  15895  67426  77707  4079  3774  3366  16324  31200  6181  128429  47550  220183  24988  17644  37217  31256  13912  6535  11895  12570  27470  18634  1473  12238  940  5499  403032  39236  60250  51606  17992  56042  73835  3.47699e+06  
41956  373853  168611  125894  15042  4525  223070  714308  13384  80991  142667  2317  2440  2377  2349  69312  8841  59812  24354  89342  4686  12966  35220  15043  44254  4036  89749  101376  39555  16663  1762  16979  325  5090  2.76961e+06  0  330506  344036  445932  400108  172050  5801  4794  7218  28891  3876  1215  22662  113016  2445  30152  25371  1845  1554  1234  2842  9308  1436  19300  6179  38169  3209  2482  5020  3706  1550  1357  2472  2375  3894  2820  266  2196  179  1234  67495  15920  12216  11363  6501  7026  9787  694813  
114965  256610  305887  334648  57687  22683  284425  1.67721e+06  34875  565043  357480  29950  31009  19976  10287  639508  167013  511941  401977  257063  14783  50499  145785  58438  50890  7047  17594  72239  95312  176411  69541  167696  20207  184361  158910  1.24142e+06  0  1.44869e+06  513430  63320  105743  47185  7613  16210  88124  6629  4192  39850  234948  10154  57315  60778  13299  11565  6390  6639  20358  4137  48292  16066  103997  7276  5075  10697  12500  3727  1706  9296  8833  12476  8768  736  9641  630  6412  26800  56687  45396  19603  49024  5756  7846  105230  
5667  27522  15540  19662  10805  3375  27539  412097  9386  231217  173143  5551  6112  4994  4906  190947  16009  144086  117452  126178  3777  5890  46193  5442  14820  3609  12085  15937  17134  18888  4799  17220  548  3878  173974  391945  1.63844e+06  0  108185  37653  91154  6722  1479  1294  7059  1484  1292  7834  61718  3474  31006  32094  2410  2112  1604  2992  10309  2161  25567  8138  55530  3405  2546  5905  3770  1832  1638  2921  2214  5610  3849  386  3279  378  1416  21253  7968  29950  25188  13898  11154  17786  495409  
25050  56783  55076  93209  295  133  43422  49938  140  2249  4253  6681  5937  3186  1016  3997  809  5009  3598  6394  1050  4397  4207  6417  5899  741  4978  22377  5276  4616  543  5828  31  452  61221  460707  343411  41743  0  17705  22288  10980  727  3784  27375  299  82  2864  8188  116  768  867  1297  1230  590  536  659  191  2731  1073  4077  861  791  1367  1527  362  143  1458  2021  1651  1293  46  1446  20  1064  4782  23932  12104  4387  14697  521  1906  5294  
10369  6640  10274  26837  280  207  5484  25093  524  2049  3790  8352  10372  6431  42955  2365  2508  30223  18943  91626  38043  64009  57129  98023  552568  651453  1.31047e+06  248863  213546  49918  2910  34846  143  5792  1.22722e+06  123786  72064  29848  29331  0  1.21509e+06  6967  630  1307  8845  386  156  1849  7903  178  1461  2242  1824  1229  710  3904  2403  1158  28474  9040  29075  7976  5873  13298  12733  10886  3148  5170  3983  7155  4303  353  3685  171  1995  38478  9218  13772  5274  10402  24277  9198  168363  
22904  6170  5291  11557  352  168  4821  20198  410  2894  5619  3062  3013  1844  2042  3009  1617  22331  22201  17383  10946  43364  57635  41161  22021  9820  1.20905e+06  330398  27902  15042  1365  11786  83  5798  1.1854e+06  94277  187511  292249  61209  1.27668e+06  0  4923  323  493  4225  239  108  1056  4166  178  1075  1098  864  846  479  1587  1145  317  11380  4403  15250  3268  2253  3604  6638  1237  544  1829  2429  4026  2677  117  1869  59  825  21333  5915  13603  10707  7434  2762  6683  176739  
17505  10823  32507  112064  159  421  17367  39708  1375  1192  6870  26710  7324  2572  1476  2070  1141  11954  6589  11561  3917  6833  4012  3138  2804  383  1053  18188  4124  6375  649  10388  60  1242  8344  28456  16481  2996  16822  4320  2590  0  1.75387e+06  123119  929421  341620  36639  449529  67719  2327  9740  4271  85920  20773  9600  10654  13247  8732  49704  25608  49417  27810  30416  60120  24543  12589  5239  106773  403722  48644  84654  6065  391965  911  1.12123e+06  246954  446056  308694  23768  76288  56080  51256  31650  
5342  42087  50498  30600  434  808  38150  100769  2411  1082  3308  862  303  158  353  1236  542  6150  3338  5310  1793  3086  2332  1187  917  119  225  785  949  911  167  1697  45  653  7258  8894  8274  2105  1695  1725  809  1.04714e+06  0  4504  7464  520471  21547  314695  32699  4508  7682  2967  1097  980  566  5620  8411  3562  31050  14368  28804  13683  15164  29624  10763  13966  2991  19679  29437  26796  36536  1908  52637  234  26163  316411  426206  205753  25202  22892  89788  33988  29402  
8283  10493  75345  106736  88  140  26231  35471  277  237  464  3069  179  57  95  292  197  1243  817  1063  518  1594  781  1616  766  70  134  1238  977  1429  182  1047  7  438  2601  25349  7854  625  2962  1549  325  90336  1528  0  141646  533  262  242341  120230  206  439  307  919  1227  778  1062  718  251  3329  1466  3975  2720  3129  5950  3273  881  330  881  2067  3280  4022  94  2721  16  3667  7686  64794  21456  1016  11477  1572  1029  2031  
101634  27944  186975  2.06434e+06  642  895  69209  346159  1485  1691  6114  444387  56834  18036  6426  2671  2503  6728  6042  17117  3032  11788  7127  17776  10040  1171  4428  50066  15267  27557  3051  27618  57  7883  21966  173395  85769  6124  35756  20018  5662  1.04954e+06  9380  253324  0  4947  959  56186  649895  808  1245  3264  1.29011e+06  87786  48827  27956  1365  577  7496  3337  50412  6175  6908  10357  19570  2156  756  15889  20260  10589  11597  188  12642  67  23872  11656  312043  23661  2134  63603  2557  4912  10026  
2042  19257  6407  6023  1370  6323  30226  87945  20792  5193  8959  329  377  231  515  2846  1118  10060  4466  9102  1392  1999  2004  810  884  124  245  589  864  781  195  1884  56  792  11921  6187  8916  4424  737  1387  886  436173  719595  3107  2644  0  1.2463e+06  993544  170129  28253  57941  10801  674  884  610  11157  26532  19387  59258  38108  62573  13656  14061  32974  11421  17068  5158  22401  19463  55274  88413  9019  42075  1815  532981  488518  379332  216301  103911  2636  99273  36924  93315  
615  3290  1948  2385  1463  17357  35151  143633  85804  36978  8980  252  323  365  214  3237  1032  6244  4034  4772  502  648  1149  361  514  59  167  445  574  636  164  1949  65  699  15197  5779  11291  6045  424  850  705  106861  114352  4217  1665  1.46827e+06  0  928830  496239  546098  1.45073e+06  13929  363  528  462  3203  64576  40519  25917  73636  20275  3816  3798  27518  3440  5922  1515  5888  6670  51339  107715  11966  142925  8329  1.02474e+06  109854  362539  99049  52838  2241  33335  12807  55439  
20482  173214  142146  92282  15490  45421  421332  809658  133494  22807  13380  4007  2241  1139  723  5690  3333  13805  10678  12285  2512  5151  8379  3753  2713  293  945  3050  3228  4027  1014  9103  226  4781  61969  55033  61750  16212  3482  5888  3042  326710  568975  204748  25360  1.84889e+06  1.23834e+06  0  2.42469e+06  1.45516e+06  157461  12799  4190  4530  2860  10205  43396  22435  58283  112740  50544  15330  15860  70833  12977  16855  4661  15962  16021  112792  176202  7636  37988  1182  117788  268697  463069  313323  83549  24930  57364  25776  87515  
44099  174692  214204  555255  28083  123844  587580  5.23487e+06  604238  309105  185525  148607  84134  38485  13183  24877  10423  38672  38042  59599  4571  12493  20097  17026  10346  1807  6100  15915  11700  16209  3520  24166  585  11434  361563  337037  268482  108309  16463  30343  15948  73983  119927  367355  1.09412e+06  167901  354466  2.12514e+06  0  1.71591e+06  622050  654078  1.01778e+06  1.01276e+06  769118  274680  53248  17267  123765  63086  401048  25719  29465  44614  122469  15443  13477  31505  29552  46700  59390  7785  68538  1684  149860  646380  498722  882341  426118  33772  105551  59751  462790  
479  1903  928  1147  1262  19981  17889  214569  164920  102907  13803  83  124  458  100  2331  860  5764  6601  2522  285  360  1193  288  504  54  185  491  614  708  206  2295  37  751  23654  8809  17715  10635  305  929  844  5404  33500  1429  745  185009  979534  1.08445e+06  1.78189e+06  0  1.81857e+06  7311  131  171  181  936  12595  23137  34272  186095  7542  1301  1141  39812  1174  8395  1056  2716  2713  49714  58686  1483  10213  239  16543  35210  150998  100790  50490  1120  13704  5027  46331  
731  2132  1606  2666  383  3979  4450  262625  90285  312694  136285  299  262  4814  316  23228  3495  14843  7447  9905  484  778  2083  670  1017  151  620  1665  1088  924  214  1714  97  624  45524  26861  18656  25658  1521  2575  3697  17692  32451  2659  1930  156640  1.43435e+06  318408  1.07712e+06  1.50426e+06  0  185254  574  675  1388  3577  2.35752e+06  176120  162669  190870  42734  3584  3563  30009  4318  6950  1823  8207  11237  45085  79878  13630  482052  208815  762984  169927  298716  360843  300974  5074  132062  44472  230802  
941  1496  2032  5000  362  1676  3117  200162  8665  235193  420800  2348  1439  14660  1820  102070  24990  52585  16386  38360  415  543  3212  728  2083  415  890  1415  2680  3031  936  5910  460  1491  60112  32446  23456  24803  1114  3670  2602  2443  1190  1616  4725  1765  1956  6581  600970  4412  283351  0  16445  12345  694677  7495  153209  9533  60309  3512  737513  1882  1568  1812  2482  685  788  1607  1248  2832  2270  843  6659  1665  3622  34145  10108  23624  21497  1490  10819  5192  69118  
15545  7181  27700  460501  613  763  18039  547454  2126  1454  14389  883765  249347  64033  27488  2290  704  3578  2372  40261  1549  2289  1679  5434  2531  1297  2131  12584  2155  3518  397  5088  33  1033  11911  32376  23735  3315  6760  3880  2306  147663  16702  74403  1.12306e+06  9962  1025  92472  900251  889  1821  11296  0  537348  166330  85920  1503  589  4731  1889  127109  4444  6206  3360  41251  1210  687  15831  13563  5133  5416  185  7054  86  14893  21401  57913  22010  5179  25945  2906  4062  9470  
13105  5144  13029  93857  928  2401  19959  368118  7259  2691  22056  147280  418830  121651  39506  3571  921  4869  3347  58677  1985  2139  1474  7136  3584  2945  2863  10705  1669  2661  385  5105  63  1030  12864  18871  18985  4044  3604  3829  2122  67964  4843  15451  213804  5463  3746  39911  1.21858e+06  4490  2955  21752  770708  0  463630  181680  2005  711  5855  2001  241100  6285  9535  2852  69428  1464  2425  22324  18816  6446  5280  236  9770  122  21126  15354  26314  17137  5029  34323  3744  5204  9835  
7697  2213  8289  52367  277  1393  5560  263910  5345  46286  290950  61292  77726  634819  158304  47102  6111  19346  7957  222095  5783  3375  1918  11743  3902  2739  2345  6319  2038  2479  431  4961  204  1285  24133  16638  20518  10186  2849  4063  2027  31514  2046  9159  85307  2243  2377  14244  829085  5196  25671  1.12778e+06  245527  388505  0  601761  17324  2011  16537  3320  1.0005e+06  13038  17275  2499  84830  1573  3575  12148  8823  5756  4029  331  5898  286  9994  18578  18656  16251  6129  13871  5618  3697  23963  
7698  1641  6787  39115  160  343  3339  54998  1070  1868  70805  43307  41434  124529  573823  10315  2872  50925  23908  225389  5386  3452  4138  13700  4957  2963  2516  6892  2796  3308  733  7952  351  2568  16174  9298  17540  6768  3662  7485  3176  18428  1820  6924  48624  1673  667  10078  121244  665  2061  14639  149213  213551  647004  0  3026  1586  56084  11781  1.58543e+06  46328  89091  8275  668325  34952  194931  114129  13827  17459  8679  847  8235  622  6405  23463  14698  14037  6871  10628  84045  11024  21334  
804  1572  1857  3796  235  1140  2665  20327  3974  30509  58224  360  274  1075  376  52608  18040  31277  11088  17063  476  818  2699  720  1737  239  685  1122  2283  2328  506  3807  336  1113  20066  7488  14227  11091  2929  3087  2440  21385  16302  4897  3761  32850  98874  59051  142964  68044  2.35402e+06  130195  1031  1105  1473  4410  0  2.15167e+06  972709  169092  60875  3582  3915  14284  5287  3984  1787  15833  23136  26726  57066  24180  685958  487402  700061  213276  81448  580705  315307  12322  100311  66761  245777  
1432  2336  2846  4724  605  2301  4440  25849  9101  17256  305885  576  487  1710  3005  185617  52334  189436  36136  149928  1092  1135  7101  1141  4567  566  1148  1940  6235  6737  1902  13465  1264  3880  47744  11878  34520  19937  3478  5303  3296  19050  25500  4150  3458  81662  225564  68817  87185  87437  567865  88679  1134  1461  2512  12335  2.5765e+06  0  1.10378e+06  1.5625e+06  225354  6355  7766  34743  11944  5732  3173  12414  16881  75241  495897  482323  2.2386e+06  393083  360595  153400  86971  280611  123618  9152  47170  36347  128287  
7383  5270  9843  16028  763  1071  7290  40775  5884  18446  56126  1204  957  932  7834  27534  25096  282427  285038  142803  14608  10165  32468  5989  25443  2783  6306  14684  29799  24449  5643  39456  1969  16461  146434  21863  96151  46971  13026  45235  23923  24877  15043  8774  10073  14359  8167  46474  125441  138525  188841  39863  1834  1866  1498  18488  767919  882104  0  2.92154e+06  1.61689e+06  202280  41118  761405  36011  109166  25734  26216  35065  187598  102579  6143  91061  7675  42614  217924  50742  295742  157453  19375  89035  73934  257594  
5534  4662  8166  14701  624  1269  7602  43549  8928  16922  95166  1334  1047  1203  9502  32229  18582  236306  169377  164219  14297  7393  27330  5999  21753  2312  3978  9920  22849  15872  3777  27079  1326  10829  97776  18213  68805  35744  16234  27176  17750  33536  33830  11558  12241  78885  99713  168773  111669  298762  175211  15285  2615  2935  2314  41197  67702  2.09586e+06  2.69227e+06  0  723742  138928  40988  1.67667e+06  44484  136012  37217  44819  51924  715742  1.68359e+06  1.05813e+06  238338  8472  33203  268436  71009  276862  100041  23644  69135  101005  230529  
19874  11857  25919  65470  1704  3710  18413  193088  13101  51631  483865  23157  14591  32963  107488  146111  62482  675543  553769  1.25823e+06  72792  28932  116721  30451  75906  8352  12949  33536  78987  54895  12036  87634  4612  35419  287182  51072  207808  97343  22106  101811  46466  48039  16186  19097  63368  11241  5251  54681  484930  5537  63858  641952  175922  158942  467410  1.52418e+06  79595  18504  1.24306e+06  175263  0  1.74917e+06  1.19944e+06  242999  1.14932e+06  120649  97693  79570  50152  312483  171225  5371  70063  4041  15435  278933  68088  156655  53356  23257  137085  76256  274504  
2348  1396  3292  5605  85  86  1835  6518  283  603  2154  632  530  519  3986  760  1012  56150  48983  60043  79237  59937  42958  12512  19237  1693  1716  4129  15615  5763  692  5534  101  2449  47926  3908  15655  7208  3566  23100  5954  11233  5389  4915  5363  2640  372  14690  15337  165  2083  1263  1243  1224  1049  24731  1102  374  314934  23023  1.00638e+06  0  615028  171982  310523  42182  13442  13792  14696  59281  30824  329  17426  89  2881  98825  17784  48766  5361  6517  29221  24923  46190  
1067  681  1620  3465  51  49  964  3436  138  269  1386  382  276  279  2057  457  464  29407  20822  27387  41587  60871  24905  5804  7790  797  818  1824  6023  2233  301  2410  46  1045  23262  2180  7412  3581  3001  19449  2885  8236  3245  3577  3953  1409  234  9483  8940  90  1085  613  942  977  846  45717  779  234  54703  11943  546121  454776  0  169228  513662  30665  18249  14017  12797  29705  17046  239  12398  99  2023  65504  13045  32675  3627  5750  47768  18739  25570  
5924  4092  8821  15075  295  355  6184  24043  1448  3675  10136  1516  1090  1032  6324  4007  3386  141864  82996  106962  112680  194879  121210  20660  52578  4167  4373  10023  42639  11363  1463  12789  277  5549  125680  10331  34712  16082  9519  47420  13677  41323  28884  18365  15831  23194  5394  78065  74241  19371  9821  3774  2481  2539  1515  32591  4389  8180  760153  1.40698e+06  427891  341780  640620  0  448738  924125  91463  58502  49934  1.13042e+06  1.05071e+06  10134  92858  652  14570  281331  53259  237712  24415  19241  93741  84757  129159  
1920  1208  3233  8200  52  71  1676  7098  211  484  3675  1065  581  657  3283  1111  748  39742  24323  34395  33790  100594  36888  94522  13122  1861  1946  3655  7072  3232  486  4040  109  1503  64525  4486  14184  8531  10645  46656  7267  15022  4186  6478  9225  1204  259  13426  17000  197  1587  1079  4662  6559  6531  689909  1568  457  69011  13225  618466  225575  454804  500939  0  2.06951e+06  495058  146297  53264  107401  47445  361  28076  255  2805  138697  26250  44868  9908  14074  344037  38062  38484  
1611  1062  2449  5359  61  94  1427  6811  380  989  5523  586  380  360  2458  1950  1399  38556  29048  30752  19423  26054  27892  13405  12808  1584  1925  3331  8559  3685  615  4239  96  1575  67204  3818  13819  8285  8023  32696  6471  10277  4105  3851  5156  2323  687  12588  17343  5776  2724  1405  1200  1468  950  128202  1816  890  79052  44766  123591  75850  73392  1.1009e+06  1.74484e+06  0  1.74711e+06  1.19808e+06  400548  3.1146e+06  93707  667  23524  269  2414  224560  33305  38568  14291  11489  649517  54871  54774  
260  202  370  812  22  65  367  4841  215  223  5476  212  163  170  818  1363  369  8798  5776  8108  1646  1795  2573  917  1245  307  316  511  1045  657  139  1133  44  459  6448  870  3326  2231  1616  2595  1325  935  530  435  664  472  187  1775  15329  421  504  736  1102  1730  1122  308448  369  185  29039  8898  76792  17328  20357  47550  331603  1.22542e+06  0  704880  27470  104350  11260  324  3570  189  612  20222  2937  7226  3215  1247  469299  23244  24818  
2253  684  1290  9954  24  47  909  4921  206  397  4602  768  424  267  541  1149  357  5816  3501  5569  1107  1367  1551  878  822  304  414  2671  933  1174  145  2014  42  359  6558  3583  3985  1716  3835  2473  1027  61195  1428  916  9054  1525  478  3727  15295  503  2266  1180  2464  2366  1323  129244  3175  1622  21425  9553  59949  14686  16701  15707  66432  881251  550674  0  256010  56445  6458  452  4185  250  19225  93604  31891  23914  8736  17225  387609  218199  43631  
4610  3150  5715  29082  63  96  3731  9244  290  800  3035  1455  499  258  467  1043  644  7046  3832  5853  2223  5494  3035  4091  2391  320  752  7394  2618  2579  270  3560  32  472  8451  14496  17001  12214  29499  6189  11578  149212  7147  6022  23623  3433  1085  15934  21035  584  5596  2448  2648  2116  1202  12002  8491  4100  25778  14210  32697  16860  18284  27834  27111  281011  14742  248500  0  338408  700804  968  397105  389  46248  261548  135650  98894  42174  88744  174024  392093  60231  
3676  2832  5733  11588  266  552  4450  20437  2936  4723  28843  1144  759  794  8731  10473  6766  116086  99640  102761  19810  19273  26715  7628  16761  1713  2511  7240  16890  10684  2314  16365  725  6498  54675  10192  42929  23718  15074  18979  14660  29360  23187  10141  10884  38973  22851  72544  48480  20942  15222  5903  2270  2583  1886  109753  8312  17191  187018  248771  389285  136955  104207  1.14286e+06  132499  3.4802e+06  253546  263471  451001  0  4.73814e+06  17631  142748  851  8119  262169  62209  132277  43380  16753  219106  73288  104053  
3012  3592  5828  12505  455  1887  7364  34570  9776  6866  88736  1283  737  910  5281  32113  11257  133837  56774  110230  14387  15383  18679  5687  11770  1280  1768  4751  11304  6969  1692  12433  646  4576  44420  11256  32761  18359  10979  11966  9229  55017  87313  14120  13569  236726  210638  177765  94357  34452  90589  15465  3070  3499  2849  76988  51194  476436  176678  702708  329014  105053  91953  662679  95495  80439  45171  39724  551870  3.84378e+06  0  1.88314e+06  3.94782e+06  4915  28261  173900  90977  191753  70910  15365  70474  60044  110207  
391  909  962  1621  171  1073  2761  13164  4811  2773  55812  189  144  262  1062  17999  6008  54252  11507  43450  754  705  1794  527  1076  162  319  588  1273  1512  469  3253  207  884  11602  2964  7459  4357  1201  1878  1165  9692  38440  1746  1374  137815  157185  48017  39318  12709  73378  8684  529  786  772  15620  48855  1.0107e+06  36249  1.14087e+06  87618  7619  8294  56709  12311  5605  5544  5767  5478  81337  2.36376e+06  0  1.05329e+06  11402  18288  50518  38704  53880  26826  2406  15121  11197  29606  
5490  5982  10658  35131  497  1511  9450  40919  6362  9326  164623  2483  960  1259  4516  62584  19407  149340  40335  128909  7794  14051  10695  7496  6714  992  1622  7411  7240  7027  1641  12511  661  3655  41125  23283  41029  25879  33371  12604  14783  442421  117968  24196  35277  132649  309588  124361  171619  10958  490696  38598  5722  5345  4177  64017  547951  1.69921e+06  351363  390226  419398  82527  83154  188371  98146  42931  29980  48103  422393  266715  4.01324e+06  1.43011e+06  0  1.15017e+06  1.01549e+06  192571  238634  475483  108471  61112  68591  123632  115636  
62  112  157  369  19  61  237  1545  236  484  9674  31  20  38  157  3260  960  5736  967  5946  64  81  174  100  127  15  32  68  151  180  51  316  24  88  1306  428  908  621  316  202  160  3984  2322  460  374  5869  13627  3950  10160  399  113717  2599  85  119  111  2333  214508  206219  28982  9163  23688  971  1408  1253  2504  430  548  2331  3241  1916  8017  13245  544860  0  291746  5892  4592  33451  6872  885  2542  2903  5005  
2015  4134  5371  13986  362  1150  7653  37954  5192  9070  36061  1219  783  690  870  11684  3673  25656  6856  23583  1250  1893  1856  968  1134  188  442  2010  1277  1360  319  2479  119  747  10977  8159  8067  4148  3933  2429  1396  1.00806e+06  184821  19363  18111  892742  1.62802e+06  207771  386144  12131  1.33202e+06  29869  4171  4207  2430  14050  1.56444e+06  637533  189810  71628  96874  13402  14589  33421  16182  8174  5271  34632  54673  53468  127888  52567  1.61782e+06  852233  0  108862  122822  331137  57107  13744  34089  74172  44137  
5430  18350  18235  33823  2168  3525  34803  247139  14363  30787  75887  4935  3468  1950  5338  31489  6855  82854  41462  80391  25225  44822  27863  15550  10915  2118  4965  8191  8186  6170  1249  9728  429  3631  345474  62164  49992  69989  20886  28317  25453  207232  229977  115154  34529  162229  49116  688743  1.76026e+06  12101  677300  263963  17237  32732  18278  141593  570674  44147  712377  180687  812840  273437  281797  325028  265492  344016  69212  536052  698779  748404  363148  7230  125711  2945  44090  0  2.18799e+06  1.19128e+06  863846  135766  2.60635e+06  1.6849e+06  2.93154e+06  
4192  10635  14522  32017  655  2157  13128  79733  27670  19167  26107  1733  643  531  1086  15248  2605  18958  7540  16956  2785  5252  3008  2121  1785  207  489  2849  1797  1836  310  3006  122  901  18535  19909  13085  7424  8585  2880  2205  205350  188725  69005  42298  52590  57030  443055  212483  60484  86227  37768  6042  5679  3716  19877  59359  13027  83982  25573  116338  25472  27819  42339  28974  40844  7726  55837  53153  53514  35749  2163  31607  2230  15298  1.33073e+06  0  584007  214436  621259  310227  121406  221087  
4310  14181  17922  31199  1106  2348  21999  149336  13536  50832  45301  3334  2700  2230  1711  14025  5270  33781  15562  30487  4760  14315  13315  12929  5688  1035  2650  7184  5042  4746  775  5686  208  1669  43319  36916  89862  83928  121964  20142  38861  183624  196680  88210  34887  145247  31320  480255  1.11085e+06  25735  583470  171045  13668  16372  8339  30905  573779  83951  474685  133932  216070  29642  33873  74449  37292  21893  11280  49797  59444  101734  118462  7433  74096  2330  70372  554482  748634  0  2.11212e+06  363853  173495  226457  305928  
651  3076  2725  4369  378  956  6668  46445  5454  9325  11387  617  487  325  379  4150  973  8183  3537  7597  667  1506  2220  1784  1233  161  396  1060  902  737  162  1012  46  369  13455  7964  12617  21998  10104  2499  5552  17731  43035  8811  3797  54195  11629  100067  470474  11235  256274  39319  1354  3145  1545  10616  180017  26266  137399  46140  74262  6056  7674  17634  11022  6392  3551  11565  12403  32825  39429  2450  14473  544  18440  260225  237117  1.79251e+06  0  8987  306060  138542  627720  
2646  4822  8799  22891  38  76  5120  11541  233  281  1072  1934  2915  1226  457  338  204  2910  1791  2961  963  2390  1130  1159  732  109  298  2406  787  792  81  1186  16  267  2778  13279  5011  1381  7479  1414  1252  91742  13919  29045  35346  834  496  55617  14306  330  1215  607  15753  10718  4538  2407  1502  573  6303  3182  10155  7170  8352  12994  15153  5079  853  16900  32586  24560  18903  134  20615  57  13768  32465  471109  184538  1035  0  9586  16867  3072  
686  612  941  2895  68  98  892  8371  330  1311  11048  424  390  428  1353  3599  606  14414  5924  12553  7273  9156  11989  5663  4397  1165  2360  3376  2261  1261  201  1663  68  650  55087  3495  11238  11782  12088  18730  9623  7220  2778  1916  2767  1566  682  8471  27800  530  25765  6816  1768  2718  1290  176889  15951  1748  43552  13324  98885  39791  42460  58244  214840  670646  607289  958816  138352  131435  42991  433  15436  180  6332  1.50532e+06  49328  78080  116057  25689  0  1.11407e+06  239569  
937  645  833  4435  43  53  731  4073  217  1052  4246  340  241  156  384  1438  630  6883  3355  5987  1652  2923  1729  1010  906  189  501  1370  819  695  124  1046  34  296  12805  3480  4632  5925  4166  3164  2639  27121  2453  1461  3909  1617  706  6871  16352  355  9305  3119  1276  1177  629  12996  9658  2212  36483  22545  47285  17384  18156  28777  16843  13296  14946  1.119e+06  349663  52035  28823  994  18689  273  14201  828728  51088  91414  91742  36497  1.29628e+06  0  196198  
10755  49229  33550  26186  9468  8375  68124  1.04474e+06  32048  515675  652627  1712  2056  6257  7854  486484  41604  398358  148506  341714  15615  33903  125805  90668  78506  19319  40615  32521  29105  24340  4895  30607  1323  8811  3.19942e+06  1.25923e+06  465313  1.93332e+06  15822  116985  181185  19892  31346  12272  9241  30537  20948  106463  645033  17798  720044  254739  2362  3749  4160  53842  449380  37022  487987  137656  517547  57356  54904  99190  70631  49573  46072  101204  69340  73657  57143  5077  33947  1906  19270  2.42347e+06  484791  780053  2.55728e+06  8190  916357  358891  0  
