4764406  
2629404  
686808  
4389296  
4298666  
4401982  
8565667  
14098245  
4419080  
6898355  
2892255  
2421815  
2683578  
3674162  
2896600  
6077348  
7598618  
6953110  
8849147  
9012382  
1602629  
1371157  
4522296  
3448095  
8552654  
2095205  
2061254  
2409662  
9013740  
10432086  
2984154  
10563731  
864009  
7118508  
10952189  
3911759  
6047505  
2360900  
761133  
3836525  
2455530  
5252672  
2148363  
626781  
4543264  
3606491  
4869346  
8736305  
14784651  
4880224  
7453709  
2524763  
2724127  
2254778  
3415834  
2898557  
6212933  
7745273  
7163093  
8760399  
9187668  
1854368  
1241749  
5664331  
3995882  
7766985  
2017881  
1798222  
2242948  
9455943  
10039481  
3602348  
9681587  
871297  
7147486  
10968953  
3143499  
5549020  
2518598  
730636  
4014667  
2292541  
11365394  
