4452791  
2748518  
690369  
3983861  
4327369  
4459299  
8616932  
14808114  
4611550  
6918214  
3083821  
2416928  
2651375  
3717702  
2871422  
6000715  
7933883  
6478876  
8692883  
8777966  
1499284  
1161702  
4210992  
3961317  
7957532  
2388753  
2183818  
2036819  
8397746  
10182750  
3046156  
9843119  
797344  
7182406  
11517962  
4329727  
6568856  
2236958  
693366  
4921017  
2433609  
5856180  
2312788  
520784  
3993073  
3741357  
4961455  
8956434  
15065324  
4966571  
7988169  
2263003  
2978288  
2236404  
3402960  
2970112  
6208693  
7836534  
6824578  
8762831  
8300136  
1599477  
1051783  
5011689  
3988991  
7693496  
2334057  
1740987  
2096039  
9594156  
11446854  
3182334  
9660994  
1002277  
7323586  
11297943  
3646136  
5342828  
2202027  
778081  
4347724  
2184109  
11848634  
