0  1.06868e+06  128122  894408  240474  75911  315963  124191  9342  18364  2535  8855  2409  2480  2991  10116  14484  27852  16728  19710  12853  35216  139351  251249  96470  7676  11500  158906  95873  238469  5224  248927  856  939451  170771  461584  708732  35473  256770  66762  30508  10324  2653  9046  24658  298  354  10503  20171  903  714  542  2261  1893  1524  915  447  1958  8783  2794  9573  1567  882  2857  5538  1355  467  1333  1549  2230  1489  282  2808  49  502  14435  26227  6225  2825  23995  3554  5421  93437  
620888  0  11907  2564  736297  77570  492295  57971  5118  19166  3260  806  304  349  636  10640  14315  16019  8565  13242  1693  5142  26160  17160  5510  870  2338  6739  8035  17033  3750  7204  493  39865  480282  658724  219433  51290  16549  9048  14129  8374  15678  15618  9682  627  514  37103  48246  926  878  466  560  503  364  448  417  729  2029  470  2037  248  213  997  943  697  321  2065  1620  1035  730  78  1086  14  155  23382  30631  3722  2608  27928  2694  7820  199666  
32573  4849  0  124457  93  77  171331  106270  191  618  268  671  328  311  310  169  113  808  408  1144  291  919  2258  4390  2086  345  1299  5876  2174  1862  11  1574  5  179  28806  194517  71663  6110  102719  2828  8593  14764  6270  40611  24210  98  103  28794  36762  141  177  109  920  1342  1087  448  54  80  399  174  889  176  201  777  1073  765  130  922  990  1240  881  19  717  1  43  2980  34318  1989  587  28923  883  2988  17751  
1.00858e+06  4777  223517  0  273  610  12106  632215  1880  739  1002  1.25814e+06  21787  10812  5763  278  564  2908  1894  9543  1825  3628  5344  22200  22890  5144  8964  147597  68010  88159  366  68930  24  908  15760  86902  204369  2483  150117  29687  12079  138002  5074  127658  1.24139e+06  453  325  39549  160497  429  526  2691  218345  62787  38778  14423  167  572  2402  790  23880  1610  1050  2092  6498  1724  585  2003  2537  3248  2652  83  2201  20  199  7951  175524  6067  2065  78245  2262  6053  7982  
348130  1.26551e+06  4712  1532  0  1.2275e+06  1.31269e+06  153428  39668  64994  8276  463  289  350  972  33753  50441  37163  22216  28437  2053  3992  19983  4917  4447  1292  1872  6203  41981  77433  13358  22096  1610  395525  577993  598044  345396  105156  1371  8201  9467  950  6197  1561  1227  3137  3624  48099  44871  3869  1693  1005  203  189  129  425  903  1385  3837  843  3578  309  161  1525  468  343  155  319  228  448  487  137  1017  30  388  29807  9822  9256  7265  1033  2510  3095  253624  
61533  150473  2549  1047  679436  0  524716  363807  555169  1.22906e+06  11123  176  160  305  674  91196  173470  31431  64233  16077  968  1432  7786  2484  5124  1006  710  4815  56318  104667  16554  194413  9496  1.09652e+06  174276  142755  178628  56478  679  4186  2848  507  1126  497  461  2758  12096  83139  88189  29090  5882  1475  81  164  141  216  1008  1456  4539  1338  4211  301  196  1618  301  517  153  209  238  645  618  156  1168  44  528  19031  4777  12756  8770  337  2463  1758  129267  
204654  668840  242870  7993  2.09239e+06  925175  0  1.64042e+06  1.46619e+06  167768  14732  2071  930  982  1994  30927  41549  50134  68228  36702  3022  8545  41123  31100  22614  2794  4332  15205  149589  181345  20494  15010  788  23253  748725  1.23994e+06  395623  98080  67772  20964  22498  19773  98926  74041  28488  25253  34963  621282  478027  33808  9874  2506  1431  1313  833  1343  2174  2204  8722  2859  8228  951  723  6796  2249  2152  677  2965  2483  3123  3012  315  3090  61  1395  110892  96479  53408  38856  40451  6975  12612  334335  
20252  33889  340145  992448  45397  167084  1.66988e+06  0  1.86829e+06  378200  468127  1.19019e+06  1.21703e+06  743799  267595  39402  14765  75948  104660  381334  12462  10410  35773  27901  62983  45610  28765  25889  41304  19357  1144  26273  1307  40667  599446  935542  656718  268388  70025  63972  20207  52405  99477  119584  207026  35260  87458  873498  2.70693e+06  427184  139374  55356  215525  122341  27801  32041  9558  6046  30906  12978  77224  4955  3056  21675  13974  6853  2835  3911  3595  8586  9107  1006  7720  175  6365  257319  218352  192853  128542  50289  26759  19917  556020  
3746  9861  1721  557  14561  748063  1.01302e+06  1.56797e+06  0  1.27612e+06  4252  82  80  182  780  13529  23763  34887  193758  9203  542  625  8130  1954  37742  2962  1063  4675  146710  56880  834  11172  321  12895  109077  106785  111065  59314  640  7229  2777  587  1494  343  326  3970  24617  135276  186711  128029  24067  1670  38  152  105  216  1289  1155  5552  2645  5261  378  217  2287  321  1126  210  300  342  1676  1365  200  1405  38  943  23217  6381  20153  12540  271  4564  2274  107869  
27846  28187  5491  1517  29934  1.14518e+06  173229  666774  1.25952e+06  0  107717  320  294  14379  1076  2.39586e+06  257306  115711  135013  26805  1339  1911  10337  4745  9621  1557  1584  20232  77208  66483  9170  390011  83383  830220  357843  368831  699989  438397  1998  15739  11719  822  1091  517  595  935  3417  26552  259124  78223  225056  54964  159  223  831  308  7137  3271  9913  3702  8647  485  250  2017  541  1728  396  1034  772  2177  1438  305  2680  67  1052  17192  6491  18507  14017  1527  10250  7475  521914  
1107  777  3426  3280  723  1157  5600  589901  2696  209413  0  6242  13661  1.00866e+06  26418  80291  2051  113764  3528  1.00858e+06  4740  2062  1970  2074  3494  3268  2168  1405  1567  934  95  3908  943  3245  51149  27238  29156  22313  981  6658  1958  1703  1136  921  1803  767  1538  8878  222943  10538  180169  299266  2582  3801  81205  7799  31651  19922  41879  4411  70830  1774  806  2846  2602  1833  966  1530  1320  2617  2570  1608  12032  397  2563  35988  8255  23415  20088  1291  17901  6051  76069  
6934  1663  27079  653602  730  627  17608  1.01777e+06  1538  865  8542  0  376670  135040  85650  310  224  1912  437  74559  2205  1293  483  4225  3894  4292  4516  13570  2972  2725  16  3177  24  198  7472  12441  29980  2038  64046  7470  2408  11642  3257  13663  244305  1560  943  28127  197065  703  887  5682  844932  72068  27752  22616  437  474  2513  677  32025  1866  959  2096  6860  575  683  610  606  856  1094  109  861  21  393  14427  18950  18469  11913  23780  1414  1829  13285  
1254  695  8765  22530  1033  1976  21009  1.28358e+06  9727  3883  34801  272044  0  608735  249253  1054  527  4736  1192  223292  6538  3275  844  8903  9468  15160  9800  3478  1983  912  36  1136  62  610  13149  10939  16746  5612  10657  19230  1016  2992  2126  4026  33056  1966  3074  29177  309143  2572  2112  26085  256882  577915  124400  38935  1100  949  5124  1382  63648  4049  1793  3464  10691  770  1776  1137  521  810  1082  174  1189  37  1145  16960  10394  26178  14430  5333  3161  1800  19997  
1366  475  15201  27616  449  895  6324  672129  5885  32368  985281  159262  497770  0  555898  5354  1179  18887  2391  958432  21181  8731  978  10942  4687  6391  5349  3676  1901  1140  83  1985  160  973  13269  9485  15600  4641  10845  12236  1400  5019  1203  3879  28064  694  1258  12616  254813  5985  17133  168427  55003  127359  618352  49180  9533  6181  26000  3474  143882  6735  2572  1699  7467  1213  1274  1196  1007  1876  1588  617  4766  169  1097  17614  7532  11646  8321  4740  7515  3385  19562  
2005  713  14329  18840  273  311  4293  181108  964  1410  17298  96365  182997  480773  0  1061  1933  65956  7102  1.86188e+06  56515  37128  4765  593724  34961  112232  32627  6967  6192  2516  145  6010  813  2984  25940  5215  18739  5981  8114  72488  3964  6551  1184  4411  19045  729  1026  6471  40184  1892  2277  16434  19221  19402  135142  272361  3227  14398  66336  11327  220170  6727  3604  5284  23704  3037  1432  1839  2345  5160  3959  1730  14193  592  3170  35754  7206  19220  12798  2710  12223  8192  32302  
29226  23894  6992  1712  21325  99267  56378  91387  90907  2.69795e+06  98342  363  311  1933  1125  0  1.83769e+06  598973  204668  56992  1709  1723  8876  5653  14569  2373  1946  19127  179038  91496  6568  453285  231908  789556  215930  64540  604177  265242  1429  12510  16087  691  565  403  515  328  706  4110  12252  3127  9965  9823  131  146  1891  496  10902  9149  20433  1616  9874  644  334  1608  668  690  474  781  601  1208  1007  648  6437  218  1050  14134  2301  6467  5849  659  7646  4525  317722  
48691  64739  11584  2458  72309  232596  94623  92531  132233  387473  33382  406  389  809  13359  2.11856e+06  0  714397  1.64101e+06  324019  14233  6168  15282  10563  21144  11085  10493  20289  100075  342170  255760  1.52648e+06  548282  741476  329387  78082  566207  158904  4828  48362  38025  5259  2292  1064  1502  2235  3998  16836  24041  11957  9761  16232  257  810  1177  2439  45257  79137  170274  22556  109696  3906  1961  9848  3144  6079  2791  4589  5691  12759  11653  6680  52482  1639  8974  107725  10852  51598  39559  2493  45676  22217  293344  
58720  25155  21511  4821  5463  18884  63019  125123  145084  274742  173177  735  571  4342  7431  615825  433933  0  3.5484e+06  1.1524e+06  169405  56825  935722  95551  203158  49105  13593  46621  151398  62271  2843  139968  8071  104777  297507  40188  487618  229030  13519  100820  73935  10846  3253  1800  2418  2057  2987  12182  25560  8281  15521  12536  355  767  4409  4232  11787  47377  201354  56891  207641  43941  29587  116748  33855  26892  11740  10988  10200  21852  16041  5294  45425  830  8608  163317  10122  57452  26209  5461  79509  33391  353585  
65411  29720  20896  5136  9376  55772  115534  101451  336022  176692  18767  588  425  702  8712  70219  1.59084e+06  2.9433e+06  0  232487  9078  9956  1.49026e+06  40461  502154  100989  18051  62918  931689  1.34968e+06  296842  222791  4278  121077  194575  34017  342904  116092  13590  109905  69819  5652  2086  1161  1637  1453  2397  12400  21869  6760  7994  2890  235  420  479  1939  1976  18920  96096  30651  96644  15161  9280  40131  10764  11284  4772  5184  5359  12692  9150  2685  23390  561  4929  84007  6380  33802  14621  4441  34363  18912  167895  
21331  8587  18256  14593  1686  2103  20947  346042  4595  23111  828567  45755  81860  445458  1.65225e+06  41392  17205  1.18165e+06  58732  0  1.49023e+06  843195  42040  1.03128e+06  96404  166106  72205  27865  55654  26797  1531  52522  5022  26892  261045  25333  148665  63130  12483  354631  35175  21540  6580  4792  11925  4875  6584  26232  98159  13744  23203  157191  13924  17297  123265  72303  31166  93783  457925  101894  1.26116e+06  127776  75716  169844  73530  38796  16289  17264  19087  44580  32175  12179  96829  2501  20772  302881  25921  125578  68259  8184  117968  64591  229537  
4288  1434  1614  553  100  68  2107  5708  230  364  1432  351  684  1236  29686  291  572  229166  5168  857868  0  853991  49553  379060  20869  17030  7665  4678  6830  3988  104  6960  348  3217  28449  1849  19522  5194  1416  45730  4582  1458  384  276  321  226  234  1243  2513  210  317  1045  125  170  345  2031  338  1108  45847  6783  85015  102606  43871  37093  61286  4892  1621  1204  1288  2395  1775  303  4124  62  1017  14722  846  7172  2049  617  7276  3852  13386  
7662  2256  2618  758  102  64  2727  3808  246  211  280  194  321  539  16341  162  297  57070  2268  275479  692931  0  127758  817872  40727  23445  4557  7076  6117  5826  91  9920  98  4324  35642  2164  27921  5567  2157  56436  5671  1309  381  250  264  182  113  1013  1547  106  129  285  94  108  114  1587  148  462  39070  1751  36725  112322  43475  47232  110866  3296  1052  877  967  1523  1382  104  2447  14  425  8981  494  6086  698  762  5128  2638  11216  
88479  41010  22606  3617  1047  995  29040  36983  10761  4052  4642  410  244  354  1802  1808  5776  704771  1.2136e+06  63810  48470  146625  0  569935  1.26459e+06  60420  10508  49800  862380  442425  1534  151631  543  89089  98463  14309  179384  46356  10061  93204  43939  1570  585  483  682  188  222  1934  4242  577  964  477  130  108  119  1513  295  1208  52683  5465  112373  26578  22499  83546  36901  11543  3907  2323  1461  2274  1767  193  3076  35  531  25417  1239  8194  1665  2878  26531  3959  60953  
76047  26750  29117  7160  244  361  24391  24389  1563  1079  883  1905  2746  5450  497974  533  1034  105176  18837  676150  246066  843291  635217  0  1.69209e+06  612083  34230  69751  57178  52278  491  65396  394  8624  148379  16666  204866  41251  18282  276387  51169  1589  454  455  937  155  144  1380  3080  236  326  460  610  450  234  3682  266  1094  24262  4011  33714  26284  12940  61778  191999  5836  1908  1365  1349  2071  1663  191  2932  26  467  17195  1019  10312  1508  5070  10892  3355  114654  
52653  15453  19003  7584  461  1878  25005  36906  30648  4988  2222  1832  4028  5573  28945  3098  7659  105884  242690  74988  30500  53748  771593  1.72432e+06  0  1.53095e+06  759105  255742  2.83616e+06  115529  1266  67600  401  11920  151908  15334  161432  35587  15799  701985  57460  896  301  283  850  156  242  1515  4893  803  1315  700  827  851  211  2044  354  1511  13832  3302  20864  5172  3318  13292  12477  5248  1388  989  965  1635  1100  177  2442  29  427  14308  954  8103  1846  4166  8591  2758  90160  
5518  723  1497  2130  90  171  1916  20874  1844  1255  1071  1989  4810  8377  62003  732  1394  29340  48835  87681  14422  21458  50335  285695  1.67865e+06  0  279950  32506  84334  16273  176  13153  145  1923  23020  1643  17773  6495  1874  365422  5539  269  96  119  411  55  63  464  2803  156  341  332  1004  824  139  686  117  446  3225  904  4445  864  505  1930  1728  619  277  204  202  363  247  55  622  10  140  3441  393  1535  607  555  1676  605  138065  
10359  310  1197  3916  34  67  1031  11351  278  627  708  2668  3190  3854  12923  810  983  11242  3078  29604  4940  4210  7820  15757  895308  271503  0  498143  22812  5477  56  5826  158  1166  82842  5777  38323  22310  6629  891746  299940  251  81  130  695  42  37  330  1733  105  134  314  681  527  133  543  187  638  2707  559  3537  472  303  1245  704  507  243  214  222  378  277  71  716  19  118  3574  269  1479  697  565  1872  915  65871  
261267  3472  12715  148195  452  919  9432  12967  3404  4596  1121  21821  8786  7929  6521  2612  2285  15181  10013  17452  4962  15851  55201  60067  124799  18845  307270  0  211081  301131  531  531566  172  61371  214789  48366  411536  150801  105918  258034  657999  1484  174  1028  13162  73  109  843  2643  332  865  476  2779  1456  1175  539  221  1177  4354  1358  4175  843  875  4814  3571  1890  264  600  1514  2708  1723  148  2895  25  220  5714  1835  14055  1846  6623  3793  5114  43430  
61187  13437  11052  17775  2599  29786  91734  40631  228675  26313  3216  676  511  637  3680  9447  38168  117229  523193  46514  9991  21391  941887  117039  3.11512e+06  48307  15592  431935  0  3.97308e+06  14904  124784  718  29985  101072  17470  148075  36105  27437  240389  26822  2228  717  473  1369  502  1014  4627  9442  4719  2570  882  184  226  180  1519  971  4859  36029  13056  38405  6131  3334  13176  7071  4967  1580  1788  2506  5381  3651  999  9427  187  2228  28665  2425  23520  6186  6929  10230  7953  54314  
212874  122610  22635  32248  61881  94386  170303  74200  186184  52348  4613  606  343  488  5898  23020  461092  112697  689981  89058  20359  48120  478280  285941  180414  20032  11577  368899  3.34361e+06  0  1.04634e+06  3.37116e+06  5156  158816  112594  31755  230570  45204  18983  136001  26458  3339  1388  713  1525  1006  1731  8351  14247  7119  3354  2285  173  320  332  1895  5866  19583  64129  15357  57677  5223  2714  10734  8803  4337  1742  2409  3337  7599  5423  2358  18927  471  3883  52058  5049  29443  14146  6209  17376  11926  79439  
12378  64482  1304  718  39929  28341  38149  10084  5375  11747  1257  48  58  106  3830  7156  541993  29714  282434  45956  3858  2489  13798  5871  9427  4336  2660  5660  79726  1.63977e+06  0  765308  1264  16044  23723  9965  24318  7913  660  9257  2366  685  356  177  205  343  553  3363  3579  974  660  661  25  97  113  528  1548  5019  15523  2997  15142  735  364  1360  630  696  298  512  676  1569  1282  637  4482  132  888  12604  1377  5308  3513  440  3711  2548  16539  
509061  103375  29351  72086  60990  175695  71764  88246  37966  379050  31347  2566  1085  1458  11055  352570  1.21503e+06  433995  292886  355461  37732  72680  612934  344888  188796  38674  15944  494602  231593  4.06798e+06  423495  0  830785  2.17807e+06  213007  49942  729817  91290  41112  180425  61459  4948  1891  1307  4529  1633  3067  9677  18587  14016  9589  14109  555  902  1337  2181  34033  90373  165719  18175  102862  6613  3818  18291  11716  6703  2380  3868  5407  11115  10951  7146  53049  1500  8897  94974  9237  63363  42164  10581  43833  19106  171759  
5755  4123  873  177  4162  8446  4123  7790  722  68502  4875  42  17  87  308  161736  265720  30752  4537  27817  941  444  1952  803  1661  630  295  1748  1749  4914  1429  421482  0  309603  11732  4812  67990  11568  149  1436  2258  170  85  63  68  67  126  524  1038  388  588  1559  19  16  91  88  3707  3539  7682  368  4257  220  146  571  167  175  110  169  152  296  297  231  2206  76  337  3765  421  1944  1811  93  1950  716  16447  
1.19793e+06  328809  16851  7558  528578  1.58748e+06  98981  178785  27450  1.4745e+06  25523  543  447  648  2326  1.08858e+06  1.23194e+06  195934  77766  106678  7839  16203  156929  28779  25792  6845  2498  60087  50410  134728  25329  1.79666e+06  789866  0  74103  48595  901622  38999  2349  10387  7598  1004  900  791  969  457  932  6678  13388  3705  2755  4687  189  191  357  360  7960  12166  24277  2357  16210  1140  707  3112  1483  851  445  629  734  1397  1282  838  7402  256  1260  16102  2852  8125  6828  976  6864  3035  71905  
66299  61015  230519  29212  28245  52093  500781  1.69088e+06  128715  951239  280681  6214  5641  8926  29751  396744  147569  784883  148974  551564  36133  77300  265490  161885  187050  42752  195073  350895  158775  117272  4062  136596  11675  37102  0  3.16614e+06  437942  309551  104908  1.61657e+06  671567  8536  10002  8433  8124  6610  10638  95561  214674  30127  27425  16978  2237  2279  2462  6393  9057  12107  41526  9709  46884  5206  3223  18169  10024  6235  3180  3980  3835  6290  4726  1262  11254  312  2694  421519  60658  60954  53773  11244  47593  66743  5.42068e+06  
104985  191138  677974  47070  19108  10362  1.04705e+06  874127  20800  153444  45640  4334  1882  2398  2944  39476  9793  52090  7640  41985  1581  3404  13383  7630  11388  2307  22083  59128  11068  8191  332  8557  685  2681  1.7636e+06  0  220016  207456  450451  62550  123815  5309  9220  6758  9942  2200  2278  43570  86971  4724  6703  3811  2021  1722  1414  1007  1932  1716  5359  1216  5321  501  363  2623  1222  1010  381  1833  1782  1802  1294  140  2157  40  459  49423  25977  15072  12994  17475  8014  16804  557555  
249554  150587  408950  61950  39195  25455  634671  1.50528e+06  67131  629726  106249  18916  10804  11802  14935  323857  97803  258971  93690  213247  16957  34690  114601  100583  53395  12800  20555  123603  128120  82004  2856  87034  6459  94164  252795  1.37685e+06  0  1.97135e+06  374134  52187  165370  6277  7419  8226  13490  1600  3118  41893  131399  17549  16485  7856  4568  3173  2454  1437  3205  6233  17678  4019  19194  2152  1684  10183  5610  2898  729  1279  1980  3726  2776  583  6191  137  1059  31209  18039  35859  15472  25697  12332  11378  393368  
7482  8543  19416  5263  5474  11771  69566  360051  31677  362437  46632  736  897  1193  3176  112489  30188  93331  35642  76649  3934  5515  20320  9589  12648  3849  9391  20164  47460  22725  870  11784  1810  7144  108830  266514  1.5352e+06  0  13595  25638  165726  1097  1011  1268  1591  465  1276  9380  28672  5333  7695  3388  295  375  373  688  2005  2197  6833  1744  7111  799  441  2376  1087  835  407  451  614  1142  834  204  2094  39  383  13886  4190  13527  21659  2036  23454  33770  902160  
104797  12965  285661  72297  50  60  41297  14647  152  568  348  15278  9089  8111  4911  150  136  1866  1006  5592  733  1960  5196  7257  9679  2029  13185  58440  8800  7336  28  7452  19  209  20857  447121  228509  16270  0  9287  78487  1081  284  902  4499  33  44  1028  1863  78  295  238  1702  1000  887  347  46  150  1057  514  1257  279  335  2779  1102  793  124  571  1058  1525  820  28  1212  6  37  1799  1280  10641  1333  8549  1237  3777  8805  
32009  2806  9838  13901  255  566  9648  36430  2372  2237  2332  5245  7853  14322  55423  2097  2864  53174  17374  113815  26087  30025  37422  106039  509322  245172  1.44768e+06  537142  183726  129505  395  90008  457  3126  1.70816e+06  88618  107176  22894  31874  0  1.03613e+06  2096  512  766  2646  307  438  2335  7520  1254  1369  1829  1781  1544  645  4401  1482  9777  27044  4945  27499  4640  3152  14630  6889  5260  2505  2348  2668  4556  3317  993  8513  154  1177  33727  2258  20137  7551  8418  20205  12399  184015  
8799  1279  5918  4265  118  132  5794  8150  286  1583  961  969  894  1455  5249  1009  1556  25038  13567  22452  4561  17738  78756  40814  36172  11854  955787  649822  10682  5685  86  7393  238  1453  481860  66351  210644  293429  27959  1.0433e+06  0  292  111  145  379  58  79  642  1607  206  660  296  223  165  100  246  297  1165  3444  761  3305  395  249  1317  1241  386  126  249  468  845  463  93  1255  21  163  5264  634  3472  3291  595  4002  7196  123856  
1711  4183  11751  11959  275  320  13354  19165  1095  1045  717  487  361  172  222  470  833  5758  1723  4049  825  5168  1227  6396  591  143  227  508  625  481  43  1007  82  371  10840  4919  3903  2024  2729  1718  917  0  1.38285e+06  51678  626030  338658  230397  341698  69860  13518  26187  3504  1891  2126  1373  3944  8234  10171  38500  28351  19683  8367  14397  161182  95052  87031  4284  14515  76561  77718  216423  6244  211613  297  1.26092e+06  318684  327968  656286  144778  115848  27314  35832  185397  
411  9061  3834  1486  2368  638  91692  67709  1871  1110  511  296  166  84  124  459  321  1967  531  1647  243  1075  481  1097  205  56  81  234  258  169  24  298  42  174  12367  8083  2537  1613  592  494  659  805633  0  9646  1878  469898  199434  557728  41459  9784  18559  3501  159  292  153  2298  5692  3907  16634  8647  9923  2429  2962  46037  11664  13737  1161  2164  2704  12065  32545  1803  14677  109  18183  401443  416592  232274  73676  8967  16185  12759  181501  
5256  10217  44198  84123  220  69  25866  24709  141  104  65  3133  90  71  73  47  25  227  75  248  30  147  112  241  135  35  53  676  297  297  1  292  4  33  1735  4196  1553  225  955  199  151  51299  8107  0  154403  260  332  118483  107859  451  673  177  299  360  235  438  315  365  1494  752  1041  199  314  4809  1330  1553  166  452  351  916  2282  102  757  5  163  22030  69854  24473  3583  9989  1470  1880  8795  
35172  22487  133279  1.43674e+06  509  446  50428  142260  1100  466  1263  421806  39734  16907  8044  185  395  2010  673  12102  542  713  694  2138  2192  747  1137  17843  7216  7602  40  6817  20  168  6490  26689  25379  1103  21204  3424  1635  737863  2436  151068  0  388  489  10941  622190  668  875  5514  1.30428e+06  134641  67924  34028  299  695  3361  1243  58124  4080  2403  4498  15594  3928  1180  2349  6003  8781  8674  122  6516  22  271  13662  243732  18140  3132  139121  4047  7224  7657  
181  1027  992  636  1886  4743  53386  59759  12273  2488  1055  110  225  120  182  907  522  3214  898  2681  321  1294  522  729  337  86  110  222  508  389  46  485  51  325  13071  6909  3834  2530  396  634  569  548422  1.04774e+06  1679  1120  0  1.84822e+06  930587  92700  36342  99416  10539  145  421  210  4846  19608  9017  37356  15043  22840  5107  4087  58701  5967  8438  2168  2637  3115  18026  29449  4288  19582  314  170166  618241  496862  212038  71164  1180  27622  16101  273399  
312  798  650  469  1646  13143  44629  114515  59390  11581  2176  79  391  194  180  1420  949  4494  2520  3517  351  1218  671  743  836  160  124  295  1523  857  68  922  80  822  13063  6022  8674  5379  410  862  583  172703  261100  1742  1341  1.17705e+06  0  790185  281836  614957  1.43375e+06  11614  169  767  369  5343  49262  31719  46587  26350  24167  4731  3938  62728  5930  16364  2068  2841  6671  92350  114917  18336  98858  1717  1.01832e+06  343547  284625  237132  70479  967  28737  14141  189908  
3306  35230  27833  15820  26767  62345  794560  675362  162275  15761  4076  1214  883  717  728  3849  2104  8498  4777  7704  770  2227  2359  2106  1928  372  451  1242  4318  3087  326  1934  183  2445  69900  63884  33095  16417  2063  2593  2093  223562  763406  258314  19111  1.68553e+06  1.54716e+06  0  1.79402e+06  1.07351e+06  191246  17274  891  1542  810  5911  22764  11429  83024  41912  71649  6645  5815  100584  13997  34369  3957  5824  5807  65699  79841  4440  21406  384  19624  600403  967174  435508  133938  25094  50475  28792  295683  
13507  57626  111851  163021  22371  83334  736881  3.3503e+06  592406  332000  111278  70227  122723  172672  33452  11939  5176  25795  23652  96335  4177  4204  5453  4653  10887  5250  3677  5179  17768  8002  428  6940  418  7310  183451  147441  116491  70889  7492  10843  5286  33255  86742  153742  842652  61673  96879  2.15882e+06  0  1.95244e+06  625134  526993  1.2199e+06  1.40298e+06  707430  394265  25826  14199  105183  50083  562137  40810  18437  81797  144676  30110  37031  22439  10070  27615  33800  3296  22009  467  23571  673843  1.2317e+06  811981  451812  26353  216110  71658  618128  
391  1189  503  310  1080  14958  22758  194599  181167  107146  11674  46  82  273  71  1944  1026  4207  5768  2473  99  239  760  369  1939  189  120  544  5297  1966  57  1534  114  1496  16727  6631  17888  10900  375  1040  614  3098  13426  989  724  18898  693807  896127  1.66884e+06  0  1.596e+06  6245  46  182  137  730  13102  25171  37000  178671  11197  706  536  39927  1461  68181  4920  5853  2800  116014  76481  2999  11261  116  5628  63377  214856  87749  49876  847  29530  8836  78868  
518  949  755  626  522  3594  11383  164600  51261  244499  50635  140  156  892  172  10411  1346  7796  6858  5366  220  588  930  660  1613  268  280  1505  2414  1162  65  1736  136  1346  17914  8627  16951  14436  1180  1723  2393  18175  31292  2655  2081  45638  1.18667e+06  262085  1.07393e+06  1.81579e+06  0  135079  217  560  833  2503  2.38559e+06  206045  138494  121822  31083  2662  1630  38562  3972  43702  3720  6418  11166  120101  126547  22942  421139  62809  661726  242917  640608  388307  265534  4345  143833  56833  297982  
678  558  1169  1890  277  839  3680  66148  6087  272120  355547  4142  8328  62687  6865  48429  3416  28728  5070  89498  1403  891  992  935  1423  585  523  1108  1445  937  123  4190  907  1652  21884  11060  11706  8523  792  2830  1534  1345  1162  495  4539  943  2026  6629  636164  1803  143806  0  10122  35529  721484  21039  73169  8385  74092  1724  787924  20291  4792  1484  7630  1102  1922  2625  1409  1518  1289  587  6325  709  2071  47455  36296  20845  22627  1914  19255  6252  64927  
5123  2971  37663  281898  1472  1722  33292  546374  3691  1096  4489  1.07014e+06  232462  47351  30572  387  609  3277  964  38513  1410  915  561  1970  1983  2325  2116  4937  1548  1473  39  1712  35  335  10738  17248  12482  2933  15704  3952  872  8668  3748  16472  713586  2071  1310  32028  1.14508e+06  1100  1262  12056  0  381234  97825  113527  531  930  5067  1068  162085  11108  4990  3347  39155  1849  5174  2672  2052  2248  2320  195  2040  47  531  19994  27181  29431  18922  98599  4422  3985  19504  
1571  969  7491  20538  785  2836  16417  300708  14895  5224  15324  25247  405841  143840  29355  665  951  5332  1687  56453  1920  1042  476  1359  1907  2563  1461  790  994  613  65  962  67  576  12576  8708  9248  4635  1586  3385  505  4254  1473  3021  59650  1383  2877  16681  1.1803e+06  3202  2044  48381  369034  0  468929  129746  1119  1198  7887  1395  173096  14027  5312  3452  34914  2823  11599  8100  3307  3018  2707  195  2811  56  1141  12040  15714  18673  8119  33904  15926  5566  15473  
2922  942  11246  31487  304  1051  5691  127609  9929  34238  87702  29951  121215  737839  145256  4309  3859  24033  6256  214819  4542  2547  1116  2187  2207  1991  1771  1503  1818  1281  180  3253  292  1418  16574  9194  11038  6141  2382  5554  1337  6441  929  3003  86849  665  1339  6267  935295  2435  4832  976853  172329  586952  0  407727  6707  7906  48419  4157  997322  55270  16527  2660  51804  2961  5474  3905  3011  5087  4290  887  8080  269  1529  19128  15422  13366  7891  20852  12360  5688  21792  
2406  1158  7129  15056  163  277  4495  41345  1009  1422  6665  13205  24847  61910  405641  1691  2551  37246  8093  155236  5408  4473  4917  5624  3292  2710  2079  1814  3594  2305  231  4690  471  2419  16569  4499  11616  4778  1906  8721  2720  4988  1191  4024  41185  918  1148  6635  209978  984  1357  12253  34617  163775  489255  0  1233  6161  60899  6969  1.72968e+06  72807  70187  6985  595698  14686  170188  43230  8040  4537  3661  1495  13154  390  4174  37518  11260  19612  11756  6036  89072  16785  29551  
237  198  343  321  94  306  2183  7740  1817  12441  7371  56  85  188  116  13448  1910  8531  1287  6222  199  411  524  566  482  171  199  369  476  394  67  2155  437  616  7944  1972  4175  5651  297  1859  1713  20209  16267  2621  2582  20941  80506  37463  70630  85185  2.55769e+06  99995  184  418  673  2612  0  2.33438e+06  888795  92624  36036  2874  1142  16081  3475  25475  3009  6048  15643  46188  52181  22978  655049  413621  599737  253350  118584  569156  323494  1638  150824  62889  371440  
2980  1490  1786  639  507  950  5371  14961  3798  11444  18593  136  255  512  1835  35845  26255  132371  27686  88320  1755  2124  5018  3783  4720  1241  1702  3203  5914  5848  1145  23771  3643  7254  71325  8865  32606  17401  1892  14519  6718  14904  10011  1821  2599  14339  81605  43483  39972  212910  470416  56791  434  2561  3095  19336  2.45242e+06  0  1.33208e+06  1.5889e+06  300021  24055  6738  35617  15835  44015  10194  10513  14489  156393  313412  196694  1.60158e+06  507826  314237  184201  34056  262657  120402  2529  75441  36648  192277  
6375  2796  2925  1157  536  1044  7619  18536  4745  12782  10929  158  247  515  1881  15627  21863  136189  47338  76132  12269  23437  28481  25129  14626  3320  4624  7594  15161  10865  1175  24657  2615  9571  96390  8492  45102  20323  10194  45942  11073  49136  17189  5706  7618  18224  41174  64169  116768  94515  204942  33593  489  1442  2006  8591  799206  1.07398e+06  0  3.04551e+06  1.22305e+06  127679  46046  648934  44773  176800  22457  28854  42958  135130  92287  16956  246824  6139  91104  277729  30561  447874  210857  9818  171704  120343  279479  
3526  1704  1920  967  368  805  6342  15592  4257  7823  3884  154  278  265  1648  2155  12202  80640  30626  51265  4377  5974  10275  9526  6807  1713  2175  4795  10087  6725  652  12072  950  5671  46848  5121  30135  13814  11173  19761  7817  48624  19081  6185  7873  19713  79291  143683  76315  578148  163910  4978  480  1723  1266  12442  33403  2.25786e+06  2.43913e+06  0  395108  10832  7229  1.45435e+06  29782  411674  59500  52319  46491  618699  1.26114e+06  579281  337660  1110  71593  278736  37798  277231  67047  11282  112945  115283  154049  
23587  10626  13330  11446  1984  3652  25193  125415  18076  37403  99530  6644  17223  32383  110466  66625  58227  574185  170462  1.00793e+06  67974  69500  112699  89338  50207  14999  16143  23876  60041  38437  3793  84420  10060  38793  293184  28153  167837  69553  13893  133094  37181  44927  10645  8423  35078  5973  7900  45938  520899  7310  38650  627177  45717  188188  521648  1.50496e+06  20900  60805  1.46842e+06  101306  0  1.96089e+06  1.16024e+06  131863  1.06157e+06  79432  171286  73960  42127  81880  50190  10417  114750  2430  23873  345104  37815  198146  78182  13067  270022  114613  273879  
2974  1273  1125  448  151  144  1928  4557  589  923  2178  137  274  505  2366  1752  1656  56918  21935  54290  71240  120301  25481  39757  8201  1604  1608  3161  7768  3646  203  7107  584  3733  24767  1715  15993  5299  2174  19713  3877  9682  2008  1443  1987  872  737  5502  11414  445  869  2837  428  2197  1957  46344  748  1907  379163  7888  1.16486e+06  0  775891  85677  292005  17503  23306  11290  7754  14669  10098  586  16107  112  2591  50666  3234  30414  4606  2094  48127  19315  24241  
861  368  380  177  48  45  644  1542  155  224  529  71  176  267  1179  418  377  16548  5302  22230  12354  49389  12472  18740  2912  527  537  979  2033  1063  50  1848  130  899  7858  604  4655  1698  1542  7247  1201  8505  1073  766  1902  502  412  2956  4911  316  389  708  245  936  794  51382  247  668  122587  3260  455105  537912  0  150288  471927  24410  27365  8240  7443  13408  10087  215  13583  39  1134  29620  1540  18758  1685  1782  44167  11228  9358  
3783  1795  1737  875  195  303  4863  9172  1116  1518  1582  116  183  157  958  721  1438  91169  26362  57135  22845  82383  70911  93760  14979  2789  2433  4259  7579  4032  148  6249  259  2980  29801  2799  17726  6822  8284  35964  4996  44494  21503  9436  7129  18497  18419  61326  65851  36691  12177  1880  356  927  439  7448  6162  14949  635832  1.38878e+06  185040  69468  157919  0  309394  1.00785e+06  77374  67973  39689  871403  979315  12542  193191  199  41363  171189  16611  261951  16778  9036  90973  84662  78215  
2083  905  1789  2125  57  83  1625  6127  305  530  845  867  1375  1911  7045  604  984  24714  7624  33248  18997  92401  24113  188099  9414  1965  2177  2995  4727  2870  104  3723  140  1526  31751  2032  11499  4305  7069  27124  2987  50175  5187  4341  14870  1110  1299  14346  30236  1624  1382  1157  4479  23006  16146  805988  882  2366  102299  29860  746553  267183  475810  363845  0  1.80957e+06  674107  69878  48148  89852  58396  696  70147  128  3664  154266  5600  74274  5367  9051  336252  47729  45858  
1322  569  954  790  63  138  1586  4264  591  1147  677  180  429  229  646  497  1107  17012  6690  10953  2674  6643  9870  10846  5968  1194  1567  2310  4011  2245  101  2900  133  1021  25295  1896  9548  4496  7344  18331  2590  48350  6049  3377  10396  2991  8146  36865  24417  72712  11269  970  1426  5621  2186  52451  7357  16353  135552  300996  83185  18521  26189  915536  1.40409e+06  0  1.97856e+06  1.46417e+06  120786  2.84236e+06  195352  3388  91972  136  8615  143816  8204  78069  8487  9597  457501  70865  50515  
253  152  282  430  14  31  407  2154  124  198  183  150  345  174  327  162  242  3409  1396  2869  668  1782  1508  2198  894  245  297  453  679  412  11  606  38  228  4430  466  1862  939  1414  3082  590  11747  1267  597  3189  566  712  3419  12988  2236  749  307  1200  5345  1990  73301  596  1429  22882  39885  46957  13740  18354  91105  313489  1.57303e+06  0  669551  59839  37389  15197  431  18559  37  2295  27124  1923  14521  2096  2785  185061  22569  62901  
281  294  752  848  21  24  683  3388  103  269  221  284  727  285  312  175  295  2292  915  2149  341  988  951  1204  505  158  215  458  490  349  20  501  28  159  3385  1225  1815  1756  1953  1973  931  47943  1595  798  6059  536  907  3169  20156  1284  1812  718  3338  9167  3512  61046  1235  1384  13259  11756  34807  6355  7451  29620  42892  927709  672503  0  331541  29324  5161  244  7553  54  18188  70814  7627  33811  5135  22929  488879  284305  68855  
535  479  1628  971  28  42  1152  1899  185  526  313  182  293  149  115  247  338  2246  724  1656  404  2121  2403  3404  828  220  193  2273  1444  1162  18  862  36  143  3409  4669  9019  13175  17456  2583  6878  98787  6943  2277  16729  2540  4057  10962  11946  3014  6213  1641  2677  3492  2110  7545  4798  4079  23263  12511  12792  4916  5997  44432  19038  31920  28265  213197  0  304775  190572  374  549284  168  43805  191098  22796  123253  20093  52302  199823  553643  37038  
1138  604  1166  758  128  297  2366  5147  1400  1951  1258  54  113  118  635  843  2424  22189  7198  14882  1840  5907  4804  8428  2421  571  623  2569  3805  2587  165  4006  392  1663  13548  3144  13865  8802  13080  6703  4682  64207  14032  3185  15907  12862  68428  94011  21937  177042  69208  1560  891  1645  1312  4385  11220  50710  124758  375123  49311  10832  15477  1.18811e+06  82692  3.20845e+06  38096  92717  313930  0  4.12885e+06  20065  205797  155  10453  103646  13879  98271  8659  12047  167012  55436  50029  
1443  981  1610  1179  279  833  5761  12693  4478  3771  5190  123  186  257  680  4811  7320  44029  10019  29423  2586  10502  5638  12229  3002  762  871  2792  3944  3196  406  8316  971  2586  26089  4852  17978  11020  12454  9082  5387  139236  66407  11567  23082  45899  379326  194952  63802  210256  329647  5183  1228  2721  2590  9755  21383  326177  207646  595893  115983  26214  28817  849767  134036  222774  15565  15712  472262  3.57666e+06  0  1.97054e+06  3.57403e+06  1308  38197  144639  31565  167115  13843  12907  99930  61430  79643  
585  323  364  180  123  415  1834  5626  2595  1899  3186  28  54  101  296  2869  4034  23269  4572  15569  602  1215  1603  1381  1115  233  344  625  1280  1166  233  4469  607  1326  12936  1600  5810  2779  403  3118  1144  5824  10961  1064  746  16287  221995  40491  21417  70823  221883  2855  105  595  727  6762  16695  614814  66945  638976  66398  8235  3267  50618  8475  14319  3943  2968  3502  94538  2.0688e+06  0  1.00328e+06  763  7738  26460  11850  17666  5051  550  9712  4367  14255  
2416  1461  2537  1445  431  963  6501  15704  4947  10132  18120  204  361  495  968  48551  15519  86904  13349  56996  3379  11458  7757  11663  4483  1110  1260  4422  5602  4985  746  19698  3422  5246  52088  10367  32840  23617  20413  13674  10203  185070  57199  9043  25811  38978  230215  75417  75907  45404  541940  28622  2109  3634  3318  24310  459882  1.65511e+06  456634  341428  304423  52949  34625  414358  93974  109120  17604  16753  589133  180922  3.70277e+06  1.1603e+06  0  745675  970395  216745  43318  391282  54964  29295  125327  225918  126796  
74  39  70  45  24  50  371  885  266  1454  2155  5  9  43  42  8236  734  3970  391  2739  94  127  167  139  133  32  34  73  128  115  32  893  209  213  2000  416  1112  706  49  311  187  2780  2255  235  344  3497  11617  2965  5264  1079  71056  11056  32  64  81  1171  153091  429606  27513  5710  19454  1983  522  1919  1151  833  556  798  2784  1170  6035  7866  520172  0  379468  14812  4289  53613  12780  175  5667  3470  14135  
443  594  1021  951  292  771  7817  20126  3895  4805  4234  196  343  236  323  6433  2489  14580  2707  10949  1012  3200  1477  1945  778  190  228  469  876  704  93  2993  568  894  10339  2497  4795  3178  584  2136  998  1.41212e+06  313551  5905  5369  447510  1.89223e+06  105494  189981  37874  1.77147e+06  31700  947  1597  980  12727  1.17204e+06  1.03696e+06  207152  94370  100677  17440  10345  143040  18138  30108  8667  35267  111699  36862  133777  40580  1.5614e+06  953283  0  122202  51834  526100  78220  4825  30105  41865  97318  
3910  5716  14395  8074  4532  9554  119989  367691  40311  37234  24311  2200  5846  2667  3121  16673  7686  54673  13433  50357  6231  18161  12156  17348  9128  2636  4673  7521  7589  5255  433  9763  1105  3678  345792  71612  45376  50172  15959  41413  24463  174826  171431  121986  38845  103093  91221  604006  1.6906e+06  65945  531660  408134  4610  14504  5867  167496  489939  126910  824603  155426  573873  109306  59940  388733  125895  174821  111224  285977  184308  233474  112127  7378  173057  3425  25581  0  2.54713e+06  474572  284182  144007  2.06284e+06  1.24866e+06  5.75682e+06  
3206  8016  21825  19190  784  953  38512  65989  3444  4906  4572  1431  476  334  479  4819  1310  9250  1738  8797  532  1174  1013  1332  546  190  255  843  806  638  82  1553  208  556  22243  11174  6256  4879  2808  1749  2001  213196  256817  199622  130441  42918  26819  736388  652660  33321  159283  80867  1136  1680  1112  9871  64294  12017  69301  9997  73235  10078  4669  21148  10253  18750  10197  28905  21225  40618  13717  1164  21488  950  3636  1.58292e+06  0  101026  88110  568367  275714  126399  337027  
1479  3515  8509  9428  1624  3861  48470  136396  17918  29506  13488  1357  2440  1353  1003  4511  1889  13217  3623  11584  1678  5690  4470  6548  2159  613  474  2412  2951  2049  97  3094  363  1092  21142  14123  24018  19110  21435  5943  5618  475504  191066  229826  70627  143787  145532  806523  1.64969e+06  142959  444068  94023  3028  9013  3542  53291  296842  124171  268635  114810  144046  28029  16732  161322  36022  52210  14445  35842  57090  59600  49621  5212  104196  5596  72766  343807  368081  0  2.22678e+06  84912  234814  331295  450098  
493  1134  3218  3841  766  2002  19940  63713  8616  13771  7012  629  1238  561  480  2363  807  5173  1550  4998  470  1091  1141  896  670  274  250  390  877  453  42  955  137  444  13656  8838  12775  32988  474  3024  6070  24014  39195  39462  8603  36838  57947  203591  804699  72451  299589  73617  1070  4341  1276  27507  108477  31445  79649  36499  52854  7403  3309  27505  11169  15683  4649  5609  3218  15464  9921  1411  17742  1283  9490  186119  138360  1.90393e+06  0  2025  681587  394879  1.0943e+06  
2145  6424  14948  10828  115  32  9375  10817  69  210  258  4829  3924  2078  848  68  118  626  209  1830  159  489  443  1208  396  106  97  542  383  349  12  313  6  42  1431  11637  4615  659  7443  966  350  211200  15005  37407  151380  93  198  55581  28021  484  2097  1706  31854  26310  17100  4423  482  363  2507  1271  8703  1318  1356  5183  6691  6281  2072  12051  14583  9951  6602  39  7340  17  290  28465  430080  40652  1079  0  11435  41317  5053  
1787  1382  2617  2653  188  281  4160  18709  982  3631  4089  815  2665  954  1181  2824  3649  20348  7236  14441  1610  4389  7583  7893  5199  1356  2236  3138  3920  2887  204  5241  458  1646  40805  5400  13946  13169  6797  25926  10528  52537  3828  2759  13502  1386  2537  11949  127668  4199  51072  16060  6046  30060  8200  256121  17475  7555  46448  17015  108673  27433  29338  47088  119669  155631  272635  1.0868e+06  251259  143007  37354  756  50550  248  10260  1.80609e+06  82348  127512  187400  66018  0  1.60054e+06  263898  
351  423  907  746  46  65  1299  3597  182  1350  692  153  393  145  199  695  426  3407  1052  2621  401  1448  1372  1378  547  137  218  723  657  495  18  676  67  233  8529  2571  4053  8342  3419  5329  10130  34248  1590  1725  4052  558  705  5537  19170  754  8039  2806  1200  4159  1344  38083  4910  3254  27677  12385  25093  6911  6117  29661  17715  54155  95893  665084  185348  20834  8118  246  25028  127  5260  608587  59766  66773  47572  69838  1.30287e+06  0  108347  
28024  26940  114261  13217  11601  29491  200016  1.05144e+06  96472  1.30483e+06  288377  2772  4448  4833  12195  402344  92047  406367  98662  255536  14705  30852  103922  65758  70855  120632  76201  72267  91246  40068  2287  41248  6012  26118  3.73062e+06  1.49019e+06  1.08744e+06  2.91716e+06  46363  212931  326515  65043  57033  52612  14982  43576  55945  271857  1.10922e+06  72803  660877  325476  2401  6572  3514  58931  387787  98427  351273  80623  257020  38268  14780  82390  52467  53469  84368  48672  24879  36734  25147  3731  61590  2915  18089  4.09427e+06  806852  1.00689e+06  2.02022e+06  20172  960817  467799  0  
