4814236  
2521058  
520892  
3841746  
3936627  
4330431  
7838355  
12831300  
4413646  
7243567  
2763199  
2396019  
2419112  
3360861  
2922087  
5791240  
7374594  
5913469  
7802694  
8848341  
1390135  
1259566  
4426324  
3567149  
7878525  
2170243  
2046864  
2427423  
9450503  
10708431  
2956402  
10314480  
808067  
7022683  
10942485  
3984662  
6656643  
2660038  
831389  
4266572  
2162916  
4748825  
2343584  
386979  
3531540  
3272846  
4941176  
8084979  
12905718  
4703715  
7073652  
2308638  
2906058  
2103803  
3177321  
2876788  
5886197  
7115863  
6333758  
8234842  
9097243  
1587186  
1266602  
5464033  
3842446  
7733569  
2202861  
2069147  
2498353  
9630466  
10843739  
3413096  
9512400  
855316  
6580457  
11240973  
3598908  
6260091  
2674829  
702333  
4091998  
2139506  
12264995  
