4491253  
2656901  
450154  
3042641  
3844598  
4241944  
7477133  
13864826  
4656254  
7315199  
3174178  
2279318  
2556416  
3490909  
3151419  
6151125  
7841922  
7359624  
8181985  
9905198  
1587273  
1504585  
4779086  
4581714  
8154955  
2152962  
2180676  
2255183  
8950793  
10330406  
3031310  
10349706  
844022  
6804113  
11508139  
4082820  
6807371  
2480486  
793647  
1586195  
2577608  
86161  
487330  
706798  
1117963  
416175  
469121  
424621  
59440  
87536  
961578  
106897  
1062840  
5662035  
1419847  
5036031  
2347591  
442582  
3106131  
3369732  
4670902  
7708438  
14149079  
5018787  
7705293  
2489081  
2614883  
2166162  
3245335  
2972999  
6326946  
7922856  
7283520  
8926345  
9779604  
1844463  
1383924  
5176381  
3973318  
8620180  
2212504  
2295262  
2355718  
9116698  
11056379  
3532348  
9575206  
960715  
7173438  
11789131  
3071369  
6022405  
2561535  
705874  
1677951  
2319810  
68731  
507818  
677116  
1013855  
416824  
469945  
500732  
108345  
98796  
974001  
146276  
971893  
5661114  
1600985  
17201630  
