0  1.26944e+06  171489  900655  345422  40063  421774  55003  402  29671  1949  8217  913  1196  1674  28369  25136  29423  21553  12120  7575  19406  18025  62677  17088  6039  59328  364512  90685  206191  5698  759245  1818  921928  217329  363374  259055  28453  42385  64799  91064  52467  6566  34501  69374  1596  343  17097  15601  595  3574  327  990  135  154  560  1457  974  8161  2142  4677  1051  776  3630  6132  2627  184  626  2774  1442  1344  119  4483  21  2866  5648  25793  4309  1400  7526  1971  1854  66890  
1.22749e+06  0  40473  33956  688551  2963  488302  49252  605  2944  870  758  229  421  675  5930  4353  13676  7815  6173  3329  8656  7205  26297  5150  1390  2646  9517  39554  83125  1431  107586  90  17361  261066  385675  94205  14174  3642  25492  7977  213856  68967  99867  39977  11860  720  116091  56167  720  6177  270  602  101  133  420  1803  951  6220  2391  2804  858  806  9054  10026  6519  175  540  4501  3031  3345  250  22614  25  7432  19004  41256  14453  2606  3112  2087  2126  84474  
170405  54893  0  294383  2075  450  177242  72067  689  765  192  264  123  430  213  623  659  2615  1614  1722  886  2600  1688  8551  2333  622  605  13861  10576  20558  359  15260  16  1012  28120  61307  30424  2855  6932  6999  2885  24545  5523  19792  13339  1180  221  11856  7993  424  780  52  165  31  87  89  253  170  1057  396  661  146  131  1147  1439  819  28  95  634  360  418  44  2054  2  970  2185  6141  1611  321  566  380  378  10525  
962720  41692  216900  0  5630  1192  36785  999008  550  2344  1757  882809  14337  14114  7781  4435  2876  8881  4866  12788  3566  5750  4794  18395  7729  1720  45336  199584  21469  37767  870  48188  168  12662  79042  266217  57574  6428  52964  22658  35781  440446  13426  115822  1.95402e+06  5236  1420  36884  187030  1919  6966  462  146974  5676  3200  3178  2598  1595  7824  3500  5940  1568  1521  16678  21573  17643  505  18421  59560  10536  19139  361  51606  62  52539  15457  507252  20351  2490  148476  4182  20498  23266  
470689  786225  4485  5056  0  1.08607e+06  1.14687e+06  151436  9126  76308  3035  677  478  1406  1341  37063  44182  53230  89301  16244  6037  9050  16869  22753  7675  1584  5145  6053  42927  60794  7529  74779  1657  449177  801924  679949  203284  70947  3309  45849  18825  55615  71087  11483  4522  85763  13579  168278  174647  6662  13314  539  148  361  327  567  2082  1557  9931  2733  4993  906  591  5182  4543  2593  173  358  1152  1955  2024  319  15259  42  3532  24028  17353  9763  4009  1079  1815  1354  334489  
102616  34923  2152  3501  1.17426e+06  0  550051  363492  517620  1.48285e+06  3440  750  588  1991  1171  88326  107499  83469  64793  17387  3498  3165  9831  5724  3425  791  1912  3805  18998  29035  7355  183299  4007  939951  307124  156871  219177  83763  1489  16075  7882  1955  3144  605  1060  24966  20372  72879  124122  50760  59996  676  94  258  345  236  3026  1681  7960  2867  3555  387  184  986  836  546  58  133  227  961  736  122  1294  30  1345  7803  4220  4769  3235  264  844  403  157384  
612973  920958  373249  50351  2.1202e+06  789919  0  1.44682e+06  960358  182360  3913  1766  1326  3651  2350  27779  35375  125094  176173  26421  7125  11331  15698  31581  10890  2344  5745  12340  52275  69225  4620  24782  246  14359  659815  568247  177196  62279  9868  57768  19807  227495  232255  55816  22777  240424  136238  730407  743874  250226  42887  1119  801  791  892  1241  5830  4612  17476  7334  7881  1651  1240  16423  12805  8996  410  1025  4158  8185  8746  1088  54103  170  17197  69937  60025  39817  12459  3135  4369  3328  252190  
19904  49808  172284  1.14155e+06  200300  250747  2.11244e+06  0  1.84419e+06  476154  630853  1.42187e+06  1.45744e+06  1.50243e+06  247980  29988  17695  70679  38369  451202  29792  15369  18993  29448  11821  8375  11349  15619  42405  57790  4895  27556  504  32882  602582  349985  627147  335013  10380  56671  22855  224598  115433  83308  293838  210928  116425  638401  3.83921e+06  572386  470033  42150  225424  160144  60546  53977  17238  6000  35242  22655  113110  13091  4604  24363  20686  16935  5681  9302  25017  13582  16814  1433  49346  264  36241  168316  167510  105461  48123  55682  15459  10807  454763  
931  2270  1910  955  35229  980544  1.47579e+06  1.70626e+06  0  1.55313e+06  860  93  29  299  206  6198  3732  17594  10901  4004  529  411  1054  647  427  128  249  425  1423  1866  382  1558  50  1222  85074  55502  128626  100647  300  2544  1322  661  881  182  225  7230  13200  17720  119633  122121  166900  718  19  24  108  67  1810  525  3225  4267  721  76  42  734  283  335  27  74  150  641  511  60  769  14  953  6246  6624  6607  5083  68  1402  248  94883  
36245  18082  2319  7612  72932  1.9719e+06  240899  925289  1.42116e+06  0  105775  896  717  6272  1802  2.40406e+06  190330  178880  93393  38019  4539  3860  11045  7386  4753  1191  3904  15126  19470  31543  9861  308300  35161  588707  671922  587738  677645  561712  23960  23370  19416  1411  1399  453  1215  4370  4695  10060  246423  79630  465563  49447  246  167  1819  355  50464  3913  26948  7190  7528  538  254  2214  1206  805  94  217  374  790  563  188  1309  66  1018  14437  24124  12032  12438  452  4301  787  609629  
416  307  1111  4265  2159  1630  4272  558959  2218  193958  0  4042  9606  1.16834e+06  13627  150440  1903  92027  3122  825505  1925  452  838  542  540  278  372  508  825  969  108  2005  219  1247  11808  4525  8649  5158  1195  1822  1166  1303  348  410  1555  737  1084  2514  266101  6078  347756  358928  1046  2125  58206  10361  105203  15623  106775  5743  121792  2276  597  1823  1149  1916  2429  1273  440  997  654  389  2067  119  1062  13408  10813  7864  8005  371  4116  577  16674  
6067  2088  1582  838831  4160  817  16522  1.40087e+06  265  826  3353  0  601448  252912  162176  911  647  5101  2168  101231  9148  3309  1651  5684  2861  1616  13131  22324  3170  3344  198  5078  63  3770  13577  9891  17470  2829  14420  7565  10086  87138  4194  5177  185931  9036  1740  23099  378576  1219  1338  1222  662390  153604  29658  29311  651  485  4328  1607  42159  3644  1247  7168  9739  8248  732  6099  34799  5043  9801  132  27390  50  26209  9230  91630  8507  1421  113092  1450  4769  7864  
2205  1233  1317  41812  4908  2016  17985  1.24523e+06  739  1320  10378  665544  0  609780  277740  1164  604  10472  4070  300042  24442  6477  1717  5930  3945  4745  6800  7452  1964  1823  105  1992  26  1599  13733  5032  9426  2365  4660  13545  3837  18197  2015  3555  28039  3357  2142  15363  364560  5276  1619  2869  240845  491225  53479  38272  581  336  5583  1221  86349  5030  1525  2691  3493  2436  1508  1968  5203  1266  1715  100  4765  23  5577  6902  16190  5438  1998  21668  1206  1184  7646  
1186  778  3750  27309  5689  3949  12198  918820  2439  12074  1.11408e+06  179982  455139  0  768993  5144  1220  21885  5383  769381  19352  5262  2104  5544  5850  7455  6856  3869  2348  2274  170  1763  37  1689  26347  5309  15466  5214  2227  23946  3357  11971  1027  1595  15221  1907  2278  7044  322286  10645  34635  72234  38120  79750  569022  64730  5404  891  17819  2161  167511  6616  2065  2614  4005  3075  3241  2296  3222  1220  1334  114  2996  25  3069  10373  11207  5575  3057  10899  2557  1094  13828  
936  604  496  7914  1455  571  5053  126447  183  2530  15287  57143  95224  406871  0  2951  1188  75719  14101  1.75921e+06  119584  72257  9995  645714  92888  230952  101037  7140  5664  2704  94  2770  38  1386  54839  3534  8976  4534  1682  245053  21091  3819  596  717  4575  624  253  1629  66297  854  5052  31003  13227  20162  94931  210505  5024  1845  69119  10489  308461  17605  6116  7053  10017  5593  6108  3469  1605  2946  1470  383  2153  60  1186  8116  3466  3590  1283  3129  5236  1438  9259  
38637  14980  2832  12423  44545  178899  64560  137007  9533  2.73347e+06  102525  1292  934  2015  1481  0  1.94934e+06  533469  79283  31912  3111  3047  8226  6493  5481  949  5310  29425  28271  47366  19911  578690  338983  814710  453274  182015  722903  477439  21286  16935  27610  1715  1667  540  1702  3202  1611  6701  26449  5022  71968  30443  362  139  784  556  171788  49359  112335  5140  28399  600  232  1398  1004  748  125  217  341  877  614  637  4842  290  828  7052  3694  4829  4962  595  1571  705  482197  
53737  24822  4231  17778  75180  178098  96936  220941  4585  320093  82662  1677  1123  2718  3678  2.13304e+06  0  607043  1.5538e+06  154879  7044  6053  17944  11753  16438  2135  10404  41815  156292  549419  804734  2.44423e+06  1.06103e+06  777230  600109  163910  766318  243172  33776  66000  69166  2463  2300  786  2519  5124  3512  12363  34917  8797  34115  15572  426  267  1051  1772  142940  65076  261094  22226  90557  1381  631  3880  2505  2053  427  577  928  2735  2066  2029  8923  610  1558  10713  4232  9811  4756  2398  2088  1504  308523  
26072  15031  6596  23150  35321  122573  113070  132696  15190  356450  146240  2530  1442  3011  15205  467239  549602  0  3.40147e+06  792139  268401  36623  1.02203e+06  55699  265706  86712  36371  47704  152561  88249  3775  137073  5247  88979  379075  77488  490363  293564  29366  197944  72643  5751  3437  1761  4097  4949  3817  10712  33314  12987  54237  16354  653  306  1338  12833  111318  86424  700973  144942  232531  28154  17964  72655  39276  17160  2570  4341  6132  23941  12325  6148  20934  1192  4118  59003  11491  30883  9847  6562  13691  10540  322094  
45505  27448  11877  40461  84795  149551  222319  226601  10421  196342  9601  5030  2512  3835  12639  59430  2.17907e+06  3.49624e+06  0  136121  25332  20166  1.38499e+06  43368  457597  50980  68292  108172  861898  1.68948e+06  847929  311107  3627  138792  651548  146560  867661  486517  63839  609581  169237  7962  4832  2412  7054  7513  3864  18070  45185  11745  25073  3755  1053  393  975  6040  32307  27518  324753  83960  141760  11176  6041  37855  17470  14678  2121  3461  5500  18868  8737  2685  11200  410  2861  43110  13914  44167  10788  14663  8351  9206  447008  
8746  5507  3485  17122  6568  3857  21287  248984  1442  132816  1.00845e+06  34218  85805  434363  1.8118e+06  54414  18025  1.42906e+06  128738  0  1.97491e+06  712826  66456  767966  133405  246653  92259  26084  39804  24533  1571  28328  938  13590  284048  33636  105670  54217  13876  540027  52330  8738  3928  2740  5566  3893  3519  9446  141327  13618  73588  116813  9797  20453  75998  217723  102618  74576  1.24043e+06  221208  2.15801e+06  101884  49499  139576  115190  39737  20042  14958  11280  42640  19866  8050  28501  1504  6995  105911  17307  44768  14464  6606  41680  18708  113799  
1487  873  403  1790  744  301  2531  7999  68  1245  1681  680  1079  3299  55691  714  432  175337  9765  859928  0  486750  68514  219915  22903  29392  9199  3704  5007  5093  98  7278  36  2743  63253  3733  17723  7207  2325  122198  8412  881  431  295  475  342  145  853  7050  318  1154  1096  364  737  2050  32909  1167  691  69751  12372  150937  178600  84476  44742  97786  12345  2946  1869  1329  3902  1809  289  1723  62  633  22738  1720  5530  1320  863  16792  2394  10990  
1680  905  432  1822  878  265  3203  7072  47  491  347  405  455  1643  26320  297  186  36147  2758  195503  521045  0  35931  756557  19085  22250  4573  4201  4510  6715  74  8667  19  3020  42941  3658  24979  7910  2628  69837  7206  555  285  152  384  217  62  569  2290  135  342  373  99  148  534  9084  391  220  49057  2834  50678  120395  89304  16829  84530  6130  1032  635  589  1430  693  118  760  34  250  10490  940  2947  592  752  9457  1027  9183  
13181  7408  3296  12463  8578  3671  26513  55306  448  8765  1686  1704  916  1670  8366  2912  3854  1.1854e+06  1.10824e+06  67316  167037  31544  0  391825  1.58446e+06  307870  53052  34478  1.31147e+06  722703  9283  143600  351  45249  138270  30124  224481  86698  22124  129000  55436  2327  1387  669  2304  1498  355  3226  8694  1004  3286  773  364  150  326  8932  4196  2749  99189  20341  55388  29566  20106  66218  43440  8957  1189  1177  1387  5463  3044  614  2409  82  796  38323  4137  15478  3155  5558  11910  2763  73290  
15445  8305  4377  15032  4984  1098  21014  40701  199  2164  736  2531  2130  6523  525874  1198  816  111280  10193  540680  370311  910991  512696  0  1.74165e+06  746835  100207  46337  57517  34541  384  19331  61  7956  183557  21998  150689  27871  13625  442331  46556  2303  1132  697  2586  1052  210  2287  6941  411  1007  1089  438  275  1044  10163  789  511  30547  5968  43792  43047  25456  43562  133190  10143  1435  1025  843  2238  1149  193  1276  34  466  29184  3690  7506  1435  3334  31528  1419  38472  
12395  4671  2995  12506  4229  3419  15222  32121  298  5801  1381  1922  1856  5957  72875  2617  3076  312296  282899  67638  52364  59283  1.34109e+06  1.72712e+06  0  1.94756e+06  1.4562e+06  185002  2.97642e+06  97842  1813  23866  274  10694  377157  55244  122788  87533  32671  1.07837e+06  481349  1473  713  415  1985  725  283  1635  6274  661  2329  1597  293  161  674  3471  2721  1687  29858  7964  18152  7271  5093  14880  32696  7116  951  755  740  2121  1096  201  1149  33  408  24431  2787  7191  2612  2653  20811  1343  93456  
6004  1766  1407  5881  813  301  3544  9984  50  1003  215  961  974  2648  111827  500  386  101516  33509  64896  33335  47290  156141  534104  1.77544e+06  0  278835  43169  66899  18276  202  6815  43  2601  61540  11496  39310  14969  8288  754483  52613  618  227  195  904  191  57  528  2012  116  534  491  128  92  239  1182  377  245  7526  2253  6050  2815  1684  4534  9584  1834  216  197  232  692  357  73  374  3  137  6063  1161  3719  982  1303  5200  397  27229  
70005  813  953  51844  903  666  2870  11969  104  2361  497  3992  1538  4133  75091  2024  1533  18996  15999  34905  12059  10567  16405  46331  968142  474671  0  398660  27377  5951  367  10157  43  9218  250704  37338  38818  43490  26704  774407  583411  5201  158  187  9728  178  99  476  2847  220  933  869  393  125  281  544  493  244  3357  762  3065  1000  637  2001  4029  1450  187  442  1676  630  584  29  1199  7  910  7094  12911  1140  453  9128  4793  712  60958  
538895  6602  12944  198649  2705  1753  10399  27198  250  6386  1150  10678  1853  1985  2841  7884  5617  26289  17028  10469  7744  14410  17427  54533  197467  8283  368593  0  360179  396095  2962  565224  282  55146  228850  67213  175874  87464  41357  143194  561101  13514  516  1078  33216  468  177  1189  3803  373  1946  239  888  141  156  488  831  535  6531  1602  4112  1067  756  3107  5889  2431  176  832  3570  1327  1375  81  2803  15  2155  5234  31549  6209  2272  19740  2089  1570  82073  
33306  25052  11275  26910  23815  16573  77985  117107  936  14889  5301  2860  1549  2378  8975  6880  42393  312244  556064  62936  40761  57351  1.64456e+06  179539  3.68029e+06  131439  96265  635915  0  3.99438e+06  157121  149281  962  42885  227034  58874  392664  130833  32248  330570  139557  4431  2709  1502  4426  3272  919  7290  16155  2143  5396  1314  627  220  391  2615  7345  4968  72650  20944  38309  6209  3970  14495  15390  5303  762  994  1343  4767  2146  580  3022  135  1042  15996  6212  17678  4648  5793  4963  2499  103515  
87441  70014  23675  44759  78809  47472  209853  315723  2445  38016  23064  4446  2513  4413  8375  22920  665437  289162  952433  110496  48373  60371  697751  137408  189509  44598  27044  712858  4.25322e+06  0  1.82002e+06  4.25471e+06  4220  273525  336389  87709  850423  195033  50624  257558  139532  7958  5697  2809  7318  7998  2748  18779  38135  4985  9735  2846  961  387  693  2561  17308  11730  104676  17839  53021  5764  3537  12495  14704  5613  751  996  1607  4087  2298  898  4657  167  1302  15989  8974  28521  7370  9099  4206  2463  157080  
14151  6200  1528  4549  27286  27717  52814  87772  1045  25535  6284  645  401  959  1137  9402  965539  47386  569820  27027  3248  2765  22061  5464  9576  1279  2877  13935  173113  1.66529e+06  0  972564  1457  78124  89377  22832  300304  69461  6017  22276  16514  989  1023  282  886  2753  1512  7358  14127  2135  3392  1017  143  89  192  402  6910  4215  30269  4027  14308  460  263  1339  1051  685  109  154  274  701  442  258  1076  56  300  2737  1383  3478  1128  1215  499  407  56472  
842085  143421  28701  113415  118916  204741  146325  292350  2695  281567  149133  6066  2010  4200  15045  451545  1.90065e+06  733024  460055  361153  81242  65709  284643  100972  54880  18964  18589  373631  238350  5.07568e+06  559183  0  646400  1.78651e+06  345525  131086  1.0616e+06  157474  38232  102195  86558  8966  4047  3058  18926  5984  3111  15233  35091  6756  18704  9432  868  361  1129  2986  47315  36172  244911  25309  100697  8028  3721  9901  12031  4809  696  1012  2136  3734  2749  1894  7892  470  2062  14354  12368  21331  6978  7971  3684  2346  170928  
4748  1529  195  1488  4160  7026  3995  10775  123  41955  8777  129  70  156  240  191863  499552  29251  10300  12390  428  334  1520  545  991  154  334  3368  2964  6621  2379  562012  0  318596  10459  2004  98152  10642  513  741  1396  114  100  31  145  187  88  448  1203  245  983  806  24  11  48  71  3775  1621  7167  439  2498  60  25  111  65  48  19  18  27  69  64  46  211  16  50  278  151  206  119  50  59  40  8630  
1.19847e+06  185690  5144  39400  908529  1.6174e+06  129650  223342  2986  1.22087e+06  27681  2702  1267  2287  2574  1.55091e+06  1.17362e+06  195283  126743  59873  8919  8016  29609  14696  14328  2500  13133  85521  77180  142380  62142  1.66112e+06  1.04638e+06  0  115558  59872  949000  44381  5350  17501  29618  2495  2193  676  4919  6941  3539  19757  32329  3522  5268  2592  386  212  359  491  12047  5692  29985  2810  12580  986  439  1139  1427  573  99  174  418  638  442  219  1361  61  596  3471  3247  2178  1137  1647  596  384  58752  
76160  72581  92245  111062  196633  170189  663629  2.47224e+06  36238  655765  73993  14127  11929  38237  61526  355924  147712  791407  337254  389722  103850  94705  178693  196796  268037  52377  330261  297724  249453  225752  10829  116205  1723  37567  0  3.7002e+06  591800  543415  234924  2.28616e+06  1.26356e+06  30789  30877  10576  18807  38737  14359  92077  348013  52328  51032  13596  3983  2317  6004  10004  12296  8354  90015  19053  72974  14414  8853  29364  49513  15891  3225  3744  4438  7101  4193  909  10107  185  4047  210965  28804  38332  22394  8603  69159  10685  4.65292e+06  
238572  57077  82221  365739  51071  25889  190167  328085  9870  119330  20434  6296  2920  3649  7072  160741  50481  155595  53694  72636  13421  15428  20946  38129  43960  7278  54573  64566  49619  43583  2427  20978  524  7320  2.56541e+06  0  302944  239439  509611  231780  162376  21513  15058  8632  30694  10600  1953  28857  56005  4599  10580  2583  1630  507  518  1027  3388  2250  21185  3834  13752  1777  961  4308  4706  2352  279  811  1515  1526  1093  244  4062  46  1690  24845  22683  9895  4960  5657  3134  3531  701540  
63949  52557  36950  60988  140133  143922  334342  1.39154e+06  42369  763022  56066  14765  10874  15470  10924  635519  145385  463721  255133  110216  36521  38314  94737  73157  33344  8112  9089  44588  119452  131037  31602  150581  8637  162625  285844  756712  0  2.18192e+06  380267  54313  53047  19480  18629  6513  13122  23528  4298  44452  251757  25496  42337  11482  4677  1817  2202  2264  11809  5451  40205  8551  22303  4472  2597  12187  13559  6497  559  847  1653  2902  2150  558  6097  95  2224  28599  20428  45054  13444  17149  4597  2442  301699  
5782  8361  8702  10678  35064  35786  79216  340038  14261  290552  19019  2837  2358  3479  2744  184249  34182  140373  99938  41629  8049  5734  19883  7788  10138  2128  3563  10621  26831  21319  5763  14398  815  3617  90346  161480  1.58435e+06  0  41352  18591  53983  3963  3807  1250  2336  4045  1183  8617  52549  5410  11168  3129  990  401  541  618  4347  1985  12723  2285  6593  1074  587  3639  3324  1939  181  234  371  737  527  201  1457  34  493  7925  4149  19509  15940  4673  2313  827  388381  
12034  822  3999  14563  309  278  2442  3877  60  3486  685  3716  1532  1274  1189  4672  2453  10683  5409  4779  2385  3690  4428  9415  4952  1056  4836  10296  6726  6267  469  2631  49  715  68142  490812  273292  43655  0  14988  21101  805  106  170  1641  98  56  210  800  67  661  94  248  69  59  312  665  673  4323  1153  2014  475  349  2482  2252  1206  105  151  330  406  258  91  433  12  226  1933  3189  12638  2266  10605  780  713  15312  
44853  8748  5834  37482  4465  1792  16925  49732  268  3477  1486  4648  5647  21384  158366  2820  3012  65549  33961  130472  66824  69100  53769  237950  761808  856475  1.0063e+06  215902  188587  77056  1059  24188  119  14302  1.67546e+06  98360  130827  62484  129219  0  1.49287e+06  2630  1051  808  4879  916  312  2389  11078  801  3621  5203  762  462  2773  10091  3568  2041  34842  6502  30815  12498  10554  30362  76735  16990  3327  2718  2007  3689  1640  297  2031  45  833  99781  4382  11485  3611  5048  98019  3872  107669  
172506  1629  2026  15355  2131  1415  6372  21774  277  5382  1086  1124  759  2276  18878  3641  3360  28144  15665  18426  10806  9172  18138  23757  290319  100304  1.28978e+06  355265  47386  23747  871  27869  88  36717  770799  83586  58283  132124  82890  1.397e+06  0  841  237  214  2181  318  135  811  3907  506  2543  648  151  66  271  538  968  494  4850  963  3646  1137  613  1612  2854  911  156  204  356  392  193  49  333  10  203  8611  2040  2232  1492  1748  3412  780  143877  
32285  108702  26899  110337  54053  1033  179760  71311  701  1009  501  16148  2815  2298  1612  621  420  4968  2303  4153  2004  1832  977  4860  742  194  1310  5473  1293  1650  81  2612  9  414  20016  53980  5451  2017  3635  2646  2229  0  1.18957e+06  193059  1.00448e+06  346149  92016  732230  149061  3463  22842  735  30323  1891  1080  3453  18959  16562  35554  21176  11812  4526  5662  95181  82724  61096  1761  63853  215723  35792  56151  5540  471700  1622  1.01991e+06  249906  492781  191139  37449  128981  17603  48902  79019  
7804  79403  12008  10460  120269  1908  313219  79205  458  653  287  794  201  451  174  925  544  2696  1405  2046  727  787  630  2048  477  110  399  437  1187  1362  134  973  5  327  43602  49296  5436  2502  454  2667  1127  1.27832e+06  0  36500  7130  381555  13072  254822  104877  1542  4090  242  376  263  251  996  4090  2935  11328  6271  3611  1315  1499  29648  19603  13334  506  1021  4500  8417  10113  1643  170580  155  16997  73164  107866  49344  5653  4149  4451  2843  29821  
18495  39322  25287  73603  9146  206  33593  25059  75  92  51  510  80  162  48  115  88  603  278  479  215  299  173  803  157  37  90  425  568  959  22  1332  1  123  4060  29301  1727  261  479  594  349  109099  17432  0  150101  1400  395  102912  101801  180  603  63  261  207  185  365  444  342  2015  1259  897  397  448  7203  7728  5673  111  239  3268  2547  3109  186  7570  23  7965  6118  47334  7748  1142  2175  531  726  2989  
93598  67201  68635  2.20665e+06  13837  955  54207  421573  262  865  928  372434  12065  10142  5885  1456  877  3437  1786  7918  1676  2135  1596  6082  2167  489  9397  37704  6349  10214  258  10216  36  2231  31473  161028  18825  2563  18415  7372  11162  1.0628e+06  16151  191712  0  4157  1333  25640  657126  1246  3977  362  1.07597e+06  10288  6307  5296  1704  1160  5268  2831  6350  1482  1208  14637  17279  14231  424  21831  48417  7798  14051  332  45007  43  60795  14465  313243  17506  2329  82767  3616  14631  12458  
783  6112  2151  2838  83394  13610  142321  71850  4126  2830  522  624  177  380  215  1079  844  4653  2964  3415  1212  995  740  2136  448  108  299  351  937  1075  173  533  11  399  34838  28886  6418  4254  1132  2464  1107  497700  705197  3336  1922  0  1.00341e+06  742114  135132  38364  74829  1575  274  205  268  3106  37225  25560  50628  23530  14274  3661  3129  49252  24100  22085  1660  5669  10554  35004  38288  5246  67223  1271  257871  792638  288345  144583  73512  3381  30667  19903  199862  
232  766  287  894  20778  26676  88353  80991  27682  7700  650  193  107  248  103  617  465  2741  1687  1877  454  323  299  675  183  40  132  193  310  339  76  291  5  195  7438  3761  3553  2281  535  700  365  98150  61798  816  733  1.13684e+06  0  897122  284583  752841  1.84187e+06  1297  201  126  222  1484  100712  61015  26200  38783  6801  1400  1100  21725  8163  13120  811  4722  13140  40633  40531  9972  172362  6246  1.0303e+06  250018  301552  132901  62573  2164  19449  18714  95389  
7806  54201  11724  13985  202935  68859  523376  217462  19277  9411  720  1588  408  842  301  2024  1906  8209  7239  3576  1071  1041  1149  2646  648  154  506  668  2074  2416  409  1496  18  1092  63772  58927  13021  6548  846  3928  1795  537112  546312  251339  17752  2.32711e+06  1.59695e+06  0  1.81172e+06  1.81932e+06  265950  1315  511  329  542  1987  21308  17351  31644  45624  7829  2244  2058  39942  23847  24813  1045  3356  8500  43535  34811  3710  49725  582  64306  236188  232407  105534  39639  15320  14191  8249  83289  
25782  69538  34008  262276  304702  172287  1.22464e+06  3.62026e+06  281130  295579  96718  125135  101833  172819  33430  12341  6890  37623  23197  116682  20282  7136  5624  9644  3530  1620  3062  5748  8108  10138  1174  6779  110  5517  251120  156971  80794  50161  4735  17757  8590  192628  140345  194762  625361  228884  169961  2.34728e+06  0  2.05013e+06  575491  544741  1.06642e+06  1.23735e+06  1.00629e+06  286181  48860  28991  93740  43674  433175  82391  23838  86083  56864  49559  31457  24831  24431  45398  85725  9720  129401  1367  175027  659940  398820  773712  440986  22052  94472  29786  475543  
412  999  448  921  13872  72447  210153  220913  105455  28903  689  89  70  139  70  747  840  4339  4410  1563  289  223  398  381  204  43  101  183  552  563  98  482  14  362  12630  5242  8888  4944  275  990  497  3717  4867  305  318  126002  1.14899e+06  1.00134e+06  1.80689e+06  0  1.9391e+06  464  45  40  68  462  9656  7387  38271  73876  2343  439  321  10890  2102  5546  317  1214  1861  11153  6638  1081  8988  147  15294  82625  117466  71728  37992  593  9652  3366  48067  
5555  6786  2098  13292  25774  31113  49693  209890  99393  199855  23941  328  129  524  203  27193  4120  11450  6155  5280  1840  1057  1575  1582  993  186  636  995  1437  1162  179  1598  85  900  22109  26849  12118  9889  1761  4106  3412  28424  11161  1995  3410  96273  1.55894e+06  144624  1.09793e+06  1.71627e+06  0  92097  394  189  1734  2471  2.57474e+06  254481  182090  146157  13943  2387  1751  26777  11954  16570  1421  6830  17883  34814  32767  19736  506508  93855  905914  467760  806317  501824  461876  16046  199096  34958  376016  
1452  1371  464  3309  2313  2185  5296  159447  11925  369656  316518  280  416  24294  2020  147023  14790  58126  8000  41931  1473  608  1499  592  1094  415  500  588  1606  1152  237  3531  312  1432  25019  13721  7080  8865  388  3835  1419  842  236  303  787  811  467  1651  533549  1095  133167  0  300  3884  627602  1567  141232  1305  138478  1095  698632  575  209  1118  855  701  239  332  567  571  410  173  1118  67  988  10893  3307  4113  2662  2087  1637  1939  21047  
3479  2852  2689  249524  13334  2599  55815  385478  559  1054  3873  798337  386359  145592  90266  851  455  4630  2054  93384  11412  3138  1079  3215  1287  952  3334  5676  1626  1746  128  1711  29  1415  23347  16656  8441  3154  3096  4793  2890  88317  4449  10498  516111  5655  1210  14807  1.24405e+06  1227  1531  2261  0  678040  183141  132919  801  482  6032  1403  152956  19209  3809  3765  5880  5292  3116  8042  23327  2290  4793  131  21310  41  35663  9653  31013  7421  1627  75146  2050  3155  13186  
1565  1560  1392  35546  6003  2342  28647  382285  987  1403  7331  150001  516101  187372  75688  744  448  5942  2486  113294  10977  2768  978  2162  1159  1176  1457  1833  874  870  71  728  10  603  12304  5438  5217  2020  917  4557  1099  15572  2381  6626  26788  3228  2219  10095  1.14855e+06  8313  2634  8660  422756  0  291164  155668  849  457  6801  1386  167249  28752  7396  2854  8049  7366  10068  5914  5391  1822  1558  142  4822  41  9767  9410  10079  7721  3358  39980  3863  1249  8889  
1246  857  985  17566  2507  2237  10863  221453  8917  80924  254693  22799  66997  636280  158443  47663  3903  32319  6977  248785  14202  3722  1450  2560  1933  2084  1700  1143  1076  903  109  1437  112  672  21676  7091  6052  5954  498  8269  1322  9013  1111  4943  16440  1789  1228  4695  1.12385e+06  4069  28103  859344  123327  257406  0  547182  10245  674  37728  2522  804159  35524  8594  2661  8275  8752  12465  7106  3421  2116  1349  163  3366  48  7054  8978  5279  6344  2981  21111  4164  1331  15710  
916  934  623  12236  2208  698  6471  65733  261  3885  38137  11958  10650  55332  203006  9826  1971  35003  10658  227135  47676  13553  6493  9169  4260  3400  2392  1197  1615  1126  86  1424  38  625  18285  2842  4540  2079  938  21379  1740  6961  1478  3655  11629  1837  862  4544  250151  1746  2465  6978  60305  111956  414646  0  1526  881  93111  20384  1.68663e+06  277250  154790  29246  732486  293209  508805  208305  13167  39520  3070  576  4816  257  4213  34780  6001  10864  3659  6594  142459  16341  11493  
2213  2471  955  5608  3271  2289  8180  21370  2906  43875  21164  322  127  417  269  114113  18317  29572  7686  13639  3219  1620  2736  1888  1851  303  634  916  1621  1251  193  4030  487  1595  23332  8754  5744  3938  1674  8311  1743  25244  9724  2779  2600  28403  124101  20787  130505  33527  2.30234e+06  78098  472  275  1464  1890  0  2.2248e+06  709729  80400  14236  1869  1227  17293  8755  11254  950  6326  20420  23287  39034  36458  769655  374767  733677  521550  280196  741725  543159  10511  185452  30639  511266  
2754  3075  1266  6804  4460  3477  13922  26800  3733  14281  23352  443  199  402  720  66857  19335  89830  24760  39065  5563  2807  5014  3333  3110  643  1038  1616  2723  2351  346  5542  348  1756  42984  13910  14178  9316  11844  15072  3826  37997  19295  4819  4019  90803  244710  45404  184513  37287  550605  8011  595  392  596  5695  2.60645e+06  0  1.01742e+06  1.64435e+06  41331  4603  2911  40397  15442  32518  3064  12550  35098  147208  538846  809746  2.24354e+06  363702  573917  652340  240941  561007  249036  23474  97490  64773  384230  
6188  6398  2557  11066  6172  5947  22575  43319  5848  32665  52090  871  423  1270  4570  91670  56694  501778  231719  195801  78269  46519  59342  32486  27309  6442  6938  10618  23474  16878  1935  22674  858  8081  169959  25762  63194  27933  15206  85076  18147  23752  13365  6362  5197  12434  13178  34298  143338  153376  421898  52459  736  495  2979  41905  616381  877327  0  3.02074e+06  1.08225e+06  194815  107549  1.03237e+06  94244  122004  26951  25398  33839  128290  57355  18683  80592  4995  38785  317212  59272  273588  98068  15175  70108  65589  232676  
3396  6892  2337  8342  8404  6547  32178  49325  11048  9734  11850  919  328  586  2291  10332  12024  159393  75166  72275  15654  8580  18563  8411  9694  2483  2611  4241  8304  6254  641  6790  141  2478  52880  17300  34070  17475  23850  23113  8373  44544  29614  11745  7372  75770  125541  94396  190856  202050  430204  3663  1100  595  973  27781  60574  2.36077e+06  2.57845e+06  0  140261  12176  7731  1.78034e+06  44502  352857  25923  58960  67894  1.35591e+06  1.22807e+06  1.57144e+06  213495  15922  78871  524599  143188  417176  112558  26014  75427  122405  271306  
7319  5997  2834  16056  8341  6847  28287  155319  2522  98618  243702  12332  16657  47440  177981  165863  71353  966484  363772  1.84582e+06  378305  140175  167019  84503  63435  24231  17131  17630  41144  29237  2715  39387  1318  15659  246498  33985  104728  46967  13682  189373  29187  11847  5783  5200  9158  5877  2760  13632  468815  5645  25870  568330  40833  81174  634102  2.15361e+06  34255  11025  1.48103e+06  78731  0  2.03411e+06  995603  253977  797588  158643  217178  95049  16724  57422  31529  6354  25252  1499  11380  215847  22962  75430  22487  9461  203317  32841  132262  
895  843  342  1399  640  181  2301  6752  64  830  1203  290  237  610  2866  751  366  43926  20555  51310  305586  106482  35676  57686  12170  4163  1995  1992  4051  2790  62  2542  24  997  48971  2151  9612  3083  1733  62823  2659  2120  1221  763  759  836  286  2059  21103  320  937  428  641  1841  4799  147273  685  448  320610  10283  1.21329e+06  0  484676  212315  280008  43114  32097  13776  4354  8815  4956  882  4994  141  1620  54841  4195  16097  2663  1363  43382  8730  15749  
573  621  260  855  389  75  1371  2631  27  258  606  139  91  293  1405  274  158  15203  5595  15411  117315  68929  16416  42219  7931  2649  1320  1195  2034  1215  24  934  12  378  40918  1183  4399  1237  1072  56506  1311  2209  1040  775  570  568  200  1881  8159  146  501  155  207  455  1271  186233  495  341  104239  3790  493913  444543  0  136950  629070  64111  52066  19555  5718  9313  3630  403  4947  105  1191  57272  4282  11420  1384  1255  83004  8676  9427  
3679  8639  2861  7924  6796  1286  24606  28968  1421  3095  1864  975  344  549  1972  3567  1924  102785  62548  52329  77154  50193  57927  174607  22495  6211  4108  5211  11114  7288  281  5199  59  2161  84931  12526  30848  11609  15700  67029  6768  50026  34383  14777  7732  23169  11089  55020  150851  13280  23907  1617  1281  572  844  54122  8690  10499  716761  1.60922e+06  172955  290617  203331  0  841103  1.28674e+06  123604  75665  77416  1.46108e+06  1.08475e+06  52366  118751  3617  39500  372220  72834  342960  34819  14404  99188  167523  175487  
1518  2533  842  3723  1534  166  5342  5632  91  537  1474  478  151  416  1741  557  272  14920  4970  15171  83685  85271  16315  240673  12758  3791  2313  2469  3319  1853  40  1208  5  446  75703  3276  9580  3007  5376  89148  2608  13883  5102  4215  3438  2169  869  8210  20186  484  1984  298  535  397  1111  964855  2476  1446  79232  8879  726539  274165  558280  696809  0  2.25227e+06  1.17561e+06  284219  50352  110868  28095  763  38165  197  4733  141811  25502  39756  4852  6939  393603  49511  35304  
1215  2210  695  3524  1734  594  6034  8286  950  1138  2177  614  194  298  895  1179  667  20103  11442  12337  14570  10800  6799  25046  6093  1633  1275  1626  2442  1477  90  1104  18  435  27903  3294  7119  2934  4242  24851  1893  14310  6085  3875  3599  7925  9196  13751  33865  5906  11832  460  1092  348  589  144394  3371  4900  119165  118816  73624  33963  38178  1.48933e+06  1.85694e+06  0  1.48457e+06  1.46379e+06  352925  3.34246e+06  97578  4591  38451  1092  10129  203922  32013  66633  13570  12366  674005  232503  59855  
247  245  84  982  276  109  970  4528  87  559  3666  266  97  354  757  908  231  5041  1819  6757  6817  3764  1474  6653  881  350  238  321  351  260  20  231  8  91  4076  608  1396  584  1039  3646  357  2090  544  512  884  706  682  1462  21823  656  1219  288  436  537  1003  438404  567  634  34892  13594  123710  32925  37319  93127  718170  1.53293e+06  0  765859  32291  113581  7296  478  6079  185  1821  36376  5069  9849  2953  2600  424946  45797  11986  
1102  485  269  6065  356  141  1192  3253  246  481  1384  1427  376  368  450  454  171  3728  1696  3365  1924  1486  835  3317  601  153  442  1374  335  260  11  378  3  119  3956  1450  1243  539  1030  2710  563  46760  1018  939  9334  2410  2531  2943  16819  1182  5262  224  4059  496  506  56609  4035  4774  28349  17037  19132  6554  6756  83731  93767  1.11996e+06  817760  0  381286  203552  9157  1172  10712  481  29889  173849  22204  37149  10521  19111  486891  395827  48566  
7804  7160  2605  56486  3741  362  12773  16481  557  1106  530  18222  3683  2681  2043  407  270  4622  2206  4211  2525  2101  996  5199  704  158  2087  9160  777  890  35  1612  5  291  5582  8163  3463  1175  4327  2408  2083  493009  13459  17659  68809  11710  7574  24724  67796  2262  13655  658  38424  2570  1072  9238  15319  16389  59567  27335  20849  7924  7953  135944  97571  324274  15911  388622  0  418698  410247  3948  630925  1115  169137  193460  113336  144378  39063  53593  112562  502315  82905  
1491  3508  1171  4207  4224  2098  13921  18739  3188  2286  1441  625  175  285  1197  1524  1525  55827  30489  28322  9521  6126  11031  9001  5940  1613  1426  2189  4124  2863  204  2392  42  1001  16064  5709  12890  5654  6121  8771  3168  26900  17095  6154  4279  56621  68657  42149  81892  17310  40022  756  725  297  493  16130  9132  38967  147901  366423  47095  11842  10898  1.26871e+06  153365  3.59163e+06  39998  201597  534724  0  4.4087e+06  88044  198468  1708  31177  163751  48487  126886  24938  7964  75176  99724  65991  
2166  6380  2024  7330  8382  3365  26608  34599  3726  3136  2800  935  264  424  1013  2216  2515  44778  20410  25716  7624  5128  6410  9038  3083  961  936  1845  2495  2002  167  1972  30  752  17345  9237  11448  6139  8989  7274  2812  67111  43738  12035  8282  163103  195562  90373  241004  16549  77814  1518  1215  490  743  15473  41006  532948  170113  509168  65678  15828  13772  793327  151270  183696  14458  24378  502507  4.25994e+06  0  2.05652e+06  4.36167e+06  6816  168521  319339  92322  268939  53325  12056  41437  82694  144495  
243  615  260  699  2308  1332  6083  8721  1539  1114  1723  113  52  108  428  1144  1565  16350  6008  10319  1337  817  938  1043  531  195  159  284  500  451  65  628  21  205  5888  2494  3519  2371  3583  1825  874  12125  11181  1280  831  79082  118837  28374  54884  5971  54728  577  137  128  222  4814  35318  803569  59522  888108  28713  4439  2915  66602  7298  18103  3081  4257  8792  145454  2.25123e+06  0  968093  8751  74932  172965  35511  84166  26937  4424  15233  20441  85062  
6632  19770  5394  28938  22370  2754  61131  60429  3283  6455  8281  7144  1698  1640  1743  9799  6327  53408  18331  33839  7168  4612  4301  8190  2189  647  1558  4951  2292  2191  245  3290  82  897  25474  20784  14428  8557  14323  7669  3789  887374  119784  30640  33677  114972  174295  106328  435195  17060  600157  4301  13957  2021  1834  27169  461539  1.7511e+06  351755  287753  129188  21537  15180  393865  123963  121092  13730  25846  561537  222087  4.1214e+06  1.55665e+06  0  959593  1.45843e+06  443227  265040  644191  154805  44853  71268  105623  234091  
51  114  36  161  206  72  647  1552  150  306  640  32  23  31  51  558  370  2681  763  1852  292  117  173  132  75  22  22  43  76  67  12  149  11  48  867  412  526  354  517  282  128  4166  1371  214  165  3825  9467  2100  13886  781  100800  251  42  42  59  1571  236976  273290  33380  24225  8831  947  443  5192  1327  2739  570  1141  3557  6420  12598  24435  583218  0  393814  19623  11287  36881  9964  882  3833  4272  10302  
2666  5520  1844  15087  7438  2245  22345  34948  3188  5195  2332  5136  1238  1125  833  1975  958  7776  2886  6736  1612  1019  782  1821  468  119  615  2338  566  545  49  821  19  261  7201  6875  3395  2092  2726  1625  976  1.00588e+06  163372  11316  19112  671032  1.85677e+06  68578  308851  19436  1.90723e+06  2675  10043  1346  993  7309  1.54614e+06  1.08926e+06  156339  119242  34060  4986  3318  62617  24812  44396  3307  20553  107671  94719  140561  67966  1.8795e+06  767145  0  183065  92814  268983  57254  27827  20686  98610  75738  
5287  12020  7029  22266  25081  7875  89644  188594  8389  22448  8190  4423  1594  2300  2908  6919  3302  39590  17824  45588  25566  20253  8368  45417  6885  1676  3399  4370  4858  4039  289  2996  64  1218  219788  47271  33384  32576  29851  38551  14334  188285  107562  78389  39116  192928  92408  279881  1.9991e+06  65849  576503  50083  8295  7606  7705  67341  766221  303272  1.0713e+06  296979  302592  96093  80503  784967  633540  631096  60595  330169  391849  457999  119340  18571  175740  5130  54879  0  1.75382e+06  781482  557693  215782  2.2035e+06  1.16412e+06  4.52302e+06  
5280  18649  10706  38404  15709  919  72060  71218  627  2107  1894  3005  631  603  558  1066  685  8168  3367  6947  3525  2960  1432  7508  1049  266  1932  6544  1280  1332  77  1321  20  322  23903  26747  7194  2795  9296  3430  3281  520869  124442  150531  105785  74912  39994  243064  237711  9950  125509  11976  3347  2413  1999  8229  146466  60271  158824  37929  34007  9462  9658  116930  132501  105227  3938  17016  56299  50754  39037  4870  80410  3555  89363  1.29977e+06  0  298922  126341  436720  138009  55893  237862  
6291  10084  4231  20278  13248  5266  44774  154282  19652  65080  26507  1780  709  1650  898  4822  2091  16338  8961  12835  5744  4548  6367  8020  2614  736  1007  2666  2804  3295  440  2370  41  640  27106  45951  54869  37230  83793  9989  9229  149484  95319  39063  15433  111640  61034  129876  1.29126e+06  42135  705688  62455  2249  2248  2865  15088  749633  195794  578255  196803  72731  12476  8640  130489  47649  57355  6138  20127  35685  58960  45084  13140  117102  4135  105062  567298  804435  0  1.98402e+06  301692  150436  76271  411341  
304  833  449  1560  2886  2024  9653  29891  2903  7103  2523  252  162  304  164  1489  434  3236  1738  2462  826  476  882  1234  606  126  159  299  524  566  67  323  4  104  7725  5671  11438  18685  8202  1587  1958  22618  22611  5465  2226  39544  18308  35209  389520  14153  265744  15796  292  461  625  2970  239489  50867  159735  65769  14396  1829  1054  14639  5416  8186  1180  2518  3777  10473  6730  2020  16264  505  7019  271511  97676  1.59e+06  0  11282  285638  32180  599615  
5250  1931  812  25214  1623  77  4225  4248  55  194  107  6226  1832  1408  1013  175  126  1267  654  1173  722  767  596  2188  748  129  4711  15010  1007  1186  42  1849  3  272  2672  6257  8299  1187  20163  1436  4185  156920  6818  8244  43151  2144  807  34823  5960  214  3126  124  5330  2533  1226  1126  3532  2242  7076  3008  2584  1136  1448  16424  24492  22258  450  11593  37320  10139  9463  311  21630  171  38175  35848  469012  141134  2379  0  6160  22864  6787  
4587  3741  1485  12196  1550  222  4649  8104  246  1250  3630  771  242  579  1519  1178  471  9839  4024  10079  7560  6494  3352  18857  9051  2062  2532  2828  3183  1615  55  1076  9  458  77885  13708  7643  3430  5920  63120  4893  17758  2540  2863  7416  2202  1787  4980  32364  1178  23964  1726  1256  500  1093  182399  19663  6082  59337  20141  69313  26281  29724  128619  280243  930441  886851  1.06467e+06  172377  227821  25216  1083  28093  318  13814  1.32965e+06  58639  94184  85834  56063  0  1.1038e+06  182120  
2497  1865  818  10301  849  136  2159  4344  131  519  252  752  171  133  190  297  173  2388  1206  2142  2018  1627  648  3525  605  136  398  915  411  312  11  392  2  154  7189  7633  1553  1198  1751  3351  1479  110192  1625  2024  16721  2258  1886  3562  20479  957  7630  438  1905  249  190  5975  8684  7479  59312  18373  21305  8652  6999  135558  48272  267753  43090  1.06967e+06  453223  46154  12729  2382  42322  414  25532  904490  50988  70230  49656  59640  1.17017e+06  0  202753  
11903  13239  26836  25599  55091  91589  166676  1.12349e+06  45044  784606  52731  2777  2033  7473  4951  320386  41755  217466  105060  81342  23056  15795  48355  68647  42301  7515  34463  32892  30521  21282  3070  16075  528  6147  2.76015e+06  866918  783483  1.98923e+06  62400  111995  204184  48909  29729  16620  18351  53759  66982  82942  1.26326e+06  74249  789061  63645  1970  1818  3200  25238  667801  197325  657554  188108  144433  24164  14046  140516  119826  109352  13556  70652  96672  63119  24706  10576  60894  3350  22550  4.28679e+06  386073  1.41969e+06  3.07562e+06  25863  687999  461265  0  
