570156  
473053  
600035  
468978  
896119  
696368  
398512  
305510  
294561  
190034  
592950  
677821  
637868  
902399  
250923  
575519  
190719  
1021719  
674070  
663388  
769414  
200477  
482941  
619789  
324914  
419153  
506269  
524952  
647615  
318161  
227082  
318274  
678321  
446358  
354461  
386848  
568660  
640966  
699462  
707483  
793664  
635303  
382812  
432965  
606769  
418596  
879860  
680299  
410521  
584494  
445829  
721093  
509678  
433230  
535119  
818152  
736298  
580055  
683546  
501850  
767973  
511262  
699873  
517726  
534567  
521888  
603607  
654343  
460771  
607926  
438843  
565615  
488201  
504164  
519080  
292382  
365748  
527763  
477186  
627249  
738573  
506379  
661932  
522664  
423894  
437543  
370584  
466870  
753013  
463107  
783707  
406892  
396894  
542300  
388425  
403197  
459928  
583007  
421110  
460302  
325226  
415485  
633177  
338975  
334688  
718641  
365109  
741457  
415758  
345879  
669480  
511819  
322384  
233942  
299011  
732522  
865476  
195003  
167374  
236884  
594046  
269814  
164649  
536801  
318574  
438542  
474226  
482290  
673104  
368017  
593583  
385148  
416677  
488705  
377218  
553274  
382340  
186029  
442197  
340924  
494020  
300822  
210035  
171246  
150987  
198807  
208996  
160996  
223909  
162031  
344214  
145500  
124564  
207215  
218546  
112593  
137195  
420710  
491779  
154625  
34802  
112080  
89258  
85059  
175826  
106662  
57044  
159073  
163294  
311619  
246417  
795953  
221578  
284459  
255995  
417503  
379513  
499887  
347671  
856614  
671020  
474636  
570521  
263369  
435266  
518383  
483536  
269943  
425978  
553546  
188744  
709473  
688782  
204417  
433427  
184933  
746406  
321572  
335558  
576035  
861540  
384926  
572401  
294671  
407820  
617961  
570891  
380985  
501085  
178516  
538614  
355064  
181427  
189669  
279910  
306580  
249275  
162931  
200945  
151208  
162478  
197232  
263038  
142039  
106808  
124104  
65102  
193282  
185378  
82476  
113729  
157064  
113307  
99510  
329475  
542975  
385139  
317100  
419789  
703875  
854278  
331937  
420778  
794651  
423632  
695629  
904380  
316107  
464560  
644754  
640220  
779945  
566599  
457796  
332255  
647157  
546415  
456897  
150544  
200814  
289137  
179973  
286804  
261544  
196724  
270061  
271143  
229188  
328713  
623011  
236109  
303888  
205554  
348042  
301274  
462667  
222863  
173064  
185166  
121623  
212170  
367530  
369377  
661937  
488823  
314128  
294362  
485821  
582673  
702294  
412075  
241303  
211374  
388548  
394853  
342205  
274441  
405067  
403394  
468486  
909512  
607125  
568815  
498185  
721923  
397309  
369060  
381628  
415524  
283959  
257724  
420702  
568752  
481876  
555148  
365045  
648569  
574678  
699066  
723909  
260481  
549237  
458386  
442262  
815067  
694336  
618803  
618709  
490519  
856198  
374617  
227046  
293624  
190937  
197488  
218160  
280831  
219955  
114845  
109084  
305897  
194509  
175459  
163437  
260112  
168363  
177293  
145503  
263100  
65801  
116091  
130980  
427231  
332103  
337644  
120053  
374017  
435257  
422119  
424543  
187893  
142233  
250683  
259389  
306417  
252413  
472407  
513618  
505006  
629004  
414624  
443399  
293684  
149652  
544630  
159048  
204655  
201767  
271140  
356536  
522506  
258337  
258045  
232863  
272163  
206097  
277107  
422507  
425393  
578232  
301035  
360556  
556107  
434298  
422549  
386477  
450095  
468332  
1020966  
567413  
907214  
825569  
745733  
790702  
1164747  
421911  
303834  
408350  
302734  
535307  
487636  
1552433  
756816  
905902  
1015328  
828255  
573705  
1158189  
1005418  
873267  
627910  
662452  
576689  
634464  
725153  
582221  
907894  
844527  
490219  
773614  
647764  
1187381  
679445  
566593  
457979  
752985  
586838  
486218  
549078  
440136  
618871  
776195  
664160  
754160  
967960  
959601  
449282  
835698  
944200  
905101  
831706  
555291  
441772  
511844  
541061  
714996  
732758  
498539  
355805  
352808  
396991  
632407  
625322  
508579  
569157  
760673  
458756  
442777  
526839  
594105  
415797  
320767  
414637  
349756  
748947  
656730  
545559  
689461  
404858  
482719  
879419  
874811  
395074  
231516  
206558  
284955  
377665  
405672  
484450  
334599  
556471  
653368  
365264  
435358  
508470  
516847  
815129  
461614  
435732  
579092  
1164460  
10264570  
2822458  
5143079  
2109208  
635378  
4688969  
2204443  
447529  
454514  
569547  
598120  
1054809  
642444  
421196  
321316  
237191  
195720  
593065  
742020  
604504  
858367  
193535  
601449  
354020  
882980  
732963  
461555  
518416  
128052  
432076  
668531  
420016  
515193  
571776  
276405  
557938  
353354  
238095  
360161  
545959  
363116  
296371  
408970  
447631  
460460  
871634  
843367  
513348  
238995  
728654  
477895  
755996  
460230  
910578  
488672  
558867  
507973  
341920  
752513  
660972  
490557  
470774  
856331  
880995  
471262  
613429  
504416  
652404  
413240  
452550  
673502  
552402  
586434  
614981  
701962  
555335  
674804  
326134  
458543  
501041  
366066  
238319  
249339  
244837  
412786  
311828  
547218  
621291  
680550  
690095  
504343  
409255  
501491  
505704  
397565  
803753  
488544  
786316  
467537  
270321  
386659  
371570  
400974  
425464  
609169  
489655  
467967  
422463  
352005  
590575  
290551  
386375  
532575  
500888  
830237  
431770  
311856  
527263  
486587  
311633  
227808  
258707  
859504  
1242037  
396722  
270070  
276260  
770361  
279495  
176804  
505386  
342628  
356653  
361414  
474725  
863851  
442795  
703436  
396785  
493776  
366572  
336588  
437947  
557637  
185348  
320389  
320694  
574820  
275078  
198490  
208753  
140102  
255796  
187913  
239416  
235528  
155582  
316583  
160208  
86795  
146140  
142922  
125984  
105746  
319660  
236725  
148566  
118217  
138938  
149394  
105541  
238035  
76544  
196633  
305722  
153946  
211258  
90085  
397329  
259432  
339222  
275889  
287145  
460368  
369078  
277008  
865492  
711375  
642601  
601053  
190306  
291552  
355121  
500444  
282072  
552472  
422658  
260803  
685913  
470156  
256075  
350133  
177795  
930470  
349489  
279516  
513960  
857869  
505148  
539015  
410266  
223262  
733042  
634369  
431817  
440282  
154370  
364080  
263714  
191330  
220767  
191394  
350840  
226760  
106542  
171270  
156395  
107581  
295686  
416168  
177147  
116888  
151520  
108214  
181362  
303017  
128403  
131815  
142233  
160568  
126941  
300129  
485066  
291568  
470050  
303260  
573384  
866814  
589825  
481639  
738246  
386342  
731608  
851092  
156623  
444322  
522483  
722814  
659414  
300275  
178388  
486463  
701174  
490682  
410417  
93105  
165970  
275787  
146169  
231344  
288432  
184581  
355352  
214072  
217544  
325119  
629697  
282481  
247803  
247209  
337535  
289612  
426701  
187768  
206794  
134868  
191333  
402426  
323986  
284024  
407255  
392790  
255934  
262015  
430711  
780720  
894400  
540318  
215962  
267583  
371634  
357178  
291100  
363926  
345184  
369587  
826826  
1175212  
354748  
201833  
271281  
273710  
529275  
355013  
629410  
501790  
292527  
317453  
286569  
637941  
476898  
524341  
464621  
662375  
570563  
659175  
615254  
383564  
574208  
366853  
461938  
779708  
748775  
717503  
445973  
599477  
778578  
408589  
113739  
355028  
207121  
307838  
244476  
216229  
177778  
107430  
169591  
395545  
181752  
137292  
148651  
230210  
37173  
82450  
148550  
248912  
214368  
274773  
294343  
805885  
414293  
407641  
203998  
373556  
351672  
452555  
482131  
300796  
261035  
382435  
181631  
313124  
340151  
397990  
590292  
829137  
702717  
326873  
347522  
123846  
129319  
527874  
189914  
157147  
328324  
284370  
348560  
523553  
340636  
270582  
304689  
253765  
237843  
338428  
671390  
327599  
584931  
263376  
393304  
627044  
466605  
433035  
315807  
470977  
540986  
942303  
618440  
932864  
708714  
519969  
809383  
1425224  
220220  
247654  
413640  
277139  
498393  
697977  
1325644  
813873  
1257196  
911427  
852864  
518423  
1091092  
898048  
853358  
668757  
656386  
548112  
794719  
864413  
1073353  
1019490  
1396938  
748718  
611903  
694498  
939996  
561819  
572891  
519066  
742137  
746899  
689369  
556931  
596923  
540986  
946975  
764330  
493923  
1069309  
1065971  
515913  
774446  
941847  
938042  
750468  
842366  
420002  
631195  
624229  
870501  
867357  
724735  
423456  
361899  
388515  
382042  
252289  
473895  
518342  
758551  
391898  
402848  
569241  
531319  
379654  
371598  
311954  
452175  
816551  
668881  
622767  
834896  
275063  
429991  
921337  
1108102  
536062  
311652  
166403  
297797  
445040  
401481  
511555  
374623  
630576  
648917  
523346  
442631  
387943  
374062  
867118  
439220  
377334  
554060  
1154506  
10555191  
2277100  
4049872  
2072445  
547654  
3531348  
2002463  
11290768  
