0  1.24887e+06  75593  622287  176366  77611  285444  36564  3615  22962  3980  9158  202  685  5034  25506  37130  64866  20997  35943  10939  26561  153683  131418  69431  12190  37475  157570  24110  32501  4309  208278  1923  1.08963e+06  224559  248270  663386  139010  5174  52870  38476  15311  268  2600  10665  433  202  3540  6303  756  776  449  192  119  250  536  899  338  3638  959  9340  1796  2648  3258  4291  545  361  869  532  1063  438  104  534  21  329  16923  27200  3201  1892  1702  1703  1371  114817  
962165  0  10586  1305  709870  140292  345116  48926  5754  31039  14085  143  138  666  4126  25506  27938  53567  13917  51449  7739  14396  70850  65203  32345  6730  16487  8590  7010  5992  1598  13008  322  17393  773413  870376  435491  163563  6953  38809  24248  2209  1190  841  399  2681  674  18605  30361  2486  1873  877  87  51  173  558  1623  416  3632  695  8800  1166  1459  2106  2453  621  460  1194  547  887  358  99  420  19  247  40055  4998  5418  2813  242  1891  2722  311380  
35860  672  0  154307  278  50  175184  140449  66  448  398  1486  75  149  607  746  263  3599  826  3730  881  1456  5496  5591  2978  932  1226  2267  1247  922  32  767  6  174  20154  99451  125891  28340  8607  5940  1906  13518  3747  20277  8494  1683  109  54861  30482  146  119  49  103  18  24  80  84  33  292  92  889  126  173  300  259  103  66  145  95  176  75  17  87  2  93  2751  9645  1042  338  698  260  270  12574  
810690  906  217743  0  421  45  9029  561638  89  222  547  1.07354e+06  13115  9805  5057  380  241  2337  695  8247  1200  1432  3922  4998  15980  2969  69609  76373  6930  5291  40  12943  13  2844  14463  71862  110969  14094  25996  15610  43784  247747  2543  217867  872839  765  156  77141  174664  329  146  154  86727  7890  6180  4039  104  86  675  207  10862  2811  920  1009  1625  496  210  850  1282  1103  678  107  970  5  1829  3427  397719  3779  772  17085  824  761  5598  
181669  837537  4385  1566  0  1.4603e+06  1.17658e+06  169710  42320  119707  16645  232  266  1230  3707  60548  109834  85108  57854  61146  7373  7040  55875  17377  13985  5258  11215  7004  10867  8866  3604  22093  2046  330450  974016  844091  460422  138462  1523  22846  22075  2462  1068  768  514  6262  4538  63006  82100  20687  3245  1294  160  71  250  485  2336  630  4981  1076  10274  987  1117  2284  915  633  371  882  477  1421  660  173  801  42  801  34017  6612  7198  4060  276  2071  1816  476562  
108483  244286  3429  907  1.62942e+06  0  493098  370308  479522  1.61276e+06  9495  142  251  1493  2590  150872  340440  95026  101700  36501  3862  3465  28782  8547  7896  3709  4860  4553  19406  19224  9979  126304  10087  871534  461369  390026  334610  108556  830  9467  8915  940  367  211  207  2132  4041  18495  66675  32038  12442  3002  95  76  338  330  3487  741  5603  2035  8847  711  744  2108  534  596  230  492  356  1480  643  222  830  61  560  18465  6185  5409  3570  169  2013  1024  292864  
224244  545810  232139  5558  2.00914e+06  569500  0  1.86938e+06  1.53107e+06  154153  17923  335  437  1427  4269  33575  52060  111641  164583  63357  5125  7909  58945  29691  28384  6765  12530  8050  62526  15188  2157  7912  213  13467  763749  885042  301873  116852  15785  30865  19490  12882  9643  7360  2024  38018  36562  383674  428457  203844  17480  1968  371  121  364  678  3239  1084  7455  3961  12374  1285  1332  6244  1562  1780  528  1122  863  3899  1790  550  2085  83  3519  50637  24271  22395  9083  715  3394  2089  332221  
19693  80301  236973  892902  192693  110718  2.35157e+06  0  1.80152e+06  608575  541567  978900  1.24612e+06  986028  176648  58212  33708  104533  28482  435454  26732  8834  37355  17651  49572  99141  71458  7638  9176  6740  3208  13122  665  41485  609265  424578  569085  288508  5007  32458  16532  65968  31382  123590  204620  62837  55860  760338  3.94934e+06  510865  292603  130129  194545  74267  38887  24629  29893  4461  31419  23823  94537  11676  5156  27393  7891  6847  2441  4466  3027  16574  6833  1954  7537  293  12643  185410  184287  107448  52306  5216  20460  5874  562653  
5184  15719  1627  492  148539  538151  844891  1.57648e+06  0  1.54338e+06  3790  40  46  486  844  14612  16727  110043  278362  18439  836  629  72942  1362  21247  2657  1693  3117  78412  17008  1042  6641  200  11613  99119  232877  76285  51373  550  5715  2620  599  263  101  121  1821  4629  17098  136073  88704  64948  8130  40  33  168  177  4864  591  4289  3728  4466  409  498  3965  256  892  128  238  269  3415  988  169  654  32  665  11853  12600  7510  5476  111  2517  395  102501  
50598  70503  5678  1223  271668  1.23843e+06  214394  1.0829e+06  1.47722e+06  0  124331  158  229  3590  2119  2.38351e+06  352128  93634  96397  46659  2524  2064  24250  4610  8559  3296  4364  9650  28445  18278  8270  263769  71094  468428  445472  596788  589513  380180  700  8269  6700  1048  521  286  259  1812  1848  9008  168302  24291  148200  46950  106  101  938  378  27561  1232  11086  7219  12037  671  782  4033  547  725  282  540  524  1923  862  263  1329  86  1440  37877  38851  21825  19575  258  9929  1068  549330  
497  1626  1126  1197  2143  879  5083  826277  1866  353864  0  6108  18699  1.04579e+06  4986  121381  3655  17202  675  688299  914  305  795  569  2715  4958  4267  448  635  412  105  2391  529  994  40607  27375  14570  15007  381  2055  1343  1557  1062  403  338  3042  1825  9809  142191  9642  156048  289045  1901  5663  14386  1162  103524  4867  31158  2617  55493  1052  1804  3593  847  1159  854  1376  1199  2656  1516  1476  5430  750  2836  99265  46867  32557  33013  576  19273  2154  100487  
4566  1278  3944  739794  1687  107  9492  1.1419e+06  165  319  10464  0  753936  414069  160925  568  379  2753  388  191883  18241  3510  1180  3668  11874  21412  29147  12952  2020  948  24  2057  67  1050  10496  3570  30153  3378  23363  8558  16676  51226  1700  18712  144204  1007  409  24019  291615  1352  706  1878  386185  93045  71466  24154  587  268  2229  364  70519  11936  2725  1071  4267  626  793  1562  1170  1315  688  105  695  21  1784  6305  50682  2830  1247  19859  1952  883  4723  
3191  1187  2135  48310  3311  357  12242  1.18613e+06  749  1007  38314  838964  0  1.16002e+06  373328  1362  926  4956  617  386995  35382  6553  1188  6135  20320  46702  42436  7594  1397  686  33  1761  125  1144  14743  5713  20500  4460  16395  15734  10643  18835  1186  4461  34340  2108  1522  23284  252271  10088  3252  5457  191841  406073  133311  25725  1928  646  4291  863  74396  8724  2114  1847  2415  777  851  1514  1048  1768  837  231  1030  59  1610  11890  19063  5563  2668  18997  2505  845  10743  
2619  1424  1910  64431  2161  866  6049  761488  1357  11945  1.05472e+06  529084  1.02023e+06  0  493110  14611  4502  18730  1498  1.10742e+06  53075  9224  1607  7847  15519  29939  26153  5758  2110  1187  156  4992  844  2170  24114  8261  23761  8528  9686  11734  8086  12032  847  4326  27896  1654  1432  13469  194367  17513  26059  59731  106535  250071  569302  54109  22007  2750  17393  2170  151474  14765  3834  3861  2558  1367  1297  2203  1425  4172  1893  920  3290  332  1843  30568  17497  9612  7988  14471  7194  1591  26017  
4439  1240  1779  28446  1188  334  3638  131515  579  651  1796  185539  237131  509846  0  1065  1726  26317  2871  1.63235e+06  145257  92787  2939  516971  114054  373585  233286  5472  2885  1651  169  3742  258  2763  29663  4149  20363  8857  5423  117983  11031  14323  623  3174  24208  938  327  4120  59439  3117  1349  2924  22796  14299  140161  294425  2174  1967  19763  3624  246133  32890  13954  10244  6544  1633  1110  1737  1456  5823  2365  461  2320  100  1290  17611  11338  5759  4481  7113  5253  1633  30957  
48705  60444  6627  1252  111109  133041  62328  121498  77277  2.38107e+06  97990  153  264  3449  1748  0  2.27541e+06  477412  157100  61515  2405  1745  29713  3652  10266  2814  4358  18596  53893  18876  5552  321045  240852  534854  271541  113307  661124  197010  761  6957  4178  879  543  241  211  1434  842  5417  18568  3552  12105  19280  130  103  1014  359  37913  2399  15846  1271  17897  749  1735  2546  672  744  474  788  746  2035  1038  805  2940  457  1403  33614  10771  8170  6518  322  4938  1158  318645  
66464  85338  13011  4401  175395  217913  107115  99272  67466  404516  102192  1142  1495  26607  22949  2.18518e+06  0  740293  1.3983e+06  479633  14033  6680  40514  11683  30916  23612  27252  33961  120620  387640  380703  1.48163e+06  384706  481479  183833  70523  612553  151197  4378  68911  17717  5165  2632  975  1028  5022  1898  12549  29040  6536  10776  28624  885  660  6975  3480  62942  17626  109091  13781  166955  6123  7182  14610  3324  6337  2594  5159  5903  27494  12476  4304  15901  1363  4967  123016  25146  28411  22192  2501  24670  7647  189962  
47963  25423  27431  12167  37166  31718  101608  69764  285158  110709  25264  943  514  2065  12812  710738  662003  0  3.21411e+06  708239  101712  15873  674982  40593  107836  40427  35671  49236  58685  40520  4870  84584  3581  69114  206102  51566  390948  191900  10908  161779  41089  6948  2361  1134  2484  3809  939  7752  22628  4536  11553  3486  532  453  1242  5581  4990  5920  86173  22937  187907  31132  52326  82340  10929  9654  6243  8570  6308  30166  11202  1573  9727  386  4298  86803  15908  25708  17695  3632  28991  7651  221601  
73326  39304  37529  16124  69946  52766  242630  68365  296087  66193  5557  1626  1046  3206  34373  131523  2.18112e+06  2.87193e+06  0  205995  22865  11696  998615  23566  131576  59737  55835  65522  503740  976694  484041  161239  3608  118420  213787  61843  485081  156671  17128  200518  59563  7337  1731  1046  3454  2959  1095  8201  21611  8222  7425  2474  579  465  1215  4600  4061  3478  63103  14056  126625  14807  14501  26939  4733  5382  2838  4633  4137  20096  7853  906  6222  197  2760  55303  15001  22182  14748  3290  15788  5170  158792  
28886  13235  19232  32877  9464  3034  36644  334559  7971  37600  762535  120860  164841  725561  1.83419e+06  71189  28419  874221  46807  0  1.88054e+06  785700  58119  1.0776e+06  174554  362289  233145  37634  43553  22843  2044  49188  4622  22455  375317  56635  212740  110434  15046  459828  52904  19501  8119  4850  12747  13804  3308  28197  136024  12498  25836  39361  29542  29756  115323  95615  48761  37511  317931  73913  1.63316e+06  158832  263471  326941  53187  33040  19824  27634  21138  99021  39591  11715  48649  3418  17381  336187  51156  88567  63692  14310  100172  25953  238536  
3115  1324  1828  1553  742  185  3076  5246  196  197  257  3332  4756  6431  99835  293  604  144108  2479  896646  0  558653  50002  369047  26800  58835  27554  3178  3741  1966  113  3679  107  2777  55797  1941  18760  5762  945  108231  4320  879  265  211  645  495  60  689  2523  130  146  106  824  675  1312  4203  117  144  18843  3518  125913  95595  88617  69041  19611  2986  2301  2529  870  2190  1027  107  1170  36  703  15234  1064  3234  1604  617  7584  1003  7300  
3735  1707  2144  1167  570  148  3953  2803  115  121  100  1433  1983  2469  74012  187  391  45813  1199  258692  636013  0  41701  599926  35382  46886  21765  3796  2481  1876  97  3316  92  1979  38500  1507  18941  3831  598  77508  3715  495  99  87  385  163  18  259  916  54  58  49  535  429  810  1888  41  56  3981  1117  31681  87422  83879  16888  17712  1195  1000  1092  293  823  357  27  386  12  239  6990  634  1138  617  394  3884  345  4425  
77416  33594  29054  10099  14041  4509  72631  28017  33139  2511  1115  741  316  571  4019  2442  11232  639961  881745  47672  54667  34971  0  323454  811714  116058  32147  50172  900540  358085  3712  94304  1204  96536  100554  23334  305890  58949  9146  131997  34817  3115  313  460  1860  534  199  2027  4549  1375  585  184  190  179  240  2073  269  307  17556  4994  68342  16666  36937  62563  8565  3070  2030  2382  946  2422  1041  146  1247  50  730  15864  4363  6790  3866  1469  6073  1130  48517  
39467  12854  18654  7886  1566  471  35581  8241  335  356  291  1924  2298  2796  628002  433  931  51534  5628  635765  391961  1.20423e+06  578532  0  1.45897e+06  622408  84601  41643  24096  19507  454  28624  167  8340  97723  6370  121979  13791  2529  280858  17627  2052  200  360  1516  319  46  882  1870  122  122  104  490  349  522  4670  99  85  6323  2027  37325  15677  55730  74737  165917  3899  2601  2736  807  1758  840  57  756  19  464  16522  2627  2835  1470  900  10043  860  21703  
36366  10758  16514  10081  2397  956  32893  12555  9746  725  759  2647  2803  3316  23554  909  2443  48920  48638  42093  13445  69820  1.17746e+06  1.60111e+06  0  1.69151e+06  771164  147548  3.03247e+06  58336  1338  46692  338  15965  115071  21220  122367  27749  10793  572476  107698  2365  154  426  1900  247  76  912  4361  687  346  172  408  163  225  802  228  304  4786  1301  13240  3048  6570  8748  12335  2683  1087  1307  603  1994  748  84  598  17  324  10992  3681  7814  4296  1013  5134  622  34453  
5998  1399  2812  3900  793  296  4964  14659  2705  274  173  4774  5527  6223  93521  297  806  13052  16248  54406  14544  36831  94940  310615  1.6625e+06  0  447118  22147  93709  15553  383  12966  179  4657  11779  2244  25424  4815  1188  360258  8637  912  68  272  1168  97  31  475  6863  585  249  212  730  162  208  536  126  110  1322  391  4329  860  1267  1576  1746  215  170  222  102  476  203  31  158  5  93  1970  1197  890  554  279  772  133  29659  
46691  1265  2130  26771  1139  339  2716  16171  224  524  1167  7727  5517  5601  59969  834  1011  8646  1622  31170  6918  5952  7387  16831  937600  620812  0  214673  5019  1654  104  7083  110  22739  126679  24799  40251  21481  8917  613282  463110  9464  98  583  6840  134  55  714  8266  781  532  899  1024  450  457  743  463  272  2425  458  5850  711  860  1583  884  463  327  535  401  1008  410  41  310  9  228  6301  10459  3963  2060  1596  1785  555  62494  
209845  5497  17575  93729  3706  1290  16855  6317  992  2038  2857  8575  1226  1109  3176  3229  4734  20242  8464  22070  3874  13038  45868  57661  210878  10155  241682  0  232188  375343  1344  490749  192  91083  277159  61775  271780  97685  67846  281822  546164  31134  177  2239  21199  280  93  1368  1998  294  238  180  1023  822  771  791  370  377  5223  1553  10743  2008  2206  10051  5067  2022  593  1198  1387  3565  1425  126  901  21  744  13318  41289  42354  20509  7796  5008  1011  40263  
44583  16720  14747  9298  12663  6762  82055  16007  55745  5048  4742  695  373  1901  9142  4404  78021  67696  314777  49311  10183  16109  1.23919e+06  66901  2.70382e+06  88093  40190  296038  0  3.71495e+06  144689  96079  789  58601  130611  25779  182860  58533  24564  258470  52991  3195  306  358  1928  620  384  2181  5487  2948  1028  896  215  173  618  1766  2861  911  12543  3781  27041  5518  5668  12494  4084  1762  978  1443  942  3730  1513  333  1743  136  781  14563  5288  20906  11283  1542  4786  1095  47311  
111077  39806  18051  7770  29674  17521  64106  35859  18651  10644  31461  686  587  10168  9457  13405  745527  119631  604982  155506  10879  28092  457917  142197  113506  25019  19843  356304  3.81588e+06  0  1.89101e+06  3.13298e+06  1768  193568  113917  29258  266891  68818  13940  139010  26480  2902  641  438  1472  1213  449  3725  9515  2320  1995  4313  315  280  2522  1772  13448  4672  27356  4429  46349  4605  5678  10561  5548  2010  1103  1812  1593  6551  3002  1479  5382  549  1716  32066  7473  15768  10259  1418  7622  2067  62004  
28140  12711  3088  854  15143  9898  13289  15359  3119  5088  16720  181  229  4514  4310  7192  843198  59488  464370  82302  5909  3593  32769  7907  13793  6640  5255  9562  140722  1.8012e+06  0  1.14026e+06  737  58598  21975  8237  79729  22999  817  12375  2894  640  298  101  178  572  205  1552  3913  877  959  2496  111  88  1112  519  8384  2310  14202  1636  21386  1138  1352  2273  699  780  350  656  687  3044  1441  758  2513  298  749  15201  2858  3764  2875  316  3027  929  19894  
277483  41191  14728  13638  50950  71422  40757  66090  14650  223896  132499  1817  1866  37538  30910  209676  1.85927e+06  468824  155875  637380  38579  47003  386302  179466  155839  57399  38322  439271  187577  3.86541e+06  864666  0  853184  1.69735e+06  127243  31974  514626  82464  9585  129145  30565  5368  1850  934  2392  3334  1113  8046  21767  4169  4377  9421  881  817  7975  3442  23482  18169  75747  10389  134298  7745  10788  18157  7558  5067  2297  4265  4588  20732  9929  5205  16267  1461  4253  87976  16997  24945  19405  2501  20752  5714  90398  
8779  6513  1002  196  11845  10059  3379  8778  586  65108  14175  62  87  2066  649  115403  269231  18578  3322  40826  627  436  1835  642  1175  780  884  2830  2318  3060  1344  394421  0  271467  4428  2647  85355  8795  88  887  426  101  52  15  41  104  46  450  1384  226  289  1084  35  38  606  142  3054  405  3025  227  5511  138  225  375  97  111  83  119  107  386  201  160  522  76  160  3384  641  686  584  54  630  165  5130  
1.27314e+06  176048  10921  5874  608466  1.32614e+06  42982  108542  10496  817048  33829  700  589  6215  7430  910825  1.19448e+06  167549  55280  146801  15318  13240  135406  33992  36418  14438  22150  104070  38316  52048  16290  1.22233e+06  952148  0  114774  76350  1.54007e+06  82655  993  21401  19194  1208  381  246  587  932  566  5169  12643  3096  1637  3493  260  193  1704  694  9203  2264  12758  1658  24501  1911  2545  3732  1549  811  458  806  668  2688  1288  687  2342  254  826  19828  3920  4373  3468  472  3380  1252  83296  
134682  463332  302901  63007  314549  49309  1.10102e+06  1.39354e+06  37866  562419  251973  4127  4016  12533  38470  431567  37098  576690  65843  747722  64625  56759  216583  127573  407213  61504  532515  283030  127555  60957  1557  53865  1731  35065  0  4.71762e+06  382226  447909  171738  1.55757e+06  1.12908e+06  18851  4255  4738  6603  7937  4736  59925  209729  24963  32016  18867  1735  1121  2804  4936  20904  3820  32910  6548  81974  9203  13148  20297  10328  8052  8185  16058  6333  9368  3778  895  4646  266  2861  467653  44893  53801  31295  5099  37074  28739  5.19375e+06  
79884  357981  250081  44789  164478  22406  917855  333986  26295  123343  125445  564  548  2819  6043  150047  8107  135918  6845  218553  4873  4579  15016  12120  84280  7724  115910  48609  16545  5921  265  5002  268  4369  2.95195e+06  0  374188  301054  387073  182149  214931  3476  930  2117  2310  1939  1070  15217  47264  4628  10464  7938  306  134  787  894  12344  1003  8545  1228  16883  1202  1478  2833  1038  1073  844  2418  1112  1720  729  260  1154  97  659  101079  10700  12039  7267  792  4443  5638  897875  
303000  568253  458870  124075  637942  122472  814113  1.57166e+06  66336  645718  92353  6805  5284  12221  34572  577399  305544  416536  158698  343395  52386  43177  264682  111992  81966  46606  51490  80247  87328  60426  19889  146144  7183  349386  282633  1.57386e+06  0  1.73576e+06  124229  110018  57993  27542  2486  6405  17626  5767  2855  53164  189469  16994  19090  10503  2208  1714  2586  2039  11052  2058  17867  4551  47203  5696  6682  10774  5459  1813  896  2128  2171  4829  2198  677  2880  227  2610  33053  49941  18891  10526  16548  6176  1989  168882  
31829  75984  76827  15355  77303  13266  152558  460831  16920  265350  44132  987  1167  4309  20542  174673  26471  135943  33122  174389  20990  11517  52512  22220  23744  23631  22971  6528  18666  7957  1700  4184  232  3425  128730  385771  1.55245e+06  0  40917  24256  75717  4028  736  1094  2099  1608  795  12764  48392  4759  7750  4603  421  351  915  998  4455  1143  8852  1998  24967  2411  2533  6220  2034  1182  496  959  931  3047  1297  391  1499  114  788  20340  9094  20279  20212  2312  6112  2576  623616  
17570  9072  35994  42119  140  34  45940  4637  59  176  1219  4175  2525  2166  1320  519  159  4121  864  6366  1089  1557  5592  4865  16116  1204  16093  22060  10899  4481  19  2101  7  336  60172  353822  155130  30667  0  14766  55906  9281  52  1728  5597  59  19  1118  921  75  81  53  484  322  402  248  171  98  986  339  1833  439  458  3120  1015  509  169  671  766  644  268  31  260  1  689  5276  19788  16479  8478  14467  896  619  13754  
26659  3082  11521  15553  1249  402  13479  10937  1482  797  1454  4593  4591  5009  43460  1390  2327  37077  12118  153031  46170  44179  50375  156198  667275  333683  1.34574e+06  164822  155874  81851  1373  48106  279  11327  1.2278e+06  44826  98701  22311  18416  0  1.12381e+06  6080  580  717  3940  845  145  1858  6165  626  818  1290  772  372  523  2491  872  1596  16890  3725  41053  6263  14395  14402  11994  5780  6995  8035  2736  6885  2981  285  2250  40  1356  56842  8943  8924  5307  2842  29613  4647  152440  
71659  1559  1846  6920  753  145  3856  3371  223  765  3397  1303  550  645  3672  1661  623  14042  2407  15582  3035  3860  18512  11922  187650  13638  1.17611e+06  154493  6920  1580  46  6945  45  46173  644894  89055  43538  95485  28086  1.39068e+06  0  3170  85  195  1808  128  36  579  1265  131  199  206  202  137  167  216  288  255  1553  357  3196  485  680  1937  1061  593  261  671  548  1276  503  46  326  9  180  13197  4089  8596  5068  1142  2125  1359  65906  
5868  897  8474  23653  506  101  7550  6349  413  665  1389  3531  310  458  586  1386  696  7510  1006  10218  1269  659  1186  2843  1489  395  1803  2853  1128  621  34  962  61  261  10217  9659  8513  2928  3165  2775  3928  0  1.50291e+06  77965  672719  386086  73916  630437  52266  10426  20004  2406  2807  5088  4936  5134  14614  18968  22634  13891  26827  7359  6425  104977  36086  28662  4030  33845  138575  72762  113116  21334  474995  1906  1.25494e+06  254752  331817  541724  82479  86547  21484  19647  86996  
816  3029  16392  3407  716  76  21685  21248  339  549  708  94  47  106  160  894  238  1894  259  2913  425  204  332  738  377  125  388  267  191  78  9  181  23  84  7765  3608  1197  1549  316  542  1336  1.33315e+06  0  3673  519  597099  42625  477177  31115  7332  11144  1673  238  148  219  3005  6181  5559  9675  4673  17427  2958  2371  33975  8975  9088  3103  8282  10220  15442  19390  7592  153417  655  42137  323955  329478  228001  75509  8526  20581  15800  82068  
3266  666  40619  87536  113  6  15919  12771  11  25  38  2040  55  41  71  31  17  292  59  341  45  76  263  412  219  57  74  203  86  81  2  71  1  14  525  8679  2685  420  382  332  114  39127  267  0  116200  162  77  154307  71194  167  144  40  98  60  44  193  141  80  333  145  569  136  136  1525  938  628  127  342  899  1287  805  109  627  1  523  5555  86290  13301  1478  16018  684  383  1723  
14106  963  64321  1.03852e+06  216  13  14973  77256  27  45  107  245761  5210  4210  3562  82  55  613  152  2707  467  411  972  1350  1914  710  4260  5027  801  619  8  798  1  175  2233  19737  15541  2070  5206  2066  4063  678173  423  247772  0  170  88  15942  444530  171  57  85  825934  8048  6200  3588  63  57  273  125  7725  2175  721  1059  1559  712  152  895  1851  1618  862  75  729  1  2349  1910  180363  4715  418  21207  733  387  1039  
558  5565  7415  855  9705  1171  53020  55531  3829  1750  1569  77  75  213  208  1840  539  2761  514  4373  718  293  688  885  516  137  493  358  341  131  17  327  52  212  15104  7769  2614  2586  417  706  1820  498066  844192  2756  360  0  955381  1.05366e+06  106204  86006  61867  3840  269  183  345  5033  22831  20651  22505  11607  34680  5532  3647  65128  9514  14830  4349  10777  13743  63572  49166  21855  81792  2852  277593  580899  231502  315511  130881  2518  30510  20440  149353  
355  2085  1389  428  9836  3805  52226  89658  23995  5072  2343  63  112  426  198  2857  807  2955  1006  4465  467  181  697  488  554  183  409  281  883  225  39  409  62  388  14883  7574  3909  3176  329  560  1328  51104  50880  1571  319  1.27994e+06  0  814798  404538  866033  1.75183e+06  6830  183  122  472  2771  77818  84411  21952  16346  23347  3379  1844  52853  4191  13594  2159  5171  13560  177474  84413  46444  178677  27411  1.0891e+06  344222  247120  181301  87482  870  28473  8751  167476  
8013  54593  136328  33122  103228  9751  570927  625137  24031  8004  4070  1052  552  1222  704  4994  2552  6463  1795  9557  1045  652  2881  1966  1308  596  1126  729  1061  526  157  816  79  1613  51744  35577  21130  9659  814  1819  2868  433032  269686  211861  5712  1.64781e+06  1.10659e+06  0  2.08764e+06  1.73858e+06  226955  6730  1026  435  697  6556  44540  22523  57607  72837  56021  6499  3867  118393  10997  27925  5512  12076  10724  194061  39448  9394  29619  432  35761  696447  626509  233641  82612  20363  42948  19817  204160  
14162  96714  212472  322345  164792  23556  882132  3.90217e+06  179347  186356  84937  134063  80088  38599  21505  21121  5915  26961  11977  68703  6713  3311  11868  5685  9217  10782  9462  2565  8432  2109  384  2557  265  3638  196833  137948  87318  62819  2176  7479  6979  66161  45202  161214  678716  109021  136700  2.48623e+06  0  1.79591e+06  443261  718847  996005  610993  675455  116674  39203  15571  96130  68168  346156  48614  18286  80522  44090  19840  14398  27600  18221  25805  25199  10159  45698  1148  109840  1.01795e+06  1.27685e+06  701903  299761  13036  100308  32750  472036  
587  2484  1194  304  17468  11037  123360  250029  105900  13336  2035  45  121  1049  232  2430  1431  3501  2985  3917  301  172  1600  448  1031  303  326  342  2451  546  103  551  50  1038  18687  8388  9613  7048  478  756  831  8076  10744  1541  238  103201  794282  1.15036e+06  1.69483e+06  0  1.76511e+06  2905  109  116  184  913  36922  28145  50670  134796  9268  1308  879  135972  3093  77759  1590  2161  6390  247428  85415  9247  11603  188  10596  101517  313456  75670  45963  952  19273  3529  77240  
458  1867  1676  412  3080  2339  21051  148155  50332  125853  27999  71  98  1272  338  13670  1820  8561  4528  11885  521  263  2643  677  1633  430  494  458  3804  655  77  785  128  469  27280  25162  9899  14728  429  1006  1152  21177  17655  2423  363  94563  1.48768e+06  221452  987739  1.56298e+06  0  105340  229  224  3076  3118  2.55414e+06  347503  84474  102251  44426  3907  1979  90373  4461  47696  2649  6036  24761  174301  88318  37186  363680  75873  703056  393823  614984  536213  440037  1683  176318  9626  467108  
329  1262  782  984  1592  882  5740  165061  8125  215815  280078  745  1295  15455  3493  90818  7901  10551  1736  46944  277  126  850  261  2349  4167  3857  311  1108  639  170  1512  342  536  26536  31872  9503  15187  194  1621  898  555  402  277  815  968  732  3038  630063  1895  242320  0  4433  6456  634871  1928  114667  661  61318  542  350722  1168  424  849  414  373  422  713  347  684  392  207  886  101  841  32199  24020  12003  11656  339  6207  697  49198  
4793  1395  7695  243879  1626  127  9974  263775  343  705  5722  474655  176262  92548  20141  1466  610  4965  612  52012  5980  1877  696  1406  2882  4120  6791  3910  822  427  31  1067  83  458  5464  3314  8079  2134  2592  2608  4480  16890  997  8682  505199  980  498  13281  904402  2080  853  8089  0  444135  265795  92165  709  587  5324  604  262885  51179  11309  1452  21000  2042  3826  6447  2752  2829  1528  178  1247  31  3006  11557  26382  4619  2365  63443  7808  2431  5234  
940  910  1131  18557  1673  296  7200  168919  1431  1390  15921  115085  561193  240012  21021  1928  824  5677  706  90763  7910  2741  661  1430  2615  4201  4546  2114  820  446  35  944  113  407  6864  2451  7116  2310  939  2622  2839  6367  490  1347  20261  1120  1055  6847  703203  5332  2147  20614  643916  0  562381  116402  1712  638  5414  767  277098  70296  14758  2339  14276  3466  4693  9217  5336  4673  2250  250  2092  41  5956  14342  12405  8065  3308  133982  9511  3777  7324  
1200  1410  1306  24336  2183  821  8568  161043  6500  26614  62437  72392  170630  618938  158757  38158  7502  23856  2107  222723  15053  4175  1245  2105  3699  5698  6282  2041  1838  1257  325  4280  914  1454  24377  12208  11556  9258  1292  4324  3112  6850  660  1474  32785  1574  1124  5857  745555  3226  11310  632433  400920  542310  0  441015  15018  2005  22433  1523  1.02274e+06  139892  18857  3562  10405  3390  3192  6288  5138  6424  3239  695  3617  220  5080  28361  12644  12257  6843  123974  8339  3215  25203  
1841  653  1315  21216  530  150  2084  21298  341  578  5306  26206  22305  76549  433803  3248  2178  23081  2892  138065  25202  9459  1941  6741  2848  3612  4143  1934  1896  914  104  2315  288  957  11181  2471  8970  4342  1229  5945  2628  6927  827  1091  19033  1603  343  3829  44638  602  1113  1191  155208  156264  631353  0  765  2211  29205  4130  1.64266e+06  269681  169690  7226  680815  19861  198271  132157  7911  7646  3718  888  5352  314  5958  51113  10056  17248  13032  62364  130339  19701  20206  
243  843  723  276  1048  571  4216  24818  3402  52363  28938  75  90  1598  434  63166  7889  6894  978  14821  350  164  533  461  563  472  598  272  937  642  207  1101  256  382  12294  11260  3536  4849  371  707  855  18896  10058  2662  445  38747  62468  36173  100306  90778  2.38752e+06  58498  253  219  1157  2529  0  2.13372e+06  532273  62915  30751  2950  1532  43277  3503  32343  2226  5377  30923  55275  32623  18991  615213  384579  706161  431022  138534  679419  450979  3276  167932  8007  537404  
766  1223  1013  573  1634  864  5652  13261  2645  6720  34701  234  220  1982  1097  37525  12009  52258  2548  89430  1391  575  1533  1111  1647  820  1336  890  2473  1709  495  7163  1852  2086  20087  7117  8293  6345  1361  3094  2391  26192  16998  3338  698  79619  154631  61015  89126  175302  506622  10965  1088  805  3433  11059  2.12614e+06  0  713534  1.47815e+06  152242  15244  5458  137323  7959  57382  6311  12195  52893  311473  453031  542811  1.61117e+06  346179  672723  403828  52430  536835  257577  6448  100492  15665  348394  
3452  2520  3022  1622  2501  1196  9742  21907  4584  16942  26874  315  236  1316  2792  51404  19310  95453  13575  112102  9639  4131  11179  9798  5857  2066  4096  4968  8550  4842  902  12482  2377  4403  47028  13867  30162  20645  7767  17974  8744  28634  16037  5393  1411  35796  9115  64296  149029  134673  109441  40081  1011  738  1984  12832  724978  746162  0  2.73098e+06  739833  111190  17259  643058  13653  61510  10256  20065  37820  129918  49786  8030  80251  2679  73522  341107  61751  389308  200619  11723  98216  26570  252160  
2311  1669  2697  1630  1979  622  10407  22537  2580  3759  4656  320  268  443  2129  4717  3288  40818  8045  43213  5303  2421  6941  4809  3811  1282  2561  4438  5965  2715  208  4057  349  1725  22827  6010  21050  18165  13186  12184  9252  46137  33604  8346  1972  76176  17492  94460  135880  290594  78713  1989  1475  1337  1911  18451  34238  2.06948e+06  2.45109e+06  0  145351  18646  10753  1.86815e+06  17423  200607  14578  30650  70410  737047  961285  1.06104e+06  231307  5519  136863  337987  63705  361361  132091  19618  92239  45343  134105  
17640  10074  12253  29316  7809  3362  26988  80057  8734  39010  144812  27202  21826  57595  145482  150908  57827  392821  59483  1.16749e+06  150046  46648  58287  83803  30286  18851  26268  20972  37439  17839  2668  45057  6953  17867  186928  44536  131897  68873  11406  93439  28011  24427  10538  4780  21704  19269  3840  32623  202384  5819  22859  344933  165804  160204  745755  1.66962e+06  32235  22718  851286  82512  0  2.33521e+06  898302  110927  774672  60887  165591  157391  37168  99045  40756  8861  59424  4091  34827  475147  63359  169132  129170  62131  232357  50573  246944  
2244  1041  1546  1583  598  148  2769  3158  429  357  1085  972  675  892  4200  1307  1373  38550  6597  72876  95187  59866  23095  35582  4224  2137  2800  2478  5064  1912  125  2951  166  1719  16429  2344  14943  6606  1582  14297  2873  4761  2139  942  1167  4207  520  5189  10393  491  782  298  9733  10291  16567  105885  559  1093  173702  9378  1.00913e+06  0  463426  99225  203149  19499  49724  43895  8393  14626  7360  1325  12623  677  8086  55138  5334  29844  14970  6755  49703  10290  20440  
696  339  492  611  195  38  887  1021  99  82  200  371  213  249  1240  257  293  10331  1404  40425  33779  52657  11378  57332  2735  1678  2112  849  1329  517  21  761  34  466  8252  613  4403  2108  829  13151  1037  3882  1423  806  522  2207  253  3520  4829  261  338  68  2674  2736  3390  94435  231  402  28473  3390  472926  404733  0  166912  594535  21159  58433  44429  6779  9330  5634  436  6395  245  4285  34486  3052  14194  5819  2825  74297  10086  8100  
2807  1701  2503  1271  1361  331  7696  12700  1002  699  766  232  188  226  1908  977  1012  69324  9371  105595  47649  32360  77833  148485  7200  2590  2910  3681  8420  2665  113  3197  151  1934  17532  3300  18437  11258  7873  15095  6133  33408  33437  5851  1361  65999  10508  60757  80802  154724  23509  743  678  611  632  15620  6351  24476  401226  1.30007e+06  116385  147833  331441  0  343125  720871  15832  25102  44249  997260  963037  13075  116929  850  57208  131437  24073  223021  63520  13219  62511  30895  59247  
736  343  707  2210  216  36  1328  2577  110  131  227  1254  516  505  2113  305  289  8394  1207  27015  11141  26448  8935  144512  3258  1724  2138  1475  1946  834  27  893  37  403  10309  1108  5138  4943  4048  13541  3168  15689  6779  2905  2180  9110  762  12588  15928  1599  848  143  8196  6917  6296  743215  632  916  33376  6530  650208  185630  648727  514405  0  1.69825e+06  769749  259776  40221  107591  47414  875  26730  337  11639  68185  10705  41183  13160  10902  287377  36734  26109  
549  355  750  617  242  61  1667  2635  204  174  416  154  103  104  489  457  427  9093  1559  12106  3623  2833  5503  11160  2821  837  1220  1589  2262  883  32  836  33  360  8149  1330  5398  6456  5057  6631  4180  21204  10065  3646  1124  15286  3417  19749  19502  35128  6747  221  828  578  557  31385  1971  5524  23424  59942  33315  12592  25002  772083  1.65018e+06  0  1.49448e+06  1.14773e+06  149796  2.62496e+06  97911  3606  36886  168  17443  100347  19504  65577  19649  14303  354566  62726  37407  
158  105  184  539  63  13  340  1017  32  37  123  243  115  68  142  146  103  1529  269  2422  753  512  671  2544  484  221  361  371  456  176  12  192  7  81  2815  427  1169  1297  948  1948  867  4303  803  536  573  1271  208  2328  3989  1041  389  84  1737  797  737  146210  278  424  7219  3196  53073  14829  32974  26085  525058  1.41881e+06  0  983967  33100  30033  7249  277  4151  85  6182  44846  6543  21614  7679  6501  204882  49349  21799  
349  171  468  1840  141  28  803  4153  75  114  310  867  436  242  339  324  280  3514  737  4579  1078  610  921  1717  747  404  665  518  549  287  15  397  31  166  5279  1037  2355  1532  734  3266  1061  12968  1019  781  1841  1656  321  3350  14170  491  719  176  6629  2585  2383  144117  644  823  14072  3131  82918  20252  36269  19160  102147  933238  734863  0  297757  12168  3574  379  4306  199  19522  91280  14927  40690  14449  14615  323133  218850  25368  
376  162  810  1191  147  38  1083  1505  149  303  782  350  225  253  290  942  441  3621  452  5079  726  408  695  1475  722  198  557  937  860  331  16  418  42  141  3936  1878  3230  3335  2265  1514  2952  99798  17094  5098  2625  27575  6303  20229  14652  4753  11601  753  1491  1627  1511  9210  12123  23290  16216  7974  20412  5387  5609  62960  20919  106080  18040  241256  0  208723  318480  8741  288893  2749  240749  159697  43228  131911  32115  41038  136456  209413  63722  
1739  987  1744  1015  1034  311  5164  6906  1318  736  2906  247  157  318  2484  2949  2642  34645  6305  36848  4896  2098  4217  5680  3967  1600  2822  3746  4875  1984  145  3202  230  1417  18357  3791  16908  16446  7875  9675  10572  24407  14260  3813  1245  63154  111502  142804  32817  260802  73885  752  1230  926  1252  19505  9295  90756  54008  196239  60115  22583  15811  1.14815e+06  79295  3.15018e+06  18299  32842  319140  0  3.62141e+06  324592  125697  318  16341  187563  31438  74299  37021  15140  199067  25900  64619  
984  921  1328  972  1213  475  6220  10299  2073  1194  5985  244  155  468  2370  5959  3223  28986  3681  40233  7533  2736  3484  7095  2574  1560  2092  1919  2993  1295  169  2680  417  1079  14326  3507  10055  9525  4318  5869  5313  47579  35999  5858  1445  133381  187631  178450  60800  340239  127717  1322  1295  716  1506  28475  16694  458651  123235  450281  123471  54093  27878  1.03403e+06  89652  191420  18322  20875  404241  4.86075e+06  0  3.15122e+06  4.68747e+06  1713  44513  165044  40318  86923  43904  12187  75880  18980  77812  
127  189  220  85  329  154  1750  3366  781  467  2322  23  25  120  158  2457  899  5077  367  8658  3162  973  826  1606  282  140  187  173  342  197  42  651  153  214  2281  728  1177  822  293  759  332  5750  6236  366  80  42761  71242  54504  19781  103266  59579  509  103  79  300  12953  6667  697673  67993  830304  58638  35214  11390  142305  10369  23983  7826  7780  8449  378242  2.61464e+06  0  1.02499e+06  1497  21271  42357  11194  26511  15176  827  10507  3196  18986  
958  1157  1970  1606  1497  631  6401  12836  2486  3156  18522  385  266  1215  1014  26461  8443  34395  2436  54589  7681  2735  3394  6738  1868  743  1424  1718  2702  1583  340  5269  1238  1669  16890  6445  10274  7818  3670  4346  4587  360584  121383  15448  4356  236479  244265  111559  113971  59390  330972  6279  1440  1697  3618  44901  299093  1.39074e+06  224854  176286  244023  70760  33137  505230  79186  100812  27407  32270  425552  301160  4.27047e+06  1.7079e+06  0  1.18289e+06  1.39564e+06  222751  87937  397597  95781  35301  57783  41162  124629  
43  63  44  24  84  37  283  620  144  203  1239  4  6  77  47  1959  588  1791  84  2994  196  62  111  136  54  25  38  41  92  79  19  333  91  95  825  341  360  249  36  118  80  2145  1528  136  27  8369  13618  2517  5728  1480  48302  405  26  16  157  1912  167343  251707  14080  5702  14595  2679  916  4990  1292  1524  1095  1456  7394  3277  4639  17363  535135  0  412520  6491  1550  28487  3757  213  1522  709  3974  
382  708  1208  925  1448  373  6315  15369  1652  2193  6679  344  268  658  347  10187  2855  10325  761  16769  1641  610  860  1388  584  233  521  534  753  514  132  1739  439  570  7478  3582  4075  2103  669  1315  1267  1.04246e+06  104657  12387  2200  651010  1.75421e+06  96433  189298  27225  1.13417e+06  5294  1298  2130  2895  13027  900697  1.25202e+06  102010  44184  87796  18192  7516  77622  15709  26295  10069  36385  187326  58968  93429  70042  1.76223e+06  932688  0  108546  37704  305361  46693  12760  17590  38656  52324  
7081  22130  21189  6676  15281  1873  67891  129885  6359  30552  34552  1206  1046  3239  3464  35550  7126  39806  5809  73766  18215  8241  13572  19163  21636  4926  26681  15649  7589  3114  285  5045  723  2707  491583  151370  28909  66301  23072  46172  93224  288411  134236  55198  6285  214450  41833  754088  1.2725e+06  70907  492340  171538  5454  3408  6954  175079  431171  87534  554144  88885  1.05669e+06  162586  85754  409110  153413  232311  219519  534006  239796  278729  115788  7119  74262  905  27656  0  1.52542e+06  971308  477419  115465  1.54872e+06  1.06555e+06  4.3873e+06  
2999  1260  9528  30923  1279  295  10576  22792  2718  15900  10643  2585  146  667  318  10527  1517  4775  749  9123  623  292  750  920  892  260  876  964  754  332  37  641  100  207  12982  17538  4939  3453  2620  1363  2312  312688  52199  88516  24333  35364  18729  500787  439015  155994  133313  20905  891  441  897  10633  23136  5636  32265  9278  75771  6902  4349  20845  9818  18221  14056  42530  20470  27576  9783  1030  7603  79  8261  964960  0  150842  74770  344026  132329  70255  157521  
1308  3913  9453  5239  4616  707  28752  83290  5929  26680  15555  1469  1203  1874  1104  12365  2505  11304  1933  18540  5309  2261  4469  5437  3365  882  1872  4935  5701  2634  103  2073  262  619  22229  16542  19690  29214  34593  6987  16020  411249  154280  94508  10045  300891  35515  552634  1.16095e+06  140752  558062  120789  5263  4780  5672  35834  487058  101214  237893  63109  215534  43946  23304  160680  34064  40972  24500  43696  38502  42914  22585  7043  55719  1697  79202  377946  251283  0  1.98808e+06  284604  117734  81326  347805  
276  1031  1445  612  1314  224  6743  18766  1378  7525  4868  81  112  348  277  3389  615  3168  540  5665  2463  912  1569  2659  1331  300  711  1254  1332  571  29  504  43  164  8792  5619  6512  13829  12258  2248  7250  43184  22269  13405  1083  52848  10259  91439  309113  35663  235070  35936  230  182  630  13188  166279  30558  99769  26736  98897  18977  9293  62465  10603  12724  8321  10566  5049  11266  4296  1355  9249  157  3565  200087  82248  1.62862e+06  0  6740  388360  20068  873862  
405  101  1524  2652  52  12  1046  1587  46  64  366  3746  3305  3027  685  264  148  1946  275  3939  548  258  358  736  463  168  552  791  467  285  12  247  19  79  1626  2212  3684  1052  2894  1011  1112  81501  1419  17399  7244  731  747  46489  9996  1383  743  298  37675  32858  24090  4609  778  751  2485  1486  16124  4175  1852  15114  10321  12613  2969  14857  26801  32789  15400  896  8831  18  15344  63158  349095  174109  10235  0  13292  22735  3970  
1153  552  1385  4095  398  98  2273  8564  260  1055  2438  2066  1278  780  1100  2622  1594  12047  2134  17480  3940  3441  5562  10386  5056  2929  4556  2261  2749  1283  82  1939  210  673  33956  3705  7876  6865  6344  26751  4481  10243  2459  1561  4013  3413  895  9309  34916  2522  18919  3400  14152  7952  4567  170491  15310  3837  28707  7033  127346  36847  88052  56280  136666  207948  507637  1.07345e+06  99861  103365  25508  701  13482  131  13197  976504  57881  100816  122503  43269  0  1.45032e+06  218989  
568  347  1174  1799  192  25  1605  3878  89  214  464  884  572  388  368  470  291  3202  624  4126  926  573  1038  1517  902  348  913  756  602  260  12  446  32  174  9528  3433  2683  2672  1877  3164  2446  7759  1177  650  1202  1721  242  4869  13743  521  1246  367  4835  2235  1821  73363  972  1052  10937  2841  44229  11301  18343  27018  31298  67301  92652  617622  76117  12730  4820  258  18879  109  13096  615769  47498  58828  24359  36574  1.57156e+06  0  89663  
26915  92304  68415  12025  91648  20989  250867  830223  34380  645500  174147  1167  1511  8220  25709  371689  19837  236952  32457  365883  27843  17883  77285  145313  84780  40428  70820  31995  23779  6301  577  7911  792  6324  2.55765e+06  1.44814e+06  294123  1.97349e+06  30518  134962  280810  72961  26580  14580  2322  56631  18609  168818  615310  85121  584613  173381  1631  1027  3777  53354  608964  76215  314365  60912  486930  51444  31148  148213  48334  61156  50988  100846  39029  39373  17004  3152  23243  656  10999  2.85922e+06  310757  1.34588e+06  2.6608e+06  7254  757693  293168  0  
