3775883  
2630403  
641763  
3408399  
4063804  
4502441  
7789841  
14079504  
4104648  
6940130  
2823721  
2363202  
2603853  
3611238  
2728013  
5539605  
7146046  
5998705  
7264305  
8137115  
1445070  
1277442  
3497444  
3940426  
7179416  
2143089  
2016844  
2074367  
7572378  
9163807  
2844818  
9247869  
715657  
6453400  
10982134  
4131599  
6675750  
2413808  
565149  
3619989  
2243316  
4821950  
2245976  
481904  
2835172  
3443714  
5036118  
8683085  
14087172  
5226844  
7802698  
2197325  
2332566  
1973264  
3243468  
2682620  
6173647  
6948400  
6038380  
7964187  
8009657  
1540114  
1207731  
4770517  
3772291  
6605668  
2176345  
1780776  
1557592  
8035198  
11632472  
3662386  
9629326  
911454  
6864700  
10204726  
2629703  
5355080  
2361842  
619419  
3493933  
1917903  
11141197  
