4596306  
2496029  
551182  
3323361  
4216692  
4323775  
7492807  
13400046  
4265655  
6729494  
2891416  
2674388  
2562018  
3594573  
2601840  
5759038  
7494612  
5765705  
8243324  
8102189  
1345810  
1058846  
3888533  
3475370  
7673082  
2012602  
2077139  
2366900  
8435498  
9384036  
2917501  
9134537  
754738  
7620822  
10254913  
3608463  
5733269  
2033161  
620681  
3843017  
2293452  
4724194  
2408691  
512724  
3407968  
3621900  
4736461  
8413275  
13236905  
4967520  
7150458  
2145939  
2705243  
2235448  
3262419  
2708708  
5804216  
7540651  
5922830  
8100514  
8364560  
1590059  
1055220  
5023230  
3875345  
7689283  
2038669  
2150339  
2118417  
9206985  
9810783  
3700669  
9272240  
944651  
7166092  
10305511  
2668374  
4688998  
2213006  
605623  
4149612  
2278919  
9850006  
