4251270  
2779762  
661580  
3800435  
3933493  
4364264  
8582787  
14105834  
4176328  
6920979  
2787882  
2515807  
2450557  
3626866  
2889722  
5983678  
7922142  
6808156  
8098296  
8742846  
1350713  
1149892  
4071673  
3636465  
7680618  
2189262  
1901194  
2070173  
8294107  
10303780  
2653002  
9524865  
799372  
7000539  
10805787  
3476468  
6481773  
2303073  
840790  
3835185  
2112032  
4552126  
2277866  
600637  
3612381  
3187251  
4351096  
8079126  
13617925  
4491395  
7081366  
2295293  
2710803  
2142958  
3534836  
2756250  
5594165  
7195826  
5991599  
8189864  
9086774  
1558250  
1128172  
4931561  
3949843  
7473820  
2180223  
2226549  
2798839  
8680517  
9685236  
2958131  
8829422  
901486  
6535308  
10719056  
3256369  
5909477  
2548105  
807611  
4036636  
2107573  
12160038  
