4290153  
2732191  
618521  
3712173  
4194269  
4410451  
8624623  
14447726  
4328595  
7079503  
3022764  
2222730  
2367109  
3620208  
2799398  
6212605  
8141484  
6290531  
8133401  
8725459  
1388365  
1340567  
4788967  
3574786  
7163655  
2263199  
1683620  
1842002  
7802085  
9740916  
2933367  
9565043  
825851  
7157587  
1776781  
1597739  
1339071  
1853253  
949433  
2437458  
1835151  
4438569  
6563590  
2593126  
745950  
2092467  
1535678  
81420  
489134  
686668  
1084856  
409586  
467798  
417413  
59082  
87300  
950778  
102379  
1067319  
3514892  
1031996  
4751777  
2228507  
581155  
3329077  
3375201  
4897073  
9292932  
14469138  
4825589  
7281697  
2523959  
2742364  
1973248  
3321524  
2882436  
6278957  
7716738  
6782669  
7875388  
8834027  
1624440  
1157253  
4356164  
3494759  
6973751  
2112426  
1545049  
2144962  
8850567  
10487410  
3557071  
9058682  
964385  
7210722  
1481683  
1652780  
1873674  
1691812  
1379484  
2396739  
1532022  
3162611  
5586254  
2598448  
677090  
1734175  
1632208  
66009  
512312  
679197  
1041951  
402402  
470570  
499492  
104266  
99681  
974358  
145298  
1002883  
3277533  
1207529  
9439198  
10808074  
5632933  
227717  
