0  1.56429e+06  27420  591781  259931  111516  333974  14861  1908  22277  2286  235  404  393  2238  29103  42287  45388  23244  32659  6496  20517  74883  49292  16984  2193  8363  64762  90416  147621  7219  144104  1681  1.32549e+06  231505  341762  696618  168124  89107  26844  20897  4611  1019  1327  8878  485  370  3671  4326  588  977  330  245  209  133  802  1348  1057  12152  4955  11069  1361  1404  2211  1740  690  213  595  817  1493  1773  324  1437  75  171  7447  7215  1848  1686  5236  916  1670  150396  
1.05208e+06  0  17802  3584  776039  31216  586167  22110  1357  11003  4740  93  366  363  3617  22024  24191  58828  19800  57453  6916  10386  41972  20682  11005  2608  16182  18897  43993  54390  5192  32878  1002  75631  631131  565688  476699  185710  9032  67286  33596  1336  5387  1653  997  2589  706  16699  19126  791  1838  331  47  87  62  654  1428  938  8754  3220  7816  1125  1172  1694  1236  548  171  432  564  1043  848  198  914  60  168  8388  2807  2982  4341  1045  1157  1992  271528  
25284  6978  0  115553  419  105  216843  77426  173  537  455  110  203  103  331  1800  616  5250  1927  4535  811  1913  6504  4513  2417  308  2240  2870  8212  9766  120  2763  32  1397  67851  130734  67207  13636  3907  9457  4836  11470  20699  24430  19118  762  119  57243  26935  118  167  27  84  71  66  176  124  119  1484  687  1781  203  458  718  320  150  47  184  214  266  345  45  273  5  71  2543  19836  619  425  2261  671  459  19761  
657332  1181  277117  0  273  181  8645  718344  255  227  329  675618  16343  19154  18213  507  563  2967  2015  9859  777  1238  4369  3224  1561  204  3237  40606  15236  29921  255  29147  23  3453  25777  71040  30340  5626  19886  6267  10180  72126  36352  187039  1.18003e+06  1051  482  134779  174765  480  326  139  100542  19198  14242  8107  325  193  2222  992  12987  837  1132  2979  1346  496  163  1423  3065  1167  4082  263  2160  16  746  7148  144363  3667  930  39236  1542  1457  7130  
488666  947995  1680  1163  0  1.64106e+06  1.31324e+06  66652  18844  100177  6588  134  2066  1314  5705  91168  263664  75133  75838  72275  6123  5429  27540  7868  4741  2100  7163  11764  49269  168117  82566  133192  5558  709999  378048  233235  366717  117932  2729  28204  15724  501  2862  340  400  12065  7200  28593  25951  7799  5068  639  130  688  121  667  3233  1536  10722  3781  8362  1056  1109  2055  1020  655  178  326  567  1291  1248  282  1355  107  619  15854  3405  4929  4322  720  1228  1102  176523  
130345  89779  1001  521  1.19809e+06  0  859504  182574  599343  1.23798e+06  4261  200  3695  3545  7554  88192  270532  34574  122442  36214  2131  1509  13737  2519  1715  832  1463  3845  44484  129850  74546  182868  5516  1.17902e+06  53004  22837  124797  32271  699  4441  2833  580  4331  286  273  20833  18895  52438  65231  47350  37632  802  205  1079  186  848  2823  1411  10594  6623  7966  689  533  2328  564  770  192  350  820  2317  2458  459  2180  108  2632  24936  3513  8630  3111  274  1482  702  35086  
504032  538345  275651  6485  1.85355e+06  827435  0  1.92758e+06  860549  130787  21047  440  5184  3214  11081  83410  87115  138731  183261  158410  12680  13491  71525  24159  15737  4166  20387  25325  143865  174943  28620  57126  2552  73094  959688  846223  414718  142447  10519  96480  43747  8110  57461  8108  3626  180846  94483  503286  410274  134533  24117  1246  479  2220  690  3194  7775  2538  32619  22513  27863  3857  3147  12388  3945  4293  1017  1880  4287  8405  8064  1312  8471  219  7812  192314  49839  50513  20856  2443  10962  4484  273397  
45962  17479  278188  830591  13648  34777  2.35581e+06  0  1.82692e+06  354823  645634  882320  2.41508e+06  1.12217e+06  532285  39900  22991  135095  40481  988971  42983  12574  25471  37643  9943  11428  18586  12256  22798  34520  6512  27654  1197  40557  431308  298076  271691  125739  5274  42822  21876  25862  141041  63959  265499  277389  158481  941386  2.62993e+06  270649  262504  23203  333676  158277  79788  77373  28364  3485  73260  55571  238412  20240  9359  27510  10368  9744  2647  4800  9925  18599  19253  2426  18614  409  18234  514573  129651  143149  69794  6155  29790  10134  279155  
736  1265  422  192  27939  610047  752395  1.74772e+06  0  1.58706e+06  2081  16  126  476  628  4830  17984  133823  272691  19125  319  239  25514  448  3689  138  248  495  57688  31398  3938  2837  88  940  9216  4948  9663  6615  332  1943  922  556  2117  162  126  5402  30609  20369  143981  187819  173812  835  18  70  77  422  5728  867  13604  19070  6515  465  421  4663  576  1326  287  459  1121  5551  6383  735  3225  79  5914  26679  2878  17135  8782  210  2827  971  15580  
19456  24895  2296  766  79589  1.05768e+06  300080  958930  1.7065e+06  0  64355  156  2572  2629  4830  2.40335e+06  267169  154647  104331  58517  1769  1133  16150  1882  2515  661  2036  13370  37269  55567  22512  256674  36728  531100  145895  46466  481610  305039  1515  14185  6549  850  3029  398  295  7795  17550  32611  184401  117799  552761  10699  126  679  226  841  60944  3545  23098  22407  11817  764  695  4606  779  1088  259  592  1330  4675  6724  762  3764  172  6424  39263  4415  24283  16227  280  6158  2060  191569  
225  178  359  246  169  704  3018  698086  2325  123154  0  282  176210  850125  11322  177173  3144  95353  1035  946175  2828  448  440  1818  690  1222  1429  363  784  1242  350  2343  237  549  9001  2589  5358  4063  168  1805  721  502  813  209  303  1821  1872  4018  216616  4666  250913  208527  715  2772  19051  2441  120849  5160  59640  8196  85061  994  430  1792  416  876  493  790  954  1626  1505  369  3255  359  4067  34208  2068  16879  10162  190  5679  1248  21048  
3211  730  5968  658094  251  178  18019  1.33845e+06  220  263  1671  0  550024  286222  238566  460  482  2320  1055  123249  2672  1020  1128  3298  605  357  3022  7069  4131  6980  114  2718  22  1261  13093  2775  5626  2108  1759  2948  12804  3827  2520  9864  191473  2194  429  17052  384450  302  498  732  615994  101185  47056  38066  753  178  3115  1015  80479  2822  954  1187  910  449  266  669  1137  879  1339  110  956  31  362  9821  12974  5494  3480  4261  1295  947  5803  
2590  651  5473  47204  525  938  21967  1.06936e+06  1242  1561  25254  506665  0  572956  396038  1791  1845  6564  2270  431260  7965  2182  2447  6868  1262  1670  3413  4525  3527  6153  447  3390  77  2073  36112  8055  24880  12610  1265  4457  8281  1710  3653  5289  59380  5144  1926  31686  268618  1593  1179  1977  254763  413298  54738  32631  1221  313  5399  2156  142959  4617  1713  2226  1543  743  381  659  1169  1361  1730  176  1581  41  1032  24808  7858  16012  7285  2656  1513  1019  25133  
2016  277  1435  45315  222  728  6135  827375  948  2572  884735  230587  1.01267e+06  0  496282  2121  2344  13840  2658  938768  14374  2301  1398  7794  1678  2509  4339  4843  3997  6373  504  3128  73  1311  13456  2590  8474  3957  1276  4888  8773  1003  676  1090  35488  1282  909  5306  102743  1027  6102  43877  89003  205202  548799  52762  14090  1032  22370  3491  199668  4406  1611  1289  1395  1012  1050  1389  1140  1834  1951  317  1895  162  645  11594  3323  4629  2248  2608  2240  1030  8507  
2634  2529  3274  42094  916  783  16313  308976  826  1928  5309  125354  326785  466720  0  2103  8455  49733  11215  1.58771e+06  74454  81712  5380  566065  77899  233744  161387  23706  6359  7896  1822  13591  1255  10575  49750  9875  44733  17448  2388  103947  29498  2024  1505  2324  22521  1806  1081  9973  110378  1061  2316  4726  33885  40657  51757  233597  2355  3459  76574  22130  273564  23621  10185  4421  9445  3183  1994  2432  2675  6894  6040  1575  5716  358  678  37075  11486  7027  4501  2630  6236  3309  30086  
23076  23034  4502  1096  39072  33452  79217  108836  75501  2.30406e+06  122772  158  2892  1442  3783  0  2.31995e+06  795979  152685  80111  1801  1033  31603  1712  5142  851  2632  21203  71866  73532  22879  465969  154449  640560  227259  39773  621423  333651  2164  16483  13337  613  1607  358  331  3301  3501  13266  24412  9975  65041  17713  109  656  254  687  105870  25897  47133  9801  36342  589  613  3107  615  1418  367  337  577  3301  2794  612  5673  649  1930  14171  2748  7941  7531  330  3385  2627  315319  
33741  54400  8750  2699  132930  90985  196627  147385  112135  269990  83489  225  5324  2978  11487  2.37488e+06  0  846608  1.56622e+06  332985  15680  9109  28252  11909  5748  4914  6869  24373  88465  349103  465454  1.32591e+06  570121  784091  185503  40389  778158  173228  4522  30855  21871  3025  4161  1846  1280  5929  6556  20665  45221  15184  38802  66299  271  1071  956  4045  257303  134233  415916  90464  242143  3239  3149  18700  3153  10221  2563  2347  4529  28435  25776  11055  52147  6484  10045  60997  16358  34231  18148  2228  9810  7676  213486  
34508  23215  21186  8857  6616  11359  91145  151224  506945  309803  114900  285  1613  1551  5783  673499  612388  0  3.67973e+06  1.16094e+06  121665  53210  701114  58668  139160  17620  16834  22584  200721  177647  27478  143746  3164  40140  263643  50726  323120  130300  15234  96232  46993  3738  2470  1759  3242  2415  3450  10742  32041  11306  34541  19175  308  442  403  6023  84537  46468  241221  83365  170659  22058  43348  55976  33500  12369  2931  2935  7201  26554  20691  6569  25113  2351  4057  61851  12067  20651  12716  5477  13604  8445  233940  
54745  36829  30099  13563  101591  79354  419878  87195  661094  170500  6189  293  1752  1772  5737  140193  2.25852e+06  3.16499e+06  0  181972  9127  8602  990236  13825  118467  7137  13224  28916  846970  1.7156e+06  898374  267613  2670  64106  178673  52993  327336  93287  20909  86058  50897  3731  2354  1538  4290  3253  4470  12400  29387  16279  17591  3698  233  388  347  5027  12776  21254  181207  74972  125534  9579  12612  22557  9288  8108  1823  2382  6890  22659  18715  5581  19055  1240  2359  51337  12471  17117  10250  6537  8052  6970  119417  
17079  9546  12959  17796  2501  2653  45885  710140  11774  19386  829125  40616  716482  728391  1.8561e+06  23305  44440  1.16064e+06  95455  0  2.00653e+06  534132  91273  694752  119815  252835  218756  37436  85282  78162  13878  62540  4137  26711  185386  38896  130119  46460  11052  313460  72183  11177  6591  7373  25885  5578  5181  28974  253321  10746  35628  78954  29819  75088  51060  123639  105602  42155  713393  224600  1.61929e+06  184849  173021  160259  114206  32296  13114  13545  24599  73033  57603  13472  54775  4403  5849  193009  47996  47396  29562  10732  38961  24736  111565  
1392  916  933  561  210  51  2616  4489  107  320  363  274  1465  1529  55674  274  2969  163703  6616  830762  0  667944  66302  179326  15019  32509  24023  3807  5043  4377  897  5251  409  3064  21240  2295  11156  2769  845  48031  7610  728  350  382  419  152  133  1202  2067  248  454  350  107  65  88  3745  439  246  40434  15247  43390  151944  89216  43626  49593  3488  1224  1091  1667  4316  3000  254  2131  98  105  13186  1383  2700  1677  739  4865  2100  6769  
3081  1208  1313  449  98  34  3179  1767  50  108  97  108  405  519  57669  144  1915  108697  1100  185662  481192  0  99430  714418  26609  67701  22179  3467  4624  6663  1114  6221  171  1613  27103  1758  10786  2734  1063  61224  7000  365  156  159  214  62  43  507  794  83  103  56  40  36  38  2814  104  86  14398  1909  15677  74445  81998  23203  60898  2663  914  758  850  1284  1217  101  1072  13  52  13626  404  2023  604  456  7568  1089  5161  
68527  33441  31850  10626  4253  1623  94286  30563  37359  5145  1661  316  798  835  3871  4302  24440  824367  1.00564e+06  108063  78122  192664  0  598958  1.35946e+06  75313  58361  42624  1.52e+06  861817  29138  233288  510  36466  170162  33691  284475  70697  22994  169189  71824  1162  658  430  2915  747  837  3208  6983  2273  2103  926  133  224  94  5553  3470  2507  40252  10343  64015  18315  71492  68242  74280  9423  2177  1680  1677  4700  3286  536  2757  154  302  57666  2173  6378  4784  5151  26545  2083  107075  
25706  6616  9674  5005  356  121  19471  8896  254  387  178  855  2131  4288  566681  524  4084  149392  5539  656709  211204  890142  549394  0  1.55891e+06  1.18736e+06  237709  32727  55556  56112  2594  28133  450  6163  99014  8120  55064  12473  7511  369511  57544  472  147  153  1208  124  121  791  1872  219  222  194  185  112  111  2363  225  197  12662  3414  15489  12785  23958  21030  93965  5744  1530  1047  945  2167  1508  112  952  22  54  32066  835  2204  1697  1836  18776  890  20047  
22495  6376  9553  5084  535  243  21553  13740  7731  1455  523  414  2448  1477  65961  1098  6798  140437  111773  49403  21828  51717  1.70493e+06  1.97792e+06  0  1.76074e+06  1.4024e+06  208648  3.11817e+06  131916  5492  31145  181  5470  128393  20071  66642  23150  12635  687106  223571  531  184  181  1233  214  233  1011  2386  505  687  724  100  80  91  869  1133  849  10805  3428  10716  2396  5751  8032  10481  3777  1052  894  924  2183  1602  208  1148  51  115  25007  1240  3254  2883  2682  13911  1004  30603  
3463  555  1185  1388  57  34  2274  2541  288  138  63  204  598  444  87843  202  766  36319  9526  56910  24833  59018  126936  437193  1.59065e+06  0  1.0573e+06  73174  84091  29185  541  5453  43  713  26660  5852  18134  8567  6906  842441  103796  203  54  52  272  54  52  291  466  96  103  102  26  16  25  207  113  100  1987  488  2183  1009  1734  1968  2384  469  112  108  248  537  505  44  304  9  4  2464  386  1545  1371  1435  1151  304  7559  
11461  647  1341  9691  149  152  3145  15054  275  577  328  2813  5030  3389  109902  1233  1180  22953  6737  63017  13350  16424  41799  74937  927899  653136  0  392788  37958  12979  474  5298  86  4504  149074  25237  48220  24154  19209  556489  582093  815  318  262  1049  213  192  1310  2297  206  370  724  252  111  148  596  398  304  4936  1356  6129  681  822  1224  928  353  108  229  416  709  825  106  586  28  82  3272  2117  1663  1119  2803  648  1538  42256  
183637  3752  5170  102352  1349  528  11753  11682  631  5801  1655  5435  3221  3314  4874  12328  9852  33471  14789  25631  3850  4886  26870  9121  87956  4673  345588  0  319981  418977  1568  355849  518  106143  104350  28788  286623  43888  87992  61438  400822  13439  406  703  25064  420  779  2216  3047  1139  1035  178  1503  922  583  694  827  646  6037  2352  5192  1146  1221  5643  2774  1012  225  1246  2779  3065  8133  543  4207  41  276  3363  21961  6333  3503  38963  672  2048  43470  
52837  15622  17668  16677  14156  5741  106619  21657  67466  9333  2395  785  1114  1065  4013  8837  39081  159845  268334  58934  12867  31845  1.59583e+06  66793  3.18091e+06  18655  84210  474390  0  4.22913e+06  41010  139272  639  22002  202098  61208  216712  92439  45703  296332  164514  2326  849  669  4633  1142  1568  4668  8967  4926  3191  2038  218  256  153  2978  7803  4829  52905  24183  52954  7284  10074  15495  9483  4227  958  1173  3692  10421  7980  1197  5846  276  526  17301  4782  13133  11912  8187  3273  3616  84200  
127904  42591  25913  42651  93897  25349  240007  63606  59954  14444  43741  759  2811  2276  15113  23382  603313  333633  910830  288338  32527  53625  628841  84106  89821  13501  33975  547436  3.90894e+06  0  2.0709e+06  3.88559e+06  1922  87942  201184  59657  387940  115628  39140  108232  113340  4547  2032  1474  12958  2866  3093  10609  23095  7055  9730  22379  482  780  640  5243  64373  41150  204369  52834  146201  7154  6611  14467  7219  6353  1637  1951  4741  17618  15855  5124  21714  2363  3387  38079  12078  21158  14438  9832  5783  5549  117323  
6180  21916  1714  1240  67712  15579  83910  21158  10825  5203  11479  44  863  753  7476  11312  732998  104165  724855  125427  9080  4899  30475  7340  5162  4927  5581  3877  75665  2.01312e+06  0  1.16148e+06  641  14655  21464  6750  77729  17847  1229  11744  5632  636  576  333  499  847  846  3066  6710  1617  2575  5860  52  169  141  1775  17122  10955  60546  15436  42884  2065  1958  3528  1610  1547  464  522  979  4185  3657  1502  5408  546  884  12437  3225  3999  2202  627  1733  1402  17403  
397717  69585  39505  101267  77618  92541  177242  123370  11804  236830  76327  1475  4435  3705  36937  342444  2.15735e+06  607447  314094  543657  64148  82785  468238  126877  46392  19029  27586  407430  161004  4.08372e+06  1.19801e+06  0  1.12747e+06  1.06899e+06  199502  67228  933012  102327  31877  52122  71623  9233  3066  2216  28339  4626  4678  15931  35098  7459  15810  31233  1170  1427  1152  6816  99898  68945  289442  66417  190646  9977  9931  20253  9694  7743  2076  2611  4889  20206  20767  7149  33935  4333  6078  48500  19519  25661  14233  17473  7679  6251  123507  
2246  3969  455  84  7969  2419  10861  10436  191  45856  3023  9  270  143  909  62650  379543  11369  2228  14341  742  280  929  429  251  247  396  1355  1479  5966  2573  490512  0  247164  4461  1491  64774  5907  131  697  747  54  162  45  36  344  289  944  1679  468  1307  1765  9  49  34  120  6983  2725  6435  1154  5463  163  171  453  137  161  46  42  76  419  373  119  804  114  183  1454  315  667  486  39  259  165  5226  
1.3548e+06  255094  8901  4263  721153  1.44832e+06  156636  115682  3249  885076  12645  462  2724  1619  10910  1.1064e+06  1.423e+06  184080  78453  157463  15500  14887  63738  20992  7757  4858  8591  52444  51663  197519  74638  1.21842e+06  609470  0  57308  31533  1.05124e+06  34402  3684  11412  29425  587  1720  486  801  3156  2016  10061  15833  2992  5879  4309  141  573  142  1305  19353  8826  32193  7826  25575  2512  3171  4403  2382  1091  367  361  640  2507  2175  659  3575  429  785  10008  2474  3738  2616  562  1484  1146  42011  
292059  131396  191642  79689  29360  12680  935159  1.09709e+06  19469  373617  114777  8360  53302  72249  156540  303661  74213  908361  178565  1.02724e+06  102725  103933  494617  163834  179331  52114  606479  508597  593511  543048  9703  191441  6711  37920  0  4.14982e+06  785784  544223  423440  2.20713e+06  1.4275e+06  13454  21584  7570  13109  46317  28727  164699  465793  50335  59311  6021  3344  15183  2851  14306  13190  7011  92988  36779  98769  16496  14735  26992  15918  9391  2802  9904  11051  14522  14348  2098  12622  531  4570  297285  43525  62254  40557  31436  19323  37489  3.84553e+06  
207426  90002  193137  60223  15367  5755  692439  427885  7268  77616  72638  479  2578  2694  14232  275087  27840  181010  21747  264226  17125  11859  52769  20710  42973  9361  153590  154770  231341  175363  3421  74732  6681  28604  3.30752e+06  0  316510  282070  1.01616e+06  651589  377511  8962  3383  1841  5440  4379  2977  18026  34709  4164  7660  1219  195  644  255  2048  2685  1897  21468  7327  19212  3059  2584  5434  2907  1633  486  1754  2367  3220  4371  593  3237  133  644  30553  19632  8990  7457  20349  2434  5903  595845  
610100  312167  343196  104220  186822  11440  1.13095e+06  1.12798e+06  11086  355034  99751  2382  36032  16908  51345  515971  147421  656098  148543  543764  28535  18823  83785  30958  18857  12220  24652  61185  121013  134891  13634  145984  5983  146559  490028  1.15896e+06  0  2.60098e+06  303042  48964  99562  8881  12115  3439  7580  16362  7894  64696  161511  13334  46754  4997  1456  8916  1315  5012  16266  6413  43115  14905  43651  6659  6621  11351  5881  2560  761  1411  2598  5276  6600  1035  5972  398  1813  48273  21955  22955  13794  23492  5116  4867  463489  
64472  67631  53203  11483  49853  3033  211081  390111  6126  198661  32767  738  14878  7513  24100  158214  32290  183417  52232  193691  10934  5238  18206  9324  6015  5061  10710  11128  36050  25837  2526  18537  1425  3513  139895  209634  1.93816e+06  0  39843  34564  67306  1432  2786  839  1437  5638  3243  18631  63853  6835  29685  2116  597  3909  577  2180  5607  1750  14783  5784  16684  2694  2458  4109  2566  1185  311  550  1179  2727  2388  372  2036  108  745  20499  5015  10743  16172  4538  4778  7062  563684  
45560  735  2655  26488  195  69  3318  1607  402  989  953  916  529  573  1342  3154  1233  12208  4544  12709  1873  2503  10705  5156  6595  1123  25735  83123  53721  57156  295  25352  98  3018  197943  406268  275536  49817  0  26660  156872  4467  213  427  3237  129  312  1033  1018  466  415  61  81  54  32  348  517  261  4631  1844  3154  1099  878  3736  1466  709  150  831  1578  1668  3247  206  1772  26  118  5315  10626  17049  6008  27531  611  2351  64055  
6522  1069  2890  3973  235  206  6400  11352  1140  2337  594  964  2844  2114  42615  2072  1682  56118  12905  74083  29765  49571  178293  242228  628669  867757  1.01029e+06  146946  324633  94695  798  12328  118  1799  903698  56129  43049  32358  18097  0  1.32286e+06  1044  432  439  947  239  273  1724  2364  475  966  671  132  86  117  1407  582  783  10396  3641  10626  1788  2874  4993  6361  3235  1011  1273  1363  2626  2141  299  1375  45  106  20207  2386  4813  4241  4455  12983  2387  106406  
11193  1447  4007  6681  238  114  6996  6217  363  1846  1130  2381  1579  1449  6689  4459  1715  30894  11029  23967  5701  4639  32178  7989  73328  22585  1.02728e+06  289009  46796  44451  447  19802  163  11818  609053  75486  63880  94676  31948  1.0318e+06  0  1713  1123  1073  1434  336  196  3503  2905  353  736  134  153  96  74  418  623  485  4945  1660  3939  773  694  1572  922  540  112  473  738  1165  1199  128  775  27  98  4515  3285  3291  3770  3533  1096  7420  145446  
6162  1769  17457  27257  316  549  12057  11533  1139  1670  1266  1028  408  156  404  585  2097  5792  2244  7334  1340  1463  1130  2445  264  85  345  1197  2299  3199  184  1707  44  279  8955  5678  4750  2421  7266  1400  1799  0  1.72954e+06  61622  874957  311131  160185  464214  54435  7648  15181  1228  3727  917  1565  6891  18398  3675  58931  25456  39689  12098  9324  129935  25596  16829  2697  65516  189168  29180  113340  6563  213464  1030  1.1243e+06  600398  732323  471638  90742  107078  39093  39429  94310  
5596  7567  45038  16109  625  879  51330  39519  1432  1609  721  132  220  98  330  590  976  3004  1064  4596  422  373  535  453  132  55  322  404  720  833  130  677  21  378  8137  3095  2620  1385  956  1186  1173  1.21349e+06  0  13587  2583  504109  98199  450055  39532  4656  10373  2150  99  180  372  5429  19853  2386  38130  10021  47335  4837  2740  22306  5064  13644  1882  5852  11587  16495  12760  1823  49116  797  40467  530110  732035  135169  52919  6423  48938  11871  50787  
13585  2448  57420  101626  57  29  11115  10401  40  58  34  2615  107  46  72  39  52  373  217  470  75  60  173  71  46  5  124  166  214  212  10  96  1  67  2220  2933  404  160  450  550  479  32393  8840  0  210871  195  168  211579  85391  150  280  65  65  208  443  706  623  108  1792  693  2332  451  476  3911  658  768  93  515  785  979  2285  149  1472  14  707  28855  110416  16261  3406  15638  2655  1236  3284  
48822  4451  152202  1.22676e+06  221  114  22195  164761  208  151  499  153437  14575  14259  13569  190  410  2018  1394  11444  654  896  2717  2333  629  106  779  3994  7671  16581  184  5689  10  1027  7605  16755  4148  998  5732  2333  2637  843780  6160  231180  0  720  731  27908  515751  880  563  286  586929  62601  43020  20256  675  252  3586  1679  30479  1567  1523  6855  2817  1401  281  3044  11796  3215  9472  497  4744  26  1795  32499  291213  30195  3003  87683  3499  4948  5950  
1247  6817  2915  1025  9036  20187  211276  120842  15166  11558  2496  131  964  335  1009  5148  6371  11545  4037  15119  1352  1110  3446  1406  551  232  809  1619  3067  7030  2022  7070  168  2895  56207  21959  27867  13044  998  3584  2241  760468  873128  1908  1431  0  1.5154e+06  763579  147483  28218  55341  3356  218  1050  1228  9474  39978  8649  78548  24073  74800  8996  4825  35555  8154  17237  3318  7574  18261  30089  28198  8001  49081  2270  334306  677343  496865  199970  104689  2622  57574  13040  110841  
932  2939  983  486  6218  27772  116608  102334  93317  58404  3167  56  1218  305  783  10751  6233  12020  8002  12643  902  766  4050  936  564  199  615  1405  6062  7662  1944  7706  206  2541  49534  16521  33369  17084  583  2778  1726  147677  189174  1358  809  1.48902e+06  0  843715  330042  877756  1.48668e+06  2366  164  766  1217  5995  48329  12841  49928  28755  36665  4591  2858  54021  5891  24515  2905  6260  17176  184559  174453  20897  118491  2823  857764  236513  126240  139816  42860  1518  23639  8638  69626  
16033  38032  108218  43183  21951  46901  762022  535002  47275  65832  5167  772  3464  1018  2704  22373  12538  23468  8691  29101  2437  2065  9045  2714  1527  569  2556  4336  7796  18058  5188  15974  435  7933  150837  60969  66402  31074  2252  10645  6671  405606  605134  209400  11920  1.44073e+06  1.15932e+06  0  1.82864e+06  2.12027e+06  183140  5700  857  4010  5107  15564  67583  7562  104588  186694  80803  8116  5344  97338  10315  38368  5201  7096  14974  219526  168417  15581  39007  997  27195  480886  645204  139233  78304  7929  55260  11628  140853  
34324  32158  224069  257466  25897  89359  946109  2.5215e+06  503590  413643  90212  53967  127054  62685  69075  29120  21824  75573  31709  246816  9115  5620  25621  8878  4119  1846  5941  9301  25201  37836  7848  31736  794  12438  466483  121653  224142  146049  4498  25019  15054  57758  89359  163200  977413  104447  142437  1.99999e+06  0  1.93676e+06  610875  529119  862386  1.27048e+06  878295  422701  37817  4932  207519  144352  955698  42562  13908  31524  12782  15113  13125  14630  13586  16976  20017  2462  31372  999  44675  451477  345256  280318  148257  10975  48654  14928  360320  
508  1151  348  149  2984  32702  62735  78876  164610  99629  1785  8  85  87  257  5603  2904  8090  8056  6057  342  239  2709  341  329  101  257  683  5189  4380  914  7146  145  1514  22656  5314  29038  15721  250  1298  716  1150  15174  435  271  49515  781257  1.10746e+06  1.70403e+06  0  1.84379e+06  978  26  66  94  579  13369  3688  75124  152395  9849  645  1111  49325  3541  16308  1415  1200  4557  173541  254792  17580  8036  129  2292  18949  28907  9755  8019  384  4869  1255  22747  
635  1402  705  368  1659  9396  22905  170154  222957  637055  21138  37  286  226  332  38591  5799  26059  14401  15155  355  247  3793  332  571  91  399  566  7700  4069  476  3378  431  1355  31760  11523  28073  28321  584  2905  1517  9930  21440  1324  879  69571  1.40026e+06  256221  786653  1.70738e+06  0  54364  229  308  925  2783  2.5902e+06  162711  235878  151770  26228  1705  1808  48359  4074  15879  1887  4650  13426  143371  178535  25476  347765  32216  769247  96944  80159  170352  111252  1662  44558  11521  110522  
197  170  286  465  169  386  2490  66492  8337  320004  300326  317  3713  19637  1354  87036  7287  55324  2317  118007  944  99  693  153  360  379  466  166  889  1002  238  2097  286  422  6373  1333  4386  4669  83  780  400  167  224  368  2134  466  558  1498  619076  850  144571  0  3021  9865  670996  7736  167449  580  59061  1294  772519  818  268  513  307  841  1217  1107  280  412  402  86  686  61  570  13115  1114  4672  5572  104  2399  856  12046  
9829  832  9184  204790  341  271  18493  337005  318  320  4590  461804  173210  82659  77570  541  655  3454  1534  81211  1613  1049  2178  3006  581  285  971  4256  6719  14581  189  5517  28  1164  8473  3477  5636  2105  3235  1645  3329  3326  3119  9247  931025  2814  722  23053  1.17536e+06  570  718  2302  0  524171  169292  45665  862  301  4286  1836  162908  3888  2218  3792  1921  1067  385  3211  7376  2337  3397  225  2160  36  1365  15304  12734  9939  4864  39040  3347  7025  6429  
9991  899  5451  41934  686  1516  25403  162256  2080  1486  23618  68042  347070  78631  61758  1357  1336  7295  2502  125290  2080  1352  3863  2627  1016  778  1204  3157  7530  16462  390  6194  50  1317  35241  7714  14858  8416  3545  3131  2008  1501  2172  6156  98649  4228  1578  25492  971471  838  930  4675  521696  0  479562  93428  1168  363  6876  2853  233131  10289  3465  3676  2817  1459  1293  2369  3993  2078  2770  274  2495  51  1927  21539  9223  24338  11109  18937  2681  3654  23086  
17140  900  7574  59276  445  1033  10680  107727  5176  11971  131092  32522  71596  418299  66181  9075  3517  24571  4241  250365  2818  1360  4035  3174  1618  1642  1972  4041  10880  23896  475  8688  99  1442  13901  4201  9061  4644  5123  3417  1742  1155  712  3643  146285  1226  1073  6700  885162  816  2309  817537  410597  811662  0  403406  5335  877  17405  3622  952548  10729  2851  2547  2654  2918  3890  4737  4379  2603  3252  389  2555  81  1283  20013  12627  9599  4346  18712  4047  3857  12420  
3140  796  4417  14620  247  359  6256  49931  972  1154  22995  6344  32372  42708  208656  2392  2868  34595  17378  200975  5939  2872  4950  3970  1123  1142  1518  1226  5783  6540  679  4186  217  1607  17297  5003  9252  4331  1984  4625  2524  2835  1455  6228  63387  1200  1226  8712  256811  1281  2469  1849  26238  128704  403416  0  1239  1023  71924  22999  1.48654e+06  132801  90623  10930  645435  155746  414115  323472  13294  21408  14277  1772  12048  863  1189  70641  10394  19355  17538  2994  157499  22356  25747  
337  482  443  363  443  608  6798  14055  5094  84301  20692  29  364  158  200  70559  23117  29054  3679  21557  196  136  1170  171  334  46  142  270  1910  2432  602  6386  1119  1221  6693  2256  5650  4574  844  754  1134  8498  9630  1928  1401  17370  47973  26745  76063  73701  2.36618e+06  54437  204  412  1555  2880  0  2.08971e+06  849066  113274  38000  1204  1466  44260  3747  12212  1445  4545  13824  100910  91801  23562  611296  316032  700397  129497  28028  265054  161899  2534  49116  18935  139928  
1434  1279  1162  681  838  1589  8817  12738  6072  13555  30736  54  687  475  827  28066  97811  127840  29767  119408  784  456  4095  662  1159  182  715  1398  8625  12059  3444  25729  2692  4334  20425  6197  16096  8186  1959  7018  3949  7593  9911  2152  1635  44978  135101  120619  48177  127654  373646  4416  235  428  1050  5379  2.20492e+06  0  1.13586e+06  1.88202e+06  89690  2336  2068  67883  4802  13453  2190  5024  15449  128569  506731  605424  1.54711e+06  325835  436368  165528  18778  239362  112619  3319  34741  24925  158994  
5921  3974  3710  2487  1563  2514  18980  27183  10419  29531  44902  98  1281  1139  4124  23408  157261  332010  142490  258885  19464  11375  41430  9934  6201  2016  3380  5372  36580  35681  7479  42826  2450  9150  80906  21762  48874  22758  8898  21882  13994  31075  15917  16807  8825  9358  18550  64137  188816  143536  284180  14719  371  673  2030  18873  694124  880717  0  3.12638e+06  1.07956e+06  95548  71616  765598  81647  236662  48574  26899  58497  161396  125955  19278  155685  3094  56443  212413  27088  280947  92796  14982  52135  58757  152941  
4095  2209  2502  2556  930  3375  17074  26245  15308  30852  8801  99  712  548  3258  4962  31967  103049  73631  92219  5577  3008  12820  3816  2664  926  1851  3673  23422  22082  3394  16136  798  4106  46417  15130  30304  15523  10439  13251  9290  43367  24928  26095  12696  39063  88393  284668  110828  854371  241431  2196  368  631  1720  17632  57472  1.70105e+06  3.0328e+06  0  344903  11686  12090  2.04911e+06  34045  215419  36235  23867  90061  586902  1.42971e+06  1.47742e+06  332017  5508  14735  237221  37048  235055  83676  20777  45907  65329  144355  
14759  7659  13660  26324  2486  3350  42296  194551  16775  47592  303606  10071  114854  81839  137853  84005  111340  652078  257079  1.41017e+06  54015  27222  92250  28984  14035  8861  11333  10961  72990  65730  10274  53923  3127  16075  155834  44082  90891  38338  13479  44892  25523  24166  8314  18404  117307  6190  6834  40349  880125  11331  26741  409815  82297  238113  836316  1.61562e+06  36146  16509  1.068e+06  147576  0  2.04194e+06  701854  161874  714727  193626  231186  164219  78672  232290  150318  11578  99426  3293  8135  266782  43800  109928  63882  19874  175288  49132  148572  
1490  1007  849  649  191  105  3286  5010  421  671  1542  138  1774  911  8870  707  2605  97431  33768  119896  134406  88675  37710  27988  4271  3745  3249  1501  8676  6240  845  5363  316  2543  20286  3523  11638  4036  1916  10626  3190  5329  1347  1761  2219  512  722  5097  9908  1656  1224  282  130  903  808  132525  528  453  205931  19322  1.08499e+06  0  476548  194053  302667  50830  58852  40977  17947  53291  31496  1188  18829  202  494  43496  6298  16533  6694  3885  48221  10359  16684  
322  147  197  202  30  23  650  1106  114  132  524  32  310  184  1647  97  342  26741  4828  22882  67604  64259  33727  37868  1870  798  447  244  1504  1039  96  737  42  290  18331  664  1754  1022  849  9582  637  2524  849  1047  827  237  210  2739  3899  358  691  74  81  193  219  129936  183  165  124070  2680  402834  408468  0  208664  626720  53520  88403  52703  8938  13503  9593  597  7752  98  258  47941  2997  12319  3675  1996  84697  10001  9606  
1527  663  1223  2219  161  454  4036  5969  2308  2922  1067  78  200  117  1236  641  2953  93678  24538  41957  34003  15959  55996  19865  4318  2077  1417  1549  9032  6355  634  3796  130  1120  52241  3553  8825  6284  7431  11104  3668  51301  14603  22701  15852  8186  18697  88239  32909  155659  18329  348  519  335  705  13278  3965  11320  795667  1.31475e+06  249301  221977  343705  0  593817  908616  91791  40622  97840  1.17569e+06  1.15072e+06  89496  203156  309  3284  141470  29412  118542  19500  22125  52959  44054  62705  
437  167  261  634  47  26  796  1469  143  213  811  67  326  334  3229  142  472  31402  5168  23432  30164  61767  44868  124515  3024  1158  605  638  2947  2204  112  1091  34  326  19973  1056  2754  3779  3407  15688  1885  7847  1356  1857  3236  377  545  4962  5269  1195  991  109  267  209  262  768216  434  272  180333  7971  483550  284168  704402  531045  0  2.06858e+06  1.09511e+06  365197  65085  74064  41967  1004  24045  129  558  81126  8462  23784  10259  8390  252421  42784  25135  
557  227  438  814  75  161  1583  2394  617  655  940  31  172  125  691  365  2391  13886  6817  11973  3867  6031  8442  14937  2036  357  361  671  3300  2755  333  1715  78  490  15807  1691  3712  4109  3398  8953  2122  13062  3157  3629  4719  4309  10743  28444  12288  29782  5198  199  504  414  319  93302  1428  2047  223849  109307  81315  44196  72719  1.46851e+06  1.76611e+06  0  1.73247e+06  1.08586e+06  469267  3.13166e+06  114297  8228  34946  213  955  238837  32814  31758  15236  12059  615673  139471  41940  
107  70  84  76  10  25  313  702  75  84  283  8  84  40  318  62  288  3385  1556  4123  1428  1905  1807  3459  383  121  130  142  690  501  42  285  12  121  3289  351  794  872  623  1822  450  1083  392  427  352  334  664  2304  5417  1552  463  49  83  294  119  239680  139  143  36821  8524  82950  44351  79740  51137  484904  1.5784e+06  0  1.07213e+06  67818  46982  6381  491  2906  92  161  42575  4490  5707  3579  1584  508949  56149  6948  
344  77  310  1404  17  44  567  1201  167  427  722  130  152  122  272  165  465  2789  1216  3982  790  902  1045  1485  239  58  117  289  708  671  50  492  11  140  3338  805  1030  783  1062  1357  563  24243  1675  988  4609  1095  1171  4322  10398  1836  1733  158  1582  764  506  148965  1449  468  22517  8503  47228  17746  21600  30177  126348  1.09159e+06  893121  0  285356  36623  7054  506  4980  187  8518  102231  14472  23302  5433  14304  325956  259864  27572  
2690  268  1434  8037  126  214  3707  6806  1086  2211  1748  440  487  323  478  623  2712  7418  2919  8826  2010  2037  1805  2456  671  149  359  3521  8210  9333  216  3845  54  323  6730  4535  5513  10317  15010  2161  6163  202011  25191  10203  44642  11802  11268  41260  56762  16324  11286  683  5024  1842  2263  8188  11797  3724  69257  33928  37612  20307  14000  74381  33188  242855  7243  280316  0  521425  497124  4704  347126  601  56429  180516  51101  238794  44895  83440  121767  455164  70441  
935  617  601  718  205  601  3487  5075  4853  4338  1535  46  205  191  1401  691  6027  28539  16931  27176  4166  3920  4800  6675  1160  409  649  1192  6815  5739  828  4108  233  1435  11561  3131  8306  7793  4291  4035  4011  10647  4375  3662  3691  30059  120377  174311  13300  257370  57518  272  363  220  303  20021  4766  14713  133556  227801  111321  46895  39403  1.2792e+06  120636  3.31836e+06  108065  101320  424829  0  3.98505e+06  88308  53385  217  1349  149501  21781  34474  22919  9996  141366  56988  37406  
1620  674  1015  2164  446  1511  6443  14145  22057  19378  5544  56  506  381  1543  1737  20646  59628  20717  69648  5692  4868  4210  6074  1021  344  692  1870  8842  9296  1754  7036  337  1479  17818  6020  11734  10466  7345  6232  5136  41911  12108  9418  13179  82573  405826  500099  37099  775058  296787  615  423  335  646  31601  27959  298735  264390  683252  158653  57547  36070  889474  86345  96243  21529  17872  335316  3.90903e+06  0  2.47333e+06  3.18382e+06  677  4858  100623  30480  67744  26379  19383  26984  43620  55563  
277  222  216  192  158  466  1855  5013  9039  8350  2347  6  154  139  329  561  8700  22838  6216  26712  357  248  713  279  182  63  192  354  1700  2200  611  2200  104  396  5259  1677  2984  1772  432  1961  809  2402  1938  766  705  17189  96557  98378  10016  178570  120701  212  20  61  116  9320  15620  608599  48540  746123  46633  5261  1627  37421  2547  6674  4890  4255  2795  67911  2.33388e+06  0  823626  308  1550  23198  6169  7263  6675  882  4414  3987  11114  
2646  1598  2105  4205  1021  1984  13717  20693  9879  11660  38247  143  1228  836  1855  9264  92513  191385  44434  200438  5548  4844  6085  5954  1670  385  1041  2918  12768  15353  3308  20901  1302  3420  30412  10448  19737  13575  10183  9046  7072  160339  56612  24349  23308  60744  212586  159267  120742  83675  330867  2972  715  1061  2767  36030  322948  1.49194e+06  600826  412653  308876  63633  30668  468991  57847  47268  19704  22637  281932  118546  3.54418e+06  1.20472e+06  0  1.02694e+06  886629  147511  56400  456796  52255  26131  25088  53730  103306  
62  84  57  20  46  74  584  707  242  549  4188  2  28  22  43  1920  6622  10646  1888  9419  34  27  268  40  75  10  37  52  469  552  155  1527  161  263  944  314  784  414  83  142  175  952  1744  228  78  3959  8514  1953  3247  372  82953  441  12  28  79  1173  183064  227206  23485  4975  12350  478  145  957  202  829  475  668  1448  3274  4060  2303  528072  0  307220  5008  2809  16734  3095  207  1083  1592  3850  
736  932  1551  1845  855  2187  21935  34847  7132  17351  15265  238  1730  399  933  9072  24000  39347  8275  39099  830  677  1803  712  449  105  337  666  2626  3336  802  6290  612  1238  16291  5005  7958  4608  1081  1708  1390  1.35026e+06  429607  14326  5829  817949  1.63125e+06  146127  276061  6980  1.66024e+06  6151  1313  2301  4675  16045  1.57362e+06  626626  249450  64683  102703  9646  4543  58011  6428  16946  3686  26599  76659  96017  104964  23965  1.30027e+06  639902  0  170540  100482  511138  81688  7182  21580  71389  67539  
8067  4810  9933  8984  3620  12181  156520  381868  50103  66035  30129  1515  13217  3781  8294  12201  13227  48802  17865  90603  16438  14697  14119  15051  3054  1036  4438  5769  12038  14069  1932  10360  458  3524  330838  66122  59037  43645  17873  18541  20571  340873  191682  216043  74771  130644  76813  642254  1.81669e+06  53845  625101  45779  5216  12848  38289  209182  392020  34340  1.18632e+06  329690  1.15358e+06  186054  109718  517683  177124  414407  70884  330774  441723  462865  271157  18522  187590  4795  53468  0  2.31822e+06  774746  691518  193660  1.83932e+06  919002  3.34806e+06  
4621  2007  14722  24601  520  590  33219  48691  1827  2144  3330  333  718  458  1487  1495  2960  11542  3636  21037  1256  1086  1226  1717  348  184  480  775  1968  2167  291  1670  80  537  16159  9459  5296  3727  4375  1798  2372  753924  500366  394553  258906  75742  17742  1.21407e+06  426214  10181  40700  10832  508  1193  3074  30153  78874  11642  126595  22451  231656  15868  8724  52704  20100  79268  8583  39394  60097  84616  44351  9605  54358  7954  15509  1.76917e+06  0  303898  165248  498308  380101  97184  209035  
2496  2531  7796  9510  1682  4127  84766  180859  11791  35586  15934  1343  13081  1728  5285  8685  11943  27842  8209  45599  3494  3338  6905  3739  1534  404  1434  3367  10250  10622  935  6474  296  1740  65758  24194  45285  26923  42605  6459  11483  609123  317318  329771  109840  97583  36663  873062  1.2586e+06  15477  298767  27591  2124  15759  44874  102087  498315  52197  442341  119198  287715  35991  15853  103512  18907  27941  8035  20641  46427  106961  80953  6124  78366  2598  103649  607769  825188  0  2.13664e+06  257028  77718  65988  395087  
716  781  1802  1435  617  1402  22088  50848  5499  13895  3038  387  4076  498  1856  3377  2523  7129  2369  13447  898  869  2251  1217  517  161  521  948  2999  3023  217  1724  81  473  20666  7591  14147  15474  10020  1834  4883  50802  37687  47886  10719  20915  12560  116960  491063  6863  133604  10912  553  5697  15808  36351  151464  11009  135260  54429  112782  9449  4315  37642  7606  11139  3453  4502  7785  45576  32369  1720  13215  368  13121  200679  133619  1.73183e+06  0  12621  213739  68608  530404  
2555  214  4251  21187  36  24  1521  1913  201  193  190  300  220  235  207  102  377  1858  1041  2413  554  682  803  1366  214  63  270  1826  2090  3107  54  1698  8  101  3652  5643  5820  2744  16901  1075  1543  75731  1967  14822  136905  781  3568  14229  10461  5429  2459  74  5691  1957  1397  1643  1336  586  10835  5842  7809  4181  5345  29395  14469  7755  1114  12931  35098  17454  44045  2326  19210  56  1640  67152  337874  208374  4870  0  16097  47346  11842  
3885  1426  7331  5144  102  115  5848  3693  542  1427  4376  627  402  632  942  640  1551  9881  3687  16495  3799  4975  10298  8388  2800  366  511  805  2000  1927  192  1346  66  395  32574  7273  3164  3337  3294  19403  2299  12178  6478  6945  9606  1892  2216  19554  24419  3332  15208  1054  11276  2961  2073  146405  8262  736  49949  15839  90878  34615  56281  54376  172615  710070  714900  873499  218961  123256  20347  874  9433  191  2905  1.33459e+06  78878  37249  91642  57537  0  1.44421e+06  165157  
1168  338  1759  1798  41  97  2109  2743  377  665  591  273  212  231  260  311  647  3302  1277  3989  1959  1606  1078  1058  227  58  376  597  945  956  72  562  10  125  7865  3551  2168  2945  2329  1215  3816  30859  2397  3467  9824  987  1335  8750  12659  1706  4367  328  4516  1568  1238  12335  2314  713  41797  17609  24561  18876  12392  36784  15000  125589  13682  615199  254453  40049  21789  893  25806  175  8958  847257  47441  42181  34080  37285  1.23153e+06  0  262634  
89536  37477  46471  16187  12526  7424  188375  473677  34213  583851  106159  1052  13181  13188  35474  343120  43893  375049  74913  388423  23399  14662  73398  46183  30742  10803  92856  86929  70315  50135  3669  39820  2681  13727  1.58218e+06  728560  1.22608e+06  2.64881e+06  73239  91430  458317  31650  27086  25033  14195  33954  34614  106795  787280  38039  460658  34609  949  5865  9086  59074  285327  22430  516084  184431  404811  62176  29655  130983  46128  63192  20846  96310  92584  84786  63332  5818  44601  2156  33675  2.08578e+06  194110  920754  2.62253e+06  15362  815550  621012  0  
