4519622  
2859491  
605505  
3359775  
4376086  
4068206  
8451322  
14045285  
4349714  
7004980  
2678599  
2390214  
2294516  
3214471  
2806191  
5896031  
7806152  
7197610  
8589712  
8870294  
1530207  
1352089  
4963539  
3992169  
8130938  
2392095  
2026710  
1789925  
8823045  
10229223  
2998829  
10107924  
782953  
6612917  
11033263  
4798950  
6577245  
2472125  
750375  
3805383  
2128891  
5041829  
2249327  
606138  
3316307  
3510395  
4781721  
8657057  
13350200  
4948961  
7409598  
2364518  
2440872  
1940759  
3267159  
2677441  
5795142  
7138386  
6948151  
8792923  
8585563  
1788516  
1245502  
5070349  
4045743  
7905335  
2323494  
1986865  
2147464  
8390784  
9990436  
3036356  
8648182  
858029  
6784730  
11120805  
4513457  
5989718  
2398845  
715006  
3969802  
2060171  
10155298  
