4183229  
2149381  
682893  
3542484  
3649441  
3832212  
7382728  
13595881  
4084273  
6443569  
3016531  
2517811  
2388903  
3606609  
2844504  
5102624  
6576307  
5933181  
7368480  
8752368  
1659482  
1407422  
3878089  
3842351  
7424924  
2091140  
1783696  
1684940  
7868915  
9460822  
2831884  
9759345  
851823  
6540933  
1881278  
1625303  
1366258  
1857249  
961052  
2431901  
1815513  
3891070  
5846356  
2488731  
877278  
2416121  
1540489  
85536  
484839  
685386  
1105059  
404977  
461221  
417151  
58931  
87517  
944478  
103623  
1040772  
3597225  
1122080  
4278931  
2433360  
568052  
3247849  
3285816  
4609213  
7506676  
14155187  
4608774  
6935336  
2237223  
2635042  
2080423  
3306860  
2638833  
5475475  
6906214  
5674040  
7995355  
8447770  
1595371  
1104131  
4598986  
3916527  
7126639  
2105566  
1875459  
1538223  
8518866  
9103034  
2927465  
9456028  
884395  
6721930  
1507144  
1651065  
1901924  
1677131  
1427518  
2460073  
1517871  
2890104  
5053786  
2481683  
694887  
2129320  
1619707  
69268  
493967  
652632  
1016710  
410099  
468095  
498636  
108869  
99416  
962029  
144586  
974473  
3308757  
1302067  
9390289  
11239598  
5380349  
216706  
