4284044  
2393303  
797565  
3766320  
3771373  
3653625  
8258526  
12814747  
3919827  
5943707  
2565159  
2261641  
2171855  
3400043  
2760661  
4943808  
6849158  
6077759  
7709708  
8026794  
1341867  
973988  
3475575  
3379924  
7581796  
1896567  
1645081  
2097634  
8032672  
9259637  
2492402  
8762353  
711778  
6217000  
10542674  
3673962  
4951280  
2403463  
729361  
1525929  
2000731  
85046  
471718  
688556  
1077100  
409010  
470257  
418574  
58758  
83951  
947537  
103042  
1016488  
5457686  
1419281  
5223738  
2323174  
619814  
3699766  
3264621  
4522017  
7958106  
13776471  
4420079  
6837021  
1770122  
2529995  
2031588  
3255597  
2654862  
5391872  
6546114  
5795338  
7189755  
8088628  
1510383  
1111418  
5075600  
3839821  
7972486  
2257951  
1964464  
2663722  
8625067  
10617978  
3140645  
8567151  
888523  
6687495  
11277674  
3319514  
5229426  
2398905  
684861  
1634754  
2119812  
68619  
497002  
646689  
1047990  
415283  
472460  
499696  
108033  
99227  
972402  
145033  
945778  
5608007  
1627705  
16828613  
