0  937842  40946  901727  187053  14946  336539  42105  4749  17110  23677  115315  9901  9397  9636  21971  8417  117687  38995  45861  20846  56174  88619  216616  52595  5279  18655  222293  24354  81642  9412  341755  2930  844021  101242  342673  965487  122562  20624  121810  48775  22858  2732  4404  49471  1477  1339  7872  7679  1447  2718  3619  12188  559  2055  1400  3476  3133  15072  3141  6948  1810  307  2295  32559  1100  101  170  470  1136  1117  545  2254  218  1517  7284  38014  2729  1398  12444  1213  899  45706  
771274  0  8168  6162  537990  9125  260882  41749  5725  11555  21520  1003  955  1427  2802  15641  3253  46196  9869  22514  6046  10808  11150  39954  18011  1967  8696  18805  13360  11801  1611  15848  785  16837  252846  621749  361241  96548  53829  48315  26204  5553  23255  11489  6484  14632  6894  51358  22283  2897  2941  2480  102  22  99  263  1900  881  4550  1422  1890  526  114  1005  6525  385  43  102  318  519  451  235  857  85  1382  8298  4745  5538  2769  1700  871  864  67146  
27888  9593  0  196765  234  302  190462  151407  708  1021  1793  375  305  418  699  1627  354  7031  1838  3117  2807  5949  5234  22026  8781  1057  2845  21484  6551  7658  397  5128  73  964  4173  103267  132165  12217  13788  18732  19199  12723  11219  17572  13847  4893  2114  28424  9258  814  716  262  115  14  26  182  236  204  1205  473  621  283  67  497  3078  118  15  42  206  195  231  77  365  15  613  2093  14700  2155  774  1781  283  278  1965  
1.27613e+06  11084  132697  0  817  1407  16768  646497  922  953  1675  1.1532e+06  16129  12895  11910  713  752  10189  3303  11900  4071  9921  13761  39390  13255  1239  17575  83876  7468  33692  1783  36380  141  3654  10098  34152  136752  6778  10362  27239  22595  294491  40441  179823  1.52231e+06  14799  4398  104892  224904  2451  1666  471  45100  4999  9387  19549  814  932  4476  2550  19161  637  405  3348  6835  631  152  417  1042  1100  1588  490  2961  60  5236  10379  363422  8984  3185  30283  1573  1114  8083  
257733  608540  1264  3431  0  737027  1.05968e+06  102604  34017  24992  31026  545  7233  4454  5463  20585  8702  58595  15623  30529  3854  4787  8278  13309  15540  1857  12971  14009  21678  13739  4183  41559  2299  401666  588234  628383  302679  52859  4781  43048  31920  428  1232  226  584  30448  37620  54067  50898  22754  5876  3062  80  22  130  305  2445  1450  6144  2342  2990  365  115  1170  2498  445  99  185  459  841  764  450  1630  108  3763  13381  3064  5211  3736  572  1876  1180  156980  
22718  32963  984  1523  705204  0  557854  350768  383577  934236  14718  282  9789  9167  2358  32243  37971  43924  69927  14287  1181  888  3045  2077  4113  595  2106  4179  13794  30759  11406  220830  11556  902701  151970  122258  490409  40451  1204  4663  5638  219  201  66  223  2052  56290  45017  94737  114780  70044  1740  30  19  113  148  2025  1399  5797  4049  2262  132  34  1006  415  628  82  110  259  1206  702  279  1384  98  1728  8499  37955  6503  4896  151  1792  934  75289  
326785  569581  355090  17528  1.99146e+06  843194  0  1.38686e+06  733261  34151  33287  1735  6859  6111  5673  13449  5209  60427  22856  33714  7392  14918  21908  56644  30866  3046  9356  29115  30605  22242  2780  20189  1807  27461  303279  519430  326087  52250  28152  57697  30876  7818  28740  12811  8288  274411  295939  441005  361807  187491  43789  3083  361  152  254  1127  4789  5308  17280  11114  6807  1239  476  5577  10368  1746  424  1204  3161  4649  4292  2797  10016  297  29942  70119  35018  28350  16483  2327  10743  5666  81751  
45185  102335  148295  817437  127819  134281  1.95978e+06  0  1.90559e+06  278923  661847  1.54305e+06  2.97488e+06  1.93513e+06  1.07421e+06  18235  7537  99400  84947  1.05077e+06  40635  11977  21956  20509  32102  8040  13230  16376  33642  15939  3247  36397  2523  61204  350903  263288  363983  88671  7966  52270  22570  106083  142953  67991  199390  504977  498989  1.07851e+06  4.8336e+06  650158  468247  98359  248031  37810  84289  100295  22406  15101  67195  50515  339111  10692  2710  21351  13459  7436  2952  4663  8820  16874  13652  7349  26561  892  80504  230497  332548  127345  75046  8806  37504  17376  199513  
3133  8653  1620  1084  24975  675511  779477  1.44179e+06  0  1.3581e+06  6866  122  1754  3903  886  10093  7327  42494  131844  4443  424  465  10970  1265  13332  507  1418  3174  51436  32126  5653  14506  873  12731  101589  54267  65363  30460  1094  3771  3922  285  320  83  157  2973  82700  57200  214530  210003  361251  2954  14  14  93  92  7348  928  7727  14731  1066  75  34  2675  311  1242  73  162  417  2441  1428  329  1935  59  2935  12693  142101  12809  10095  182  3761  1571  59637  
14640  13834  2305  3398  43312  1.37885e+06  65614  963473  1.82739e+06  0  183186  981  9792  17544  6230  1.9477e+06  79105  114100  139607  26889  1338  965  5169  2341  5717  894  3491  7705  21417  43140  13268  284546  52739  611254  305800  307931  627714  225527  5477  6352  9635  942  577  263  766  3852  10017  10613  170187  39661  596085  34026  91  39  1140  377  146108  21698  30936  13595  6436  233  82  2616  504  874  300  223  660  2545  2312  2481  9578  3054  6065  19564  239227  13946  15346  621  7145  3570  254394  
1848  1200  593  4628  2272  3712  7152  1.06311e+06  3029  99768  0  2835  41507  1.63796e+06  15639  18457  5760  257890  16835  957817  4532  531  9470  1096  5272  896  974  2015  5030  1936  419  11242  3684  7421  36443  12963  21878  9801  1090  6432  2325  1561  913  399  1292  3124  13967  14136  298606  30936  510591  634630  557  1247  52626  1691  192621  37719  72279  8515  65041  974  251  2561  723  1277  411  392  844  3249  3139  4319  15246  3708  7871  24497  124806  11440  8577  824  5986  3391  32953  
117849  12412  7460  747510  5605  445  31478  1.36752e+06  782  715  2821  0  708058  421140  318499  1266  872  5495  1211  211504  6274  2252  1284  4482  2167  778  14827  40459  2375  4897  178  9784  267  1760  13224  13114  44161  5862  11084  10898  6633  80691  5925  9578  201267  6966  3348  23824  607787  2706  1639  4750  455922  26823  63362  79769  3425  1568  10006  2763  112125  1786  336  1588  3223  572  573  684  832  1267  1434  544  2742  154  3980  10600  111487  5655  2976  42169  2331  1093  7588  
33222  6120  3037  78431  9013  1882  47041  1.46357e+06  2453  1414  10271  745631  0  869321  591118  2130  1448  7661  1561  431295  11548  2953  1182  3770  2041  1200  11265  23996  2490  3285  244  6136  410  2517  24178  19935  40359  7041  8742  13119  5518  39497  2888  4189  59068  4899  8944  22018  748819  18249  4110  12097  147779  242583  114147  54605  6173  2395  14680  3379  161543  3167  529  1666  3198  797  749  816  1071  1835  1794  693  3015  270  3903  19375  60133  6432  3504  24517  3180  1591  13481  
22533  4550  2515  73318  4295  2061  16395  1.45246e+06  2908  3364  1.3973e+06  419979  956837  0  906776  7400  6399  16173  2479  1.18792e+06  27901  4090  1585  5219  4422  6820  12102  11365  3153  3429  385  8837  2030  4843  41078  9691  30799  6161  3771  40388  7477  29913  3068  4365  44257  4095  12319  19918  515286  26131  122313  188602  48668  41107  516116  55272  73979  13282  46512  6203  314905  5599  943  2324  3745  1468  1460  1315  1051  3194  2617  2165  8645  2281  5594  18718  49402  7395  4349  11043  5346  2111  17873  
10643  3762  2513  30337  2587  886  10952  286102  1266  1570  6073  145059  321936  601926  0  2335  5180  35059  3706  1.63725e+06  87278  104739  1924  552511  28023  109289  54842  11846  9167  6517  542  11900  1622  4259  97753  13341  35588  14308  6306  215448  22071  11007  1844  1887  16236  2208  7901  11492  155384  18396  14127  20156  16252  5204  131959  372557  28963  8004  93153  17719  414291  9795  1386  9391  6845  4916  4441  4367  1848  6207  5091  1873  7236  896  4959  30436  19422  10628  4591  6542  13169  3299  50934  
21689  10156  2917  3746  23185  132942  27350  68768  127952  1.95745e+06  189626  1584  5994  24383  14351  0  1.94247e+06  615233  131498  106233  1089  749  2017  1666  3126  963  2400  8786  12766  45723  11522  368623  344326  665145  255741  100176  462445  173106  5797  6462  6778  2051  1124  304  853  3583  5378  7270  20058  7893  37821  52186  204  90  5417  1193  256129  105064  157219  9952  29115  476  180  3068  688  1910  533  565  1825  6625  7407  14786  48142  13035  18836  34498  9551  17762  14054  1487  7987  5274  246709  
30730  11549  2933  5452  39895  175258  25346  52504  66889  167632  67704  2445  5444  19340  52179  1.85521e+06  0  675291  1.25981e+06  248476  4657  2369  3755  5890  15348  9747  13964  22713  137177  507205  282206  1.69883e+06  670790  664883  122009  31919  396073  50265  4855  33543  15110  3987  1868  551  1383  3417  6094  8339  23862  13718  14753  25462  340  142  9092  4294  83375  177769  322012  30920  77526  1445  510  11623  2071  6748  1217  1348  4311  18549  17299  22388  70693  11824  25988  79902  8744  27482  14600  3780  17694  11786  100459  
37559  10394  8174  14752  7965  87231  30000  116263  215464  238606  198711  2034  3185  14309  15595  667443  546033  0  2.46463e+06  700071  93262  17172  530198  26257  198369  46329  27139  59296  88287  43156  2807  111734  15794  82881  252887  65828  264147  118691  32467  256495  61790  10476  3629  1449  4195  3141  4218  10823  24588  11055  26178  16621  283  85  1084  4670  36435  64093  451076  104885  70369  8824  4156  134392  10333  16496  2184  2390  9947  37954  35327  13312  46803  4514  22091  227790  17628  46266  18701  12487  28600  18278  178716  
90623  15677  9281  14396  19327  176062  71952  128057  381904  162641  40880  1533  3133  17657  9182  88105  1.29555e+06  2.79724e+06  0  82102  3119  2750  758937  7341  171423  14401  14716  68401  470798  1.22358e+06  785074  450257  27669  227084  155791  48627  413961  134844  15270  100418  41218  1753  594  392  1527  1602  6924  7055  19821  14991  22647  1751  176  32  278  889  5034  10099  55770  12661  11066  770  346  15501  1949  2284  331  338  1298  4591  3958  1777  6323  558  3139  31920  12351  10712  6017  2462  3814  3153  118861  
42384  15015  14207  54087  7109  4693  49218  846559  6486  9916  619689  180552  537945  1.17502e+06  3.08591e+06  21759  30733  926509  37411  0  1.80817e+06  785433  23308  780918  134667  331207  200940  106178  123017  60697  3421  107241  14164  32515  364875  86160  263897  89709  63328  973306  136342  32034  10187  4515  22644  9194  21298  38821  378075  43010  51983  141453  23214  6476  120407  198114  108488  93533  1.18693e+06  303823  2.23833e+06  104970  14044  209272  31553  46720  9040  8719  23469  99356  82492  21586  86567  8266  52753  401600  46422  109157  40603  29731  76393  42200  255663  
4076  1125  1175  2695  149  95  2977  7843  159  232  639  1858  3740  5627  93233  131  220  114948  3022  767923  0  591912  30955  228003  19826  48532  19820  10674  8775  4800  88  7330  196  1422  69415  6157  21063  7253  3627  113193  12428  1055  300  159  643  211  393  969  3879  624  480  319  152  30  372  2398  439  394  96598  15490  38717  193924  19799  37179  51626  5973  758  550  802  2565  1930  200  1520  52  1219  54749  1183  3570  1185  1133  20847  1693  18837  
3157  801  1092  2042  57  25  2262  1717  46  100  133  407  584  939  67916  50  79  70648  268  176250  586132  0  48825  570905  28306  48491  10061  11180  4394  4133  49  6040  55  719  33761  4025  15724  3335  2727  64616  8155  397  104  78  312  63  95  302  706  126  144  70  33  6  42  448  91  67  26656  1257  10598  99673  28828  10996  108524  1516  296  240  358  554  625  25  467  16  282  22536  583  1884  396  703  10018  606  11003  
79192  10756  9204  28834  1821  2338  38455  32931  19209  2209  15036  2110  1231  8217  1372  1166  1236  555498  662621  25738  25903  72183  0  399208  948438  83439  21415  50185  1.12693e+06  384816  3218  121391  1004  39594  58952  26957  209401  42566  12365  68314  38039  1587  203  316  1894  719  1909  2357  5304  3768  2722  453  129  13  97  213  958  912  17341  3084  3142  1171  580  8221  2972  816  89  87  293  761  743  193  951  63  484  18206  4133  4421  1607  1489  1504  647  41663  
49082  10854  14875  29169  402  198  31626  15540  275  534  784  3308  1621  2330  475326  328  394  103383  1070  498514  412294  943381  437664  0  1.64232e+06  948864  79909  116687  56376  42170  263  67414  213  8186  92812  49076  225005  31426  31885  418401  75817  3127  315  513  3253  380  430  1425  2822  491  690  252  265  48  152  864  377  353  21636  3544  9582  27991  3979  27328  188175  2238  391  312  941  1732  1861  119  1496  23  518  24539  5656  13184  2339  5135  10368  1015  137032  
22389  5573  6550  13788  1060  1182  16700  16982  3463  1223  6904  1832  1649  6227  38314  872  1623  207685  50149  56977  36943  39011  715318  1.31828e+06  0  2.09067e+06  1.14344e+06  180396  2.39026e+06  36375  367  46127  1068  9118  219958  33774  121622  49644  26157  974528  413298  1576  194  224  1825  382  1014  1463  4340  2147  2100  671  145  21  147  531  1466  1434  18181  3994  4880  2862  948  6017  12076  3761  233  187  862  1898  2059  370  1949  107  725  20085  3500  9717  3048  3704  5040  1352  105164  
2165  589  861  1258  50  53  1853  1532  109  127  381  168  446  1382  30856  109  228  42235  1016  19125  33129  43869  57945  364181  1.64267e+06  0  491253  27248  93160  7968  61  8622  90  709  15026  4445  12015  5068  4094  402066  52557  176  25  23  161  39  136  153  780  246  354  220  18  6  43  112  459  161  3871  621  1188  2640  332  1165  4456  312  274  69  210  402  435  45  334  19  93  3726  425  2305  947  989  1610  253  108881  
13609  1681  1869  9046  348  239  3816  6236  488  744  1838  3091  2626  7459  79452  797  1778  34521  4223  69488  33423  23765  12870  51121  1.20928e+06  722902  0  327467  83694  6130  290  7224  411  2552  289304  20566  88489  98644  24684  774737  652815  3201  175  174  4098  221  595  1034  4369  1418  1824  1383  1169  85  333  576  2689  937  15630  2896  5522  2247  1015  4035  5104  667  536  342  412  1044  974  286  1202  81  725  32440  6177  2760  1657  3345  8241  1127  139835  
302209  15308  31955  154371  1479  2694  49406  20571  3050  2994  6625  58875  7593  6427  10160  3719  3046  73061  18924  32536  26872  47394  56296  164050  206971  22546  573951  0  204260  305153  4250  352306  1098  18446  372782  117907  647544  201167  95380  332447  900197  31761  1240  3214  39182  891  1046  4901  5535  1169  2555  767  9935  550  1718  1697  1261  1994  14975  4713  7949  2522  1110  4209  21774  1496  280  347  3132  4801  5522  525  4815  141  1684  35500  56968  21308  10691  27204  2974  4876  97296  
16124  4675  3050  7215  4724  31867  35206  24748  55187  14683  8595  912  1230  4043  12595  4912  12167  102774  219584  46634  20430  34759  1.00192e+06  118352  2.38488e+06  94530  96857  546955  0  2.94343e+06  40119  60369  2215  17872  167393  31973  89166  72129  27535  305051  200333  1133  332  195  963  1000  4337  4141  8867  8519  7006  565  89  25  181  1170  1732  5760  30546  8981  11260  2077  566  5369  14585  2033  297  258  2015  4440  4230  984  4694  325  1804  16011  4943  11239  6821  4370  2844  3475  48670  
47709  9393  5114  24863  36589  170013  63004  71199  76904  58560  13379  3114  5070  7163  23080  9646  463893  225523  908588  196175  40709  66028  396431  228799  131888  14421  23020  461682  2.67661e+06  0  1.40099e+06  2.7237e+06  5641  75368  103582  37524  258536  57028  12345  191321  42031  2643  896  495  2202  2300  7992  8962  20735  14923  11573  3146  172  44  1228  2651  9382  34658  124272  16034  42659  3316  660  7234  25894  3218  528  579  2111  7532  7114  5361  16800  2051  7360  32083  8417  16079  7137  3943  7016  4755  64759  
7805  3189  715  2070  28059  92309  15436  34142  13885  28518  3958  409  2569  2318  4815  3805  537063  26019  881459  30625  2049  989  5497  2053  2715  1088  1525  6334  37810  1.41548e+06  0  718790  2288  33622  21042  11975  103046  15143  807  4304  2008  414  208  97  248  818  3281  3772  8038  5491  3241  1087  46  21  526  481  4005  14289  29274  3012  8230  235  59  1175  373  684  131  141  413  1663  1415  1736  5545  781  2253  7925  2057  2970  1681  387  1814  1152  14717  
501580  51635  11108  76817  46375  188316  54197  115453  18343  181419  69710  15361  8843  18462  55101  380074  1.49965e+06  497294  254869  475425  63243  90648  200149  295373  107414  20457  37042  581650  46816  3.53062e+06  439873  0  803333  1.43e+06  190531  67260  951973  123624  22051  203921  67831  7920  2268  1440  8435  4140  7253  11626  31127  16066  14057  16969  568  173  6216  5139  54139  116649  349809  33694  107838  5329  1215  14429  39402  7244  1402  1546  4689  18179  16270  16895  52627  8001  21482  85004  16221  35764  15512  7715  18925  11663  149202  
6165  2390  586  879  5671  5626  4085  8681  527  24771  14045  283  721  2460  5567  248292  365511  25824  4508  36879  797  246  371  419  1331  981  1293  2470  1700  4511  1208  463174  0  363103  8981  3248  122849  6498  376  2633  1265  284  163  64  130  386  467  773  2242  808  1033  3908  41  15  1349  404  10358  11446  25721  1620  9280  172  44  532  164  365  98  111  259  1054  1016  1572  4920  948  2009  6731  659  1957  1097  233  1198  794  8420  
959971  158345  5549  13014  700281  1.35474e+06  112538  267712  22174  862854  52297  2238  10085  13432  14917  1.2747e+06  811553  213685  82357  80826  4933  3970  12715  9888  13350  2835  5473  36644  31998  129332  44249  1.15956e+06  803798  0  70724  55429  2.45395e+06  26016  2455  14902  16050  1203  690  446  1595  4395  7848  10929  24507  9630  7207  10163  365  61  1808  964  17895  18553  47068  4326  16801  515  121  1923  1723  933  239  233  580  2278  1973  2585  8155  1455  3721  14809  4613  4872  2978  929  2707  1670  36074  
84659  236763  18329  67995  173389  68307  476423  1.73802e+06  74656  472100  872523  20607  118756  90359  152634  238451  82726  1.32724e+06  225552  675716  113406  118773  177412  291585  463587  60022  602743  439068  457565  115475  8447  212294  36136  103018  0  4.18931e+06  615375  625355  220268  1.93035e+06  1.45243e+06  5550  8021  2081  13254  64153  95929  181491  260646  83302  55759  35821  2115  282  2672  5932  20522  13118  102511  32201  47694  9556  6305  25559  57429  7717  2002  2388  4372  9203  8331  2997  12462  1005  16732  444285  27446  79899  67413  10731  63394  21110  4.18219e+06  
74452  358544  25316  17526  156685  15070  553139  318487  19792  74204  210653  6939  30511  21435  31083  58472  17298  215243  21831  146433  13564  14839  22187  40747  78870  7921  74403  60928  80727  17868  1500  36799  10984  28927  2.80786e+06  0  435317  331631  447333  230171  177602  2056  6308  1255  2982  38989  24627  81919  93861  17791  9028  16273  660  74  747  1489  7174  3291  18591  7012  10004  1273  371  3590  7713  1334  403  481  1067  2027  1907  935  3424  269  7363  112607  7036  23029  19187  2899  6361  3566  738157  
395211  250558  139620  118995  143511  101638  518526  1.44696e+06  84684  698090  487204  25669  112672  103176  92002  362263  102160  508856  193578  238756  30865  39373  66707  131353  73306  11536  55541  181220  122780  196892  74811  294184  47497  557102  346265  1.58464e+06  0  1.54244e+06  473718  145333  144037  18941  8324  4741  21110  51270  42765  104978  214931  30229  64042  47909  2647  462  2292  4697  33953  13314  50840  12959  30730  3100  1204  8224  26398  2654  556  803  2631  5256  5406  2449  10069  1134  11271  46195  51588  39204  15820  15967  7321  4695  156618  
35034  34908  18493  14969  12538  6296  61281  218931  16675  263249  183998  4469  14695  15642  19521  151531  20625  226632  92872  119015  11872  6409  21679  14812  31429  6467  42517  42443  74224  88346  39704  25849  2232  9942  259841  479406  1.5495e+06  0  167087  48096  170396  2421  1511  548  3078  6074  4917  14490  31442  4461  13446  13879  576  101  466  1005  10254  3311  15211  4628  8098  939  362  2934  3208  916  321  224  1251  2317  2265  577  2890  294  2343  36555  9234  23653  23671  9971  3880  5069  282436  
39055  52140  37047  17582  679  302  83316  4405  358  1662  3502  761  589  584  1444  2188  499  10828  2063  6460  3904  5746  4451  17688  14565  3316  19700  40252  17125  5945  296  4125  183  1125  80060  549801  245691  102911  0  36480  67281  3665  228  399  2867  239  200  828  920  158  385  300  474  92  102  216  284  422  3489  1488  1522  459  512  1560  4536  501  97  106  1833  2659  3396  133  2521  19  303  21595  7000  22372  12644  22106  674  950  18362  
19246  6114  6808  14785  579  658  14696  12436  1652  2564  2707  2933  4204  28794  189037  1239  3159  155545  26524  262010  139984  135066  41625  267007  624111  409663  1.316e+06  235337  291383  69897  727  63913  861  7028  1.43735e+06  48117  181092  64520  88646  0  1.43315e+06  4952  1053  537  3970  666  1318  3090  8650  2169  5172  5673  357  82  1664  8086  8518  3895  140665  38665  70079  15588  11795  42304  47234  7383  2454  2514  5582  14995  13496  1343  10170  356  4718  150554  7954  49122  12383  18554  83698  8519  186523  
14248  3030  1285  11295  750  442  4729  5845  799  1623  4089  2210  1057  4643  14406  1490  1081  39545  7344  24168  15652  16831  25586  38766  235246  18643  1.42758e+06  386024  128225  19486  346  13029  369  8769  1.20899e+06  49383  153931  351374  84856  1.18621e+06  0  1152  143  84  2690  351  579  1042  2591  773  1605  685  266  14  247  530  1042  792  11089  2583  3944  1242  2189  6002  8940  1354  429  470  3188  4441  4649  209  2966  58  527  75653  3246  14366  13194  6592  18331  6640  243189  
5451  7188  9932  31516  943  315  13064  22943  766  704  2051  3832  1671  592  1641  1825  2009  8491  718  9643  1254  3581  472  4655  793  200  616  2778  1162  1337  133  2296  260  543  5001  3654  7255  2469  2069  3307  2114  0  1.32617e+06  85479  733947  513728  115856  292371  50907  3005  10540  800  5464  1784  1320  5312  8761  39338  74609  91812  22394  5049  7635  102772  41166  11929  1473  27025  177591  14612  50638  75467  385434  1383  1.72382e+06  87943  70354  132188  49406  29509  11366  15807  30684  
34240  85994  63173  124414  1007  129  85712  105347  283  503  1336  8334  909  495  882  849  644  3313  376  4262  661  1883  424  2943  668  123  449  2732  707  1154  77  1449  88  249  3667  5438  7948  1777  1673  2043  1877  854747  0  28500  20056  466616  14015  516476  76018  1412  9363  889  208  260  206  1636  10459  7880  30725  25321  9142  1985  3312  36520  19310  6040  702  3093  10250  11781  10441  6502  26278  360  75398  200505  108571  200876  63868  9373  28563  15221  40612  
12273  10563  31828  104752  104  49  17906  15156  40  55  118  5544  136  95  114  69  74  623  137  524  229  521  455  1704  628  62  409  4238  496  1766  65  1713  8  52  581  1897  9748  276  833  1201  1599  58343  9701  0  111974  1268  520  148207  61899  193  455  42  90  40  24  272  426  394  2540  2478  967  200  378  4485  2589  602  54  131  626  707  1120  430  2580  27  5620  6331  16746  10842  2716  1513  707  590  1984  
236210  23342  101158  1.66722e+06  672  307  46108  130890  310  270  636  439036  14066  8204  12442  296  324  3302  745  10164  1238  2430  2453  8339  3244  364  11668  50887  2518  9626  354  13404  57  974  4139  7689  47737  2016  7057  6989  8886  737177  10015  120860  0  3903  2797  23113  518959  983  1953  498  841674  12837  9128  51322  852  2258  7662  7515  44750  813  1116  11804  8352  1876  447  3397  5784  2997  9802  3091  22246  95  36682  9398  342804  11535  2340  113634  1997  1741  4195  
11971  46044  18704  24744  11629  1916  80673  59320  3451  1454  4174  1366  1454  706  2141  2842  2658  6696  680  10275  759  1128  367  1718  771  244  439  732  1108  776  145  1743  342  740  10895  10620  5312  3398  1786  2531  2110  575015  904467  2584  3692  0  994930  1.05468e+06  91118  58806  37533  2814  279  128  300  4325  30387  40161  81676  64189  20880  3662  2459  33298  10215  9621  2207  9958  20930  28948  28655  41610  115678  1869  659560  400425  199132  214285  99244  4852  70857  32825  76437  
1326  3383  1349  1745  9789  39350  100293  122099  101024  10640  4854  355  10303  1815  1146  2428  1906  4601  1642  6517  451  607  773  1046  1272  181  454  748  2562  1194  197  1742  245  963  21428  14258  4735  3381  1063  1789  2023  71318  16690  882  827  814981  0  702003  266876  571756  1.26164e+06  2209  200  71  240  3172  51756  57012  51496  48121  13648  1979  1368  22073  5316  10515  1546  7767  17664  59071  54287  36251  203849  7312  1.43925e+06  219858  293203  98169  68511  3431  35560  19095  84894  
29529  109305  48669  78367  56831  28099  340714  244816  30454  2000  4118  6304  8329  1709  2372  1934  1176  7588  1385  9349  901  1665  1262  3426  1884  317  1258  3388  2326  1776  139  2466  208  1225  46266  50027  21594  7245  2053  4793  4251  183826  411602  205860  13943  1.80801e+06  1.44154e+06  0  1.67837e+06  1.11329e+06  66860  2543  361  355  358  3175  21157  14703  44697  35833  15020  1645  2330  23354  11873  8264  1370  5598  12069  25087  14871  6025  22551  444  48534  309653  210314  91087  50902  5774  61179  23503  71956  
74903  244177  109391  402021  202417  194930  1.25086e+06  4.14257e+06  611739  116484  95634  346913  916894  525857  337276  10642  5039  41720  16459  212771  11974  6992  8743  13986  14232  3884  10011  15583  20892  11699  1401  15083  1254  9504  310601  279755  132155  44305  6749  35990  23709  53837  85373  91540  430327  230699  219124  2.19831e+06  0  1.92252e+06  408113  337073  973737  661170  553471  202406  36455  25594  116405  51630  551836  29867  9464  23678  34144  11286  10824  13643  18906  23079  17455  11578  49841  1126  157167  454464  986305  304887  197586  19395  97809  38593  275556  
1153  2546  789  832  9906  101957  180502  201925  197228  26907  4858  132  5157  1938  512  1114  945  3412  3014  3315  247  300  1232  762  1990  177  631  1146  4230  2002  276  2091  164  1287  32167  18908  6447  4031  718  1701  2569  1764  1403  185  426  10480  1.1472e+06  928706  1.90749e+06  0  1.55883e+06  836  32  15  68  369  14931  5688  56922  189030  2634  238  213  36511  882  34160  384  1255  4029  63712  34954  4546  19021  268  29151  44414  238339  64665  31571  2010  11215  5739  40779  
3125  5859  1763  1968  1977  45706  42352  304126  349169  437822  164035  250  2029  10252  1128  15200  2533  9541  6609  8181  632  906  1808  2601  3399  429  2103  4594  6925  3037  401  3009  388  1879  33665  17774  18774  11764  1840  4572  10371  10821  7917  590  1212  25807  1.48469e+06  87629  1.1606e+06  1.58749e+06  0  62915  158  70  869  900  2.09144e+06  189552  113075  74544  6048  636  455  10136  2393  6649  739  9261  34009  60335  61969  27107  567518  113886  942066  119883  1.13787e+06  163346  129723  29330  67004  40280  137060  
706  949  384  1029  1361  4764  13228  139439  51099  149760  448054  1165  11147  127613  13305  47745  10324  18430  2278  77856  624  203  758  376  1219  785  1048  557  1659  1052  260  4061  1101  2136  16381  8584  8965  5322  410  3509  1252  937  817  270  648  1904  2311  3573  480279  3193  158424  0  1093  4566  610149  2698  175420  12807  74780  1985  387425  2165  498  656  1147  499  489  385  712  1346  1277  2710  15762  6759  10124  13130  14426  7760  3810  1265  2703  2202  13537  
60047  8025  9515  226125  4231  531  24671  383600  861  881  2900  1.16997e+06  454300  214120  183274  1323  754  5295  1192  119798  3497  1404  893  2693  1418  737  5235  20694  1519  2577  156  5100  176  983  13051  13172  28324  5576  3313  7776  3792  19311  4555  5751  489956  5165  2716  15936  1.00638e+06  2275  1783  5434  0  302434  95351  311115  2196  1374  8203  2425  314864  2214  954  1590  12014  1328  2286  2719  4114  1260  2237  716  5453  129  6423  8121  63719  4736  2391  179492  3787  1075  6687  
3974  4390  3470  22727  6591  2225  34025  217174  3757  1163  4839  91461  785858  119978  78334  1644  807  2911  549  52548  1652  616  359  891  575  395  1176  2069  689  687  72  1287  135  663  13488  11180  8682  2259  771  3302  1245  5025  3413  2834  22138  5866  3616  10698  895535  3787  1505  12412  279913  0  341327  117021  1824  1205  5253  1628  155917  2409  992  970  5621  831  1504  1366  1348  728  994  585  2626  143  5087  8900  15247  5471  3076  33601  2391  769  6768  
3622  2824  1744  12134  2545  2892  19299  138395  9802  26643  116219  31958  87752  587849  200003  30618  9006  13204  1523  157507  4272  1294  516  1297  2071  2707  3704  2537  1649  1631  311  5149  1209  2209  16752  6257  8177  2810  1094  12853  2747  4730  2637  1371  9204  4391  3670  8172  818193  6530  9959  702289  49099  281444  0  310505  18287  7419  30147  3154  699754  15848  4314  1456  12332  2373  4888  3279  1617  1887  1981  1884  8270  1964  6710  11568  17089  5599  2973  29806  5348  1390  9435  
7876  2754  5541  37378  2065  913  13002  90525  2016  1741  9299  40277  50183  63942  582122  2024  2464  18462  1657  207689  9477  3052  1066  3195  2068  1297  2697  6679  3292  3109  245  5342  638  1521  18083  6148  14838  5032  3388  21708  5067  5404  2143  2321  21459  3540  4006  7861  209763  6137  6906  8804  71990  34536  332932  0  14119  5746  128418  44271  1.5635e+06  29238  38613  9387  572695  46334  138199  61492  5271  10480  6121  2171  8872  638  9580  38206  38849  13270  6616  22864  133872  6234  17115  
1938  2416  763  1297  1352  2711  6391  24241  14049  162367  178674  488  1192  13601  7298  183810  49415  26859  4009  68165  469  381  1009  956  1534  491  958  1735  2188  2243  673  15371  4246  7195  12969  7797  15678  8482  1034  2757  3567  13814  7533  1280  2062  19234  30333  18642  71050  15295  2.32776e+06  113122  371  180  7703  2044  0  1.9724e+06  861552  43403  23509  965  538  7393  2062  6069  978  4372  22925  34287  42249  55610  643653  549838  836773  314465  278484  301832  221105  16649  130780  82091  329442  
4064  3864  1313  2414  1939  4087  10165  22742  6285  68479  142188  774  1857  13417  21041  178110  119904  92788  8873  153078  2317  1189  1870  3062  4721  1469  2754  4650  10808  16950  5179  65487  12429  18636  31608  10710  27564  15384  5169  13630  10426  27660  12697  2025  3816  31411  109611  29613  83457  27930  337151  48526  596  230  7407  15260  1.94359e+06  0  896870  1.55413e+06  93759  3053  1507  33281  8643  29586  7928  10038  24774  245827  559376  680076  1.8076e+06  692411  729438  319766  57210  141966  69284  24539  61541  64030  131338  
8364  4091  2386  4794  1790  4585  11163  33867  15588  46268  102673  1051  1696  9407  23261  114184  110609  262387  27683  208558  50544  26942  10241  15702  15050  4285  9073  17479  34673  27585  5385  69723  11624  20998  111686  21527  62202  35680  20805  94475  30244  29947  11714  3549  7746  11277  8472  26875  140424  46084  128811  85582  646  356  8552  17275  877414  848083  0  2.3781e+06  582262  151337  47773  586345  37625  101238  12454  11452  27921  106477  77813  19140  116334  10316  156885  325182  43324  147347  54534  23744  85385  71545  151150  
2820  4190  1526  3692  1581  6089  15975  32429  16668  10769  9591  909  1189  1167  6243  7788  12545  66630  8977  54238  5702  2775  2316  7276  5963  1742  2682  6973  11735  7329  1081  13733  1641  3839  26646  11307  24930  23193  18909  30038  19897  51081  22092  5647  11509  20864  51966  101218  88991  352236  207811  2110  1070  285  399  16277  25160  1.85753e+06  2.70416e+06  0  59510  6969  2993  1.50895e+06  14517  445845  19503  14826  41978  765902  1.38867e+06  914519  365868  36703  234864  250118  51606  233804  73532  28466  105492  158235  130272  
19921  11263  9015  31206  6733  7059  47335  217463  16866  45944  171828  40150  76766  139867  374115  76158  86560  486219  40440  2.12042e+06  127921  44868  18835  29791  25246  11014  21498  40473  61436  41356  5820  83454  13251  26665  198085  52789  127920  70177  41423  254256  58409  27392  11817  5628  24205  13255  11715  33170  531165  12671  21626  431474  55022  22421  252834  1.47763e+06  39001  46854  962169  203616  0  1.26342e+06  668779  88267  648109  127988  150241  81209  36343  128770  97937  18162  92965  8119  55229  266268  45499  102103  41689  37020  268010  50043  137157  
862  280  298  675  48  39  809  1391  87  179  741  269  438  994  2953  209  210  40190  1779  34938  208958  133590  6803  25694  2620  2110  2038  2180  2254  1094  31  1559  46  268  33932  1539  5367  2095  1923  43332  3326  1742  618  236  535  297  168  1226  2775  141  356  241  37  15  106  30917  218  291  179980  22018  899570  0  339749  45076  161675  31969  21907  14568  3132  6370  4391  384  4593  201  3078  76397  1251  7049  2584  1757  108444  5552  6442  
162  89  83  157  24  17  224  449  37  75  305  60  73  320  530  74  78  7916  406  4357  27569  34517  1384  7187  1385  689  937  630  701  270  15  376  13  69  22194  564  2226  1691  2148  21710  2785  1375  465  212  454  140  114  994  1371  47  239  109  31  6  57  46151  85  173  57067  4545  360642  214561  0  67331  361585  23886  32659  15823  3824  5609  5391  179  3673  35  1529  41509  1284  5966  1739  2598  83809  4076  3194  
2454  3635  1582  3971  878  729  7634  15727  2353  1462  2062  948  770  480  1651  1756  2324  36904  6345  22978  21883  14373  5889  14761  3460  1201  2111  5526  7500  3026  190  4790  317  1061  32278  6285  15417  8653  8379  25795  9104  72212  31375  8616  17056  12968  12171  67122  37053  36945  16512  453  1178  333  264  5541  2837  7148  828785  1.77842e+06  60817  49675  82745  0  203700  913365  17141  8487  29202  1.09718e+06  607956  26027  118561  4372  200460  169439  19548  91429  20567  14843  47794  66287  47436  
2030  769  768  1531  148  68  2052  2667  173  295  1000  299  491  725  1829  364  365  11241  672  8630  35623  77990  2391  164596  6705  2919  1956  4925  4067  1879  41  2772  73  473  15236  3848  18429  10711  14624  25829  15030  8724  2549  1304  3044  806  919  5723  7747  246  1804  361  231  96  213  758684  481  1396  125521  42609  510013  94840  376842  299895  0  1.52434e+06  405226  57815  52973  67446  85759  1409  39760  194  7159  51796  8277  28408  9881  18705  173517  25657  18230  
644  582  327  782  164  225  1480  3096  644  1204  6523  210  419  2515  2581  1122  1330  11458  1685  13661  3857  4724  1038  6485  3397  984  802  2366  3358  1282  120  2017  201  429  7847  2201  7185  7412  8910  10984  9389  14675  4218  1760  4639  1905  4484  12084  8219  9364  5043  2205  212  92  303  57796  1123  2630  134546  192327  57481  15829  19362  954214  1.49692e+06  0  1.6056e+06  856467  228261  2.46965e+06  127083  4120  44946  1698  23383  85624  15750  37722  12074  22161  354329  55909  28700  
132  89  57  113  56  64  512  1488  228  936  6427  105  429  2955  2212  443  265  2644  317  6901  1002  1053  167  1152  568  282  283  473  654  241  14  401  53  108  2552  591  1472  1461  1599  3125  1862  523  224  80  179  185  268  513  3402  112  461  2296  53  19  310  132908  162  614  40433  23133  40031  6975  13373  34150  328013  1.33227e+06  0  678727  26215  75713  14665  400  4798  131  1308  11298  1132  4852  2258  2227  219599  10424  18119  
254  203  103  356  117  131  909  3317  615  4273  31863  418  996  13443  9988  2245  1208  5348  519  26826  1603  1838  331  1973  951  673  980  583  713  383  49  925  215  362  9617  1561  1896  1785  1219  7581  2141  32171  1027  255  2174  2969  1174  1703  9750  757  2196  11306  1012  442  1742  104815  1396  2024  62738  26282  55458  10221  12878  15304  50147  1.06194e+06  839375  0  200026  13985  7528  1478  9392  154  57891  112464  13334  28041  4777  21231  712272  242571  22799  
438  646  386  1237  246  241  1883  4573  957  582  1055  459  702  320  970  746  881  3960  444  4482  1466  2950  726  6080  3606  1314  479  3326  5471  1327  66  1192  89  250  4463  1889  5952  13294  16739  9376  17866  148887  8288  1874  17767  16482  6266  9342  38105  3074  14289  505  3353  1925  1623  2460  12717  11041  33887  22646  9613  2465  5167  27922  28646  138939  4086  222331  0  187174  237756  6084  321394  604  257027  268538  62489  113880  25367  91311  160020  432404  46256  
1946  2330  1093  2047  952  2058  7390  12962  6283  3645  6031  386  659  867  6435  6314  9555  46734  4762  52140  5418  7132  2332  14962  10216  3621  2403  9744  15778  6616  763  10972  1419  2970  22426  7689  22359  34037  40901  35968  43078  34496  12509  3314  9867  23829  221296  47906  29860  45461  121967  1437  450  190  436  13143  7040  136756  188385  471619  72970  12350  14961  1.50465e+06  110392  3.14115e+06  55153  16169  345083  0  3.89162e+06  182104  133346  3458  75783  283393  66197  95365  50454  75174  351044  123611  47828  
1995  3996  1500  2897  1551  2798  11915  22341  8820  5558  10920  628  1098  1288  6107  11196  14172  39883  3016  50153  3969  6690  1681  12003  6647  2299  1525  5920  9449  5201  869  10692  1736  3014  17017  6853  16212  20220  24083  21065  25836  57573  26894  3432  9123  61519  328110  63917  70648  57748  288657  2910  778  291  707  11680  18603  829074  264019  1.11519e+06  83697  17679  16076  545363  97917  93671  12124  8846  283153  3.23178e+06  0  3.22176e+06  3.7816e+06  4987  217553  219794  58022  84242  43573  36262  98701  72648  63683  
415  1129  361  686  465  927  3378  7410  3034  2282  4181  151  301  406  1602  4247  4961  8517  644  11476  438  262  216  602  561  158  269  497  1066  1059  268  2965  513  837  3386  1521  2357  2020  1198  1935  1461  15986  7270  646  1304  20876  101350  17012  26261  14525  161051  1140  173  68  235  3689  5811  591603  51948  1.2939e+06  15891  2746  581  57437  2883  17078  2135  2243  4749  136985  2.30128e+06  0  923456  4738  92329  36390  14303  21441  8937  2528  10763  13346  14104  
4028  6544  2889  6496  2740  3457  17029  38347  9539  23995  79284  1620  2763  7762  21619  76141  61315  87391  7138  135978  7179  12991  3664  22840  11401  4209  2973  9697  17277  11748  2460  32894  6353  10260  32522  14130  38105  40194  44472  34681  44850  419628  90226  16955  47911  111809  268144  93278  171798  16483  416603  27398  4148  2316  6052  21435  301791  1.8534e+06  524699  468387  169398  31253  29384  285542  153742  56792  11745  25479  348525  128976  3.9142e+06  1.99591e+06  0  835713  1.53117e+06  412068  129252  239727  93392  101750  113530  173467  163587  
122  206  59  129  104  165  656  1574  246  2479  8444  50  127  854  1467  7545  3785  3645  256  8461  108  51  79  99  146  93  120  105  265  365  99  1559  365  545  1181  544  956  552  191  470  243  2627  1083  124  243  4141  10197  1688  7219  449  77109  3702  36  18  524  926  218753  396206  21347  11300  6414  441  111  1968  546  1179  415  1004  3936  2714  4044  19739  499145  0  392126  10761  2107  9853  3732  772  2413  2825  6586  
2010  5652  2348  5846  3459  3611  22395  47870  13130  10219  27619  1583  4623  3515  5281  22597  15502  19767  1884  33278  1131  1531  626  2044  1078  379  654  1044  2317  2369  575  7736  1555  2567  10993  7134  7329  4273  1937  3523  2345  1.35853e+06  115260  12229  18637  956405  1.43947e+06  82049  330898  41699  1.34288e+06  13309  4098  1330  2293  9691  1.29703e+06  1.2427e+06  308932  165546  47205  6637  3609  66860  15588  26687  4150  68406  238686  127304  155220  252953  2.299e+06  826046  0  106798  50094  111144  50178  18086  26235  52954  57597  
9132  38648  9634  32582  17209  6846  100594  199542  20783  17882  26647  8687  17882  5171  16009  14550  13071  69738  11547  79983  28133  34347  10360  37223  17050  5621  22908  21402  17577  8247  1115  14716  1836  5098  289398  68381  59343  147046  49847  91860  88134  97564  191756  57526  34047  141274  74927  381441  1.3542e+06  99630  488516  24939  11460  1682  1843  67095  407962  195709  927091  388144  195765  40060  52496  316017  181046  214867  41302  332846  582829  687732  368438  26035  281906  8178  80984  0  1.03453e+06  2.12874e+06  1.19962e+06  587667  2.7753e+06  1.7527e+06  3.00446e+06  
5889  4733  8533  40614  807  910  9668  19296  5957  5980  3179  2851  864  612  1674  1071  722  2908  441  5468  396  661  392  1458  771  172  710  3594  841  1044  52  1429  115  270  4439  3641  7407  3419  3324  2004  2524  87607  37609  7358  53131  26056  114850  84833  94627  78574  370035  2396  1712  942  1423  2622  51504  10490  22611  12025  8293  706  1280  8446  6440  20150  921  19835  32318  72195  20111  2155  22541  526  14310  562605  0  449718  163104  508809  148283  53918  96838  
4378  23495  6093  15521  7568  2708  47280  110673  14311  21420  24535  4484  5629  3567  8996  17149  6526  22634  3300  34861  4600  7482  4898  22470  9970  3028  1984  5191  7033  3242  454  5756  783  1894  35765  62591  68333  97034  92876  35731  52815  104526  118963  26992  30106  163457  25225  211220  855255  195685  682150  18092  5998  1209  1585  11685  445104  95467  270560  210435  58488  6970  4513  102674  19686  59938  5589  15607  30496  120654  63429  13098  52271  3006  232055  658239  235526  0  2.35934e+06  254796  425307  471442  715205  
1409  6887  1752  5008  2987  1621  17606  50659  7782  8857  6865  1610  3304  1189  1885  3368  1174  5941  1606  7527  720  705  594  1742  1157  423  434  1016  1769  931  191  1087  162  482  21322  15764  8997  34878  6160  2963  4993  16634  28683  6291  3852  63833  13442  52803  413682  78263  360110  4742  1961  550  483  4035  182098  19705  50653  58397  13103  1028  982  27466  4243  20681  3434  5078  6849  42493  22204  3580  11352  598  53992  341351  133542  1.91495e+06  0  6342  629078  335646  1.28005e+06  
3195  543  1198  4452  130  65  1642  3242  145  176  395  4507  5943  2091  3440  241  267  2090  203  4008  658  1184  362  2595  1337  418  1552  4639  1061  752  26  1060  46  175  2404  1798  6557  5586  9232  4515  6046  55090  1524  856  29781  1003  2312  3093  10205  728  36671  717  46911  25084  22900  14860  4735  2654  8750  7684  17143  759  1862  9380  12089  4551  483  16653  80846  18080  28288  2194  50567  159  25836  60323  518987  64932  4317  0  20269  54930  4262  
535  407  256  762  192  230  1287  4393  1418  3821  13565  372  592  11010  8851  1985  1339  13995  1013  17831  14607  18725  1966  16366  5313  2601  5224  2114  2310  1074  104  1650  215  536  77926  2945  4969  8765  4089  72617  12321  4797  1178  374  1491  1155  2571  3197  36931  5573  93513  4930  356  105  1105  82879  50423  9312  111093  48538  79389  26658  43255  39362  113654  301861  404814  889099  217659  217353  59180  2112  24530  668  11095  1.24474e+06  37046  275312  334096  277806  0  1.45617e+06  365488  
203  379  148  419  143  94  891  2034  300  907  1302  122  156  217  582  796  799  3852  772  3660  982  1609  381  1911  868  319  841  616  1028  523  77  860  111  252  10871  1581  1928  9353  951  6070  3195  8637  1853  583  1652  1426  1446  3824  9533  1647  17258  461  151  57  107  3573  11984  4620  46710  32389  11363  3628  4211  36329  11714  28306  4678  485105  250715  49357  26634  1619  27015  377  18113  1.09826e+06  70617  194241  76293  272942  1.54412e+06  0  135957  
16833  35041  3884  19090  26155  24180  81255  468864  48254  373889  425007  5247  17095  15508  31466  208898  28800  431476  81988  229235  22383  16082  40660  42697  48617  35184  84207  39267  54115  32165  7733  43880  6071  24556  2.79431e+06  995558  315384  1.37292e+06  32869  90768  168810  13148  19488  4410  7495  34835  35011  67274  645482  151760  634989  36522  1238  248  1263  13080  481769  78883  285667  131404  54738  7029  4944  62493  39647  49365  115146  43363  27074  55639  31750  9466  40572  3345  70316  2.1916e+06  136976  1.87668e+06  2.81793e+06  9766  950562  267508  0  
