4357945  
2425738  
638838  
3514861  
3946711  
4208882  
8945645  
13767723  
4433120  
7155574  
2969833  
2503694  
2497093  
3501595  
2709462  
5996419  
8553077  
7025671  
8646808  
8795088  
1440058  
1251893  
4285012  
3937713  
7940740  
2014483  
1946064  
1826466  
8574223  
10431157  
3053144  
10013209  
842188  
6699155  
11739790  
3237982  
5500707  
2541268  
785939  
1567842  
2317463  
81121  
483328  
700359  
1092947  
404368  
471358  
421586  
59603  
87991  
958887  
102400  
1059014  
5703668  
1446801  
5218446  
2202817  
568035  
3322442  
3549613  
4649386  
8274200  
14025061  
5270346  
7409160  
2250728  
2542252  
2197022  
3467175  
2823149  
5899421  
7652251  
7153188  
8319917  
8955342  
1833214  
1272694  
4617852  
4014949  
7501429  
2210222  
2094328  
1831872  
8470780  
9859376  
3178762  
9074587  
885065  
6786891  
12138993  
3204647  
5299425  
2658443  
748143  
1708643  
2266229  
67017  
507625  
680007  
1061125  
414917  
469251  
500844  
108573  
99136  
983649  
145682  
970656  
5649907  
1626001  
17581649  
