0  1.5033e+06  39913  683394  174750  32386  368143  23277  2799  21077  9475  8675  7354  5793  5495  21029  7614  46697  19050  30781  14035  24757  42767  111630  58686  6660  98498  485184  45293  96915  8944  370370  1011  905981  180662  212642  656496  91192  58995  87748  242659  2573  706  1179  2390  372  481  3671  6776  2013  2009  1026  823  1178  815  1304  1187  2073  6426  1823  8866  1887  2330  2011  12308  822  218  425  738  1532  1755  447  1637  23  833  12080  5968  2652  1397  4327  3399  2047  102652  
810297  0  10851  7675  820325  25171  381052  38278  2609  24332  26391  1257  1537  1457  3091  39888  8271  29009  8138  36845  8788  13940  13167  49835  57454  5200  27096  57838  23761  24408  2503  75847  1096  33837  605056  725076  302883  66977  12965  87538  81066  36482  40644  21233  9048  14373  1023  123997  42105  1576  1521  1052  243  356  229  935  1012  1430  3864  1190  5803  1124  1265  1655  6225  607  148  470  496  806  954  324  1228  12  987  14992  6313  3630  3219  690  3570  2338  195792  
48232  9183  0  153361  1047  427  185875  115208  292  1305  1519  244  388  617  312  1700  233  1331  367  2092  461  511  457  1768  2137  287  1295  4228  1444  1651  135  912  37  185  19053  46418  23245  3607  3591  3125  5801  35066  3693  30532  67175  1604  442  27425  15527  568  339  109  941  1067  181  1195  151  152  440  196  1980  327  244  856  992  234  32  270  485  389  1105  133  612  1  876  2216  56673  953  539  2006  545  499  6675  
688289  5896  204000  0  2456  738  26344  1.21952e+06  1071  3153  4925  736861  89950  72264  37454  2022  463  2452  885  25390  3403  2422  898  6913  4813  3173  24516  97790  3923  8756  484  22395  72  1089  25078  37317  50663  4768  46925  9306  16742  171896  7796  96841  1.0583e+06  5925  4535  71414  257991  4280  3142  1230  81036  29619  9739  22701  1299  1284  3493  2025  31082  4610  2867  9059  10421  3139  580  6055  13247  7814  28406  1944  19930  60  20100  19797  196787  8839  4905  85129  5399  8584  12401  
252616  874991  1777  2470  0  1.05815e+06  942003  122121  27521  61329  26856  291  5004  2702  3868  53400  31363  38479  17088  41990  9038  13665  17245  47674  38974  3771  15804  21338  15333  18778  5345  40320  1789  420945  638651  607790  234384  84215  4098  71948  42504  3361  3201  1041  906  32046  32400  127492  74591  28154  6136  1933  118  488  329  777  3137  3310  7726  2343  8838  1409  1480  4039  6375  1265  226  1040  1486  2436  3511  1167  3581  67  9070  45886  7497  15336  15455  520  8564  5047  284651  
38377  72590  1262  1677  1.04532e+06  0  398729  309588  583059  1.6325e+06  13553  249  6437  4404  2239  102133  52851  23826  52562  18845  3007  2882  10233  9700  7599  1131  4782  17680  22345  36991  10585  139448  6143  868792  223003  169516  248923  72679  1491  16493  13479  960  388  311  409  3316  36998  36385  114853  114767  31884  3171  92  764  829  642  5251  4014  6099  2509  6134  726  652  2460  1689  1152  149  879  1417  2843  2588  893  3144  60  8582  27018  27665  14658  14027  295  7220  3998  155033  
323210  524886  211081  16582  1.66501e+06  428635  0  1.32647e+06  834237  92780  27164  1306  8329  5109  4086  37806  19059  27081  40117  37919  6183  7228  8497  25418  36473  3589  19889  52430  28687  37180  8814  18537  852  7101  451329  651050  233257  52339  11413  60147  69882  96912  75623  65164  56433  162179  162338  826250  372521  127542  16997  2404  1386  2349  885  3517  8265  7272  18637  6801  21241  2928  2998  15369  7221  4720  564  4486  7164  9410  14914  4373  14060  227  41211  182417  93139  60581  54270  1253  25905  12077  215670  
12100  93988  212575  1.0203e+06  162780  200620  1.2757e+06  0  1.82088e+06  276928  501808  946976  1.50823e+06  1.00569e+06  319953  28253  6608  30452  18937  409935  70543  40297  13172  72083  30738  49850  55333  29428  11934  13821  2525  24309  908  30806  332277  291349  278751  145713  7583  74655  34120  103043  57772  83078  253410  141028  230337  770689  2.67954e+06  685326  344245  94372  153038  323502  55814  60290  27666  13433  36085  21824  132579  15964  9224  31437  34253  11679  4703  16239  18947  25129  32921  8291  32217  414  94041  329072  255280  154398  140736  21519  69225  27658  378098  
1433  3316  900  1218  54690  616812  794344  1.27318e+06  0  1.26427e+06  5575  98  1897  1508  697  7623  9316  40711  144788  7369  825  572  19861  1466  6826  339  1240  3019  29881  30687  4617  8131  734  5707  51357  78476  36684  19920  553  6522  3295  1622  642  388  358  5581  96963  87110  220340  243609  106583  2652  69  517  862  546  7887  4617  7624  5215  6502  784  658  4266  1006  1877  156  1495  2591  6061  4819  1334  5064  93  16563  42281  76596  25189  21292  233  10175  3789  57239  
21688  28467  3819  14414  59717  1.38179e+06  96176  796574  1.40331e+06  0  202927  3089  4502  12853  3281  2.39363e+06  133484  135913  105855  44318  4257  3108  15024  8677  12582  1884  12020  35919  31328  43238  12700  425562  53748  713383  409797  436867  497047  357754  5801  34381  32754  2808  957  1689  1509  1649  10515  12275  265494  70797  305905  60615  536  1185  7699  1191  70845  16573  16663  9930  14423  1477  1155  4339  2292  1637  549  1288  2027  3291  2663  989  5362  278  9333  29771  60877  23760  24745  930  19098  10880  394777  
2153  2070  2563  6780  3427  3265  4921  531101  3680  324915  0  6293  43729  1.24163e+06  11437  275227  10777  55612  2926  763368  14284  5849  1595  6078  3471  2545  4362  6264  4339  4684  1032  21451  4771  6922  34975  10294  22985  13639  1971  19584  9258  2263  629  1053  1564  1221  4415  5668  233904  21262  387023  573460  1034  4418  61335  9883  198733  105926  131163  31940  141630  5809  3101  6308  5265  4270  1666  3604  2909  6524  6157  4494  17606  925  9483  44743  39781  23028  20725  1050  27046  7001  45963  
6257  2440  8281  1.25489e+06  1608  314  8264  1.16527e+06  770  1609  3669  0  473300  205459  112509  755  262  1880  773  67177  8307  5430  755  14488  5559  10818  50279  59859  2834  1687  144  4316  34  1313  9028  2557  8796  3706  33513  12450  15995  28014  1600  7212  225934  3607  2409  23420  352271  1852  1213  2709  494170  141278  26456  45809  791  703  2271  915  63015  7754  2551  2795  12875  1266  827  3002  4355  1719  4674  581  4305  25  5436  14785  20702  7391  6183  10698  4538  3907  9928  
5782  1424  3212  121834  3605  1659  6453  1.24293e+06  2514  2785  17231  705005  0  926767  496324  1783  646  4165  1525  387209  53518  31372  1484  51519  12959  42565  77922  60193  3957  2331  247  5273  114  1931  23810  5671  17054  8090  42369  47002  24305  8318  660  2174  26361  3638  9468  19252  187730  18747  6802  11077  98489  461666  95762  91111  3206  2173  6217  2178  127516  11843  4836  4824  23117  1936  2280  5148  4848  2781  5906  1469  6486  62  13784  34999  9008  23701  19998  9241  11302  5476  35421  
4146  2896  7821  124807  6036  4519  9154  1.14109e+06  4959  30403  906067  333329  859774  0  665331  11200  2796  9354  2921  1.12511e+06  147017  72673  1967  63149  11651  41766  63887  38611  3849  3119  442  6811  529  2946  36490  8843  20517  8662  25575  71453  17539  7885  1064  2821  17463  2983  7960  15634  284738  30579  112107  147746  19267  99092  628817  122638  45946  18484  36732  10223  235840  18299  7711  5503  29233  2802  2638  5122  3633  5110  5643  1935  7572  213  9480  33913  14592  15780  14580  5409  22206  5185  41554  
5062  2732  2022  96590  2762  1286  4841  179611  1565  3182  12689  253264  407598  865164  0  4301  10015  31583  12276  1.98645e+06  176319  161208  4408  702007  42112  195131  140578  42944  10175  7971  1939  22632  1998  8670  86528  9164  30916  15873  21270  176682  36331  7505  546  1682  14673  908  2143  5659  55068  6150  5627  19210  16315  37535  151995  267410  13060  12775  44697  12772  331064  16760  9205  8920  29708  3960  2518  4109  3259  10416  10299  3486  9030  161  4180  34587  8371  6599  4629  6963  22367  5377  70798  
23501  19177  1277  3820  26236  125617  10268  43670  41012  2.34392e+06  267669  1424  2437  24247  3417  0  1.90347e+06  709548  96925  75228  4632  3359  12675  8994  12351  1780  9203  37455  30882  31891  7608  491409  231169  658111  316154  123206  417544  237202  4892  38654  21957  1152  380  420  622  974  2619  4202  18099  7203  56835  95011  337  680  10126  1872  196028  141534  96272  21084  48175  3478  2801  6230  4107  3560  1231  1650  1422  4298  4064  3105  17505  1339  4996  50408  7023  9763  8983  951  20200  6734  293252  
22623  39860  2020  3583  81646  118140  36176  50845  50652  282932  198713  1655  4199  39305  31927  2.16692e+06  0  538077  1.44042e+06  247739  13843  8462  17172  18491  29995  8297  21880  39910  93792  326769  374695  2.20493e+06  764934  482620  227453  73280  267378  59365  11226  207449  47216  2751  856  988  1203  1865  4271  8679  25418  14374  25330  92602  577  1055  9621  12115  241910  288053  300394  75191  180482  9523  6476  14492  9782  12261  3112  6191  5030  19192  20568  17432  47203  2305  11463  100526  9586  24526  17441  3722  54197  12798  127434  
33652  30493  4613  4984  21519  11749  34060  84030  254281  262570  122196  2204  4033  5395  13116  807572  465298  0  3.07292e+06  959205  139021  31167  623948  58947  220799  40045  26905  71707  204136  124052  12353  156960  7784  80838  191795  34260  299943  92349  19728  454328  66556  7990  1880  3431  3702  2295  2305  15345  26267  9048  16501  15078  1205  1696  3304  14533  34656  90806  226104  67845  222371  38140  42163  69959  49361  21460  4267  7031  7696  48839  34352  13462  36270  827  10876  271759  16289  22911  12990  9958  85678  16421  144581  
49918  45443  6012  6256  48870  50273  90019  116507  312952  111136  19769  3086  5562  5643  29789  73725  1.58852e+06  2.93202e+06  0  188428  13758  8963  907115  23356  296245  30376  43561  97741  804797  1.52857e+06  804608  443951  5599  168429  184113  42173  424440  133384  22132  579038  84471  6263  1853  2584  3035  2862  4968  17951  37524  17551  20796  6369  1094  1943  2585  13334  9388  49171  149152  46676  156199  22059  15874  30058  19708  14720  3503  5919  5978  33855  28547  12401  27040  509  8865  161685  16566  20796  12433  8724  56498  13613  150730  
24024  24668  7702  37185  17778  6365  30717  424032  7654  63818  999659  100550  326890  1.00556e+06  2.29615e+06  149153  38408  819342  104295  0  1.88651e+06  1.09862e+06  44598  1.24955e+06  130740  292073  204546  89908  124440  88407  15416  114928  4044  33156  313390  34732  203366  70767  27361  792290  107725  22075  3877  9178  16744  4653  7250  33224  131078  25329  31104  82888  15157  48772  259994  233661  70243  151699  654026  163683  2.18193e+06  197263  170204  198411  259341  51079  16169  22884  20293  125757  86048  32412  80955  1814  27403  480011  42766  51508  32531  20886  222656  41477  218566  
2275  2435  578  1331  1538  331  2688  17954  307  1033  7054  2603  8328  21566  151535  1095  863  79449  4367  931889  0  1.00474e+06  62093  468009  27016  79185  21143  8188  7036  4278  462  9304  180  3638  53095  2343  21517  7501  1736  122238  10961  1052  228  490  632  263  302  1704  5526  951  1055  1875  402  1198  1988  8178  2295  2716  44661  7351  130551  117553  70291  36565  192258  4142  1457  1283  802  5294  2784  756  2624  85  1183  38148  1869  2330  1420  1033  32745  1949  28808  
4394  4618  706  1057  2422  261  4026  11638  203  621  2211  1545  3506  7339  95354  630  398  26802  1479  334241  782645  0  105074  777041  48483  118338  15530  10529  8629  6463  371  13683  106  4660  47350  2586  32375  8927  1760  89397  11925  397  168  171  289  244  118  1289  2570  343  362  472  177  528  500  2706  627  800  12281  1847  47931  79256  66559  22127  215747  2020  658  437  301  1397  907  242  935  23  436  20578  643  1192  617  609  19928  769  37121  
43013  29660  2818  2941  18708  3019  19311  50313  23079  8070  4057  1340  2911  2781  3842  8551  3546  1.16973e+06  977301  83573  110867  114387  0  477804  1.06081e+06  114525  29040  57062  1.14968e+06  520837  2667  116547  414  47161  113656  12018  183733  44919  9352  174431  49184  859  527  411  582  1061  678  5323  9495  1954  3783  666  249  750  225  2473  1064  2215  20024  3133  38619  13485  33967  50886  47512  3971  787  656  522  1997  1663  559  1637  30  1042  63923  1839  4331  1969  2598  47056  1677  65075  
25492  27882  5096  6106  11284  867  28418  52723  703  2250  4537  9169  15423  24594  694150  2213  1896  69441  9890  738704  524388  1.15663e+06  538999  0  1.70839e+06  1.00315e+06  94700  90079  94406  48874  1513  35919  468  9930  130097  11836  149466  21357  10141  405122  64612  1214  884  519  1212  1158  369  5935  9642  990  839  1127  825  2242  966  5387  1344  1805  17648  3081  43491  21626  51750  54625  364533  4448  1222  837  589  2713  1797  467  1602  31  1019  43112  1691  4327  1675  2918  40454  1743  201164  
13389  16794  3983  5594  6459  2222  23359  39938  18999  9938  6767  6801  9873  14368  81540  12970  5491  296735  178691  134502  102970  140547  1.47901e+06  1.80894e+06  0  1.98005e+06  1.10681e+06  324685  3.48638e+06  167217  2868  37656  583  13179  326189  35101  121115  41099  21310  1.22054e+06  285218  883  619  407  800  747  733  4173  9719  2368  3299  1456  766  2285  595  2155  2218  5171  16529  4255  23052  6730  9094  9923  36710  4210  727  851  664  2908  2489  1094  2437  56  1008  28681  1986  5537  2471  3322  16621  2947  308213  
1792  2623  675  1280  841  139  3900  8140  343  1076  1516  2259  3203  5827  38466  1622  635  44726  13770  61653  63280  85182  72403  358149  1.78288e+06  0  466217  57860  62318  10780  320  5898  130  2151  31431  3824  21212  8779  3806  550109  50954  180  75  65  186  110  99  541  1872  283  231  237  234  664  121  574  343  523  2567  595  5074  1713  2051  1918  9894  426  121  135  99  535  383  115  321  7  145  4401  318  1074  327  793  2382  411  319183  
24805  3470  2529  13949  1321  605  8196  32599  1064  4624  5221  17992  20610  31181  137632  5883  2649  25018  7565  115243  36609  23801  12419  60937  1.23113e+06  766734  0  460418  27187  5801  748  10820  720  8697  351988  27644  51946  67832  25254  845032  699507  715  131  218  1070  158  509  1049  9130  1842  1277  1194  1966  4623  964  1457  1460  2231  5286  1509  9720  1851  2076  2402  4827  934  363  478  399  1065  1009  401  1035  22  569  15746  1806  1870  1516  1574  7014  1900  216792  
263370  33294  22244  87515  7060  4007  71351  42142  2967  16255  9750  27896  21726  16398  12128  17743  4140  27057  10625  27745  13471  20129  21409  72143  235022  17473  450038  0  249346  212141  4422  701626  698  45621  349183  54853  337747  140792  54994  269639  796074  2373  555  500  1654  558  507  3456  9345  2177  2694  1095  2553  3170  2077  2048  1036  1622  4629  1381  7658  1956  2561  3016  9112  1194  331  567  985  1687  2200  369  1926  22  1169  18685  6528  5387  1903  8339  5563  3194  147563  
31365  22090  3475  4107  14654  14415  31472  44107  90827  34163  9113  2088  3118  3521  20299  51261  29569  261042  412850  115779  50583  57623  1.52925e+06  172129  3.60811e+06  97435  75411  400335  0  3.69956e+06  64553  108784  733  32661  209484  28235  182692  79394  22342  537355  135428  2385  682  976  1202  1062  2072  7232  14045  6119  6722  2092  505  908  890  6408  3539  12596  57209  15203  78521  15871  10493  12612  22914  5344  1691  2416  2110  12223  9377  3338  8040  169  3093  46661  5931  10589  4904  5762  20043  6290  108014  
84631  33572  3973  5168  34336  47801  48963  58797  68848  48632  49029  1440  3594  10674  37147  92658  411063  302630  831423  205161  59261  70672  461514  177611  159495  27942  35252  639076  3.76479e+06  0  1.16945e+06  3.9126e+06  4243  80311  149805  30430  245145  100697  12611  283699  59504  3298  995  1318  1536  1593  2871  9529  20028  10352  8543  11362  555  964  3389  11904  18836  59560  126443  36408  130502  15281  10238  13860  26691  7994  2600  4565  3698  18855  18753  10069  21725  468  5385  60871  9466  14939  10404  4754  35553  10501  127332  
12345  10263  711  961  35915  56163  31129  26372  17256  28946  15876  388  1283  2963  17412  46741  741941  83091  690284  85098  10808  5514  16403  10518  16956  8190  10906  23979  148983  1.83198e+06  0  1.11309e+06  2968  25298  36430  13255  97226  50559  2167  54155  9653  1484  357  614  617  691  1738  4372  9005  5837  3683  3755  222  340  1366  5198  5688  23315  50459  15516  50535  3862  2385  5391  4328  3412  1055  2025  1693  8023  9129  5042  9598  190  2578  24262  4426  6066  4935  1247  16133  4743  46542  
343629  127466  9608  25157  54548  144387  47484  90873  18527  228729  179914  5558  9312  40865  67432  489536  1.48142e+06  568285  264445  498407  150093  119801  239532  264246  120621  35312  46044  907395  154602  4.40027e+06  685755  0  692742  1.30233e+06  306948  75628  640385  151800  28883  269569  153666  4317  1312  1570  2059  2007  3202  11468  32569  14899  18368  46630  1035  1730  9947  19209  89234  186412  285378  77679  226739  20046  15028  21208  41384  14172  4245  8022  6126  25412  27896  20469  47257  1335  9924  95263  13209  31820  20940  9974  63155  17924  238076  
3965  4601  99  208  5010  5256  860  4100  806  21146  17618  69  234  5957  1906  236035  353760  17431  3511  21730  1438  684  1162  1285  1067  488  916  2780  1090  4222  2022  564773  0  300688  15516  7931  41475  6649  531  3240  1819  88  19  40  30  83  212  377  1275  541  2487  8389  19  60  832  364  15486  11245  8414  1669  6136  407  299  490  433  260  89  164  146  373  376  302  1540  107  654  3077  354  993  671  104  1400  456  10171  
1.29398e+06  378556  2141  3910  754852  1.69076e+06  22789  168416  19850  1.14315e+06  61499  1376  5584  14930  11566  1.60802e+06  802523  214449  76005  129122  26467  22490  48432  64364  34343  7107  21920  92445  46650  115208  31050  1.47784e+06  675098  0  174518  135650  1.44163e+06  91076  5339  50944  54810  923  389  413  551  1455  4105  9508  43403  16325  15942  20107  258  832  3071  2032  27524  23631  29404  7352  27991  3483  2875  3576  8646  1605  483  991  934  2807  2866  1753  5542  234  3368  20781  4609  7268  6343  941  8501  3048  124976  
63667  182712  59034  94652  141321  84988  405343  1.65403e+06  75316  929412  625575  18409  62691  70595  102902  934579  119863  660305  171234  897073  128196  92707  143986  193049  714885  73105  776409  645408  405745  185563  19063  243506  20740  83607  0  4.07386e+06  575804  591829  448330  2.40284e+06  1.82121e+06  9166  6073  4418  8187  15955  19751  85133  274269  60988  55556  44269  2757  10709  5315  9358  25595  23357  64543  17417  94114  22544  29322  40869  46203  12895  4215  6517  5671  10876  11302  4255  13117  355  16934  365505  27633  67782  76312  12486  121916  74047  5.26916e+06  
58294  215629  117250  118845  79980  16640  534203  351975  26679  228419  222776  3376  12859  10582  12646  248033  38644  88552  16034  160326  11721  7907  10738  18212  110638  8207  113061  103657  44776  19552  2475  41198  11365  19904  2.70103e+06  0  337121  433661  843831  250883  220708  4882  4407  2685  3959  8290  4950  41486  67033  11627  14307  16310  630  2309  1389  1777  5905  4239  10711  3165  14783  2360  2279  4976  4404  1821  532  1332  1725  2623  3253  901  3211  70  4962  102268  11098  20176  19220  7704  14828  14704  842709  
178980  282973  95112  59392  242965  55227  434537  916633  57300  651673  252146  11331  42204  39585  33853  487412  61979  335772  145525  275025  58555  50499  76670  140821  83788  20520  41920  179715  85189  116338  32495  277840  15460  331997  425957  1.20075e+06  0  2.06723e+06  150566  142702  158228  7241  5947  3637  6269  18487  9245  84951  206597  37811  62371  38161  2445  10476  3842  4803  15235  14220  30634  9852  39517  6922  6788  11772  20504  3780  860  2603  3250  5636  7427  2826  8142  161  13187  80507  18139  36421  30618  10063  22226  11657  362377  
9425  53487  10739  10459  63591  18127  67340  263344  12906  285588  99770  6868  13015  11187  11750  236255  16834  115034  93604  104118  19206  9284  22940  14243  24554  5871  22104  28345  52559  53967  21075  33690  2637  15556  173907  351006  1.63262e+06  0  28029  38172  94796  1787  1077  905  1479  3488  2049  15444  38351  5848  13162  10061  980  2930  1296  1582  6522  4709  10769  3101  13912  2177  1793  3579  3527  1345  584  875  805  1652  1933  755  2347  56  2865  25849  5378  16982  25647  2006  19952  23157  555890  
15792  1131  3376  41098  453  490  3313  5382  561  8261  10357  17808  15300  11369  6889  12745  2138  8923  2510  14553  3194  2842  3130  7867  20812  2998  46747  56723  11003  4484  276  5461  417  1319  249389  473617  134606  25124  0  48600  59390  580  72  278  682  85  87  630  1419  242  676  538  1018  1848  1281  1532  467  727  3099  1312  3926  1842  2856  4958  4962  1748  282  418  931  2665  2660  256  1889  26  396  28204  3330  22439  2565  22330  3369  6697  51334  
17235  19461  6696  29096  6891  1320  29150  53596  2252  11015  11929  28873  34428  61054  180356  12797  5869  64825  17472  193788  94051  81443  52830  269365  809139  529149  1.54535e+06  326170  271847  88292  3874  36666  899  11550  1.71523e+06  60873  151675  79479  56267  0  1.99278e+06  2779  1041  1026  2971  993  784  6043  14129  2490  3953  5344  2855  5592  2136  5737  8332  15054  37212  10036  45073  14888  26258  38685  47572  9496  2946  2780  1852  7272  6853  2865  6656  130  2128  106221  4734  16427  5985  12451  83914  9047  353449  
16080  2750  2322  18767  1532  981  5404  15301  1105  9804  8914  12626  10759  9151  17254  11336  2829  29362  9988  34565  13608  10981  15186  24890  150024  60868  1.53948e+06  401831  56084  12415  1002  18434  508  16056  1.05285e+06  56887  90772  210723  34858  1.54938e+06  0  915  242  400  1020  180  233  1479  3803  719  2298  1033  1335  2187  735  1028  1511  1536  4184  1147  5841  1878  2536  3375  4502  1266  543  514  406  915  871  259  873  21  391  30241  2268  4281  3322  2245  11325  4863  270602  
1200  11211  6341  25413  2367  553  22145  23311  3406  2542  1979  2638  1551  839  966  1543  885  4076  1859  4412  550  659  485  875  629  194  569  1491  986  864  203  1543  71  369  7013  3461  2768  1984  1242  3796  1593  0  1.3294e+06  72987  844875  473901  70209  542308  80137  7889  20106  2675  8940  7742  3112  12170  16693  18789  42336  24803  40957  13707  23661  140485  54309  24509  1952  43817  167471  28729  139909  35927  383671  1222  1.47442e+06  198928  223594  314430  109452  28057  42666  33511  88121  
848  35543  5670  2430  3234  200  42969  23333  778  1015  1033  142  178  233  275  739  405  1639  773  1740  270  302  208  540  424  91  307  444  442  419  98  577  35  148  3866  2854  1790  1171  407  1728  1029  1.19361e+06  0  6510  5563  972659  13630  212227  19200  4031  8560  1732  394  359  281  2102  10273  9843  27811  10911  25019  5427  8819  58591  17834  12368  1014  9601  16289  10492  29893  9293  123598  323  72739  235905  288244  132031  64693  1861  51224  20962  66365  
1488  14254  20290  22748  1119  83  31833  11074  353  372  334  88  86  101  93  197  135  484  254  583  102  108  65  179  169  31  162  203  171  155  30  216  13  61  1463  1709  679  381  147  655  496  36954  1097  0  125494  1050  2341  207054  103307  1348  2506  328  189  162  108  943  1612  1626  5946  3245  5500  2324  4351  27502  9238  3245  238  1274  2024  2353  6561  1480  4170  41  10557  33066  66596  41641  13249  1760  5419  3006  13695  
14188  11898  132993  900836  2207  471  81401  209717  1527  910  1286  119813  13981  8778  6492  702  254  1319  677  9318  932  671  206  1252  646  812  2019  3338  554  497  57  921  21  237  5008  8014  2563  987  1748  2274  1689  855723  2189  117033  0  2407  2703  18412  752438  2678  3766  2156  1.30426e+06  191555  17613  66399  1951  2085  5859  3968  117612  18010  8262  20626  32714  8910  1535  19759  42224  11836  41408  3300  34882  99  34645  21914  234108  21388  5365  57462  7945  10025  8476  
250  24765  1500  1186  36207  2731  106108  52801  9067  2337  1929  154  797  471  362  1761  875  2551  1157  2764  372  449  489  1130  1088  141  513  693  815  775  273  987  51  317  18965  14852  5276  3404  544  3021  1780  503243  909910  3212  2294  0  723103  813447  78337  28520  33654  3383  278  388  488  3322  19599  19894  40370  16047  34920  4743  5972  43739  7979  12072  1105  11568  18766  37207  53380  16113  93267  786  538237  342797  167756  174648  143633  1044  60437  24196  129199  
505  2111  799  1273  30314  25890  121769  164201  102419  13381  3495  144  3476  1200  436  2978  1170  3034  2961  3583  442  387  841  884  983  132  710  1292  1338  1420  318  1771  83  1911  29423  20137  10656  5320  458  3048  2141  73460  10388  4292  2418  993301  0  656497  351118  661331  1.37811e+06  4657  236  1143  1630  4109  36162  43133  21829  23167  19955  2931  3257  26147  5296  9901  905  8528  13781  56823  67886  20012  157767  1944  1.14167e+06  153681  172477  95892  79489  759  31556  13317  90329  
2533  168724  18299  7676  191996  24064  715557  369593  91362  8587  5403  428  2899  1427  871  6154  2397  6276  2978  7791  1375  1714  1765  5032  5439  531  2824  3677  2969  2956  856  3062  162  1678  102892  90959  27248  12746  1188  11599  8259  444176  281540  157734  13442  1.25841e+06  1.11383e+06  0  1.63555e+06  1.15977e+06  108669  4317  477  621  647  4231  24522  24348  44759  24229  42965  6805  9578  71849  19072  19343  1256  8672  11985  112516  81455  12150  31212  429  79171  351799  298069  130721  84592  1721  66192  23270  152806  
13506  114064  91036  247469  213915  163097  836444  1.879e+06  804629  365429  110691  66165  59074  62244  26428  23164  7068  18197  24251  61113  7345  5617  8864  11526  9521  4662  9730  12995  10545  10494  2339  11355  476  12435  197974  139075  81366  37957  3620  23344  16981  64808  17153  138375  1.0697e+06  62127  174670  1.62085e+06  0  1.84617e+06  521744  456463  1.11316e+06  2.02627e+06  601342  280847  50612  19753  95410  30711  723289  95979  29498  36850  135570  15221  19223  35561  21723  20584  29565  8309  35594  707  110156  385838  552125  254276  227545  13646  149772  40829  312461  
768  2151  884  2003  27449  52805  119215  202066  214926  40987  3806  153  2379  1353  417  2805  1580  4008  6995  3517  479  350  1532  805  1077  135  835  2027  2605  2957  723  2781  104  2893  25973  14833  13499  5495  452  2951  2237  7871  2678  3326  1604  30964  1.15457e+06  862528  1.60778e+06  0  1.45215e+06  2015  171  513  1084  1051  15243  17396  26820  122051  11299  1138  1075  57004  1935  43657  537  2991  4892  135966  56908  7268  11061  171  22257  51182  302828  48440  45712  626  22503  6927  56471  
2481  1977  4267  21466  6597  19060  20301  195671  169797  281594  67227  699  2919  5146  888  28085  7164  12024  12012  8987  802  553  3816  1342  2042  317  2126  5875  3959  3749  823  5722  358  3750  28995  14453  17613  13649  1543  6448  5210  25083  5430  7667  5675  26043  1.38884e+06  68875  1.14168e+06  1.7442e+06  0  128944  1931  2323  8838  4946  2.65442e+06  316874  142029  231011  48299  3899  2962  53732  5372  41720  1625  16739  32190  171533  131049  43162  457353  131530  910938  323300  1.01809e+06  419409  409508  5015  224715  96597  376576  
1298  1013  1843  8840  2457  4802  9025  49737  28086  190699  473302  862  2925  20258  1965  148171  35510  23749  5364  27789  1554  845  1249  1441  1378  398  1485  3510  2450  2577  671  9919  1564  2287  18223  6672  8711  5170  1020  9125  3458  2619  665  1785  2614  878  2529  4358  477354  3034  248472  0  2253  12242  604264  4309  275734  13115  130045  2776  429366  7938  1977  1888  3334  1703  972  2101  2421  2687  3129  1798  9277  831  6223  36284  66781  20225  19978  1591  17313  12346  34514  
3240  2765  18431  184653  2939  692  17683  238868  2543  1217  2182  657095  174998  50382  32302  1019  357  1863  848  29090  3108  2154  441  4833  2358  3864  14215  14258  1479  855  98  1294  31  634  7427  4134  5074  2472  5673  5922  7167  46134  937  8565  715443  3051  1937  16208  1.0589e+06  1865  2113  4463  0  786206  82141  148339  1778  1533  5326  2566  232860  31238  10269  8837  42269  7668  2700  17274  36031  10010  19344  1199  20521  113  12004  19896  34555  24175  12942  143942  9615  37947  11980  
1173  1903  3885  34619  6145  11583  24954  307822  40918  4729  8534  96028  486394  173987  57302  2011  575  2578  1522  89996  10629  6279  632  7136  2099  4308  7947  6286  1355  1053  167  1592  60  1568  17903  8871  9882  4417  2763  6656  3849  19534  503  3061  75780  2339  6682  12446  1.05044e+06  10942  3739  11169  360974  0  354047  255441  2297  1796  5994  2498  326195  38375  11671  6643  56783  6199  5705  17353  28692  7028  15078  1259  17673  88  13979  23574  12073  22668  13324  99650  15734  19956  20853  
1420  1719  3119  15790  3708  7626  15032  156481  36527  74208  173732  28963  88038  653824  88089  57114  12760  26199  8012  256877  22645  11870  1664  9245  2534  3331  4922  5058  4151  3639  914  8371  573  2384  23954  7327  11402  5169  2361  17320  4103  11443  418  3086  40371  929  3399  4543  724926  5671  26496  668290  127057  369162  0  494105  28145  7060  22610  5761  1.1458e+06  103596  23820  5181  61147  4707  4987  9504  14943  7744  10769  2383  13011  228  6946  24265  15211  12150  7255  46376  17006  12142  21067  
2709  2728  9378  37485  2414  2147  13163  46511  6667  5828  34154  53399  69830  136174  363227  12147  4873  26327  11894  201421  10137  6019  2375  9319  3377  3928  8577  9322  6039  4549  1097  7980  520  2530  25417  4701  11823  5212  5830  25058  5866  44307  801  7182  100096  1293  1224  7086  163678  1729  3082  10188  196897  272014  498012  0  3790  7821  39574  8981  1.84012e+06  147377  114804  16749  783227  39297  150281  175004  35338  15147  23671  4003  25353  437  11347  80882  25872  17364  10398  97324  268090  38804  26285  
1040  1294  1406  7170  3163  1532  8648  24285  17685  101461  73044  459  1078  4324  907  151112  61406  21804  4253  15814  1020  745  1465  1555  1351  284  1178  2715  2198  2121  522  10171  1554  1622  21553  7197  7079  9071  963  8495  3678  18446  4050  3082  2706  13035  49428  20639  104803  61213  2.36799e+06  113773  1619  1533  8239  4092  0  2.08961e+06  1.02459e+06  157365  46571  3400  2284  15698  3881  13163  1866  19071  45403  28290  49115  39451  687527  423365  772709  258486  239488  464833  330420  5092  165670  100561  316760  
4341  5013  1633  5245  5687  3235  11949  28200  21684  84430  154963  884  1977  12936  8178  275308  133785  165997  44667  124699  5599  3656  6306  7644  9064  2166  5805  12424  19797  20094  6368  59914  4194  8596  97462  14825  41396  19506  7923  81991  17345  24532  4414  6536  7251  16289  146254  33772  56188  151051  502785  82880  2041  2151  11281  23343  2.31435e+06  0  987943  2.0979e+06  252874  11671  6293  55498  13276  52989  5323  20926  42595  244044  621677  618098  1.93353e+06  470354  477753  248678  143767  173354  99913  11511  169919  67598  157921  
5807  7121  1812  4152  6071  2137  13037  28453  14759  36234  70159  1093  2157  6987  10172  115569  88558  170073  69863  112022  21294  13952  21077  22718  14930  3891  7931  17213  32966  27347  7784  58961  2932  9274  141999  15406  55745  23809  15555  139233  25086  26040  5921  8570  9320  7118  9291  34442  93359  94831  131097  48369  2989  2934  4845  17757  1.14933e+06  867991  0  3.07939e+06  940420  161467  36781  832392  58417  177848  19006  22287  32711  130683  107947  46344  163461  6962  115354  305672  53418  222963  124802  18819  141270  94547  186046  
4944  6468  2394  6203  6314  2520  17144  38782  15821  27038  35449  1462  2539  4459  12184  38898  35166  120056  62367  85895  7483  4685  6913  8832  10017  2861  6068  14286  27899  23190  6491  41391  1997  8862  87798  14926  46398  22081  22061  98858  23154  47211  12361  15313  19923  16232  63446  83007  96640  515653  356639  7770  5282  5079  4147  41112  69059  2.90459e+06  2.96803e+06  0  214889  15869  11466  1.72604e+06  29650  346603  25800  33740  51896  866063  1.64835e+06  1.37292e+06  436010  11043  114307  304774  97929  248150  117385  32095  171188  116841  167012  
17568  19946  10350  23384  15724  9737  43479  141921  37760  41885  112038  21966  57131  84321  164252  116751  80621  390847  204396  1.41646e+06  117848  68122  62457  76129  40953  20131  28013  46286  105741  73098  16208  109553  5263  28541  306707  32172  153378  56219  27454  369591  58116  51081  5553  19242  73661  4914  6152  42757  395259  10235  29965  411860  87522  123003  710345  1.86096e+06  66444  62711  1.00491e+06  96514  0  2.05693e+06  962917  129625  1.23884e+06  83369  186612  151658  44642  162930  112153  27543  101916  1993  44626  493430  73926  75058  46837  39387  396702  78524  180873  
1643  1897  548  1074  1162  341  2771  6570  1185  1966  3193  692  1724  2359  8645  3774  2735  41065  19454  47954  55965  51076  19832  28190  7870  3074  3405  4475  10726  5446  749  6918  315  2311  66823  2295  14973  4878  3392  61781  6687  4388  669  1985  2512  448  378  4962  13178  599  1640  1502  1405  1928  2489  76225  1170  1623  241396  6109  1.10476e+06  0  624200  90785  313659  20555  31413  18185  4918  19931  10503  2694  11617  143  4470  106215  7197  9543  4271  3933  90856  10452  17515  
575  789  343  926  442  145  1241  2699  460  879  1343  324  876  963  2860  1505  1013  12433  5396  14711  19874  30836  12616  21534  4616  1597  1701  1929  3657  1854  241  2210  91  612  42749  940  5317  1913  3550  37551  3747  5937  580  2601  3423  300  284  4954  6256  324  861  581  1066  1120  810  76076  702  794  53163  3072  484636  700698  0  120344  645063  50331  59366  22635  7926  17675  12376  1275  11536  81  4047  73986  10714  7757  2062  5712  100897  11854  11833  
1198  2637  1546  4395  2403  737  8743  17089  3913  5955  4410  821  1262  1102  2833  4813  3630  23053  9969  19175  16802  21988  27675  56679  8886  2844  2957  4287  7000  4215  672  5466  229  1293  101509  4723  11078  5967  13263  79762  10128  59974  13644  24802  19937  7929  7629  88230  48940  106094  37526  1555  3622  3451  1458  17465  11934  30907  945321  1.67954e+06  187691  105622  226527  0  325111  1.14098e+06  33477  30218  39621  1.33258e+06  831059  70117  273416  1057  107372  238467  52299  86597  26594  21209  122059  58708  79042  
1495  1691  1266  3749  986  266  3291  6795  949  1415  2255  883  1610  1639  3895  2202  1275  13673  5761  31808  42109  75692  19745  151693  11550  4647  2884  3893  5896  3340  314  3484  104  1028  64140  1942  9921  3624  9250  66111  7688  23453  2127  9876  14115  877  804  18737  21931  840  2103  970  4615  4194  2345  874475  1852  2474  95625  23375  722380  407141  903243  456055  0  1.71793e+06  666197  174235  40992  92512  47674  2537  34898  235  14951  144753  36327  20048  6087  19024  458327  48928  51441  
1021  1106  1129  5613  1037  364  3641  7275  1591  2427  4516  746  1060  799  1731  4824  3639  14144  7295  14303  3666  3781  3414  7024  4190  1043  1429  3148  4575  3246  737  5007  209  949  25452  2918  7329  5080  11167  22720  7672  30234  3446  12260  14943  2104  3750  27920  20262  36675  16054  1463  4853  4418  2062  65221  5725  8350  162900  165633  117541  105028  200577  1.18145e+06  1.93522e+06  0  1.61233e+06  1.2836e+06  370428  3.40794e+06  91557  7810  57416  379  24534  367926  71927  44158  15354  30564  1.14908e+06  196097  84089  
124  159  103  435  200  184  708  2677  631  357  840  82  402  235  328  741  373  2095  994  2209  826  628  488  802  384  139  164  377  629  367  59  567  30  166  3282  408  1061  646  1054  2644  860  1423  188  546  781  163  174  1209  9155  441  586  291  388  434  262  238490  821  1118  29991  14484  144441  64511  98089  53035  454024  1.41248e+06  0  1.0311e+06  152368  43803  4995  969  4512  103  1690  24641  3974  3929  1846  1861  528003  66367  34411  
296  307  673  5817  525  383  1994  8116  2331  1918  1903  800  1283  611  534  1430  766  2702  1351  3050  555  433  434  642  427  131  347  774  715  582  133  940  47  239  4617  1173  1586  1035  659  2925  903  64639  600  1734  13642  1176  1091  3541  28697  2329  6778  1427  6772  5560  2207  147717  8636  7304  26291  10564  98933  29732  42458  28560  125706  1.21472e+06  883754  0  403110  41566  14399  2677  16738  871  97775  111422  22704  49346  17007  16870  572638  331163  72907  
723  627  1732  19179  1500  804  5236  20716  6671  6659  3332  2252  2551  1216  926  1886  899  3508  1764  4155  689  780  619  1509  1536  538  757  2402  2083  1275  185  1620  68  393  8275  3067  3153  2490  8405  6307  5644  364387  10843  11180  35804  9373  4283  18636  71047  8641  30406  5127  16549  14628  6428  11395  35525  30856  46420  21824  36953  11373  16542  59280  36058  181385  12193  267232  0  602729  909993  9832  353719  3482  356591  226771  63555  195610  22382  64831  186536  295185  60185  
1409  1882  1219  5067  2777  1309  8724  14079  5690  3522  6430  678  1094  1311  4978  6908  5815  30934  15081  31164  4433  2745  2641  3819  3264  1181  1780  3908  7598  5571  1406  9566  481  2572  23589  4398  12524  6318  9243  25100  8065  34672  5423  10497  17530  23367  50067  58314  28525  130426  77289  2717  3395  3293  2305  22135  8875  48273  127948  271551  127517  36900  55211  1.56469e+06  124046  3.73225e+06  30513  92749  486721  0  4.19297e+06  71643  122081  666  38287  300208  62710  40964  15859  22350  381070  75534  60747  
2245  4051  1908  8174  6217  2644  19067  28942  13055  7387  17749  964  1626  2471  6753  17885  14138  53481  25148  50205  3731  3200  3391  4771  4811  1549  2855  6435  11788  9893  2827  18249  972  4151  40373  8307  20810  9955  11346  42117  11613  66063  14065  14601  29945  67942  174480  118974  60133  255574  225924  7336  3831  3918  4175  40480  33588  511660  262911  760495  251231  53581  77847  965256  124704  115129  11012  22708  608851  3.5646e+06  0  2.01512e+06  3.86803e+06  2829  107341  263576  96755  62020  29796  23781  152215  65877  89475  
1039  1641  401  971  2635  1702  7666  14334  8397  4409  10220  273  598  1267  2793  10694  7639  26279  11826  22819  1396  975  1480  1688  1873  565  1281  2582  4835  4251  1345  8841  441  2026  18202  3435  9487  4214  1941  18037  3675  9601  4439  2834  3483  31172  163012  50629  29053  146844  201708  4402  597  688  1693  15390  24312  924737  120827  1.02487e+06  116177  15582  9132  100775  10417  24953  4080  6790  8165  162567  2.28912e+06  0  637421  2686  27678  74702  46684  21837  15243  3344  29590  13231  28659  
2681  3603  3486  35529  4917  1965  15114  39168  13136  31574  63279  3372  3644  6821  5615  90814  34036  69896  19186  56657  4030  3949  3999  6605  5986  1812  3153  8156  10381  9002  2491  21855  1467  3739  49107  10911  20110  12265  19641  40892  15780  516018  47754  28971  61834  58955  104862  101833  102521  20064  453607  61115  16820  15639  14577  34555  713931  1.77902e+06  448366  229454  310785  79688  85594  471100  115305  83160  9619  37223  381960  124003  4.39594e+06  1.1018e+06  0  840842  1.14174e+06  392788  233061  322798  113167  80123  164716  161887  188080  
56  130  63  217  287  118  790  2025  846  5051  7744  27  118  546  152  12421  2350  2911  453  2444  119  69  126  169  146  33  95  176  206  204  65  884  119  156  2055  638  683  743  102  945  349  2488  446  302  285  1633  4676  1822  5915  651  91774  9649  121  128  1060  604  267299  355621  19895  7101  16623  1093  413  2328  634  1249  350  2205  5905  2293  10872  17098  636794  0  354162  28902  13965  34161  18073  584  9851  9022  21824  
622  3812  1802  5188  7165  3933  27201  83039  28064  20357  14934  1036  3869  2713  1213  16805  5810  11414  3848  10195  891  789  1092  1413  1197  256  741  1434  1668  1570  408  3532  237  1083  20733  10691  7540  5063  1225  6667  2412  1.1038e+06  50427  19570  16312  1.04717e+06  1.49275e+06  109556  383540  29651  1.39767e+06  24761  2500  2757  3944  20112  1.48133e+06  1.11813e+06  159614  73290  100776  15528  14098  96350  20179  25763  3043  55692  155943  59727  194318  132499  1.56295e+06  871006  0  168756  76877  430175  120199  6031  48843  63745  115051  
5000  13970  10241  39775  43899  11257  134806  287602  52287  35367  25899  5013  17262  6237  4990  22215  8466  33773  14332  33890  10767  9628  11664  18851  16224  3659  20093  23526  13056  7968  1520  11724  549  3897  325955  84181  44144  74870  30729  77672  73361  213964  45558  115755  55251  89236  55564  368548  1.32425e+06  77082  444854  76137  15834  16956  12344  100880  611148  267341  881697  227164  859384  125765  128464  359525  204680  449774  110820  575122  675510  564170  276956  40649  235172  6305  115232  0  1.70703e+06  996643  983312  213926  3.2804e+06  1.95412e+06  4.41598e+06  
1683  3413  6380  22464  5707  1032  19520  37100  6267  8735  7905  663  1618  1261  1219  4496  2195  9018  3494  8935  1190  1298  904  1630  1113  285  764  1404  1792  1563  411  2694  142  695  16373  9118  5621  6830  1433  6435  2579  353722  34497  118864  127391  22986  43652  249795  124688  63518  206099  27847  3604  3781  3594  12386  99546  60738  97567  40739  111128  31845  53856  202482  149281  99983  7336  50166  65054  96840  123000  14353  70696  4929  51010  1.17762e+06  0  718263  384674  417006  360271  122115  337154  
1213  12040  5212  10920  25041  3475  75271  162044  31927  56421  29617  3719  8311  4883  2400  11071  3564  9642  4214  11111  1774  1773  2306  4456  3391  743  1756  3504  3071  2329  512  3517  186  1180  51540  38068  19577  22008  20288  14591  11443  260812  85007  88944  36450  163987  42103  424053  795448  49101  620877  77185  19869  17984  11437  54062  553241  146114  277593  99972  190671  23241  17957  94803  39709  53003  4869  34825  60344  97086  62284  20620  124866  7432  312230  505542  638929  0  2.51601e+06  199043  313802  202400  610144  
383  2896  1330  2791  6724  2006  20417  47584  10926  14308  7849  636  2202  1134  667  4822  1488  4487  1765  4576  610  489  770  1144  1073  163  617  847  1080  897  274  1494  98  499  23596  14837  7868  25861  894  3978  3414  43690  17429  25227  8010  60635  19597  98139  419771  24625  255164  28295  1884  1922  2588  13970  218982  47534  96191  37525  73793  6410  4206  33615  10293  24244  2014  14141  9350  45436  19467  6483  29098  1697  37034  269948  267820  1.8813e+06  0  6225  540129  239034  1.12175e+06  
668  166  2440  20414  128  40  739  3557  144  257  530  2378  4302  1409  1337  375  249  1345  656  3048  391  352  235  647  395  166  418  949  484  369  49  549  29  100  2376  2306  1841  1047  5595  2574  1529  38295  822  2016  22686  463  1101  2612  3483  1566  3308  568  44027  47605  21487  28528  2802  3019  11240  6584  31338  7510  10527  27501  27259  15148  1207  12443  44212  33873  71083  2359  45018  186  12739  80012  371774  230103  13513  0  22397  71501  9624  
2753  1384  3605  22896  1291  725  4960  13233  2529  13268  17598  1538  2144  2575  2015  12919  4086  12484  5465  11661  5109  5288  6488  12147  7635  2180  5632  8668  4613  3162  581  4981  219  1186  84020  8007  10070  14937  7629  46763  14024  13387  2155  6842  7659  1897  2075  13010  56646  3248  39263  9528  4961  4318  2361  277189  50268  17897  87205  21297  233312  112200  168969  98211  277777  527963  1.00489e+06  1.13228e+06  193496  146711  43732  3217  33318  630  15473  1.56597e+06  126653  157886  269614  20763  0  1.74547e+06  430832  
1249  461  2013  13343  602  247  2485  5893  870  2986  2469  856  991  564  524  1845  533  2349  1031  2370  615  657  745  1260  971  280  1073  3067  855  804  139  1445  41  246  13311  4315  2858  8124  2956  5013  4880  11709  1538  4241  3759  1327  1061  8657  18728  1765  12028  2259  3958  3287  1441  11197  16916  11793  59848  24431  45592  13433  13422  42178  17779  100617  19457  660651  200727  38724  38881  4388  43137  649  20463  945236  68383  139390  111853  25451  1.53355e+06  0  324584  
15393  50951  18292  52798  48627  43037  128264  688841  54168  794534  438885  2337  13376  17173  21062  646641  65026  262442  98279  332012  35193  22518  54345  61631  108696  66200  119117  88110  90779  59024  17081  72768  8934  30093  3.11224e+06  1.40543e+06  574920  2.81739e+06  68078  198004  329699  43981  11990  22588  14325  28233  30551  100025  695260  64481  536881  97330  1934  3764  6958  21493  528413  139450  379038  107446  334989  38611  24849  101385  81615  94685  28161  76818  58467  71069  48898  19800  74122  4075  62695  2.37728e+06  369198  1.71034e+06  3.51102e+06  19303  1.42359e+06  746914  0  
