4377752  
2565782  
608279  
3613585  
3672242  
4071462  
6876809  
12051872  
3881932  
7095941  
3417940  
2549480  
2459564  
3652445  
3201990  
5683641  
7138905  
6386121  
7645631  
9465840  
1727992  
1551748  
4256214  
4525123  
8427977  
2300492  
2367628  
2284812  
8604380  
9705849  
2880657  
9797069  
822200  
7108454  
11851759  
4187765  
5796607  
2461443  
726165  
4808160  
2427183  
4873759  
2344883  
542777  
3680404  
3182920  
4428172  
6930271  
12548864  
4735220  
8277642  
2258644  
2593730  
2131479  
3159969  
2985991  
6285897  
7766063  
6863426  
9171096  
8703210  
1718242  
1342636  
5200821  
4154426  
8226605  
2225416  
2284590  
2546730  
9160449  
10201013  
3489480  
9586640  
1012317  
7134828  
11528838  
3452840  
5297842  
2724186  
725703  
4812220  
2259870  
12372688  
