4129100  
2717890  
723912  
3240666  
4372160  
4211010  
8456778  
13253749  
4155281  
7162845  
3004879  
2388876  
2352650  
3743633  
2893458  
6200331  
8287013  
7270059  
8447820  
9649530  
1658378  
1414930  
4508340  
3877893  
8008789  
2281752  
2170214  
1942496  
8599984  
9708401  
2698991  
9533976  
798488  
7280784  
11726451  
4287355  
5464119  
2530930  
787048  
1585701  
2301821  
83948  
496109  
697272  
1102743  
410034  
469961  
423563  
59492  
87147  
958302  
108544  
1041981  
5707270  
1457334  
5065939  
2428477  
563206  
3309085  
3371196  
5068034  
8745635  
14742171  
5230564  
7741506  
2784134  
2700759  
2154204  
3745256  
2837998  
6496224  
7846406  
7476617  
8929129  
9675055  
1924852  
1355306  
5687378  
3765530  
7513839  
2278737  
2414528  
1756070  
8931688  
11121016  
3430626  
9345576  
966340  
7072029  
12198610  
3670145  
5341234  
2635896  
682028  
1702042  
2331669  
68790  
524063  
650421  
1047604  
412887  
472026  
504470  
109513  
99332  
980556  
147612  
1003590  
5637121  
1660533  
16029363  
