587507  
573071  
623319  
468904  
982894  
730951  
387184  
333007  
261387  
202609  
663739  
675672  
617549  
868947  
221683  
617980  
212168  
865381  
672749  
640650  
829366  
243027  
478603  
643919  
416528  
343845  
538787  
536286  
686976  
307116  
230484  
325271  
678121  
623253  
352272  
428301  
504840  
658634  
774513  
688583  
851326  
625128  
442263  
455904  
567091  
412684  
826151  
724764  
475704  
657019  
429825  
826330  
578458  
526478  
767131  
865914  
802464  
670730  
826153  
545637  
805514  
598337  
615054  
525349  
593459  
601788  
597154  
685598  
555083  
654377  
539926  
601098  
520656  
539637  
500224  
342709  
371379  
558171  
442792  
642586  
769604  
469121  
723101  
429982  
446034  
474206  
366843  
492893  
717730  
459329  
805267  
440714  
407132  
509572  
418103  
468340  
512441  
681114  
435934  
521517  
419948  
483812  
669858  
355684  
304788  
658528  
412187  
772142  
402010  
381357  
697677  
511677  
326259  
229705  
317539  
655878  
830131  
256243  
234619  
294245  
590555  
311731  
203227  
584622  
376032  
446982  
437705  
511113  
757143  
439452  
674133  
329951  
434229  
457795  
389668  
509808  
398119  
160030  
420780  
349342  
571127  
302437  
238846  
182395  
166906  
220393  
205241  
215885  
237742  
205471  
389597  
166667  
170207  
218158  
206214  
186052  
217743  
370698  
438388  
209059  
87589  
127663  
166050  
199226  
258408  
182821  
107174  
180827  
161320  
328389  
293001  
689621  
235286  
282361  
249077  
409419  
429525  
498960  
360166  
921872  
806250  
448979  
629246  
357710  
433019  
460190  
598289  
255593  
521348  
581256  
199609  
728243  
685920  
179242  
434800  
200800  
858160  
306110  
411148  
629693  
901630  
510828  
621606  
308357  
454042  
576761  
561772  
365995  
471468  
165116  
505200  
383224  
184971  
185940  
300534  
309979  
253303  
161862  
230351  
140706  
176982  
202238  
338998  
126486  
147913  
140904  
160832  
259690  
259836  
111548  
138958  
177688  
165631  
177394  
340383  
575882  
431205  
312766  
390635  
669710  
796792  
333431  
455381  
764586  
410409  
719018  
989374  
317419  
460099  
537175  
656710  
716707  
675951  
436836  
348566  
590453  
588771  
502164  
186792  
180896  
323692  
263110  
285251  
298767  
200483  
310434  
427535  
261001  
350441  
608601  
301566  
319696  
272539  
347340  
340791  
491817  
239149  
184119  
182786  
156954  
259267  
368861  
381621  
705170  
498974  
331823  
301554  
483658  
539777  
675412  
437514  
146503  
135326  
417975  
456350  
345253  
271340  
390453  
455332  
468062  
915402  
656168  
574402  
482551  
745606  
399670  
339810  
416457  
425505  
360736  
294281  
465931  
621311  
510449  
581073  
453305  
673277  
591307  
777763  
738443  
343704  
497888  
498611  
429125  
830304  
704824  
629563  
629229  
562608  
985907  
437528  
206857  
315638  
208089  
249296  
248069  
279297  
271794  
178288  
159529  
339896  
213852  
205347  
179340  
301039  
210459  
236050  
191863  
244982  
95996  
159469  
177744  
479455  
348448  
377051  
111710  
394566  
446649  
478144  
429761  
230286  
184697  
267761  
306328  
276374  
224083  
444690  
506079  
483837  
596175  
456545  
456436  
326865  
111899  
579091  
176525  
283924  
230349  
300745  
390783  
537666  
246119  
273187  
261289  
278339  
231154  
289421  
426717  
419271  
591451  
282269  
301991  
579040  
475840  
433464  
388325  
464333  
484284  
1023433  
554121  
797838  
737194  
789130  
727868  
1250743  
416290  
299919  
460122  
291554  
486522  
421504  
1271803  
696762  
806463  
939645  
857433  
592336  
891428  
940355  
474870  
506688  
439141  
451145  
299265  
670899  
482375  
868446  
653407  
461408  
690235  
692403  
1103062  
688219  
577583  
454538  
806398  
726059  
497886  
565177  
462589  
616996  
808827  
599260  
720843  
829825  
970521  
415662  
792263  
844810  
846687  
763819  
575678  
422548  
519947  
579585  
733738  
731349  
493284  
360084  
354616  
427035  
624714  
727161  
564181  
604764  
781566  
515767  
466879  
551997  
566578  
400727  
355637  
443343  
423564  
852875  
641679  
563669  
739961  
389277  
489062  
875001  
1042803  
430848  
261868  
198335  
271466  
390930  
445387  
442115  
335500  
592877  
709116  
377108  
436262  
525553  
543502  
798562  
505755  
521391  
511349  
1059026  
9063008  
3429472  
5240282  
2108451  
710767  
3937253  
2008516  
472815  
427147  
507601  
439508  
1058125  
558201  
394809  
346089  
233579  
189083  
605718  
747245  
591488  
970190  
208208  
594234  
336219  
866921  
778741  
471078  
509819  
127204  
486818  
700762  
515237  
480111  
615370  
384422  
562434  
312903  
201977  
374545  
536680  
403292  
328016  
464758  
411632  
405738  
704774  
759525  
511146  
231541  
770018  
550119  
706156  
399474  
880972  
515191  
579628  
544992  
428206  
809083  
615921  
501237  
548146  
921216  
986825  
479912  
629743  
490452  
768616  
515575  
511235  
795511  
556273  
662597  
618625  
742927  
561804  
695875  
369272  
431163  
493656  
367146  
225841  
217008  
231385  
408172  
251748  
580156  
708139  
684358  
654459  
406424  
386354  
501962  
535284  
410484  
725904  
479876  
815297  
472844  
287671  
392869  
360187  
373030  
408004  
625392  
526101  
446500  
363247  
442895  
620845  
382871  
370189  
574822  
527421  
804438  
436132  
414994  
574224  
518577  
370316  
229757  
277624  
939019  
1359653  
385258  
222200  
279600  
795595  
265553  
198398  
570170  
349013  
367554  
423176  
491764  
873164  
531689  
805316  
328532  
474741  
385677  
351970  
365635  
530437  
157095  
305791  
322984  
587706  
316843  
242015  
179602  
146252  
222790  
242591  
227467  
289265  
162227  
310926  
149372  
71610  
152019  
120068  
139811  
154109  
388942  
254767  
137712  
120627  
128065  
106804  
99758  
248157  
104076  
164485  
353546  
159291  
290107  
86499  
418792  
302230  
370821  
259087  
257752  
432796  
325633  
307561  
978432  
854503  
710903  
638147  
206672  
297279  
402787  
500286  
288893  
616069  
428121  
261232  
671370  
487911  
257024  
330285  
200527  
1007875  
337569  
319204  
546436  
837487  
588661  
612296  
400887  
228406  
761063  
596342  
422127  
490363  
153237  
378083  
307726  
205818  
176542  
232116  
374511  
210124  
108106  
170672  
147874  
103401  
279956  
416597  
152349  
131265  
153171  
143908  
201629  
301808  
192050  
109387  
116987  
181616  
166998  
309307  
560444  
273421  
496229  
313088  
450087  
854481  
572010  
495038  
765934  
368663  
743642  
812293  
161201  
408764  
463576  
653953  
639308  
334746  
165037  
476275  
776250  
464292  
427612  
92968  
237734  
377232  
256547  
249957  
415751  
431735  
507554  
330149  
453429  
308386  
648423  
302842  
278433  
260619  
336826  
303523  
423970  
195290  
243153  
131021  
214690  
441720  
346398  
295195  
404588  
387870  
327671  
298719  
326837  
831889  
911168  
545747  
178516  
242439  
390020  
341749  
310881  
349050  
313159  
363235  
806393  
1083214  
351739  
204464  
302236  
264397  
548436  
330355  
627178  
486080  
288597  
336191  
309538  
690946  
531530  
459354  
553193  
683601  
593675  
723226  
725506  
491012  
570791  
393275  
471389  
819791  
801278  
729689  
468862  
517955  
853086  
451693  
120415  
378966  
206741  
346060  
351927  
233644  
208214  
143311  
193156  
465107  
205183  
127188  
182621  
286395  
46656  
96279  
133778  
251101  
252481  
259301  
251985  
631879  
451195  
372594  
180733  
374210  
357405  
386858  
446829  
325141  
265234  
340348  
207515  
321521  
290395  
427186  
566103  
829907  
750236  
396007  
332857  
148509  
146896  
542405  
182328  
177596  
355605  
308869  
363492  
514270  
316448  
305792  
349184  
329690  
260536  
398882  
670852  
345529  
619403  
301908  
424298  
647795  
465689  
416378  
298121  
464621  
569064  
871009  
582451  
772532  
721587  
580624  
769329  
1321755  
235703  
250215  
416344  
279890  
550582  
745375  
1234992  
787146  
1047197  
771836  
753140  
545968  
1258539  
937735  
628026  
641353  
596924  
564392  
628814  
715638  
850802  
844001  
1274588  
781414  
700713  
759436  
990603  
579895  
578790  
521530  
773227  
807020  
650014  
545342  
569554  
561227  
881388  
664171  
480436  
990438  
1085498  
505143  
786308  
1035209  
984687  
756785  
799452  
439457  
626759  
622756  
849811  
853732  
783931  
398012  
374735  
361529  
396536  
253550  
522604  
527890  
748533  
388646  
413301  
554579  
497879  
381286  
401190  
322041  
411611  
656596  
676154  
629487  
854433  
248223  
463955  
978671  
1313485  
547746  
304526  
158289  
303656  
426330  
375441  
432006  
331119  
485391  
