0  987474  45425  811638  191409  1545  464176  8039  86  1515  319  62846  10163  8028  6216  2717  7388  24099  16265  18953  5525  36932  31847  154381  106003  4467  22830  115104  102275  191660  12868  499722  365  1.0694e+06  38178  88938  526196  34555  29116  74696  39981  14590  38  1566  30847  110  34  1129  2416  153  248  156  9174  1193  755  1728  799  552  11515  615  13698  1533  1768  3062  3588  326  233  646  522  1113  681  48  518  24  109  3464  5339  1390  728  7776  2058  1023  32776  
828035  0  12324  4252  615711  837  368116  14007  191  2277  967  208  71  86  754  4862  3811  19825  9697  9389  3589  27528  20967  150344  65402  1585  1436  5378  9667  23007  3123  24782  138  34186  397752  476303  403661  182340  4647  36547  9826  529  257  293  462  824  235  13413  6119  712  759  115  79  26  29  527  868  326  5108  257  6284  961  1148  2020  2427  198  144  65  126  491  187  25  188  11  67  8534  1505  1756  1470  419  1115  532  223234  
29198  1478  0  127033  334  44  242048  128074  35  205  118  323  82  75  127  553  201  1698  655  730  268  2110  985  6680  4895  188  198  2182  1061  1347  103  643  5  135  27278  98909  34083  6181  12876  4789  2709  5477  516  7505  8266  1490  119  28935  9898  509  112  17  558  295  191  196  66  58  446  26  555  52  54  178  224  26  19  59  120  90  97  4  67  0  33  1243  7674  753  232  2270  203  206  13713  
788824  907  170531  0  624  42  7193  519048  122  168  77  827609  27641  19537  13188  288  302  1455  583  16841  753  538  649  1522  1023  72  428  62292  1636  3887  71  47611  15  19880  11396  41499  13573  3351  12955  1978  9040  56263  2439  109597  824727  6528  285  131273  148991  1728  302  27  112551  7392  8077  9124  229  262  1091  102  9598  399  160  685  573  104  46  330  566  409  465  24  375  2  203  6552  45241  5283  1585  14417  440  639  8211  
284588  785753  3046  2101  0  690841  1.2437e+06  170683  19769  22838  2080  248  240  496  1049  31747  79393  49256  36591  17241  3057  9044  45890  76268  30047  810  902  6195  21945  50706  42988  52222  2286  705588  861514  645277  516082  94390  1978  26130  12780  433  298  345  406  909  450  17785  14750  6526  2006  560  65  34  89  610  2894  1165  9637  611  9128  782  1146  2289  2018  232  131  56  178  609  343  83  455  19  174  16574  2324  3716  2389  386  1296  740  429293  
4166  7357  956  720  824379  0  458381  339123  554753  1.51633e+06  2123  62  395  1018  1056  98135  139529  24287  61675  9378  832  691  7199  5521  3264  171  115  1407  15668  38669  49034  149641  13566  914508  53331  12769  438329  125574  211  1985  1099  100  33  94  111  200  364  8225  26659  15937  3909  430  29  33  160  259  2486  881  5473  409  4301  164  163  727  417  98  42  19  62  382  278  75  461  24  236  6860  690  3506  2250  59  480  145  108250  
370500  400230  289742  21986  1.46662e+06  529106  0  1.27504e+06  782280  86956  3200  795  500  748  2487  20956  25939  52555  37357  23367  4970  24106  17156  86700  66314  3029  3000  10322  34387  41785  10839  11356  312  8574  1.35314e+06  1.09356e+06  434931  142133  17568  69222  19082  3137  2556  4145  3607  12848  9204  340667  176800  242319  10023  478  462  212  334  1116  2814  2021  11831  1085  12756  1235  1229  6069  4159  701  255  168  731  2612  2697  227  3988  24  2588  75006  16694  33772  10468  2114  3009  1637  725081  
7237  19343  276912  888554  141552  133020  1.40188e+06  0  1.52656e+06  341086  455536  849016  1.61848e+06  695992  290901  15980  18879  55837  17423  531067  30039  7577  11941  21480  12529  5831  3614  5840  12993  15540  6873  7048  338  7621  490884  332232  514917  207167  10521  26625  8071  23964  7993  49759  96430  31296  16583  535389  2.51885e+06  625275  367877  31372  114248  42318  53238  83113  15341  7640  35326  4062  177669  6219  2571  21932  8792  1909  1770  921  2236  8402  8043  670  10563  60  7024  293657  73360  170653  68441  5825  8495  3976  521993  
116  423  217  135  110993  871111  815650  1.63549e+06  0  1.53108e+06  5249  16  12  50  198  3484  2181  10503  9242  3313  313  132  739  739  478  88  74  243  1573  1651  672  583  34  727  102184  43107  49903  27807  158  1241  604  64  44  46  46  348  2012  6755  90173  179387  60411  204  7  6  39  80  1118  438  2057  342  1294  90  52  710  199  69  19  8  38  461  249  27  321  2  319  11647  1939  7997  5084  45  415  94  89520  
5238  8013  1397  1074  68636  1.66669e+06  152702  783733  1.36153e+06  0  93382  145  176  609  718  2.23961e+06  150507  127559  111507  13748  1165  716  8966  4873  6030  348  285  5597  18730  23086  17642  233128  46720  567242  349968  148206  1.11334e+06  586615  774  7652  4789  196  94  162  224  444  211  5750  49528  52663  254727  9487  57  35  101  246  72546  1231  8547  561  4889  194  155  599  485  182  57  34  87  469  186  80  266  13  110  6676  20987  3407  3935  140  1178  385  583816  
66  210  167  175  430  137  1244  800999  1498  112587  0  285  3175  1.16793e+06  1483  39324  1091  58315  1650  826064  971  138  222  218  237  125  72  388  480  503  137  1005  154  658  32269  5868  10225  10118  223  1295  913  160  40  26  95  205  294  1086  162764  16901  357250  209433  174  728  11618  1737  181292  8487  99893  3131  110015  767  223  2220  359  357  382  217  137  2517  829  249  665  57  231  14964  8320  3711  2347  71  1923  281  33407  
78507  816  5939  962129  717  33  5434  873058  147  272  348  0  393986  173849  113544  254  379  4511  1837  155000  5591  1364  851  1355  702  198  359  66111  1679  1752  84  37474  20  11354  16279  13238  8144  5471  21493  4400  33920  13849  611  11461  166167  2456  343  20078  114236  1886  273  185  452296  63261  38159  38966  335  375  4144  215  60818  2115  606  1191  773  144  284  413  451  581  510  40  500  3  240  11659  6072  7828  2864  4282  850  574  11778  
16253  336  2156  64300  427  64  5380  1.06681e+06  772  318  4974  395319  0  663549  239909  220  514  12003  4160  435287  13485  2670  532  1319  843  771  500  19599  1215  1272  149  10517  42  2444  11230  5168  6093  3262  7752  4964  9628  5733  342  3752  17699  1751  736  31902  159895  5847  1001  2239  92600  533863  172457  108977  1483  736  13060  568  178177  6496  1637  2021  1783  409  1545  775  535  1342  1128  94  1259  17  608  22856  3758  12279  5342  1323  2797  933  14586  
4709  252  1191  25960  428  209  3385  572802  2052  2293  862631  86733  582966  0  654127  672  1051  36104  5624  976939  16476  2986  528  1397  1224  1485  899  4823  1420  1586  292  3635  80  966  20836  2853  8001  4907  1499  6943  2399  2406  117  1388  8507  504  396  5248  173314  11645  24648  52091  32195  114314  629064  156095  21457  2083  51111  1238  321236  4959  1240  1776  1690  510  2406  1466  540  1757  859  179  1064  58  473  14515  1987  5138  2519  645  5044  1070  19616  
2146  362  1344  17976  356  59  2529  109878  396  555  1548  44089  84172  393433  0  335  890  32799  7968  1.73826e+06  63857  111731  1885  607930  53549  218219  63253  10654  12774  4292  295  2641  64  646  59932  2418  5286  3058  1156  192420  7410  2090  133  1082  6115  348  99  3114  52948  1373  1119  7734  17608  24235  158684  496089  1090  960  57967  1201  327854  8039  4489  5311  7415  1307  4142  2446  897  2413  1085  130  1061  39  348  12632  1610  3378  2890  841  11723  1868  52783  
11888  16549  1970  1700  102752  102220  28906  127915  4434  2.0522e+06  57999  190  236  496  448  0  2.00855e+06  716651  261362  11755  586  598  5085  4720  3815  212  146  12718  14586  36565  34215  308060  199372  809809  293005  34233  1.05004e+06  498061  784  4593  7480  214  72  168  282  244  197  5816  8382  3447  16142  2196  67  31  102  172  33601  5550  27257  1805  5341  145  167  1543  447  270  42  22  72  1628  489  163  454  44  144  3850  2804  2317  2731  103  1281  788  433147  
20053  32349  4029  2914  274669  139418  63446  149432  5032  178014  18310  670  414  1283  2526  2.49805e+06  0  512024  1.69703e+06  88123  1747  1425  8625  8726  6710  1052  696  24126  121339  437633  646234  1.50861e+06  352715  732531  277908  52088  1.0882e+06  161897  2405  21856  23259  876  224  299  695  569  603  10048  11324  4679  8467  9302  214  78  853  2143  87726  33080  181767  14644  80157  1010  1075  6135  1471  1344  407  184  603  6658  2791  2404  5509  596  877  13631  2878  4004  2848  550  7129  1513  218540  
8027  13500  7804  3316  30617  16262  28143  82647  12453  115248  107543  692  373  3534  7959  738511  373751  0  2.74918e+06  847242  105233  47615  565251  89726  60237  15448  2973  20374  42274  38487  7178  67802  3262  36299  326158  23967  351741  213952  9014  148838  44628  8317  840  401  2479  1249  721  7706  11696  4384  23860  7325  275  148  713  28495  70202  37188  312069  24993  253823  34829  62421  83636  107741  9293  4809  1354  3726  23752  8728  3084  11663  874  2591  85777  5566  15717  9062  3766  62841  10181  304105  
16248  25248  14374  5539  76968  47332  68768  53468  11915  81350  2279  1057  416  638  4304  161157  1.43398e+06  2.66642e+06  0  169661  20703  8374  1.24418e+06  21735  300232  14710  2957  31826  1.25717e+06  1.57441e+06  780431  147974  2806  68651  211288  28248  445284  238267  13515  164032  68898  4772  485  327  1790  809  291  6650  5161  2036  2110  1774  351  114  343  10598  11387  9965  122179  8221  144876  19772  31225  52593  35738  3215  2370  811  1937  12807  4242  1117  5222  321  1312  44078  2380  10948  5977  3521  19408  6112  184293  
5982  5389  7788  14449  5971  483  20598  301849  2828  7708  535014  37349  99431  615187  1.99813e+06  13422  12237  901675  191176  0  1.47524e+06  600792  46623  561692  87810  153893  76955  22948  53880  36425  4541  25656  1262  9783  176396  14557  80310  46874  9463  427192  37000  22499  2358  1405  8869  3504  1608  17566  106201  11446  29325  43421  13557  29588  122512  323693  123300  48793  897910  39900  2.38694e+06  118928  109345  182600  144967  13205  17569  9207  10385  60495  20653  4758  24765  1378  6859  171529  15489  50511  45288  8664  91579  33127  169413  
592  913  952  440  1181  38  2204  3809  57  176  343  263  654  1288  28815  96  321  135887  15595  820103  0  340160  25201  159891  8038  9389  4705  2065  4496  2366  268  3232  85  1783  36524  1186  14119  7894  728  98810  4277  1577  138  78  498  188  41  986  2375  105  144  115  399  706  370  32158  262  285  26954  846  163977  133950  62451  59151  112433  6270  3044  725  983  4249  929  59  1124  46  424  26850  554  2874  1643  498  49248  1902  11650  
945  1115  1773  581  728  5  3869  2001  14  48  102  100  111  248  40018  47  55  43712  4551  217572  339778  0  29455  595328  26169  38566  7063  3715  4340  2554  68  1978  6  683  24551  703  15992  5641  800  83520  5987  340  39  21  140  47  6  309  581  30  30  44  93  143  97  14288  40  55  6175  127  39290  47294  68437  20452  74395  2741  1152  228  303  638  196  14  240  5  75  9932  118  863  273  256  24049  401  7363  
14179  30665  11039  4820  49388  2009  29353  42523  615  17112  496  888  278  327  2342  2526  2593  897053  1.10638e+06  45289  26099  38832  0  277112  949850  74372  5507  31465  1.11761e+06  496904  10318  124840  310  59837  159868  17318  409978  189151  9935  85062  77006  1177  98  188  745  275  81  3030  2988  659  538  260  259  49  92  9347  2147  1467  38111  1475  97163  24324  67945  86307  105509  5528  2989  450  786  2395  761  170  991  34  263  85029  683  3120  1492  1194  29933  1454  117550  
11759  17412  22645  6752  8262  64  52058  22260  67  508  264  606  291  527  467363  282  288  90736  8519  596585  168782  944312  223439  0  1.41493e+06  546480  49490  31754  51830  27695  268  18042  16  5126  108896  5767  137413  31941  6965  413415  40604  1138  116  158  709  170  26  1862  2070  191  117  215  207  121  157  41616  103  99  11388  207  65971  20227  40633  64420  220255  7261  2755  480  733  1215  450  12  480  8  142  25953  418  3020  476  1703  63429  855  92082  
11713  12855  16630  5307  9444  201  38393  20600  137  2000  378  713  451  784  58244  531  639  84002  94679  64270  19874  62712  646910  1.29255e+06  0  1.72425e+06  1.00514e+06  181476  3.06617e+06  62342  709  27942  73  8776  194647  10390  117630  45868  11384  768992  233949  944  72  118  622  168  52  1558  4022  359  447  429  219  68  125  4720  884  1113  19320  1144  32101  6326  11462  18075  25958  3489  2165  340  823  2410  1324  120  875  35  186  22601  560  4551  1127  2546  20047  2154  56677  
2926  735  2518  953  398  14  4952  5337  36  278  227  166  321  632  75262  181  155  23274  7833  52807  19391  68529  39482  282159  1.73615e+06  0  337928  25743  59724  11773  53  5833  12  543  11519  649  9626  3651  3932  350573  20732  182  8  30  118  16  12  172  3550  169  209  258  47  31  80  1387  157  72  2343  72  6521  1221  1726  2466  4147  392  293  84  157  453  273  8  144  4  27  2534  87  1757  184  1109  2416  295  88688  
14280  82  231  278  50  2  528  2734  24  60  177  108  166  426  34772  29  56  3122  917  17856  3983  3514  1684  12105  1.00554e+06  393511  0  563366  6742  687  24  523  7  304  35576  410  1263  1255  308  639323  200824  79  3  12  79  6  3  76  2218  105  156  297  21  16  73  812  194  48  1643  41  2961  216  362  1406  4027  1399  1598  188  357  209  53  5  51  1  17  8948  36  180  105  114  11272  142  23756  
132805  2035  6142  60097  1628  270  8883  3383  85  1282  217  35140  8875  6464  8165  2312  3511  22373  9889  13060  2760  7390  16756  34360  133732  10748  307243  0  397732  416088  1119  345876  161  20205  204741  18985  114958  143748  52730  238342  1.08274e+06  32193  53  890  32152  113  67  1387  1287  145  271  171  6740  1018  616  1191  359  416  5734  472  6807  540  692  2170  4775  834  421  2135  2550  5537  5653  89  1926  4  71  4473  4547  5085  560  10230  4000  12997  47158  
17517  12912  9110  4843  30947  5168  41130  31387  1396  26411  1815  1329  406  615  10717  4109  17920  94971  431267  57567  14625  27618  1.06058e+06  160512  2.88962e+06  76283  19753  537167  0  3.92344e+06  45560  95424  1015  20260  307409  21172  318240  242338  35854  364627  212136  2046  210  187  948  449  208  3767  3714  1183  2977  1331  378  87  188  4200  13850  6117  64164  4601  62266  7796  7908  19119  14106  2054  1272  489  2381  10174  6970  555  3733  130  553  17904  1631  14554  3717  6900  10767  11005  210474  
84035  78990  19927  7358  99932  9920  113097  73098  1568  16660  3956  833  376  772  7081  10375  311939  129766  692452  84285  12532  54863  429047  306227  161389  8233  4559  499234  3.4145e+06  0  1.62433e+06  3.18337e+06  1775  135304  198957  24614  368955  151203  17077  198065  57581  2391  265  299  1236  589  307  7001  6090  2171  3360  2750  252  95  363  6087  22042  10933  114015  7197  87596  5408  5685  11027  10579  1886  1321  603  1522  7423  4162  951  3794  249  738  21394  2332  10431  4539  4147  12313  5642  161125  
6600  14548  1849  1007  128140  14902  24755  54599  609  5269  2323  151  149  384  2114  9905  612886  40887  293200  33150  2968  1607  19796  10653  5150  922  675  5305  98584  1.61329e+06  0  917797  2193  39975  55303  10752  182940  33838  809  11215  5318  366  52  104  235  183  176  3618  3790  1656  1198  1607  54  29  201  1203  10616  6230  45113  3433  27677  687  656  1688  1023  401  208  96  242  1443  756  602  1532  141  256  5318  754  1556  1041  265  2679  622  42646  
438929  77324  15530  92726  205146  142997  52502  77636  1622  238756  12026  39923  10876  9522  12332  233256  1.30844e+06  458414  291677  208189  32070  35979  345079  193147  127321  7926  4118  365641  150923  3.38933e+06  1.12552e+06  0  939922  1.57995e+06  233797  44217  807663  122772  40224  129651  210633  34392  229  2925  50372  638  677  7210  10049  3130  7340  12529  5554  1072  1880  5990  87029  34409  239674  16890  143208  5271  7289  16004  15684  2732  1180  2197  2658  10814  7145  2553  7686  698  1108  23339  9875  14969  3663  17941  14110  9261  141746  
2217  2790  182  156  15684  11969  1734  8742  96  56854  1329  27  17  75  75  114741  260515  19690  6261  6468  303  63  747  565  500  38  29  1757  1552  3320  4004  468391  0  285475  6079  1194  125822  5010  51  267  1091  28  8  11  32  34  31  474  513  224  453  705  13  3  78  87  5979  1270  9399  507  4340  38  34  254  48  42  9  5  14  259  90  59  144  19  34  377  160  161  84  7  170  32  5353  
944165  150512  4601  14306  930276  1.22475e+06  33543  56601  730  1.00236e+06  3617  6296  1550  1490  1735  1.51756e+06  965236  95569  57064  35627  5237  7943  65925  61018  27847  1022  766  18741  24283  115968  74052  1.23261e+06  750748  0  34170  9238  1.04031e+06  22436  1090  10123  15367  1893  42  350  4589  131  117  3655  3648  1909  1352  1625  694  95  224  838  12606  3910  29978  1889  19452  980  1450  2873  2222  314  134  112  130  1080  483  235  730  70  148  3943  889  1217  727  513  1714  376  24854  
17252  92863  63215  20052  55042  4385  473276  1.14793e+06  59534  604760  162419  3704  3374  18529  66283  277369  94684  698037  190153  313198  48544  44560  102165  161176  175949  20560  72344  302121  266930  142971  12624  83802  2415  11941  0  2.65365e+06  302422  359958  104973  2.07216e+06  1.17818e+06  4100  2546  2746  3214  8795  2854  85887  257940  64073  74210  16766  1266  669  1680  12755  19181  6466  60441  3475  93253  6003  6518  18220  32247  8575  9220  1747  3503  6336  3069  491  3348  118  1518  275649  25740  40617  23464  9424  59635  11516  5.81216e+06  
4336  53398  97878  28447  24256  575  508756  145493  9600  52200  27185  1113  440  512  2098  89310  14758  116934  16868  26684  2020  2269  5832  8825  16673  1104  4379  24521  25582  11618  1392  7765  373  3374  1.78879e+06  0  81009  119955  563655  119027  84509  2036  825  1419  2331  2468  391  26195  20894  3250  5215  1722  638  250  275  708  3101  1353  10932  614  11369  359  275  1104  994  266  165  153  351  650  382  90  421  17  154  33109  6629  6231  3489  2311  1554  2038  667686  
62551  99138  163773  92416  210268  111177  273558  790402  14974  671301  39013  4403  3111  4749  5126  462893  211436  410465  190726  73270  9054  12508  80708  67126  30117  1417  782  23693  106969  91687  37908  103628  5709  157242  77897  182949  0  1.46257e+06  67456  20251  46522  4416  694  2606  6231  2923  821  39292  64149  12110  22922  7968  1554  577  664  1819  13958  3818  31517  1951  23792  1068  1166  3615  3032  486  223  314  437  1757  1181  317  1365  67  507  19364  7010  14870  7030  3843  2774  1017  182646  
952  8323  12809  4768  12977  6806  35487  129172  3144  211518  17890  574  368  727  1475  168021  36654  154633  57910  34432  4772  2879  19161  10972  6324  726  566  23823  32398  23840  6473  10720  862  2137  46319  68299  1.44871e+06  0  15262  11652  69640  336  94  294  524  468  151  4470  13608  2722  11609  3343  175  60  126  639  4691  1339  11413  720  10318  478  435  1045  1133  208  121  68  160  820  512  91  430  18  89  4219  1181  5270  6681  858  2026  1213  302606  
10081  603  39042  38384  153  11  29439  9102  14  524  264  1624  467  316  297  1213  377  6753  2379  1925  504  1192  4110  4681  2988  228  213  42334  6868  5017  87  6254  11  670  34292  406699  88173  29680  0  8263  46481  882  17  182  2389  28  14  645  426  92  78  18  279  42  35  128  90  101  1282  111  1253  133  173  818  1372  153  50  92  130  342  327  7  166  2  16  1087  250  5194  225  4367  509  566  13288  
13383  3154  11644  5796  790  39  23891  14478  218  1206  883  2858  1619  2768  135703  435  1154  76929  39541  147424  32418  50183  29292  166578  451091  232223  695947  282814  260012  71349  463  32003  55  1729  1.2302e+06  12937  43057  27923  30263  0  1.14099e+06  2979  276  275  1582  407  138  3776  8295  668  1315  1951  800  215  519  30918  1838  3316  76634  3895  79802  7050  12569  33191  104998  18837  15277  2055  4248  6701  3427  361  2707  85  561  85304  1784  15425  5247  9672  158058  5392  82560  
19078  1174  1382  5167  525  31  3559  2476  101  1025  337  8821  2070  1433  5847  1487  1426  34466  13083  12539  3837  7132  25589  36653  37864  11468  371340  1.04479e+06  69875  33149  565  17595  76  2150  584671  27880  82806  248292  27335  976902  0  353  37  91  1631  75  34  1115  769  113  463  267  1790  128  119  616  586  539  5570  404  6085  423  553  1162  2297  465  336  74  520  1328  1258  62  522  11  42  4660  409  1870  1420  968  2948  3402  87537  
6692  141  2784  9569  92  7  2126  3561  324  171  124  348  159  214  224  48  198  3892  2404  3081  422  1309  405  5335  226  38  35  6290  486  664  56  2766  7  308  4719  6499  989  588  573  1183  484  0  1.10269e+06  47343  760717  337125  82813  473643  17267  2455  21953  70  2094  1003  789  2479  6461  18265  23924  7511  16684  3095  8443  90338  152398  17078  2280  30911  157975  37912  71706  3191  327298  415  1.02129e+06  160852  169206  426089  47556  71346  16714  29137  79257  
47  207  1319  975  90  3  2952  2818  128  115  47  79  52  18  46  47  40  575  310  571  82  123  89  418  60  3  8  87  80  72  10  43  3  10  5270  2822  409  334  160  309  180  749235  0  2567  893  484825  10573  412819  6674  1021  5345  96  86  69  203  780  8991  6161  12904  2637  5237  984  829  13847  8314  4562  317  204  7634  11005  4978  493  47220  46  12773  292318  519249  117133  21172  20349  21397  6333  87057  
2230  331  40442  64505  117  14  10047  15389  68  23  3  1365  34  31  34  29  16  143  61  97  13  46  32  195  67  2  4  861  50  82  6  414  1  71  2092  6126  782  359  468  172  355  78273  1463  0  105513  1397  87  121678  175548  284  172  6  269  124  204  254  158  473  529  117  466  65  111  1068  1223  153  30  53  264  305  208  22  286  4  160  3819  57022  17664  690  15790  496  486  2446  
65317  690  39707  848586  381  21  11671  67243  110  84  77  170799  5117  6521  4904  96  118  1311  532  8805  459  186  198  500  220  14  66  24298  447  1332  23  14334  6  3227  7243  23590  2857  1156  2345  718  3436  707700  323  125035  0  1017  144  12557  554013  606  204  45  996230  16846  34595  37711  212  389  2376  158  29982  1783  564  1251  3099  384  146  1690  3280  1025  1528  41  1198  2  409  3868  95287  9352  648  23908  1084  1736  4449  
110  938  2185  1800  447  35  12297  11973  1256  383  225  241  237  89  150  137  164  2258  1182  2331  293  367  353  1165  207  15  39  147  322  255  50  165  6  34  13991  7871  1464  1086  312  875  409  376669  590862  1930  1188  0  866843  886412  52847  19011  61996  271  102  130  298  2269  34052  31609  50370  11609  20620  3685  2445  77751  23475  7357  864  432  16865  34529  47391  5026  86363  454  385616  712867  591288  337753  75521  3894  22597  7435  217831  
43  757  664  475  571  276  22477  47673  14284  1142  464  85  115  334  133  223  224  2326  1257  2462  298  242  330  988  197  15  21  112  301  286  57  147  4  57  16549  7174  2124  1702  274  723  306  74028  19838  415  276  1.19538e+06  0  812917  146499  614535  1.8126e+06  492  36  52  365  1727  50670  47969  36025  14484  19597  2929  1695  53289  19016  5249  719  351  15379  61050  75125  14375  181323  2293  1.05248e+06  561978  142317  285756  95969  1405  17168  7090  218779  
1719  24499  100099  72425  12563  1327  464011  281064  12619  1759  468  2978  1481  527  476  1456  1308  5426  2539  4697  534  891  1380  4013  1820  102  157  2265  1855  1637  402  842  31  416  166663  111056  28666  11359  1802  5510  4230  301953  384263  207756  14822  1.029e+06  1.09657e+06  0  1.19913e+06  1.4441e+06  153285  896  1053  534  1313  3119  47607  29808  55160  10918  27568  3707  2706  34421  26050  6923  1023  564  7364  40744  15077  2114  18993  105  16763  525941  904640  306640  29220  99458  27073  6859  214912  
43606  31020  145837  392569  20881  5149  659358  2.50928e+06  384323  219376  85647  105796  120701  84849  48866  10247  4186  32013  12767  114731  8065  2894  4187  9277  4358  819  708  11816  4898  5182  1157  8268  169  2298  408465  250281  103591  45553  3703  15444  6751  36254  9475  214531  1.03296e+06  76444  43521  1.29852e+06  0  1.84235e+06  471343  429381  1.4326e+06  784036  933843  606375  43885  12589  87049  5183  547544  28790  7622  28391  18229  4514  18299  8491  6061  13659  16634  1269  28016  129  27807  330082  463492  290344  148106  19519  35807  5392  428732  
34  732  584  402  1599  1643  80386  100322  136823  44250  869  81  94  112  58  668  245  909  524  994  80  57  152  236  113  13  16  115  229  212  71  109  5  71  25506  10319  9174  5958  104  440  256  358  1022  275  170  14703  602683  911910  1.55567e+06  0  1.66529e+06  290  14  8  347  274  10056  4018  20352  4604  5596  328  113  5403  860  624  85  28  430  14804  5448  1047  4130  21  5262  28893  190254  21943  10827  132  2207  338  34912  
44  373  477  377  450  445  9874  82400  40803  253613  27049  71  159  599  89  13354  490  4111  1020  2047  169  71  229  291  182  15  18  232  346  220  45  318  44  132  11565  6276  8518  8746  153  832  491  11674  3941  317  295  73056  1.36686e+06  188749  750525  1.49605e+06  0  51125  42  56  478  977  2.29798e+06  202766  52113  33668  15147  2334  636  18553  3267  2676  389  591  11601  53884  37112  16703  322393  50843  776288  288115  448661  591751  371917  799  107970  13854  312636  
62  153  137  148  345  152  3561  76543  5887  238530  270289  115  1274  18099  597  18756  2122  39702  4941  48069  276  59  715  120  695  172  91  139  1080  585  223  2122  400  599  15030  7032  3466  3400  53  938  281  90  20  63  80  181  286  2950  566479  1686  69208  0  281  1230  684236  628  29459  320  154565  169  529567  551  107  456  290  62  127  77  73  308  305  39  494  13  308  2862  1309  2595  1157  45  447  114  10659  
24946  632  10138  220498  500  45  8297  107185  190  188  495  513678  115232  62812  42338  157  392  7085  2888  78928  3287  811  571  1007  462  115  131  19327  989  1259  120  8007  23  2042  12201  10975  5069  2745  6872  2816  13327  30578  421  9110  967823  1532  247  13585  787582  1007  318  412  0  290121  211675  200426  467  550  9593  306  164422  11207  2759  1049  2204  344  1303  684  1662  1076  1096  50  885  10  440  8186  11103  6402  1871  25245  2604  1402  8615  
4373  232  1980  19813  264  45  3830  78309  1050  206  1695  77065  434481  135538  57767  149  400  10736  4389  147207  4665  987  449  1071  374  219  129  2609  729  890  130  1747  25  487  7868  3751  3242  1400  621  2692  1099  10020  172  1385  36929  1019  268  8147  787387  1292  372  1651  322581  0  459138  291362  713  609  14542  445  245241  14438  3190  1045  4065  1191  8504  3094  1755  1537  1073  86  973  19  370  9073  3054  5778  2049  15197  7209  1511  7755  
3773  361  2746  18571  505  225  13263  146534  11121  9201  47153  24272  92351  570268  149412  2103  1288  30550  6498  266907  5625  1054  786  1093  1034  1178  658  1515  1316  1361  312  2271  220  554  18169  4530  4021  2577  354  4986  899  6509  188  1863  25831  1298  877  11405  897587  4556  4202  747454  133090  332744  0  529434  4408  1312  77737  807  951217  11626  2286  2358  3353  901  5869  2703  1306  2053  1799  152  2393  34  1441  10367  4854  11364  4009  4982  5524  1185  15107  
2434  482  2331  13285  474  67  4306  38059  1349  386  7250  12373  18183  90357  389186  769  1968  50828  17591  315996  16257  6456  4434  17369  2769  1862  1584  1651  2770  3523  583  2567  188  741  19482  2861  5012  3482  1033  22882  1887  5067  381  1693  14048  1049  259  4522  144044  731  546  1121  49905  77526  368645  0  705  1129  83832  1652  1.57841e+06  117187  99199  16428  596632  38378  254860  61984  20404  10087  3256  224  2733  81  871  40521  3694  7338  5243  2567  183885  8456  15658  
70  198  289  290  421  262  4068  14122  2112  49726  31353  77  217  376  68  38370  9635  42176  7154  14498  118  56  1374  263  1623  16  15  144  4055  1292  241  2474  666  739  6275  1846  3008  2695  105  783  402  6447  3220  201  284  28408  35836  19167  64480  27825  2.22304e+06  21638  38  69  761  874  0  1.82316e+06  661217  33897  13009  936  283  15117  2690  1479  246  812  15959  35726  26345  11707  530819  228034  746985  336367  103390  771607  466819  801  132823  27193  420885  
306  649  975  901  1144  384  8449  26041  5276  2666  3428  217  383  618  476  6780  16621  76131  40601  45650  752  391  6038  1249  5582  141  101  864  9011  4823  1688  9512  1062  1936  24327  5967  7243  5888  1350  5496  2138  17282  8939  1207  2659  59675  111038  57047  91722  45839  476295  881  149  168  803  4432  1.74919e+06  0  606703  1.57088e+06  49596  3866  1401  66965  9860  13227  1662  1983  27647  303239  427620  516452  1.34829e+06  222436  539207  827492  155549  959091  554077  11146  175052  83619  675877  
1444  2094  1769  1022  2499  493  7432  18090  6216  15716  33775  160  205  1303  2353  35965  30023  254043  119437  127287  6461  4458  27230  13273  14706  846  552  5555  28854  27166  6592  20083  1723  4317  65069  11265  24179  17782  7478  37853  10965  20843  2903  833  5513  10000  3551  19111  54880  72949  95756  36220  158  161  2112  9969  658580  745697  0  2.51355e+06  872053  112346  40175  593108  53914  13183  3163  1421  15348  74762  41008  2192  102241  2506  37000  177556  26062  147075  81988  9771  92471  53191  157153  
474  577  807  630  722  186  4705  11355  3024  1780  1775  117  166  344  871  2091  8383  56269  31945  34254  1567  592  4578  1876  3731  209  141  1383  7462  6054  1421  5632  446  1218  18209  4048  6557  4956  4443  9081  2914  19390  4738  936  4249  22311  24590  39125  31434  52456  134191  388  128  123  377  7578  19122  2.33716e+06  3.04918e+06  0  407344  6959  1740  1.50095e+06  9981  56787  4750  2402  26634  1.10585e+06  1.75838e+06  1.5735e+06  327556  14763  89388  287909  72174  206469  134832  11202  133241  82989  169345  
5469  5983  7402  8254  5825  620  30008  109735  13267  29881  125781  9122  24769  99507  185787  26299  31967  739199  285316  1.79036e+06  118724  41150  95293  109714  31051  5933  3881  14409  51411  50884  8393  34471  3128  9932  163003  22273  70511  46254  10842  134576  25790  28715  2883  1699  13408  6343  2285  27786  315156  6968  8765  302921  32371  67607  571394  2.20255e+06  14711  12937  1.11574e+06  32478  0  1.77042e+06  771794  129417  623485  46855  247782  52625  47034  90076  25827  2248  47442  1792  18932  203718  16681  102339  66014  11463  221143  61969  152025  
584  669  882  385  539  10  2380  2335  156  321  978  173  425  378  3070  177  434  80662  32512  62819  141344  61787  39902  59918  8420  993  561  1568  6588  3297  224  1870  69  810  14943  960  7997  3996  1087  26960  2630  3986  416  151  1188  784  143  2461  5321  144  254  107  1207  1688  1090  102025  227  482  187714  1230  1.06334e+06  0  495604  99631  325101  8054  41210  8736  7074  13290  2791  96  4496  94  1746  45782  1539  12615  5755  1342  40697  8492  15053  
177  213  320  152  138  6  719  699  30  57  212  42  95  110  1626  34  80  43266  7543  24042  29579  43720  29182  69665  6092  735  937  563  1692  854  42  477  14  164  14820  254  2273  956  384  31291  853  2068  248  80  521  407  62  1549  1431  18  56  27  290  315  412  130404  71  126  100818  193  404130  346260  0  191175  518388  5818  34567  6632  5808  3391  888  23  1299  23  488  38782  501  5399  1399  564  51856  3969  4308  
966  1390  2936  2306  940  106  15034  30696  2929  506  489  498  764  285  1138  392  851  85053  37935  42755  14844  16933  62580  72744  15020  1401  1117  2351  9758  3794  279  2327  62  790  35987  6367  11920  5670  5141  40664  3937  47675  18177  2596  9161  60350  11155  73594  82288  17500  21410  193  299  413  1545  46853  4407  32079  864767  1.12689e+06  177052  126191  201950  0  629287  490785  23391  5251  29979  1.19331e+06  844507  5215  301566  3600  91588  191616  14124  311971  53089  10185  98289  71870  96361  
821  443  1030  1059  278  11  2441  3330  137  96  535  96  154  274  1597  75  136  90605  10415  30548  23720  49724  60899  221565  14483  1824  3118  1623  2812  1319  56  1050  14  273  46245  1357  3930  1945  4226  99931  2060  75856  6584  1952  17912  5178  768  35093  7498  234  520  72  296  657  542  758124  503  949  110948  928  451664  162415  543519  586108  0  1.38631e+06  562583  46472  39181  59524  27417  137  25150  30  6452  119370  3139  44591  3513  9196  318686  31741  19305  
576  215  542  814  138  11  1555  2504  185  107  198  65  97  137  512  94  482  14173  7316  9340  1731  1989  5640  7714  2539  270  278  925  2211  1406  155  835  31  202  10776  1215  2302  1922  4061  8187  1550  53489  4378  1325  12737  4519  1563  24511  6127  1884  2883  32  214  489  312  63290  655  3469  24405  14250  56364  21216  16377  677114  1.4425e+06  0  1.45326e+06  587456  440036  2.72716e+06  65917  341  31226  147  7692  128982  11065  31685  6880  9801  425167  42313  22332  
95  48  91  103  29  2  291  995  78  25  116  49  174  144  762  27  66  3998  1572  3295  1276  1033  2165  3271  751  96  92  181  442  275  20  142  6  30  4038  139  530  316  553  2478  282  3615  202  90  1150  254  117  1106  4752  88  154  21  256  1871  586  247280  141  403  28053  503  135664  65400  54036  24186  379812  1.07677e+06  0  436557  74855  45203  3969  44  2527  39  754  20681  1188  2454  1569  1059  267059  9313  10114  
227  40  108  255  36  6  347  1661  162  37  287  26  163  285  232  55  55  5181  1181  2555  466  1058  3735  3040  1371  177  252  267  205  213  18  164  9  45  10005  259  408  224  109  5015  179  27576  72  63  997  178  53  836  6651  48  188  45  166  1615  562  71174  251  571  5396  334  31625  12814  5816  4578  25765  858900  507597  0  620812  5719  1336  51  1431  40  877  52843  3047  2654  2972  4029  428131  141100  12536  
1351  91  440  1535  41  8  819  1227  105  102  163  82  85  121  213  75  161  3957  1445  2180  427  790  2077  2468  836  96  128  1312  541  441  40  633  6  90  6261  1485  535  686  429  3020  621  157996  2914  514  6214  7790  2264  8966  4976  473  2301  27  879  738  405  37069  2091  6529  12901  2189  35638  14168  5323  16928  26960  377211  128055  421900  0  478522  283245  573  293653  234  60137  285119  38761  32766  21854  34710  343771  515764  21276  
1377  751  1244  1435  626  62  5122  8922  1867  804  575  168  256  281  1535  433  1978  49339  32889  38108  6549  2880  6718  9065  3098  391  193  2564  7218  5247  536  2767  105  985  15003  3126  8301  5984  4905  11527  4342  42309  8573  1154  9696  48246  81148  89022  26245  42469  93454  143  255  246  444  21189  8571  109194  162527  221008  147334  29354  14954  1.02558e+06  176710  2.97795e+06  130210  69180  554836  0  4.34794e+06  144682  135909  724  23286  214168  43715  80278  37699  12033  286116  59830  71031  
1086  478  910  1545  454  93  7200  16807  3045  1309  891  231  377  304  819  685  2584  28459  15777  21455  2035  2038  2939  8181  1921  177  103  1815  4625  3191  504  2407  126  537  12205  3861  4390  3851  3672  5963  3018  46019  21990  1367  6778  152830  210484  163297  61914  66275  197273  316  244  258  791  11260  25526  398539  257268  762200  162540  27653  14055  678323  174350  70330  6907  3343  453694  3.9916e+06  0  1.5799e+06  3.65524e+06  1706  46509  421113  97030  146005  86796  13310  121146  78086  187036  
48  87  156  135  145  41  1360  3461  629  280  281  27  39  81  136  232  1386  8800  3926  6825  233  116  657  382  496  10  6  129  858  579  168  923  90  200  3706  1037  877  724  288  738  296  3395  10354  205  476  83676  118072  33425  11007  5122  51379  163  24  36  128  2074  7215  376468  34374  418012  26561  3276  749  16994  4118  2234  741  444  3717  140027  1.72302e+06  0  1.46101e+06  25176  35835  165347  30125  85177  50999  1995  16806  14998  86012  
1109  751  1708  2550  709  192  16324  45578  4529  1437  1284  637  1475  563  724  939  2948  26152  13302  21484  2212  1642  3084  6195  1853  143  96  1331  3383  2382  553  2500  160  517  17693  6664  5236  3597  2325  4549  1789  272988  62385  2597  7592  271803  204620  96775  208436  15842  351552  612  390  591  2248  11962  290091  1.23337e+06  502825  242824  283882  39228  12081  443515  139438  20600  5127  7685  374820  205357  3.4846e+06  1.13699e+06  0  1.05544e+06  1.31485e+06  411434  70007  656729  210906  13364  79802  116951  247105  
6  11  40  44  15  3  357  1188  191  57  71  10  13  21  21  61  98  811  374  658  47  11  64  29  42  3  4  10  83  40  7  59  4  8  391  142  122  95  23  75  29  1024  610  42  94  4231  6074  1854  4922  456  43485  25  7  6  56  417  168481  217798  15119  6609  11373  735  67  1970  374  150  145  96  2659  1757  4201  16716  480347  0  279205  8201  1863  43895  11201  192  2656  2697  6747  
77  132  431  465  160  46  4561  11946  2560  669  420  106  185  131  136  238  344  3451  1643  2998  377  207  430  860  240  29  18  106  353  281  75  273  24  79  4686  2037  822  577  150  584  180  942938  38589  566  963  668548  1.71224e+06  45759  78664  14259  1.49297e+06  254  188  148  633  2284  1.09781e+06  941520  83629  37193  69098  7417  1686  56145  14832  3003  945  1277  87049  42861  74431  50042  1.42651e+06  565328  0  114822  36105  407061  60048  2777  11003  44871  69948  
857  4511  11433  9549  3481  735  94393  206645  18799  23204  19572  1997  2843  4298  2824  3526  2344  34179  15381  41296  5812  5265  7535  18060  5089  931  1307  2609  5054  3996  646  2344  111  642  273425  99270  20205  23620  10448  27597  8776  49058  56257  15421  11234  197758  54153  533086  1.02505e+06  32219  641249  19801  1235  1828  2391  68981  823321  421383  737629  140450  427237  84425  27163  237219  158871  204627  51125  50083  714841  639289  144746  12467  94292  1039  17970  0  1.41398e+06  304732  336857  161369  2.46958e+06  1.25718e+06  5.36503e+06  
799  1106  6065  6053  487  17  11956  11867  909  1037  389  244  82  94  127  216  172  1954  842  2205  485  200  276  709  228  29  26  270  315  275  51  213  6  34  12414  13345  1631  1107  496  1021  511  75460  148125  26061  37354  126000  6356  585546  32516  25006  84925  812  303  117  111  2479  91378  29679  87194  14095  30712  8299  2359  15135  4831  25923  1806  2397  29426  32478  5365  896  6227  544  2050  828067  0  156905  22782  519909  129475  45687  100785  
650  2620  8635  8579  2045  377  49588  131941  14462  17018  14137  2946  3181  2008  724  1460  767  6209  2869  7802  815  1106  1106  3821  1724  162  133  1150  2398  1318  172  888  29  169  58249  42618  14631  10868  17136  6351  3210  157152  69568  38955  27400  263631  69607  478612  598203  24746  500951  5937  1801  1945  6180  13095  515278  447392  180117  71077  109719  11502  3770  97204  24640  6352  2026  1310  18416  160218  54238  19590  101227  1242  87861  183313  101770  0  1.83684e+06  116787  66032  43390  290913  
78  454  1260  1319  377  116  9663  26840  3664  3309  1084  606  682  320  262  809  325  2682  1243  3696  369  149  353  463  315  34  35  152  432  293  76  223  13  65  13641  7556  4415  7714  483  1197  737  1832  7253  726  584  49835  17039  21234  172651  10269  290062  1804  237  384  1511  4285  292078  124464  72253  30597  42999  3451  522  12230  1651  1883  953  1792  3987  56207  16656  4467  16632  379  5318  101346  15181  1.45471e+06  0  2048  307031  74503  525982  
4729  28  2771  7618  14  4  915  740  13  22  12  858  234  451  278  18  19  433  240  722  50  90  46  411  60  8  7  1148  90  137  7  620  1  73  1083  9951  299  258  957  261  184  129747  7613  25011  64021  683  184  93328  3128  92  484  7  10290  4765  2668  1528  797  1636  2950  758  3086  455  537  3733  9072  1808  236  2374  12496  7837  8233  122  4276  12  564  68330  352715  46303  2856  0  8056  21089  10304  
455  768  1448  955  396  30  4440  5777  412  695  4609  176  327  2443  2995  641  1474  37664  10702  30930  2296  6556  18488  21197  9998  1861  3116  1686  2656  2700  412  1604  92  406  86179  2585  3688  3074  1506  52588  2436  8769  1633  1373  4298  2136  1060  31471  16963  1267  22518  487  1394  3073  1789  174480  27130  15146  39299  7349  89193  30196  21065  47521  160052  233223  359008  458075  222527  168032  26763  574  13555  158  2295  1.27944e+06  45881  44061  109445  9386  0  1.00798e+06  115015  
271  265  566  589  103  8  1569  1226  61  150  411  73  44  208  215  137  102  1721  658  1844  251  548  481  1666  317  54  54  460  683  300  30  242  6  23  4005  1701  435  866  386  1090  973  19174  793  772  2328  1229  574  17756  3246  210  2479  38  714  505  329  10631  2892  9863  28116  3743  27569  5977  2847  33625  18248  5910  8295  262443  594210  51724  35419  651  51740  411  21906  601708  43639  62347  75699  32143  1.15753e+06  0  67654  
1900  20816  23214  8245  15338  7600  130382  733064  33566  884723  138538  1224  1762  8096  7740  369054  52855  434538  72662  78059  8796  7996  30902  38095  17942  15376  5320  27723  29348  21124  4918  11989  1061  2801  3.34586e+06  820977  513552  1.5666e+06  43133  93262  83897  6878  8929  3406  2044  61717  25717  95789  676404  40876  873518  34567  437  498  1604  8184  1.08975e+06  312800  421216  61461  129477  21127  5195  71597  45916  30245  6012  4670  22101  113451  31494  8840  32155  1540  10554  3.25307e+06  128074  903872  2.34267e+06  20210  661334  152622  0  
