4216516  
2406394  
598148  
2939511  
4039576  
3877273  
6939084  
11747853  
4009100  
6881179  
2956280  
2225514  
2345890  
3223255  
2839467  
5727145  
6987851  
5815669  
7536946  
8373261  
1303429  
1067864  
4156465  
3642795  
7426124  
2186167  
1946115  
2216591  
8239488  
8979816  
2650030  
9068922  
761851  
6488173  
10639077  
2883498  
4540649  
1838763  
582493  
3519018  
2163116  
4220276  
1867641  
488720  
2990678  
3262151  
4724323  
6933249  
12145567  
4351139  
6950471  
2009150  
2383741  
1749885  
3085437  
2668983  
5447815  
6809872  
5716684  
8526735  
8144256  
1647598  
1095506  
4833973  
3563953  
6488155  
1881502  
1909106  
2084162  
8873229  
9642444  
2824362  
8906512  
846207  
6280650  
10745671  
2247894  
4441775  
1934769  
572755  
3048441  
1929051  
11324998  
