0  1.65989e+06  97232  706156  279029  94203  668323  115010  2552  8177  7138  8717  1904  2222  3180  8815  21947  36895  16500  29711  12801  27006  104652  62735  16036  5859  23849  227663  13803  30617  3842  617670  1100  1.11218e+06  67434  121298  425212  51377  11607  21730  54540  7847  107  5189  14512  94  181  4014  9616  346  833  367  996  514  206  530  581  66  3438  281  3349  1304  952  1744  3706  411  236  211  783  718  780  19  937  11  162  9242  17855  2465  1692  3115  732  689  28174  
1.031e+06  0  6238  3067  715392  99931  589712  79831  3765  6318  11009  325  1337  2111  3613  4937  19647  24764  10244  35917  7563  18906  41933  45246  9881  4937  4741  14833  8906  16961  2206  85135  331  40616  573812  856718  511389  147098  2794  25645  11065  575  213  531  551  271  375  7672  11921  774  2223  724  125  319  180  607  1076  111  4189  388  3708  1057  739  2160  2799  461  295  281  642  671  518  21  552  7  185  38758  7958  6250  6187  301  1326  2630  183717  
52830  956  0  144900  338  413  279954  112995  498  430  1376  230  185  242  614  299  494  3622  900  4937  1370  4303  7366  11641  2751  1050  1281  11467  2648  7602  94  16147  22  1728  52385  200587  106261  16798  29976  6741  4171  10054  749  13009  8004  147  204  10971  8736  425  234  90  777  183  85  147  108  14  805  97  746  182  197  614  735  159  74  82  293  284  347  2  392  1  147  8191  27208  1322  700  1868  310  399  15987  
709435  562  149885  0  642  633  10295  790811  946  499  1662  1.37978e+06  19903  9449  5289  221  374  1998  589  10526  1296  2199  3334  4929  2404  1281  15946  54656  1756  7977  54  35487  12  4742  21249  102298  31088  6652  31346  5817  8942  73236  4895  187321  718092  882  486  93859  245857  772  535  656  227251  18117  6874  4382  402  79  2211  296  9537  1164  962  3140  1829  1351  1218  1497  4021  2325  3406  16  4231  11  1476  20966  155554  9151  4154  30586  2353  3476  12005  
333812  956064  5227  6192  0  1.04857e+06  1.46223e+06  404660  50295  28032  24251  817  5081  7450  5757  22664  82424  51686  34664  69782  10908  10556  30880  11782  11237  6073  5594  6489  13397  22256  10122  73852  2095  285190  643530  784428  503011  140462  1630  19053  9115  1279  475  1875  1289  1272  3869  65654  71880  10627  4625  1468  374  1164  396  1088  2302  213  7859  820  7448  1553  722  4361  1445  1073  512  512  951  1439  976  43  1107  24  962  87869  24983  21408  19740  348  3068  3536  258159  
37402  65054  3597  5113  907628  0  557687  733918  849644  1.56223e+06  26182  806  5507  11712  2395  95767  155912  81697  74662  47159  5088  4458  17274  4707  11219  2447  2025  2713  26454  35620  17034  240488  12796  947026  94699  122385  308049  40497  845  7932  3151  1195  373  2175  1436  1360  16184  91840  120384  37059  12097  1326  341  1407  432  723  2470  358  7617  870  7403  979  511  3338  896  1142  364  403  567  1887  1077  71  1776  26  1411  90262  34171  23258  17639  180  3985  1501  91813  
487969  637484  283047  23819  1.93413e+06  734873  0  2.54892e+06  1.93284e+06  89098  26856  1213  3822  7523  5766  13764  54828  120356  129505  78674  13347  32766  91180  80458  39709  9441  10751  38815  65533  52638  6601  105868  532  28406  1.64501e+06  2.19661e+06  744541  200808  29031  63141  38486  19329  3472  11588  11994  3712  8890  180589  162565  19799  9203  1931  2136  1121  539  1494  3521  381  13795  1650  11414  2453  1746  9380  5867  2479  869  921  2314  3448  2446  74  2660  34  2026  209569  109941  45606  39586  2286  6534  8398  645454  
27854  21792  220502  1.31911e+06  141508  190812  1.98271e+06  0  2.06365e+06  555412  524516  758411  648239  881441  61333  20279  37780  96085  30914  485971  34800  25711  38035  27279  23818  19115  22095  46650  19350  32585  7185  43509  697  22755  2.05583e+06  2.54615e+06  578181  352441  23451  76223  45013  68989  18198  134389  121939  12640  63463  576816  2.29978e+06  148144  119089  30208  146671  145246  21572  28982  8872  1507  39282  8316  104863  13837  5890  31982  9131  10113  10941  9894  5747  12023  7604  303  11078  96  10115  485184  423642  172906  131853  9107  25618  12111  1.10351e+06  
1380  4919  1514  1200  105447  762872  1.10202e+06  1.74618e+06  0  1.67814e+06  15130  105  329  2151  728  17944  20848  151406  176692  37740  3151  2548  19412  2685  19281  2009  1630  2779  51709  26867  1912  8054  172  4659  187641  221329  92363  66426  526  7798  4849  634  98  1353  794  516  13708  27894  68801  33892  17946  1081  133  174  104  235  1204  246  4771  919  3501  543  301  2611  519  645  162  176  324  1363  817  48  1415  6  741  36196  23753  10054  7650  72  2365  978  154763  
16833  22283  2786  3481  112297  1.74758e+06  202798  1.08404e+06  1.56261e+06  0  139801  460  3563  18600  3618  2.2447e+06  216484  183407  110385  97841  8474  7390  23725  6310  17801  4630  3782  4273  37714  49793  18720  375886  65686  688321  417019  485340  619497  339280  1070  13290  9942  1053  250  1510  1158  785  16154  25115  225562  54101  151696  33463  281  1355  752  905  14378  1107  18024  4549  12726  1533  638  8884  1160  1815  575  564  644  3080  1613  97  3115  57  3712  62063  51113  30940  28169  140  11183  3007  473363  
1350  2133  1433  9882  3678  2558  6488  652917  4022  226328  0  3120  41322  1.3326e+06  1275  81204  15175  58770  2339  969241  2507  1254  2493  1258  2179  649  885  2273  4696  5870  895  15661  2405  5689  96746  70842  50637  40480  784  7554  4336  1766  591  2464  1513  1155  3042  13357  164623  9417  288665  132635  821  3612  26694  3403  101929  8495  159642  5908  153360  1929  764  8056  1185  3366  1018  1197  1009  7315  2592  639  8110  719  7918  79342  48070  41072  42409  206  21529  3522  114863  
8571  329  3863  1.03935e+06  677  361  7031  1.09776e+06  382  544  8294  0  321413  97913  52147  247  378  1796  436  42442  4635  3055  2054  4778  8010  13842  21875  19123  935  2925  55  5264  5  1183  19233  23984  14186  3940  23450  19774  5047  15752  1574  28969  130563  1054  353  39443  170081  522  504  450  417017  64668  10029  12066  283  56  2277  475  15816  2898  1494  3856  1709  1355  2641  2682  2756  1632  2250  14  2560  5  1081  26593  38766  22009  16270  17534  1925  1719  16322  
2410  608  3205  32712  1900  1312  8411  1.24744e+06  1059  2378  48012  337236  0  710703  320867  1165  1108  6282  1315  281696  31262  15146  3044  15339  39132  75558  71275  6730  2326  1571  128  2240  57  976  37610  36689  20875  8302  4530  104176  4495  6387  747  12485  25213  606  1800  33973  267480  1548  2205  2971  166456  582452  68399  54759  976  131  6567  712  100181  18513  7149  4120  4739  2392  7646  6358  1614  1396  1198  35  2004  11  2403  43482  25617  36155  27377  3142  3934  1274  34362  
1259  997  2471  24458  2980  1806  6690  782527  2073  13813  1.04848e+06  60554  413612  0  632735  2204  4134  14166  1918  1.21037e+06  67754  30633  3321  17417  12632  22937  22952  2811  2821  2540  333  4838  549  1968  48247  39019  22402  10485  1243  44621  3220  3420  895  6245  5440  677  1488  17579  164769  3646  120956  80702  19922  86052  462343  132973  48829  2184  60791  2419  265767  43347  14369  5722  4661  2440  3795  3700  910  3419  1496  188  3276  144  3864  41933  25890  21733  20638  614  12057  1796  40883  
2627  2397  2608  14512  2628  1256  6440  199937  771  1653  5457  53526  244980  732399  0  654  2854  36707  5634  1.7804e+06  90214  129305  22663  642931  54535  125470  95105  8044  5964  5684  172  7626  458  6183  83900  21291  32293  11081  1502  190211  9119  6470  496  4387  10971  293  355  9891  78643  471  1114  2112  38132  120249  234640  746520  1061  128  25451  1183  428623  49000  24780  11145  12158  2996  6918  6201  1518  2463  1953  205  3007  50  1402  25325  15394  10421  6580  1138  6996  1922  23399  
25447  32571  2646  3461  92172  134729  86833  205063  183097  2.52806e+06  191014  438  3498  19760  3184  0  1.9092e+06  655361  79224  88030  5086  4242  14271  4323  11029  3393  3090  5160  31372  57379  21243  422825  210952  756719  373209  103852  662074  299531  1151  11740  8069  640  200  588  508  628  2089  9459  47550  8455  57888  17436  192  833  1323  888  44957  5174  45243  2138  17528  1224  517  4722  900  1628  482  451  485  3909  1136  163  3534  201  3724  35296  23127  15433  16260  132  8536  3368  445246  
31981  45465  9646  9055  130381  196148  95592  224517  98152  180376  309306  1517  8335  74830  18501  2.2347e+06  0  783282  1.61604e+06  338878  21576  16906  40515  18818  59694  18652  19112  37762  231172  594323  432877  2.37894e+06  665182  648745  395642  132930  609931  170082  9324  166033  41859  1607  511  1349  1540  836  1855  15994  33590  2900  35764  18561  535  1555  5335  4463  62928  6589  199141  6005  86373  4919  2332  13975  3513  4667  1790  1723  1990  10969  6330  857  10705  589  5210  75560  32751  22601  19372  796  14562  6478  249201  
28882  35669  15815  12226  74014  81810  143039  146632  278261  182592  138779  1775  2890  9392  7349  512017  595244  0  3.20052e+06  921788  107565  64055  745627  65723  164245  43804  20456  56140  107315  118495  3195  137099  5464  102212  370858  122326  505515  159204  18010  246099  71264  2992  675  1568  2560  630  1861  12901  23343  3761  13621  5052  709  805  1379  3705  15038  2764  213220  21501  94352  15472  8739  48837  11609  12271  3228  2982  4427  27927  17590  1162  16857  404  3642  103175  30656  24984  16205  1714  24565  10339  173742  
27198  30235  12005  8699  62894  67203  190263  86141  218017  57022  21664  1297  2212  5850  7236  32162  1.99677e+06  2.97297e+06  0  147627  14994  14583  1.36564e+06  24174  502334  59524  32216  53434  1.17782e+06  1.83909e+06  487753  348289  6021  137163  220519  79366  357622  104535  11888  175421  41008  1509  292  842  1576  363  1218  8794  12641  1999  5276  1837  414  532  787  2624  5822  1055  74047  6564  44206  7065  3809  21609  5160  4841  1780  1547  2127  9438  6844  448  6910  121  1413  43371  13205  13284  8066  942  9665  4573  117916  
14824  15690  18868  52859  16290  8472  51212  716731  11975  51989  1.31665e+06  39603  321692  1.22967e+06  2.07208e+06  37135  45549  872808  50077  0  1.69369e+06  689569  129144  922282  136343  169557  140827  54857  82399  88278  2331  67384  2876  27382  544752  167897  299125  136597  17995  539683  74423  14380  3156  13603  14739  2126  3063  49083  172130  6318  40621  23856  29063  99413  190160  475133  44883  5517  575393  46761  1.54275e+06  237078  103148  263493  64819  44526  30607  26508  11406  56480  36755  3462  41680  963  10990  315037  96646  78204  55394  3814  75056  29126  185763  
1381  1209  1669  1439  569  248  3851  9051  336  550  1831  869  3577  8098  46997  150  770  105195  3243  852774  0  616059  66853  217620  15154  22448  10191  4656  5875  6716  38  5738  43  2076  46480  5136  17196  4402  1333  55476  4501  533  100  266  409  91  85  1149  2706  97  333  113  470  1516  1501  6151  186  35  21830  1619  31143  152714  39402  48918  32227  4889  2658  1738  844  2451  1936  141  2217  12  498  19821  2676  4108  2157  259  4813  1742  6342  
2395  2180  3269  1945  561  219  7631  8524  207  448  509  696  1895  3330  39082  97  381  70090  1493  239102  412125  0  115573  647450  16719  29130  8418  7202  4397  10684  39  10498  43  2343  42349  7108  25057  5029  1651  50642  5965  302  40  148  352  26  39  428  1107  70  108  42  306  757  617  3035  44  15  6916  407  10078  66202  54486  16204  130614  2107  1321  709  468  1105  929  31  844  2  123  8532  1011  1334  511  167  2359  519  5803  
39090  24632  18191  10743  11058  6020  72888  47900  18771  4779  3672  1554  1832  2543  10648  1322  9768  589396  1.04634e+06  65546  53160  112323  0  357784  1.25261e+06  122411  38374  57240  1.2245e+06  650662  1911  210233  754  65275  152081  42901  241868  38033  10334  161594  38912  1185  105  624  1648  85  266  2201  3715  408  1084  367  472  421  240  1756  1239  169  17297  1699  22449  13229  11524  41856  11123  4653  1890  1337  1488  3112  3137  114  3140  26  521  23574  4700  6160  2049  863  4448  1836  36348  
10388  8095  18013  10279  1594  674  36032  33323  639  1207  1296  3073  7550  11356  493317  280  1318  173523  9211  540196  239807  1.00711e+06  635261  0  1.60837e+06  645464  55621  63165  54552  98372  141  56849  159  6622  130323  30888  100395  14790  6464  306292  22079  1214  82  611  1893  72  99  1190  4307  151  309  130  2084  5747  4627  27084  188  40  10601  704  41664  25670  30578  37127  214876  4383  2603  1838  1218  2360  2308  70  2239  17  412  19123  3266  4037  1273  725  4626  1086  32571  
10599  8108  12629  7956  6002  3905  46469  32595  17222  4595  4474  6253  17464  21024  44429  1351  9313  137887  198519  58122  27190  57557  1.25625e+06  1.71762e+06  0  1.9358e+06  1.03485e+06  207497  3.36928e+06  185267  1006  71372  773  22087  118753  31092  101598  21577  5634  950539  38816  754  77  525  1210  76  209  1698  3866  323  1285  426  1535  1589  922  2131  1565  250  13202  1029  10506  4768  3204  11240  9029  3159  1056  815  886  2103  1847  85  1966  27  344  14473  3557  3931  1837  501  2826  1176  84162  
1729  1067  1815  1668  702  368  4006  8417  808  362  419  3722  10808  12753  39793  129  855  34365  20244  23535  10959  30510  88736  269928  1.57159e+06  0  470962  75812  57709  43846  77  11550  95  3499  16361  4585  15830  3062  1125  593995  15500  150  13  147  302  11  14  271  1262  36  105  32  895  929  507  1010  100  9  1509  144  2073  1273  795  2274  1717  392  194  145  163  367  356  11  339  2  39  2018  522  654  247  123  427  173  55979  
42352  983  3703  12138  804  447  5621  24599  1595  912  1752  11914  34168  39874  57705  368  1258  18797  12626  50045  15550  22537  40007  50985  1.12025e+06  762788  0  211872  33640  13658  79  7528  160  6315  126267  19986  55746  62100  2166  1.08215e+06  378842  1420  57  797  2470  27  41  805  3790  59  246  102  2668  2772  1327  2351  273  44  5806  288  4646  1998  1345  3164  2370  826  584  447  344  544  468  38  571  10  108  7972  3432  1232  647  621  1310  449  72060  
302953  4470  56762  118740  1665  868  47029  62349  988  1882  5054  6787  1751  2146  4650  1098  5178  30382  10444  25035  11183  30785  70548  77829  151885  23753  215261  0  245186  402050  2096  333798  318  51431  398116  107891  268448  128733  18700  429902  635685  7763  98  4378  14934  70  103  1838  5402  213  541  243  1355  515  422  785  569  126  15865  747  7404  1463  1075  3013  3853  804  322  308  1722  2007  2313  88  2448  21  258  17721  17516  5055  1695  4400  2015  1712  39073  
14135  9779  8444  4831  12531  9789  70480  30807  51972  15138  21589  777  1711  6010  5692  5806  53640  125975  492739  60406  19723  45447  1.30593e+06  133440  3.30631e+06  66714  46726  299072  0  4.40943e+06  22927  143423  1559  32496  146897  35584  132732  47808  4039  271803  17227  648  171  393  696  181  419  3214  5033  662  4076  1611  265  354  678  2156  5975  829  37214  2831  24934  6010  3563  16066  7189  2893  1520  1249  1017  3742  2680  296  3397  83  957  22545  6544  6812  4451  431  4444  2395  85336  
29563  25763  17133  11933  39190  39054  78347  97392  38357  24910  94637  1767  4729  20566  18252  23698  809084  235807  735049  208692  46401  129350  723217  344380  268045  49865  30446  363003  3.88711e+06  0  1.35856e+06  3.46957e+06  11356  90090  334431  78366  436328  124281  10517  391241  49023  1364  251  915  1832  317  684  6556  12763  1128  8859  4894  544  888  2222  3716  18547  1888  91831  3572  44503  6698  4668  13436  16402  3313  1792  1550  2013  6297  5057  475  6444  228  1804  39533  14531  12021  8087  970  7475  3911  187193  
3847  5593  972  789  13495  14326  9923  21997  4652  4477  12538  130  688  3033  2370  4702  1.06256e+06  21838  399761  25582  3531  4276  19358  5375  30985  4226  3133  10694  187769  2.22399e+06  0  952220  798  18143  32870  10278  78345  18192  593  15450  2907  94  26  101  120  39  106  1258  2669  190  1131  670  50  121  282  405  2371  234  11387  327  5293  583  254  984  445  275  149  126  114  560  378  62  625  29  238  4544  1802  1295  1095  48  853  438  24913  
559883  134335  110291  101354  98218  286533  235878  288945  20654  318404  204941  6988  10725  44048  55884  297560  1.78364e+06  469385  284787  553776  117917  169879  519964  278654  163998  73440  55981  575754  183608  3.99575e+06  610653  0  826142  1.60381e+06  351509  192580  1.06481e+06  156385  24839  232184  154934  6970  494  4475  12235  535  1184  15165  33044  2283  9240  8721  1809  2354  4308  8286  35120  2614  133959  4823  75240  14414  7289  23121  18985  5505  3479  2977  3582  9066  7182  698  10263  458  3291  62808  33103  19485  11551  3752  9710  5528  160892  
4325  3990  433  410  8899  19016  3724  17098  775  48082  37239  76  576  6245  1988  189633  390073  22008  5450  47716  2495  1709  3011  1437  3494  1743  1486  1249  6548  10618  3555  531358  0  325501  19563  6596  86785  8581  178  3227  1065  85  32  69  70  62  118  803  2233  185  2385  1788  32  114  417  295  5318  382  8429  246  5533  428  182  1048  251  257  120  100  67  461  178  23  422  36  356  3479  1868  1000  867  23  533  231  17372  
1.24651e+06  200705  21087  22357  736638  1.48876e+06  119254  302427  12655  868272  63655  1572  7826  16868  9029  1.11748e+06  1.17212e+06  156234  66425  148710  26800  29326  132466  35823  33899  12311  11367  49205  54717  156098  67729  1.79976e+06  782564  0  90395  81984  1.24714e+06  38502  2043  23783  19057  1642  211  1457  2698  316  826  12994  29424  1450  5009  3074  479  1448  962  1479  7969  660  19930  853  14740  2993  1470  4537  3001  963  556  473  437  1377  872  80  1359  71  756  20904  11315  6234  5154  538  2127  1051  56733  
39876  61625  218061  102141  23093  16874  840586  2.02151e+06  71265  685833  435550  12310  37156  61784  49475  254619  40781  350477  78596  484130  104489  132956  293636  170010  130356  53249  168391  416475  139139  242019  4135  86061  1325  29114  0  5.05049e+06  395838  394252  179325  1.52734e+06  715981  9783  3400  12820  9934  3839  17541  148495  323137  36605  67382  22011  3314  5922  3350  7772  14470  1236  59534  6911  48125  12661  7044  35731  16253  8350  3887  3946  10054  11369  9129  285  9666  87  3489  791010  142254  94900  74603  5373  23708  44253  4.61668e+06  
30707  39309  352472  140571  13285  7101  870810  1.04911e+06  40844  71956  118173  4135  8085  9925  7074  11064  12285  66069  8937  124704  14487  16847  27757  17548  17058  7908  19420  59498  17949  28438  807  12239  241  4334  2.92471e+06  0  262461  314309  350561  122290  95949  4434  1510  10237  7314  1891  10273  87445  143947  19015  29272  11490  1323  2264  1158  1863  4282  368  12953  1823  12092  2407  1172  8382  2264  2043  1056  1037  2405  3090  2166  61  2588  21  1553  185058  55357  32405  30337  2394  7017  8964  918050  
102714  161179  364779  195742  145792  43977  673529  1.87673e+06  98118  400266  287621  13852  44566  52396  32501  230032  147168  305250  188498  468084  50932  52303  155450  58139  70614  31072  28421  48344  125328  135827  36425  123177  6081  150554  170860  2.10455e+06  0  1.65136e+06  217153  64311  95888  11331  1241  12690  17881  1428  5242  58918  163342  9776  41988  20317  5086  9227  3345  5782  9446  655  27013  2769  34312  7349  3678  16389  8205  4005  2130  2075  5590  7886  8984  190  8634  62  2477  71471  58028  43013  25184  13273  8712  4262  141141  
4859  11599  21390  17531  7291  3649  91258  484319  38152  203478  116739  3257  11695  15865  26560  76777  30266  101293  68578  219507  22038  18142  29034  13727  29202  25551  28966  19627  33076  28465  4820  12616  366  4324  116793  536213  1.70826e+06  0  35312  42257  122127  2146  416  2218  2575  627  1638  16042  55014  4251  20416  9116  1181  2599  1270  3677  4874  359  15115  1665  18644  3636  1761  8874  2792  1897  1532  1334  1513  2952  2817  113  2934  49  1027  33869  16240  21953  23157  1884  7803  7180  458048  
36859  377  81781  150277  177  125  28966  84281  93  528  1915  10873  3584  1668  2030  422  630  5481  1144  8561  2345  4116  7480  7321  2816  1794  10063  24017  1741  8121  78  5924  15  989  78050  383472  215375  31921  0  9126  21167  7557  87  5858  17260  26  51  1510  4761  92  269  123  4258  1997  653  528  123  5  1351  157  1600  448  518  2357  1732  880  150  536  6801  2355  4129  8  5348  4  218  13026  45102  8950  735  41484  1164  1273  16424  
9521  1549  6537  10814  1230  762  12075  28385  3165  2217  12410  15824  50809  60416  78667  1293  3735  57851  22370  96779  35990  51886  76802  104041  595551  468454  1.4458e+06  318963  198214  216095  301  34512  248  5677  1.36871e+06  53113  57985  27427  23542  0  1.11135e+06  1108  159  1227  1902  123  166  2218  6740  304  1106  465  3365  3157  2711  5140  1555  550  76332  2136  25544  4640  3852  12284  7283  3778  1763  1442  1723  4129  3727  362  4465  111  641  35963  8024  10278  5554  1482  7912  4178  78210  
55696  787  3704  7312  241  212  7659  10070  598  3508  6015  769  1159  1882  8228  1016  1680  43415  7329  42133  22318  26538  69465  24951  25368  20804  867965  288097  5505  22113  115  25394  76  9753  810745  94682  268103  450957  14273  1.14429e+06  0  819  71  426  902  50  113  1234  2448  231  746  243  214  193  225  1025  464  61  8460  532  6010  2056  1044  3421  2268  695  417  364  604  1075  1032  51  1009  15  161  21613  4080  4796  2230  1109  1862  2695  113814  
2227  167  5096  9984  209  192  5961  11419  388  627  776  681  580  235  242  176  354  2131  403  2207  605  846  628  900  230  108  388  999  229  342  20  619  19  146  6892  6274  2628  4057  1380  622  921  0  1.76935e+06  75743  818385  634902  77748  427084  51575  3326  9740  586  6279  2057  795  2029  7487  3308  29003  8507  12021  3424  5519  104974  26909  24511  2373  30935  184707  12162  23075  694  340065  1047  1.01547e+06  152406  133043  286313  84896  15428  9264  24829  68497  
259  145  5465  4475  140  145  7123  14494  274  568  537  277  295  167  132  111  216  1389  248  1532  410  463  373  449  153  80  107  289  138  158  17  255  13  103  8644  6187  1736  3160  707  401  823  1.23563e+06  0  7289  2443  736868  12691  494067  13334  1766  3360  389  2419  827  179  1518  1951  613  14308  3850  10250  2004  3100  53247  15199  17130  1593  1756  10606  9357  8358  273  116706  47  23874  357924  345298  304072  79807  7911  14637  7525  84187  
11126  149  49448  92710  178  265  7318  25997  806  177  170  3010  668  344  269  40  62  329  82  714  121  217  347  403  180  88  1383  5122  158  585  11  3245  0  335  3611  14015  3022  852  2306  442  890  65365  1768  0  146158  579  630  110600  100421  1140  348  140  2048  967  633  360  170  48  1237  289  1558  233  345  3942  1347  1192  195  208  920  840  1215  12  1826  0  1472  18314  77391  15467  2833  4927  1059  777  5670  
42949  504  41921  848883  569  478  22470  151901  1206  373  765  140986  15233  4413  3317  103  291  1119  318  5824  637  1062  1562  2146  978  706  8041  23226  672  2777  47  12556  6  1359  10741  32746  14582  2900  8579  2464  4223  840291  695  212031  0  292  664  19323  536717  1321  548  453  1.20974e+06  38297  12823  6175  281  58  2158  324  12301  1240  1517  4768  4049  2696  2004  3298  14340  6419  12546  36  18338  4  3339  15064  178722  13379  1965  120807  3507  7445  7486  
203  284  881  1080  927  1078  6245  26666  3593  2852  2354  159  443  560  312  674  496  2493  570  3451  769  789  717  685  347  155  177  430  341  338  48  492  29  247  29449  20819  4704  8150  467  723  1800  366647  778325  3120  1126  0  1.12036e+06  1.14698e+06  59595  36247  49548  2045  393  1109  408  4326  29265  13960  53410  10919  32211  4378  3852  74338  11178  22257  4154  5854  10684  49775  36170  3828  78859  3284  396567  1.16076e+06  402922  298363  239863  976  45193  13810  352486  
281  313  1190  1529  2619  4924  11429  125326  62250  11348  4653  213  1053  1073  515  1650  894  4241  1512  5619  919  850  1169  761  663  295  283  669  811  641  98  716  42  298  65636  54143  16130  20020  387  1215  2034  57126  80306  6025  2617  1.07953e+06  0  1.17032e+06  288363  671647  1.39912e+06  4301  720  2721  929  5361  68681  45497  67478  19559  33637  3621  2710  56374  6834  22475  4656  7518  11283  104393  79377  11698  293420  6827  918414  575798  182990  169328  177942  574  60024  8891  356165  
2303  4939  31363  37130  18958  23299  171639  365860  45173  13003  8142  3589  1801  2486  944  2934  4839  9232  3987  13249  2232  2555  3565  2526  1824  745  998  3055  2365  2744  623  4321  103  2656  206055  212328  49291  34959  2223  4484  5680  294016  647461  202913  17780  1.86944e+06  1.61074e+06  0  1.35796e+06  1.62978e+06  301472  5137  2936  1929  832  7137  97803  26393  129108  35251  73710  8268  8334  153358  29044  89500  7344  9300  18153  308816  140040  6580  72567  1858  162643  1.52296e+06  1.52357e+06  345946  223632  12817  112840  24386  630814  
17595  8318  52855  214847  55404  67126  343286  2.08792e+06  265371  232998  77839  49421  103151  83537  36297  12634  13367  36706  13497  162662  9730  8813  12701  10973  8070  5112  7519  14859  8550  9923  1976  13781  341  6965  772807  851472  199162  174880  4083  21226  17531  40115  8874  217510  471992  16410  85876  1.92205e+06  0  1.47881e+06  576162  501000  1.40099e+06  1.33673e+06  744017  206657  33042  5386  178915  35938  636791  48392  24639  105686  44019  47576  96398  86005  19699  38398  19970  661  38904  695  92187  1.18875e+06  2.12601e+06  463570  353330  5195  148626  20550  922190  
187  332  1603  1271  3233  7275  11683  98585  81304  14842  3442  74  133  487  174  1255  699  4330  2029  3836  539  596  1338  560  744  251  260  516  1007  627  75  619  16  323  65145  59568  17554  22538  233  1227  1578  2845  1284  6046  3608  41472  1.02351e+06  1.358e+06  1.5721e+06  0  1.71139e+06  1552  411  323  119  736  46580  12249  48085  56284  13047  966  871  77746  2446  48436  1625  2556  2460  225904  72403  1202  15524  123  8765  142053  184506  92448  70951  227  26852  2923  148385  
369  647  818  1208  1356  1905  6812  83733  55140  119253  45756  126  352  4952  356  11237  2175  9194  2111  10038  973  886  1746  751  1369  394  366  517  2015  1051  156  1525  140  794  73068  100760  22753  35047  345  1508  1822  12250  6342  4165  2873  47472  1.80057e+06  311491  834564  1.82288e+06  0  56337  506  1036  934  3251  2.33956e+06  176828  150073  116937  33081  2433  1618  98571  4321  51818  4005  8243  12431  218117  111502  14499  672871  94395  967473  263327  248483  388363  284576  494  127392  18950  348579  
824  677  837  3096  1297  1348  4132  39563  5653  160583  163198  574  2268  30975  1554  32698  6900  16109  4059  29111  1159  846  2863  766  3657  645  679  850  6283  2321  318  4548  500  1329  70270  105246  22525  34517  225  2113  1921  835  125  2273  2453  267  850  4556  617838  1037  98958  0  2051  38645  757035  2538  87859  1158  65849  508  390305  5013  1337  2077  1302  743  664  552  399  1121  609  131  2139  175  2648  23440  31115  9232  7288  162  3134  934  61859  
10998  551  10060  227084  2129  1047  24262  328488  828  662  4351  474261  144914  29400  16387  323  759  1943  481  28079  1979  1777  1909  3299  2570  3474  11492  16390  762  2682  122  5014  17  1137  30490  36470  20214  5647  18030  6309  4548  46044  905  19689  717717  717  535  29811  1.03096e+06  894  665  1406  0  361941  56079  44096  492  65  4161  449  70707  4901  3739  5099  7985  5519  18254  17393  11721  6884  10364  27  10506  2  1422  26898  73498  20369  11242  70453  7576  10316  19490  
5139  572  6314  34251  2930  3156  15987  324107  4195  3608  12872  30899  351309  95409  66113  744  976  4119  1038  141621  6887  4614  1537  7303  3417  5145  5349  2808  966  1055  113  1784  45  697  38636  41252  15887  8421  1696  8469  1677  24366  337  10536  55023  601  1532  25406  993208  1939  1758  18700  352420  0  415520  169184  1516  164  13381  983  489144  37930  23702  5693  19870  8136  32243  27634  6503  3923  4081  43  5223  21  3045  40144  53224  27665  20480  6360  12347  2273  36005  
3202  667  4412  21367  1374  1366  8016  95009  3755  37378  83944  7907  79766  478570  320948  8810  4874  21863  3472  432222  21880  12581  3183  11436  5119  5610  5231  2092  3817  2356  221  4352  327  1426  42224  43170  14884  14938  635  11683  2429  11859  264  8127  24641  309  798  9290  853763  1029  4060  788801  93014  453855  0  712414  6060  606  50605  1156  1.32598e+06  71724  29619  6162  14407  3229  8390  7206  1708  2754  2144  156  3409  109  2700  28572  44587  13763  8712  862  7888  1506  31969  
3956  880  3777  19812  1137  669  6118  71312  696  1476  10662  12257  48542  143604  660799  738  1928  15687  2932  451840  25961  17926  4105  41736  6019  9192  8805  2720  2215  1945  95  3170  181  2062  22820  12676  13577  6017  1370  18603  2609  16345  319  5250  28013  346  482  7407  145027  700  1277  2186  92940  335170  554206  0  1136  293  34852  1234  1.53691e+06  65390  79760  15159  510945  31919  189373  151863  9072  7039  4051  413  6081  91  2852  47071  29014  15895  9207  3242  110650  5282  17637  
398  584  430  856  1119  1246  3165  12168  2629  39713  82458  131  249  11463  266  55986  13961  14338  5306  16285  527  459  3794  446  6623  447  492  678  14272  3774  593  7899  1046  2072  28634  31467  12165  11831  300  1561  1237  9518  5837  1345  865  37710  83095  76853  78818  146699  2.4754e+06  65918  251  787  1660  2213  0  2.06419e+06  851909  50533  44260  2066  1022  28286  2440  18934  2007  5499  11055  112264  66822  14945  819091  498703  808740  333252  91969  429078  347715  455  148470  36880  414603  
484  683  672  1181  1123  1234  4677  15361  3192  14500  81544  192  294  12642  580  48926  15231  43146  7619  42254  969  852  3800  776  5991  475  577  1117  11990  4719  628  9820  1050  2100  27130  17302  11863  9768  666  3319  2247  8933  5580  2164  1105  38601  144702  120380  68991  136088  481896  18542  394  1252  2223  4757  2.40497e+06  0  896034  1.86588e+06  121807  5420  2515  79221  6102  46158  4107  6500  12333  340119  570192  533233  2.08468e+06  464330  682714  392118  112437  248176  184115  788  87658  31519  278180  
3034  4309  3345  3818  3930  2728  13866  33131  3877  12138  82975  521  847  6727  3041  31270  41987  208301  35876  145186  28990  23565  26084  15849  21782  5028  3989  8072  27652  17599  1463  30188  2183  11040  118976  40977  65883  38413  6052  28968  16728  19957  5828  6071  4947  12441  13350  70300  113294  102209  144968  22101  1379  1932  2454  10150  844536  756338  0  2.75607e+06  971185  125299  62680  892241  73950  139094  17992  17795  29225  160423  97805  6273  190502  8224  208655  373308  82713  353741  188811  6366  157105  85114  217193  
1552  1879  2033  3388  2377  1288  15554  39637  4999  5878  11346  487  757  1453  1227  4043  7121  52923  7287  41225  5012  4113  6125  3176  5551  1122  1313  2970  6755  4603  269  6571  435  3754  52966  29617  30692  17233  5261  8397  7061  20523  6239  8229  5488  11771  22985  121214  137566  358547  202167  1733  1490  2357  1097  4442  33445  2.44659e+06  2.619e+06  0  243461  6603  6518  1.96111e+06  19453  324063  17024  23331  32518  1.16954e+06  1.24684e+06  893637  355863  3547  153545  280606  73465  283193  141167  7758  115588  85579  156191  
11080  13001  11088  24860  10586  5799  32406  159066  6849  39209  177431  9846  48518  160575  267259  42182  53723  390158  97868  1.24681e+06  145327  122159  99925  91227  72242  30392  21179  22829  63046  38739  1901  56049  3453  32559  307206  100327  176033  83453  10305  98374  39813  18996  2301  10008  25081  2107  3179  33292  384469  4464  21105  355666  71439  275866  799277  1.45128e+06  25268  4521  1.29397e+06  22074  0  2.04658e+06  1.08826e+06  199393  736766  80004  169418  141138  26093  86590  57963  3823  55303  1081  15599  332860  105421  92768  57745  4767  217119  38027  134456  
1202  1450  998  1027  997  386  2882  6428  269  909  1317  317  1286  2336  8296  584  1355  26413  14685  70068  149963  97659  28194  30111  13011  6305  2999  2441  8051  3854  71  5272  280  3932  35158  5112  16135  4949  1152  13844  3073  1644  275  631  879  208  192  2818  7015  301  719  374  720  3272  2233  31379  382  119  291186  1437  989940  0  529423  126110  204302  14825  22539  15323  3908  10723  7706  215  6730  32  1374  43927  6492  11047  5991  712  33669  6802  10107  
314  278  316  481  202  97  807  1862  78  223  414  134  423  851  3048  142  283  6397  2988  16521  49044  75360  14689  20079  2930  1986  894  605  1539  934  19  1128  45  734  10488  1293  3409  1078  377  5044  677  1041  201  405  545  130  116  1585  3332  170  323  138  561  2874  1751  33262  192  47  129284  465  461776  349886  0  91474  561645  16368  27663  17117  4219  8245  5793  163  4965  18  838  32711  2803  6321  2971  484  36003  4461  4777  
1713  1322  2140  4195  1433  685  10845  25572  2509  2556  3605  534  727  861  3171  1156  2655  32302  12389  35896  42546  40481  31420  68973  10388  5350  2290  2628  6438  3745  137  4830  231  2917  48781  17310  19253  8789  5022  12593  4068  42512  9552  15259  10730  9209  6584  94912  101468  133400  53051  885  2460  2742  1146  11674  5961  13876  589189  1.44748e+06  137053  90270  109114  0  534360  1.45446e+06  74532  64766  49861  1.46186e+06  1.01075e+06  12451  323323  699  72101  194693  51669  186951  61836  10810  167225  90320  83858  
1015  444  1098  2598  200  111  2119  4767  161  326  699  408  725  797  5187  182  365  7984  3289  14269  28513  79402  13155  149711  4134  2955  1299  1238  1984  1709  27  1868  60  834  16977  2946  6768  2513  2687  8563  1420  13451  1386  3974  6115  669  811  12751  15101  2279  1575  280  5084  19906  11186  570358  685  295  174005  2338  617013  193575  684025  520883  0  1.65898e+06  390067  92998  38404  143393  90959  439  51557  44  4540  108421  13321  27438  6486  4290  197687  21615  28344  
565  213  600  1752  228  139  1809  4976  462  460  1195  268  355  317  515  468  888  7746  1411  6745  3208  3649  2294  3523  1369  495  393  595  938  775  29  882  47  439  9220  3176  4544  2499  1970  2683  1217  10089  1579  3406  3941  1251  3260  25292  19305  34445  9139  251  2423  8386  3491  54076  1597  1968  85149  57436  43568  20610  46090  1.55279e+06  1.53618e+06  0  1.53799e+06  1.05662e+06  216089  3.17046e+06  137396  804  52153  268  11988  166105  20156  32300  11126  3238  714463  71620  35066  
404  50  353  2011  63  36  529  3351  86  109  199  401  508  234  676  60  107  838  257  2360  877  1093  536  1136  279  170  176  222  172  129  3  236  7  135  1803  877  1016  473  374  540  218  2039  129  794  2522  123  219  2425  14411  1884  538  78  4198  20101  8158  176591  212  114  24960  7040  50070  13407  32483  116850  394295  1.38641e+06  0  800854  27204  65672  12051  164  7130  35  1185  14653  3304  5760  2414  745  209264  7720  23456  
1536  149  1035  6222  135  86  1386  9452  120  262  672  1124  1600  668  1166  150  280  2540  537  4943  2127  2253  1945  2139  904  399  543  762  595  452  10  628  21  273  8192  2565  2397  1055  1217  2559  802  49604  1895  2857  12670  2964  937  7026  41934  1811  2186  279  10880  42749  13026  218309  1518  376  22996  3137  107733  22847  37451  51754  117570  1.04766e+06  682041  0  220534  45700  7121  401  7839  105  28252  104145  13449  20226  6450  4446  841639  317453  19367  
2314  94  2014  6408  132  108  2789  6037  234  401  622  511  705  290  471  131  299  2544  450  2835  1341  1894  2083  2277  547  313  353  980  348  797  18  575  13  155  6596  4519  7121  4155  5686  1961  2973  391112  14049  24402  41573  15652  3887  70909  40944  2405  8119  792  7619  5495  2174  16799  6590  1602  34687  7869  21705  7382  13701  145291  45795  201232  31005  332532  0  482223  363004  344  533834  364  158811  308744  62380  220529  49097  31534  323607  861598  80987  
756  861  1018  1385  827  514  4578  11832  2462  2359  5101  170  224  780  1096  2317  4746  41427  5475  28447  4020  4111  3923  3625  2466  673  773  1922  3266  3223  149  3393  187  1732  25164  11089  17293  10241  3686  6401  4848  7717  2704  3647  2702  8891  151067  266040  34516  459534  162569  841  888  1052  610  10500  21075  50748  137274  367026  66259  24166  44491  1.74724e+06  159697  3.57267e+06  41994  53879  291689  0  4.13018e+06  27076  209806  1617  54769  365464  46516  75596  36180  3415  382313  42280  73054  
899  731  1265  2133  903  849  5838  23193  8059  3984  8514  273  363  1024  1059  2393  5680  39804  5995  29574  5761  6758  5212  6131  2494  917  767  1745  2928  3250  182  3747  198  1520  28672  15396  18742  12505  7187  6921  4891  16080  5683  7515  5272  48863  500449  608303  59829  761981  401996  1449  1787  1507  804  30345  107647  738851  259211  758851  167200  30765  48978  1.22397e+06  201850  263740  36796  32105  445019  4.55205e+06  0  1.82665e+06  4.78315e+06  3659  90089  416785  69836  102281  42545  7841  261131  63392  117494  
56  84  141  206  151  196  1125  6382  2778  804  2419  43  46  249  112  647  817  4349  632  3720  342  330  357  249  238  71  66  136  356  302  32  507  30  153  4309  3039  1529  1431  173  426  319  1267  1136  1107  286  16810  147021  137258  13704  129537  126873  293  67  169  118  4244  48463  1.0287e+06  27226  875742  25591  1560  1019  110346  3455  18538  3936  3705  2360  189183  2.63687e+06  0  747646  1643  30955  37764  12991  16455  9594  212  7872  2888  15701  
1946  878  2474  5777  1341  1249  9572  29355  4283  3883  46343  590  938  4123  1744  10336  12517  70545  8286  60477  6384  6913  7188  6405  4052  1277  1016  1938  5506  4534  469  8827  627  2294  33855  20658  23476  15119  10531  6795  5312  410804  65962  31277  25072  128068  352632  286648  172058  76689  525542  4552  4827  3685  2663  44956  482723  1.8246e+06  429069  228530  315527  35828  33965  671121  123357  166117  46074  46538  435703  354606  3.31591e+06  1.08861e+06  0  995703  1.57164e+06  283363  83240  241812  67609  15941  115780  107659  120146  
48  71  57  111  108  113  535  1543  169  352  7054  21  35  504  130  1329  1492  6457  871  6351  272  213  406  180  396  73  68  98  729  433  64  1090  112  233  2417  1322  1194  830  71  355  254  1699  1149  206  120  9090  17180  7554  8897  1282  78683  707  41  145  295  2385  321191  360710  45841  5654  29747  1636  445  4226  968  2468  1874  2072  2083  6675  7067  5304  610692  0  487538  10040  2577  20278  8066  71  3160  1643  8065  
422  287  829  1923  915  1041  4938  22701  1848  2921  14997  226  633  1786  631  3873  3421  14980  2224  15040  1559  1410  1427  1122  1140  319  281  485  1743  1204  179  2611  215  587  15675  12329  5510  5431  531  1399  967  1.04371e+06  196341  13100  9120  870825  1.57788e+06  203837  233569  20809  1.89359e+06  5738  1224  2045  1210  11596  1.41902e+06  566289  313653  52599  112930  8947  4893  114468  14820  33133  11000  40635  61396  55415  51686  21883  2.15902e+06  979186  0  115640  33290  216206  93548  1709  23499  30780  88180  
5225  4517  21703  24056  11395  9224  150318  367647  24009  33486  30023  3241  5367  7155  4700  6340  7149  36783  7542  49412  14162  14228  12772  11147  6312  3082  4830  12683  5340  6398  630  7811  259  4051  580319  294744  64798  60342  20613  22808  47796  78941  84425  81753  33016  60152  46494  943525  1.38806e+06  87761  606874  80678  5152  21766  11086  84752  411012  32726  862202  64657  543835  72024  68991  590542  172760  351990  61437  82555  239889  562902  277612  1489  130151  473  20710  0  2.77701e+06  881375  648812  56732  1.51358e+06  594361  4.11698e+06  
3259  1026  13146  17532  3650  5135  40913  82577  22690  9950  17610  958  714  2431  990  5493  3857  19174  3107  19879  1891  1698  2418  1521  1808  541  802  1992  2711  1877  221  3221  203  1128  66453  60813  15553  13544  6638  2776  4056  119366  76120  119557  68125  13888  6804  721561  568528  26047  28828  8062  4878  1767  1329  15608  36113  5515  158196  5275  147313  9664  5489  38587  13586  31585  11747  12528  23914  45860  18382  234  12093  80  4180  1.75482e+06  0  125583  121626  224261  129346  55767  246527  
4343  1770  9216  20053  4019  2822  66564  178100  6366  15777  11288  3088  3920  2921  2338  2578  2585  9235  2153  16186  3300  3371  3948  3377  1696  988  1269  2776  1434  1870  250  2979  95  1259  71185  79711  29808  26368  18912  4142  5358  132532  43820  142802  51256  42117  39469  587594  1.10618e+06  107620  399161  25102  14774  16555  7279  27822  224150  27619  276380  43353  138760  13508  8731  140956  20470  43040  22062  29769  39406  101440  35834  1747  40633  1079  43631  361380  379470  0  1.98576e+06  113354  165798  173953  510237  
1197  896  2694  6443  1907  1406  24812  75287  3984  8324  5328  853  1250  1391  1026  1499  1158  4020  1256  7889  1492  1370  1318  1136  771  409  472  942  808  745  122  1159  44  559  35960  43334  11340  34900  624  1756  1909  8011  8605  21955  6487  20849  18404  133813  557826  50282  252353  14453  1068  5879  3423  13139  119782  11981  128341  17103  76470  7541  3391  40668  5741  17314  10283  10373  3825  51895  13567  618  10130  317  11574  246631  208987  1.94135e+06  0  3922  498707  113808  1.06069e+06  
7157  79  5113  20758  47  44  3874  8695  78  83  289  5290  4994  1112  1006  39  117  772  168  2295  349  516  691  791  307  234  1317  2759  167  656  11  970  4  181  2680  10668  8263  2364  25623  961  1932  40414  520  15163  92049  207  133  8818  16169  253  327  77  65413  20660  4392  1793  290  74  4097  882  5426  1225  2211  11710  6776  4368  608  2532  28143  14732  23500  27  21521  4  834  34301  404467  138485  9987  0  5669  46846  5645  
1422  307  1768  6167  247  175  3566  9067  429  1316  3768  1241  1109  1516  1269  455  1590  11962  1674  10600  3803  4499  4494  4191  2032  940  1197  3000  1404  2312  60  1824  55  783  22042  5674  8351  6321  5777  8021  8159  5389  785  2153  5595  566  910  8960  29021  3634  34501  1757  7903  39525  12711  168629  17388  1466  44929  3654  79144  21228  35579  66256  77130  413483  254300  746302  271032  315660  61500  244  21877  65  2206  1.26012e+06  46995  94302  127508  3562  0  1.40514e+06  176087  
571  103  962  2164  69  67  2145  3791  171  445  664  313  274  232  281  156  204  1875  388  2049  1222  1325  1325  1299  358  205  286  1461  252  804  11  543  12  253  8933  3966  3862  4393  3587  1636  4949  10063  671  1251  5083  496  346  6075  7157  709  3541  317  2324  2764  1068  12136  3322  742  34167  6286  20787  7298  10406  131608  24650  62073  16806  312586  375937  102152  30419  137  39064  63  7750  815241  50959  178364  77364  17164  1.45178e+06  0  141464  
11255  12601  45972  30949  10106  10513  185648  861052  92361  940380  570333  2832  8477  24028  22399  317463  54446  266538  83255  428081  39145  33525  71173  46496  53281  37857  34279  33617  73713  60159  6585  30037  1283  13102  3.95922e+06  2.17745e+06  405859  1.88838e+06  24765  82489  224222  18709  12882  21320  9852  16010  29155  225158  743354  97499  844124  97402  1669  7207  5283  38133  498666  40984  645899  52549  324841  38674  21980  223534  48263  63111  54959  36096  44764  129169  44798  1575  42683  1051  30673  3.50864e+06  582582  1.52944e+06  2.67334e+06  5916  527910  291211  0  
