4208776  
2275543  
320606  
3480730  
3921259  
4063509  
6917312  
12362112  
4568271  
7598046  
3145969  
2661557  
2541778  
3837706  
3101457  
5736299  
7414981  
6564869  
7699746  
9287469  
1525337  
1285072  
4197364  
4112881  
7005426  
2059791  
1815504  
1533326  
7122010  
8924312  
2952388  
9110375  
834053  
6232192  
1811123  
1627003  
1347244  
1866070  
982064  
2444105  
1836888  
4123469  
5990594  
2383360  
711129  
2297795  
1548874  
81874  
491941  
692597  
1061340  
400601  
471408  
420243  
58160  
87168  
953422  
107114  
1035697  
3630719  
1135961  
4232484  
1931316  
287247  
2847265  
3497608  
5199627  
6616263  
13492973  
5366105  
8788543  
2537585  
2308446  
2074060  
3451694  
2754898  
6609315  
7703192  
6942638  
8979898  
9302027  
1752179  
1177608  
5139505  
3908041  
6258632  
1991917  
1712608  
897260  
6709348  
8570039  
3477490  
9052134  
949995  
7474768  
1468109  
1670490  
1925444  
1735833  
1428059  
2477702  
1530618  
3366451  
4870227  
2722267  
771753  
2037794  
1635450  
61818  
528745  
674891  
1002088  
397375  
467694  
500022  
108671  
99817  
968354  
145491  
989229  
3268352  
1301276  
9450945  
11973088  
4184290  
205055  
