4745826  
2332600  
617627  
3513739  
4234295  
4404543  
8904995  
15089522  
4458721  
7442703  
3464021  
2659818  
2441969  
4003661  
3063465  
5717238  
8160947  
6451613  
8622176  
9742768  
1494791  
1323956  
4673980  
3984650  
8454741  
2404654  
1928299  
1864999  
9024057  
10240471  
2968288  
10216925  
840037  
7381562  
11918792  
4674498  
6213651  
2770112  
842605  
1564362  
2157582  
83909  
487730  
705791  
1091653  
411424  
470528  
424172  
59369  
87095  
951509  
105088  
1075192  
5659311  
1485739  
5681475  
2397673  
557795  
3236105  
3745368  
5246153  
9435048  
15290381  
4906286  
8039918  
2702077  
3081387  
2123941  
3742753  
3005308  
6208361  
8035133  
7037049  
8674736  
9328783  
1973046  
1324119  
5674781  
4041427  
8089386  
2068016  
1902086  
2425881  
9013091  
10943045  
3942660  
10374049  
1099282  
7734879  
12130615  
4207414  
5360313  
2948119  
758411  
1721613  
2362443  
67869  
515097  
670564  
1026578  
411124  
467153  
500241  
108991  
99257  
973457  
146373  
1011639  
5697087  
1681476  
17661263  
