0  1.58443e+06  111765  895381  344570  75131  369669  23670  1772  25037  2280  586  340  544  959  31920  16499  31248  25810  10270  6920  12073  82922  29961  21843  1872  52057  195693  20104  129841  5409  399643  1539  915798  106153  134530  320568  24823  59160  11347  37366  507  72  380  5378  63  281  1329  4610  392  1099  1046  335  109  110  256  1235  83  5125  238  6276  1914  1171  2537  2032  736  74  411  394  1212  424  46  377  4  266  5046  4053  1851  1141  555  1031  1104  38368  
1.14373e+06  0  79995  5950  747855  30354  549647  42602  2632  9769  2690  123  120  338  668  11291  3867  18840  11062  7790  3949  8587  38302  27313  21082  1332  19976  37848  16944  64468  2421  63693  202  29933  536563  674356  444247  82518  59160  26841  41207  380  739  928  676  84  309  3755  6957  673  1176  1143  29  31  71  245  829  79  3697  224  4075  1153  747  1651  1419  522  116  452  384  906  274  26  309  2  268  10043  3280  2139  1434  501  1140  1338  119657  
34378  24063  0  114333  2066  336  286945  86421  492  1184  640  284  108  137  169  1867  367  3464  1573  1745  917  2207  8047  8269  7042  373  8925  19826  6988  30903  700  14794  5  430  68486  215281  132781  11565  49137  6680  17343  1319  1844  7185  5486  83  101  9395  12322  160  290  309  103  89  68  111  206  57  975  91  1075  331  288  871  494  285  33  548  352  458  354  10  234  1  113  3881  7788  2185  405  1132  619  728  17485  
813445  3959  150376  0  440  405  16195  896743  324  782  537  708552  22188  10896  5030  1691  444  3812  1394  5610  918  1715  3675  4482  11845  422  57985  109438  5551  44408  410  86126  59  6956  28298  176657  43668  4503  94504  4406  29630  43688  11669  148416  1.62405e+06  427  511  61789  409267  406  749  442  291468  39439  17897  7632  767  694  2966  718  6397  1142  1725  10194  3605  1903  349  9287  4759  6163  9979  160  4498  31  1593  14687  120030  26371  1903  15170  2943  5096  10105  
569408  885583  12636  5430  0  1.20182e+06  1.0967e+06  150001  112351  60858  4495  102  587  796  1451  30910  38392  44269  56502  14239  4134  5598  32836  13732  17153  1667  19688  13008  16642  46026  13707  54477  1237  481925  692928  464619  376867  128534  4841  28038  27695  844  521  571  440  1617  6381  28378  44904  6443  4107  2075  45  130  158  567  2463  437  6198  506  5902  1188  647  2361  988  1088  220  2049  1974  1653  983  124  1935  41  4785  42271  12372  11970  7241  247  3440  3359  195834  
206747  134634  4853  3700  1.06693e+06  0  588837  201529  670913  1.27658e+06  2605  90  583  673  878  71453  63491  50415  66670  8643  1489  1565  13309  3293  5477  863  6473  8238  11962  31180  16297  181144  5127  1.11153e+06  167354  89621  277685  102810  1647  5171  6253  1776  730  614  467  2388  16775  41612  126759  73478  24132  1675  71  155  301  686  3328  1102  6332  1110  5600  1038  504  3762  627  1381  286  4637  5734  2461  2471  249  6593  64  11246  57479  23976  34199  13155  299  5292  5251  133052  
369073  823542  469716  20669  2.63716e+06  734805  0  1.22771e+06  1.659e+06  70509  10899  301  956  1428  2553  37498  6361  76330  39747  32147  8860  14442  72030  37952  43488  3506  49308  30488  23639  70882  2180  50777  270  19442  1.27762e+06  966938  752004  254158  36216  71920  69299  4027  4659  4062  2870  7441  35332  158748  208525  101406  16060  5135  199  355  596  1974  6298  1885  15110  2148  15142  3409  1968  9558  3155  4265  881  10299  10968  5469  4739  434  10597  118  13908  157709  78225  58679  28331  2136  14173  12876  425186  
11120  28323  204261  1.18688e+06  42409  137334  1.65752e+06  0  1.64074e+06  373141  498186  679994  1.76547e+06  826983  284863  30297  2896  60814  16705  232797  14819  10647  28364  37871  46951  29728  66928  22525  12437  30214  928  19599  90  8360  915034  818553  604827  316637  50381  84943  54719  36769  34341  114043  351367  21847  67888  485968  2.75529e+06  230628  302793  53640  139062  92764  51684  40508  29391  7763  38187  9042  83509  9006  5324  34717  8546  17078  5334  40650  34968  20595  19479  1343  35897  449  61064  508806  398009  292806  111462  19685  61539  46494  561221  
1095  3401  1791  713  174811  427984  845701  1.44083e+06  0  1.57092e+06  1747  16  87  128  152  8401  1637  44459  51500  3292  349  377  10931  704  3110  204  1222  805  4138  3331  83  2067  7  1276  52709  31870  36279  22326  494  1617  1996  1849  628  368  262  1970  12946  16686  167985  149064  56990  1171  35  59  192  584  3705  1277  4547  1677  3819  856  402  3832  549  1065  298  4430  5680  2277  2582  223  7202  80  10509  55734  27537  50767  18692  278  7563  6028  62707  
50295  37266  7154  3141  115019  1.34093e+06  103858  545673  1.69127e+06  0  98795  201  507  1488  1124  2.26066e+06  115934  123200  93804  19740  1347  1341  14774  3221  6972  1075  9024  10330  12542  24504  10381  369039  41380  662286  563037  461856  598902  501447  5653  16291  19494  2115  680  530  440  1693  5312  8374  161644  46039  198508  27751  81  163  414  688  12683  1188  10697  1958  7980  1083  638  3372  817  1257  316  3562  4306  2984  2037  207  5737  80  12424  61551  60734  69322  30927  1038  17000  14504  612264  
864  1002  696  760  520  454  2332  468890  1478  70536  0  605  2800  1.02406e+06  6798  133480  1338  22232  1424  793310  3035  748  599  1146  1385  976  1723  591  1207  1163  171  1991  52  1139  47974  11384  18324  20925  1076  2619  2664  1128  410  448  599  504  443  3461  68011  1720  268024  280321  760  1674  22570  1549  131616  1110  55776  777  71038  1134  404  1500  551  1046  345  2756  3061  2357  1586  414  4083  185  4021  66195  67607  43028  19510  3569  11289  9849  69134  
1586  997  7286  840090  518  310  9594  1.02465e+06  441  232  1225  0  470311  111494  63568  430  121  2135  415  44140  2561  1096  520  4751  3399  2847  10607  6906  409  559  21  892  5  518  5973  5014  4165  1467  7909  4143  5121  5370  869  8155  275696  388  552  8278  328374  881  657  1305  714745  95806  15058  16946  664  165  1893  186  15168  815  402  1522  805  812  718  2271  1615  907  1036  39  834  11  630  12900  14470  7122  2053  5866  1332  1535  5127  
806  552  2652  67153  940  1703  12220  1.1879e+06  3804  1224  6382  325474  0  558604  126765  823  194  4312  793  107395  7541  2710  693  10606  10912  13589  17475  4071  561  638  32  831  7  381  20693  8696  7965  5296  3295  18329  2796  5689  627  2219  80071  1017  1964  14302  417619  5274  3593  20048  183563  562428  47944  43762  1635  426  3626  411  34930  1935  699  1939  1766  1908  2922  4504  2759  1291  1020  92  1698  21  1780  24009  14539  12576  5427  7279  2633  2507  16642  
836  750  902  27222  430  1300  3089  665005  3094  3947  808161  54397  255616  0  397509  23361  4703  60970  5844  941258  37336  10725  2190  23320  11767  12223  14088  2244  4285  2966  489  5326  113  1258  27092  5732  13001  9123  1838  17195  4273  2079  343  910  14432  575  1594  3868  170619  4335  34649  127327  27804  60546  543666  69070  70474  1310  60750  1168  246098  7472  2497  3178  3313  3302  4004  4691  2278  4241  1843  430  3889  165  3127  35074  20857  16281  8665  2524  6410  4937  26091  
1755  1705  979  12949  754  595  2996  173686  972  1178  7421  23601  43525  463079  0  4170  2316  116005  9365  1.59454e+06  71832  43266  3884  574383  103380  168865  114083  3394  6092  4339  343  7046  102  3010  48386  4522  19853  12537  2010  135936  14355  744  170  681  4984  170  468  2081  50670  877  2692  5965  7873  10906  62859  361585  4375  338  26162  990  358051  12592  4973  5103  6702  3277  2366  2596  1031  5376  1474  201  1525  21  687  13933  4424  5657  4729  741  5390  3760  33407  
54877  45215  12257  6010  34372  111573  48210  63009  66575  2.27606e+06  157526  328  288  2383  1386  0  1.95329e+06  694930  119007  37972  1484  1459  13311  4296  7376  1381  15092  23340  15745  28832  8622  541976  427538  642097  438119  92335  698594  627703  5100  27954  35865  426  204  318  373  261  715  2609  18927  3758  19233  22970  63  79  516  499  89563  1177  54349  917  24826  902  547  2192  654  980  227  1203  1291  2751  1435  503  3102  184  1235  28638  16691  9494  8489  1658  11100  15661  640053  
133726  104120  19454  10447  143939  199000  100314  89076  53481  289923  29731  806  793  16236  8289  2.44564e+06  0  925395  1.50568e+06  130832  4940  2407  18143  5190  18829  4225  37032  50228  61712  219449  291373  2.40522e+06  1.06494e+06  799412  425705  80724  984823  318879  13106  26261  54576  744  404  649  738  484  1599  5729  21847  7066  14916  33686  214  206  2081  1781  124208  3726  170314  3771  103333  2219  1160  4072  1114  2747  422  2283  2603  11892  5711  1596  8067  358  1927  50687  23322  11316  9718  2674  12517  12912  398436  
31387  35686  13334  6362  26256  82315  50883  60663  131864  174062  18333  560  563  3070  13466  487811  491483  0  2.90189e+06  544010  130814  36995  684318  44567  160096  22612  66377  42202  85144  79213  5974  100541  1374  45812  350852  44690  340825  160352  18714  150845  113174  1723  942  2025  1170  895  1731  7601  24584  7388  15424  7768  217  276  956  5852  62308  9757  348661  14970  212979  32484  29385  62006  17745  27756  2229  7561  8706  82726  23171  4240  19741  384  2407  104309  26826  27395  22004  4584  39532  27992  258657  
66505  69475  16888  7034  124384  178875  87979  76681  97250  94348  6451  425  463  3511  7906  45033  1.64436e+06  2.80846e+06  0  75273  9710  6131  1.20963e+06  13470  320291  20468  84719  52531  897755  1.42652e+06  423235  246556  2676  123017  410282  65102  538877  289044  22024  121842  153357  865  444  948  663  578  2309  6893  26907  15816  9959  4831  165  177  628  2851  25542  2976  124813  5319  90734  16522  11663  29653  7778  11410  1009  3504  4362  28399  8260  1380  7614  150  2163  49792  13636  18391  12771  3500  17529  17981  313763  
21562  24037  11066  14368  7915  3726  26630  323453  8636  35646  572552  19687  50298  626184  1.7896e+06  54609  16812  1.05076e+06  75582  0  1.83934e+06  806123  76201  1.49258e+06  199631  179313  183254  35379  78697  64113  4574  88580  684  32144  367037  32212  231850  132703  19613  519304  123549  4353  2198  4498  5786  1693  2579  15793  120506  5567  39644  43733  8008  12925  104539  86799  109378  9548  619724  23858  2.05208e+06  177215  156568  201523  125809  70912  10028  22032  19925  147257  35122  5115  34131  575  5720  255642  60518  82302  81068  9096  97649  71824  290779  
2544  2743  1406  614  747  227  2658  4610  375  536  528  133  345  1913  15673  668  213  379665  6199  859738  0  723953  42673  281723  18331  15197  15672  4849  6329  6594  155  9302  55  3437  40444  1613  21768  10707  2827  77921  14855  262  139  272  215  80  94  944  3454  75  552  258  120  248  730  3686  557  88  24508  885  102193  122290  82270  28155  37233  6255  932  1635  1323  4587  1280  163  1860  12  311  18002  2571  6786  7111  953  7639  6281  19802  
3004  3287  2852  1107  652  133  3555  5197  196  296  193  141  416  1595  31564  325  126  179940  4840  277897  681311  0  86415  762403  30482  24816  18235  9922  7333  11854  168  10926  26  2226  40001  1514  19154  6039  2304  79451  14408  177  83  251  163  33  49  552  1749  55  251  197  71  144  352  1661  277  48  8794  309  43124  57819  43497  21285  50081  3490  661  1207  1152  2948  1153  38  834  6  125  9610  1118  3429  2139  648  5636  3880  11585  
40455  43717  15410  5557  12035  3592  35450  34055  38262  19215  587  284  236  492  2049  2188  3264  651302  1.25516e+06  23624  76999  64141  0  257460  874368  32769  73288  44295  887006  710700  3733  123391  189  41372  166174  15366  235302  79459  14808  111157  114201  344  187  431  387  150  294  1856  6412  1329  1631  464  75  84  113  1740  1456  201  42670  1993  89107  47009  26218  60447  19650  11950  1000  1903  2261  7607  2444  258  3194  19  533  25001  4149  11785  10110  2273  10759  13068  101702  
6231  6121  10492  4354  1439  442  11516  21124  553  889  382  720  1882  7289  421483  932  638  149242  13220  561645  347986  816179  369559  0  1.49666e+06  431986  112672  50884  38668  63524  1003  46997  86  6530  100178  4242  63622  14860  6304  254443  44666  203  92  295  387  52  91  733  3873  126  544  549  206  382  684  2347  679  76  9956  501  46012  20560  21039  46260  176269  6336  1200  1516  1355  3851  1603  84  1010  4  198  13659  1553  4771  2662  1039  9340  6082  42309  
8263  7858  10323  6160  2670  1593  15240  32639  7402  4733  811  877  5133  9231  73742  1950  2683  102365  114097  64261  24851  32041  993107  1.49906e+06  0  1.7219e+06  1.39279e+06  284056  3.44733e+06  139186  2975  45672  110  9728  268954  25201  106016  45515  16805  822921  230960  205  112  302  472  125  213  1060  8136  613  1339  1303  220  752  742  1320  3081  195  18689  881  26870  9109  7195  12510  11981  6143  1254  1550  2884  9169  3379  148  1520  13  286  16204  2448  6650  3634  1859  9790  14534  77456  
706  701  569  486  234  124  1065  10534  529  367  105  305  2514  5285  74718  270  321  16070  6231  32217  11264  13053  37842  237009  1.44418e+06  0  427713  7466  62799  14553  434  5463  14  1100  24195  1445  8699  5068  1122  359962  14228  33  11  44  79  7  30  151  2913  86  225  305  89  353  325  336  607  26  2343  91  4590  1438  1446  1523  2459  819  283  250  172  654  219  23  153  2  43  2663  344  763  436  222  1881  927  38789  
35542  3214  8050  32132  994  973  6610  33990  617  2799  849  3066  8907  13514  93952  5989  2385  34968  15012  51313  14320  9611  24852  36362  1.00294e+06  701091  0  309231  52889  13704  622  17073  436  22754  233047  29965  129169  87158  31231  893229  624394  885  72  306  3604  51  134  605  9632  291  1219  1812  1057  1220  1135  865  3519  130  10379  390  11589  1438  1807  2289  3117  2526  1434  1454  2382  5989  2629  78  826  8  195  11048  3905  3808  1421  2355  7563  11434  108023  
373655  15638  54157  268955  3771  4444  31922  36192  876  11084  1879  3681  2189  1839  1596  25629  10795  24998  17046  9616  5176  10610  33164  33825  228750  1969  508812  0  217141  257567  2258  556866  2447  113183  45755  24463  254192  26577  33157  37754  360010  2069  139  1165  13234  98  179  1234  5250  204  1184  812  1782  508  355  487  903  130  4720  364  5021  1174  1044  2497  2430  1710  167  1034  4052  9761  4849  59  1109  6  168  5518  9888  5967  950  1808  2075  23833  25354  
12569  11354  10197  6279  11386  11949  24065  20548  23152  13891  3360  396  405  2044  7360  5739  31079  108765  715353  68143  16576  18826  1.28788e+06  67638  3.68772e+06  53778  207220  568716  0  4.43565e+06  44978  79290  231  16342  193851  20488  125952  60962  13949  266002  93184  484  256  618  556  226  406  2076  6889  2098  2470  2573  100  150  424  2247  11367  573  54436  2673  54752  10105  8899  20535  7075  9658  854  2226  3252  22033  4834  334  2998  49  482  28799  6279  10575  7749  1895  10556  15175  107410  
54333  30356  43021  24385  38111  34705  55522  57779  11355  13833  10061  572  618  6208  15131  15490  361980  187157  973167  150667  28622  42161  664955  131519  262366  20946  112103  632317  3.59203e+06  0  1.21442e+06  3.49086e+06  1247  42475  247494  34372  268727  112423  16247  180934  108449  625  362  983  913  323  699  3646  10734  2131  4351  5433  151  190  1046  3001  27862  2064  127732  4498  105114  10538  8037  17908  9047  8644  849  2675  3894  24670  7449  955  5664  114  823  39161  10526  12605  9286  2331  14010  17960  188543  
6115  5470  1690  872  19627  19400  8949  9739  1530  4735  5057  105  152  3216  6115  7001  588595  70057  494139  73264  5267  2840  36526  4660  18610  7115  12581  7470  81085  1.85082e+06  0  768033  646  10739  95067  14134  53034  57761  2159  18249  11150  184  109  169  137  106  255  1109  3561  815  2019  3058  40  71  526  1009  16400  1095  59114  1666  45478  2142  1352  3332  1051  1901  200  861  980  6533  2374  469  2406  71  379  14198  4362  3127  3162  590  4829  3780  81409  
648538  102538  73125  296766  68406  181148  100036  91268  7678  272774  26433  1071  1125  22426  25834  476042  1.30995e+06  417894  329245  292480  35676  39007  292309  110535  106733  29006  69955  653171  96494  3.78087e+06  645175  0  781871  1.33771e+06  192913  43667  768332  109300  16185  105402  122372  1046  514  1261  4396  443  1032  5409  16589  2345  7946  13864  441  374  3048  3910  72536  3970  223692  5829  169613  10667  6916  16095  8237  7567  780  3212  4129  23739  8568  1751  9258  266  1454  55414  19854  14145  11874  2961  16161  17123  145385  
11761  7496  965  542  7988  7660  4640  3812  257  22667  770  31  19  565  320  210922  405882  14096  10431  4952  213  95  1009  213  741  225  3167  5761  1788  4225  1756  458705  0  338185  5060  1288  79701  5668  410  621  3130  27  12  23  26  9  45  192  513  87  300  756  8  7  65  46  2665  51  3263  59  2104  54  40  108  29  58  11  47  44  187  98  22  133  5  46  1090  538  300  194  73  214  250  4558  
1.60896e+06  502829  22037  19316  1.0464e+06  1.7694e+06  107349  86593  7526  1.01285e+06  9845  353  438  3631  4299  1.39976e+06  971261  160704  176167  54375  6627  4385  57517  7356  17367  5202  47164  92581  33642  92515  40166  1.46144e+06  811189  0  82227  40828  875076  50830  4725  11981  56148  308  153  288  491  276  1456  5497  16144  2212  4124  5302  154  91  486  677  15522  549  28013  719  21889  1742  1138  2848  985  1206  149  911  987  2916  1107  205  1720  44  1176  14881  5804  5174  3271  501  2895  2779  50198  
47688  116037  224440  63237  50870  33953  757174  1.44424e+06  64666  417401  176796  1877  8894  25045  80987  476103  20434  767615  167379  377948  61893  54550  308971  70668  556413  46926  863406  132397  157756  126766  4535  71222  435  14394  0  2.85052e+06  623556  575346  370782  1.91145e+06  1.30958e+06  2728  1801  4526  4256  2617  8674  39620  232657  37630  58681  43172  832  1760  3644  7614  18200  1820  75028  4391  83007  13898  9414  24679  12535  13043  6610  12329  12060  23017  9120  779  8916  112  9762  301101  47914  61866  32597  14636  50497  61436  3.99726e+06  
30467  191330  289031  54315  11503  2261  387255  196637  8037  82198  50826  890  753  2547  2201  81747  1998  69025  8453  42288  2493  1878  10934  3162  36818  2040  74168  12239  6640  5505  256  3514  36  1208  1.79888e+06  0  155266  180678  813272  111898  116962  1582  381  2923  4500  268  531  4833  35415  1609  21285  31962  227  266  653  626  3198  223  7226  365  7323  814  493  1648  557  684  182  1525  1280  1398  774  87  1033  13  1142  22294  16246  10542  5903  1632  4146  4620  441820  
99676  150352  274939  79168  77092  69883  525950  983918  65394  713638  106396  5148  4136  6897  10486  472389  51527  380323  184278  138284  15273  14814  75742  33795  61658  10557  104131  77389  42068  73443  3948  92806  3275  104360  204250  733050  0  1.7499e+06  310180  37271  255434  1620  1266  4023  4444  1056  2825  17559  152242  7402  60139  69016  564  700  1452  2141  13615  981  27567  1903  29765  4178  3003  9378  4296  3747  656  3390  5308  10395  4957  364  4478  64  5030  52474  33463  61103  19433  11870  13491  27319  224269  
3719  9256  20661  6542  11298  13469  112136  290372  15241  301594  41203  539  686  1748  3577  231597  17031  150158  66403  57130  4100  2400  15777  3316  14210  3861  22570  6475  7916  7085  858  13264  427  4392  126723  195088  1.61674e+06  0  30394  33025  194518  406  212  561  539  308  734  4271  38010  2363  15435  15012  89  138  363  816  4171  324  9335  730  10149  1591  1028  3761  1134  1274  354  1261  1457  3024  1268  111  1196  18  1273  20330  9342  17247  16291  2767  16110  23582  450222  
22788  23967  83928  105075  592  258  46561  14601  167  1552  997  1631  733  685  386  2879  340  5816  2026  2949  693  752  2854  1237  7767  312  25472  17694  1433  2425  78  2100  15  601  93960  523141  122923  11407  0  9487  33064  367  160  2154  5879  30  59  786  2763  61  650  375  126  91  76  181  234  57  1236  158  1267  307  252  1012  530  356  80  323  669  1589  855  22  319  2  60  3231  2559  6967  464  6750  732  2997  18344  
2819  1959  2940  3071  805  545  5016  34374  705  1633  964  1165  7752  17573  106267  2706  2029  64798  18752  101300  36175  30221  42051  79945  573540  326734  1.25775e+06  60376  159768  96672  2656  30025  48  5670  1.46353e+06  26832  70491  50457  67479  0  1.1848e+06  401  166  474  1094  217  331  1242  10199  359  1797  3703  364  1103  1316  4272  4847  592  43397  1933  46574  9253  17640  13629  30414  16324  10579  8134  9617  26907  10551  345  3264  22  312  62775  4843  24500  4458  31457  53280  39399  176869  
10821  2573  3223  3466  595  351  5459  7711  612  1845  1032  364  444  1144  5825  3243  1091  46592  29947  20352  9938  9497  57453  10752  223682  11992  1.37777e+06  115298  10178  11917  381  12190  121  11894  734968  74901  278238  283706  73239  1.23012e+06  0  113  51  111  508  57  99  502  2087  205  1227  483  54  65  130  543  951  144  9788  500  10431  1477  1157  2972  1717  1726  529  936  2934  7150  3128  99  867  3  121  11390  1912  7048  3152  7046  7165  20390  158845  
1418  1877  13172  60506  824  981  16170  32045  2995  1460  672  566  465  243  250  1037  236  5072  1185  2360  1390  2902  799  1732  554  101  524  411  353  428  25  421  5  129  7905  8839  3261  1888  1205  931  913  0  1.63554e+06  122926  869538  388860  207496  666111  173078  1939  23804  1808  1442  2491  1876  5343  23274  18223  33396  11182  21447  8391  8126  70761  13361  16078  2556  160800  66252  33015  58259  4141  393924  2194  976843  206697  266263  224899  35753  18314  28607  39206  46124  
853  2437  16738  33277  310  364  14201  19201  1079  671  344  87  113  81  100  452  104  2906  685  1343  949  1963  532  1080  377  54  252  173  231  294  23  266  3  62  4550  5740  1752  982  450  581  616  1.32398e+06  0  32684  8008  430578  42770  412216  60880  1794  7338  1796  308  244  230  3285  9067  4676  21286  4661  16879  5406  5663  51609  7998  15966  1715  33380  15347  14614  16598  929  28265  182  20802  274097  424202  182635  22001  11431  36587  24849  40894  
735  1601  11341  74775  88  55  6073  12050  127  123  96  231  60  43  81  164  61  2088  478  847  436  1775  254  1082  259  42  355  367  197  263  10  231  2  55  2543  12165  1215  403  2684  420  494  68043  5174  0  146495  650  846  227214  74918  176  901  138  105  156  104  551  1058  1594  5201  1786  3479  2120  4354  28597  8203  3766  301  8558  4356  13114  22167  458  8015  58  4256  16503  40030  66518  2578  5598  3358  2641  5432  
9645  6989  77935  2.09162e+06  308  228  26402  396323  318  278  643  510024  35601  15826  7025  556  114  2363  520  6894  852  1260  636  1490  2254  326  11790  13923  635  1596  31  3338  5  591  8435  59740  6005  1254  29215  1515  5772  841861  5180  200790  0  569  748  27027  816479  358  874  418  1.27021e+06  136220  65066  23865  1048  1163  3922  1148  14991  1618  2542  14929  5433  2716  763  50298  10456  10584  22883  339  11070  84  4462  15778  123626  32384  2474  22624  5312  11359  6283  
281  703  2350  1981  4629  3935  52057  59487  7810  2623  749  69  610  197  211  1154  189  3296  916  1896  1032  789  979  721  732  94  709  285  335  612  25  461  6  199  24851  6752  10189  5720  416  1216  1343  573158  859607  2183  1036  0  1.16244e+06  977923  136428  20099  36061  2815  147  458  560  6380  20352  13474  35062  9932  27702  6232  2522  18655  3486  24254  3444  36673  23078  30338  16639  2985  34136  691  274313  481575  346174  127551  52734  1227  61459  38093  89191  
603  945  1958  1798  6870  17691  94803  123708  50689  9846  731  60  744  410  350  1308  215  2990  2302  2017  458  453  1509  707  988  132  1120  484  477  1027  49  933  10  511  50106  9739  24229  13928  405  1733  1882  232027  83011  1023  851  1.22246e+06  0  1.00565e+06  385787  926876  1.25291e+06  4625  166  684  1826  3117  56691  31993  27639  15380  11717  1840  721  6941  1132  5988  1288  10083  9749  33902  21607  5745  183707  4953  899168  105865  61429  60220  24911  573  13315  12217  52196  
4343  15121  72139  71215  20580  28952  308456  338066  51601  10022  2108  298  1403  657  748  3545  653  11670  4256  6472  3411  4809  4067  3864  2688  371  2505  1533  1507  2908  96  2334  16  1029  88007  39792  48074  25105  2097  4315  4954  494644  600216  186856  16204  1.5919e+06  1.76842e+06  0  1.8395e+06  1.00748e+06  94527  9573  613  1247  1828  15387  44238  20618  95269  21790  78169  19898  12504  116445  18011  40631  7937  75536  48916  48537  44850  4005  64930  968  95051  1.21892e+06  1.35464e+06  465017  185232  14971  137351  88126  397517  
13933  33466  203413  577315  35361  117679  574697  2.70548e+06  468079  236814  41265  161888  293539  126010  64458  13121  1646  37344  21698  97013  10784  6829  10921  10258  12605  6849  16873  7575  5415  7612  280  6610  43  3241  325369  166408  153592  98237  16837  21679  15930  83864  38031  134833  919655  51207  165485  1.89865e+06  0  1.74834e+06  560318  512496  783347  891627  826045  206067  51176  23907  101801  22093  375250  34732  14461  109629  24758  40430  23954  82838  53858  47420  47118  3963  70561  958  95205  818571  1.14822e+06  702053  241326  43999  98878  73425  426806  
286  431  474  406  2318  40919  52454  89900  152729  34557  463  12  92  153  92  939  203  2710  6019  1066  249  235  987  297  696  69  513  196  734  543  25  436  4  334  27329  5766  17288  12078  178  827  1002  2803  6281  519  271  34009  929006  960757  1.70672e+06  0  1.36881e+06  1375  51  131  217  1122  7532  4035  49231  72144  7358  1315  593  7918  760  2713  552  7904  8125  12200  4408  439  9083  84  15186  131848  102864  57059  35446  395  15479  13086  77171  
879  988  1234  1280  1946  30188  21282  364413  177347  169236  19169  90  306  961  319  12423  603  9434  7004  4374  743  582  2434  813  1392  171  1689  903  1185  1081  44  1115  17  1240  56042  19504  35762  26632  2262  2208  4746  42840  12696  1931  1375  43265  1.16615e+06  79258  1.01789e+06  1.51483e+06  0  72577  211  410  991  2266  2.11087e+06  169582  135124  84402  15592  2258  1187  15920  1925  7599  1140  28443  31938  72640  39778  10540  445622  107867  939659  215757  243466  377013  196595  4373  86625  60653  228820  
465  623  487  334  422  1587  3865  73956  7556  216384  313526  97  486  8978  1613  96238  3044  22296  6284  21563  1317  437  2226  657  1660  315  2141  1054  1852  1562  185  2536  89  844  40103  29521  10647  10802  3120  2111  5563  468  263  138  210  526  2697  4111  485611  1242  162971  0  265  649  643589  1276  108252  413  41951  267  372509  2261  520  1039  530  540  188  1060  1198  1077  678  137  1617  55  1681  31479  12251  10584  12078  1143  7747  4094  44021  
2388  1959  17670  443922  1094  466  20779  444341  695  317  917  848857  225630  40269  26235  522  125  2418  540  19088  1688  725  510  2091  1741  1038  8228  6649  329  626  21  1121  7  564  10645  9559  5119  2131  5351  2326  3133  12630  1218  11632  1.00209e+06  404  534  9395  1.09394e+06  624  624  583  0  467000  139587  101813  600  244  2616  277  37034  1557  754  2748  3227  2695  4246  7863  5935  2169  2427  65  1925  18  820  16031  22100  11153  2930  42242  2784  3553  7447  
598  854  5399  54971  911  1892  15960  238532  5528  1459  3443  88195  573243  103873  33624  920  176  4590  1022  49438  4643  1510  617  3580  3070  3332  4448  1081  484  558  30  597  5  213  19918  6552  6927  4758  1116  5416  1428  22312  655  4499  200541  611  1314  6551  1.0936e+06  2051  1314  1323  436324  0  405622  264766  1000  425  4851  458  98922  3643  1263  2593  7586  9278  17446  16844  7064  2639  2086  112  2355  20  1304  17612  15807  13531  5771  29445  5862  4464  16062  
800  906  2852  23693  678  2944  9198  114174  10567  27269  120974  9308  35201  521527  72137  40653  2052  37510  6541  207397  17527  4819  2647  6861  6501  5855  6872  1037  2363  1846  199  2414  41  815  26294  11562  9678  7752  1065  8645  2968  16208  610  2789  97720  1546  5832  9821  1.01453e+06  1662  6751  841254  159328  354955  0  436538  9134  543  20999  676  740174  17987  3664  3620  7408  7423  12141  11940  4993  3769  2067  145  2891  43  3016  21911  15182  16741  8189  13846  5687  4593  23708  
1268  1523  2663  13446  513  649  4800  41161  1732  1640  10729  8227  16604  48441  303540  9037  1636  67883  10514  160841  23707  6311  6608  8044  6679  2619  4782  1869  4303  3383  275  4237  43  1565  22826  4123  12471  7492  1389  9266  6491  8177  539  2410  37824  609  1584  4653  151023  413  1345  1339  70139  190142  480089  0  1410  379  37953  952  1.68078e+06  56737  32666  7165  599170  71011  184948  124848  7672  11187  2894  539  5582  57  1768  38704  10434  24414  23096  6029  62051  23366  49731  
535  677  1346  1737  444  1653  6016  40346  8928  20738  15511  121  205  894  404  57518  8103  46740  17565  10025  3177  1117  5710  1308  3071  422  1715  975  3996  2989  408  4494  122  963  24898  5866  7670  6752  1213  4664  5431  23656  7012  3713  2211  18651  51651  26612  108294  64179  2.02553e+06  107045  268  529  777  3695  0  1.80281e+06  725692  48073  38667  2899  1447  12611  2324  8245  2019  49793  63369  60319  30799  10045  883113  771056  724868  318964  100063  570298  387527  8468  158274  117262  344026  
368  558  2234  3873  600  1998  10067  25781  8792  4086  4491  279  408  686  423  8272  1507  15710  3752  6326  1102  649  1572  781  1033  189  731  470  801  705  94  813  7  245  12014  3400  5373  5394  1401  3707  6388  45253  21613  8426  4577  73295  160926  48052  117234  39311  453588  4126  615  1040  965  5660  2.42612e+06  0  938093  1.6221e+06  37633  4406  1680  27452  3510  17496  3073  52569  73321  204743  515032  474017  1.65664e+06  546197  438113  201989  41824  815232  347363  14570  106421  261448  240908  
2676  3162  2609  2724  1216  1655  7195  23119  6489  12204  5522  199  243  1121  2892  14053  9717  172818  46140  59094  35326  10559  24138  7584  16518  3207  9339  5234  13898  10251  914  10745  89  3626  67716  7025  30802  18526  4880  23923  20615  6614  3641  5198  2667  3534  13551  19377  64451  180628  280101  14252  380  612  813  12016  557392  766445  0  2.81142e+06  1.18662e+06  224202  72791  708843  41544  77997  7582  39122  39776  129420  38083  11956  56932  787  9010  315463  51844  251756  240572  11912  146262  199764  288066  
964  1268  2327  3351  657  2253  8636  26021  10156  7453  1166  237  387  364  746  2313  984  35027  9476  14612  14022  3826  9519  3287  6145  1028  2526  1636  3497  2689  137  2652  28  1013  20319  3908  12288  7697  3513  7004  7604  13816  11025  7130  3605  22033  54080  33800  91193  179588  140844  1246  516  1068  778  15610  20944  1.71346e+06  2.51224e+06  0  403676  70030  20643  1.74897e+06  21551  230983  11491  52781  49908  1.11187e+06  1.56887e+06  720724  135141  560  16510  264881  50338  334768  208309  11831  116362  215221  217885  
15033  17029  8614  9160  5720  4660  23360  87271  15350  34305  100211  4229  11937  74060  183946  92249  23031  644950  140935  1.5165e+06  350645  92270  157135  80206  104701  26427  49524  23775  61208  46155  2781  55682  435  20619  230568  26621  150494  83239  12285  108554  79013  6396  2165  4622  15337  2035  5157  17524  336385  2944  19736  349495  23642  55319  606936  1.50792e+06  30192  3244  1.17839e+06  112147  0  1.97566e+06  813184  234683  1.11571e+06  162802  124746  113074  29488  117546  29354  5025  33366  352  5870  221218  45314  91714  98078  10171  128410  95914  234989  
1487  1741  1022  690  476  175  2031  3232  334  627  1225  49  137  474  1872  1323  251  77774  8573  46920  262536  83098  44814  29935  21086  3955  5605  3219  5993  5385  106  5456  39  1932  28711  1355  14913  6990  1492  24514  8637  742  377  961  504  148  153  2154  6591  110  704  329  158  349  770  20408  482  146  230168  5225  932064  0  653944  155025  431762  41060  12743  12431  6340  14613  4772  515  4635  17  522  41058  5104  17764  11552  2181  23253  19035  24689  
373  396  380  557  105  36  617  933  81  126  113  29  49  73  373  130  37  23189  1935  10684  93930  62594  12222  36510  5283  1112  1899  1044  1523  1409  30  1316  7  444  11724  430  3594  1576  602  15802  2277  754  341  1356  525  58  87  1793  2340  35  198  58  98  177  196  21515  112  46  46027  757  316242  465288  0  148910  639176  21409  16414  14584  6187  8243  4368  101  2285  7  228  18163  1975  8948  2059  1132  17848  11782  8011  
3182  3656  3823  6888  1148  970  7142  15274  3613  2913  471  259  284  292  1458  1104  464  77175  22392  32822  46460  27356  47617  50501  26411  4202  7503  4781  12380  8944  220  9282  41  3490  40264  4637  29248  14347  4967  18323  15642  16950  9154  23192  8318  3918  8329  39812  59808  23031  24113  621  727  988  753  12733  4547  4453  598340  1.53394e+06  285160  196903  288297  0  614930  854066  12076  60163  66388  1.44301e+06  583688  19908  46046  113  4506  200361  35426  212865  54858  10236  107427  148201  140173  
669  767  1375  3702  171  101  1520  2673  312  314  416  212  394  228  945  520  113  21287  2865  12970  51237  61153  15295  178701  9964  1796  3201  2081  2307  2707  51  2222  10  589  28562  1374  6768  2381  3154  29731  3998  3442  1026  5988  4047  650  1098  6396  9909  202  1374  182  1031  1834  2058  488954  770  439  75279  3418  459929  283044  597717  385355  0  1.80165e+06  313959  102912  44164  122981  44122  444  17050  47  1433  78700  11793  39627  8177  7561  191537  66980  49021  
898  1016  1585  4413  313  307  2954  5987  896  624  411  390  1169  465  938  740  398  25536  6467  11172  15199  13315  9560  16145  6690  1069  2527  1898  2878  2456  84  2241  13  827  22604  2223  9858  4134  4380  13141  5567  5406  2363  7981  5207  3623  6357  11881  23675  1949  5974  412  1852  3736  3298  135784  2088  1364  79696  29294  94249  68527  118592  716814  2.1152e+06  0  1.472e+06  1.52501e+06  351898  3.43719e+06  64471  1120  21520  83  2190  438181  36918  67759  21848  14401  1.24714e+06  256682  91496  
90  113  247  790  74  154  952  5347  432  146  281  863  4002  1038  991  299  59  2583  576  3216  2693  1750  715  1752  686  197  375  149  275  238  6  239  3  84  4459  367  1006  604  385  2677  572  358  156  243  1060  262  745  1052  26585  93  352  88  4602  11613  10100  430938  219  135  9949  557  71444  27501  30096  8680  408658  1.29849e+06  0  916675  27626  28510  2685  214  2087  15  470  41545  2184  6357  4903  2525  470270  43979  37420  
245  162  707  3477  77  218  1459  5731  775  417  408  773  2306  762  615  397  89  2714  528  2050  2211  1897  609  1439  586  150  384  222  212  177  10  210  1  70  3755  1156  1054  886  888  1634  685  33173  1632  3256  10681  980  1452  6700  26059  383  4593  401  3461  6905  4388  166499  7404  4814  20100  3150  51736  24034  21491  24743  59583  977709  646946  0  360071  31533  4188  831  9521  1193  22883  193240  24416  66815  31519  10606  623870  470032  59740  
959  558  2944  18415  273  913  5335  14676  4121  1828  1230  1109  423  401  408  1635  354  7315  1619  3641  2433  5500  2277  4325  2033  217  1838  2781  1268  1456  51  835  7  149  8515  4433  8288  2147  7452  4732  6714  102476  6142  16757  41980  7663  10486  26477  55730  2080  24229  1249  1932  2615  2116  9479  52531  63889  38780  12492  26680  12386  14343  71938  27695  352038  12052  529291  0  417617  235191  4284  634928  17227  234171  231748  56981  204700  43877  20641  152205  376818  71444  
1947  2101  2311  5992  953  1726  7622  14693  5777  2923  2462  240  229  856  3843  4570  3308  106563  23928  44546  12217  21313  9733  17630  9004  2025  6185  4154  7395  6038  539  6525  55  2359  43503  5271  23298  11912  6294  17005  13080  21018  17350  12081  8622  64749  113886  23991  38764  22673  73387  1226  665  770  971  18224  11143  29919  133810  189593  120338  45528  66550  1.133e+06  202310  3.42959e+06  50941  89940  294221  0  3.4295e+06  30871  54912  163  13607  365064  38990  90532  56873  11337  522401  96250  145444  
1064  1120  2663  9942  1120  2844  13253  24892  10397  4216  4999  323  243  1146  1946  10591  3498  60029  12157  26588  11191  19171  6787  13260  5030  1055  3069  2421  3524  3310  310  3339  33  993  26238  5076  14853  7120  5740  9351  7534  72921  48764  28543  21058  186631  319982  63002  77802  32033  173051  2226  835  1053  1334  29002  22101  414858  217251  694294  172750  64003  54705  683567  106328  80181  18013  33757  424610  3.71359e+06  0  1.7587e+06  3.4233e+06  1021  70198  243652  49219  120584  66018  11389  131437  93342  144739  
136  158  253  380  292  873  3830  7183  3150  1213  2020  27  33  373  270  4317  1271  14070  2656  6036  2393  697  1377  518  828  165  357  186  573  488  72  615  6  168  5047  860  2075  1335  215  1049  850  16659  15602  1008  482  69078  121088  11082  19626  9810  67877  811  69  148  304  15001  9119  784255  70005  852594  74420  17164  3622  25583  4433  10273  9409  9768  4878  95317  2.6923e+06  0  651431  420  38277  45662  11178  28056  21483  943  14979  13944  28075  
1097  1274  5127  15246  931  3313  16045  47320  14653  5959  9378  880  715  1567  1202  17682  3759  47909  9447  21772  10423  7727  6009  5206  3888  713  1935  1424  2537  2291  239  2495  28  675  21622  6669  10645  6374  4130  5751  5513  655158  56421  38695  33633  92058  222791  122642  234433  9838  507761  5544  1469  3026  2799  63343  788794  1.45465e+06  323263  119901  277273  75867  25784  217283  40522  64991  38860  102310  625499  132390  3.54017e+06  821486  0  928451  1.33572e+06  223101  132190  558870  158513  14423  79896  161555  153461  
47  76  296  516  60  136  1171  3056  628  262  698  33  62  71  49  1337  112  1355  327  665  151  71  150  76  119  29  85  41  83  77  9  78  0  23  957  326  468  310  118  220  301  11359  3061  1435  637  9686  16749  7752  17062  336  95239  524  73  162  128  1347  390264  362411  17088  4120  8051  865  240  1801  475  1281  771  15626  24694  5730  7361  6615  535030  0  375908  6716  4083  79611  16469  1186  4254  18908  8318  
244  542  2102  3255  1763  4025  22552  58205  18501  7188  3241  233  698  455  349  4635  457  6344  1881  3315  1197  662  1112  624  744  113  531  290  459  527  37  477  9  181  15211  4349  6831  4645  623  1239  1557  1.24049e+06  91844  9442  5897  703594  1.56173e+06  171459  278571  7914  1.82626e+06  9019  650  1599  1379  9145  1.54089e+06  659567  91526  32988  39138  7688  2438  23897  3798  13016  5229  168675  269994  59890  76360  32578  1.64241e+06  974946  0  107432  71221  360728  74924  6054  24235  139522  54785  
2247  4744  20750  20036  5218  10681  91990  233795  45117  37974  15611  898  3375  2307  2332  13289  1960  40259  8702  25129  24798  29161  11276  17961  8195  1351  6281  2760  2871  3301  176  3349  33  1185  255630  41900  37627  32336  12808  28270  33848  76378  50180  117852  24588  29329  16200  472234  1.37245e+06  18915  702537  155952  2525  7742  7515  107521  576690  21049  711235  66662  515425  160623  91732  480389  116478  461570  128226  822556  519273  472932  169023  8321  71304  306  13292  0  2.13099e+06  878432  659002  171211  1.92057e+06  1.50903e+06  4.14532e+06  
1916  4909  25084  22935  1515  3483  49477  99405  15265  21017  10793  407  673  590  450  7475  657  8589  1988  5339  2142  2221  1504  1586  1066  181  835  514  601  739  51  779  7  269  20057  14847  8472  6022  4028  1789  2520  91686  106845  47863  18946  11211  2835  347078  398230  4741  62106  35478  1266  2057  1488  14731  91022  5080  110519  6368  96420  13491  7091  44665  10439  36814  6752  66648  41187  28610  13047  852  14595  118  4842  1.49191e+06  0  547998  269954  463837  195125  107090  297282  
1942  3191  13066  18136  2104  8640  40731  221157  50199  79596  27542  2087  2311  1824  1032  6855  787  14605  4890  8501  3808  3042  4522  3113  2857  352  3048  2916  1332  1661  89  1620  13  767  43012  22962  28311  16160  18993  5195  6209  60361  31459  57819  17005  16345  24531  222859  828867  19790  511673  79385  2489  4835  4097  23574  488942  120221  305670  85976  118435  23718  8934  86703  13774  38542  11721  87084  95041  126989  33111  6637  80756  4214  73989  405017  1.02256e+06  0  1.67405e+06  188521  65734  960660  198796  
159  328  1246  1125  625  1743  10304  35651  8823  12036  6703  93  420  340  283  2975  253  4039  1293  2563  887  410  965  865  822  145  566  252  357  318  21  338  4  148  14431  4979  7694  12822  605  3978  7044  4229  3069  2999  1206  3441  6152  43728  244330  5508  223283  32352  190  882  1042  8472  197928  21216  111811  31057  48195  5642  1492  11682  2604  10171  4358  17571  14796  38397  6735  1266  13492  694  3675  210454  240991  1.29959e+06  0  4214  370111  211479  522112  
1773  4933  23236  24068  253  93  21499  21112  193  186  182  2157  1950  879  261  197  43  1223  253  885  276  738  239  553  180  40  314  287  85  162  9  156  1  40  2070  7896  1633  475  4399  514  460  16401  5777  16865  21370  308  451  27777  54596  96  881  353  16285  12488  7378  2934  1340  470  3085  716  3149  824  1650  7074  4750  2171  266  9966  19993  12708  14177  150  8293  18  819  31895  590603  74648  1300  0  5460  22913  3589  
320  520  1339  2289  150  259  2622  5053  872  1758  1385  299  635  354  637  1673  709  13641  2339  6179  4543  4964  2145  4658  2504  569  2004  866  780  848  79  735  10  191  23504  3712  4859  5115  5545  14282  5135  3180  724  1410  3807  1148  1856  5273  18377  469  18764  4907  1056  2022  1741  58695  18736  1765  46772  4871  46375  24570  35701  39598  147936  842608  705193  1.18892e+06  113892  244816  24803  421  6755  45  1349  1.50682e+06  52715  56842  133317  99958  0  1.24476e+06  285670  
335  276  862  2761  79  205  1478  4012  791  1473  707  542  260  271  238  1018  235  4848  1039  2502  2928  3949  1809  2579  1668  172  1642  2403  913  1004  32  596  1  102  10637  2401  4976  3239  3061  5406  11347  21536  1001  2049  10735  1205  1678  5299  14822  786  10960  2227  591  680  521  12029  13687  4373  56945  9586  40037  19938  12833  78776  15045  53948  13179  990476  349056  36406  18494  2068  18204  595  24303  613673  84794  221781  118003  43115  1.0886e+06  0  162340  
10933  19937  55202  14503  12188  22997  165824  661873  57214  609910  196087  639  2676  7149  13623  528732  21720  429728  107550  198523  27989  21109  101917  126171  101669  25516  83613  24359  22517  24124  1990  26889  395  7558  2.91886e+06  750997  768346  2.14682e+06  41657  149794  243520  9502  8116  10055  3691  6622  11036  106385  575677  24777  610742  171447  746  2036  3615  64717  544742  28704  638983  61998  392385  73234  30720  154114  64233  70865  44738  102740  57456  105558  36626  4305  27583  311  9701  3.26272e+06  660114  545862  2.20581e+06  17064  780204  346397  0  
