3741063  
2181005  
639067  
3698465  
3755570  
4030094  
7847374  
13016971  
3955516  
6537601  
2682128  
2590475  
2306932  
3326774  
2749821  
5480695  
7716082  
6120595  
8533153  
8437323  
1542580  
1445291  
4312697  
3938837  
7535621  
2064581  
1966373  
2141969  
8978846  
9752594  
2827864  
9314815  
765984  
6658658  
1843273  
1612795  
1365995  
1867297  
977210  
2426904  
1822181  
3529409  
5482409  
2565500  
835749  
2344081  
1563638  
87633  
483012  
698502  
1103287  
409622  
474692  
423679  
58604  
88478  
949754  
107098  
1028235  
3581368  
1096906  
5061771  
2331004  
550573  
3847878  
3210923  
4492041  
8026032  
12771398  
4887624  
7065491  
2202280  
2567235  
1946034  
2891290  
2723940  
5548257  
7775665  
6596235  
8905906  
8669430  
1676736  
1164425  
5758421  
3766988  
7240229  
2179104  
2073092  
1833908  
8851552  
9985784  
3515570  
9053572  
889286  
6691006  
1503781  
1630297  
1924181  
1705527  
1471131  
2425432  
1525415  
3217832  
4968633  
2547391  
752292  
2134032  
1673832  
68640  
497454  
669301  
1032663  
412647  
472486  
502138  
106395  
99572  
975629  
146513  
935775  
3297949  
1233074  
9338668  
12121534  
5458380  
224364  
