0  1.34367e+06  54572  638759  264890  212722  286917  37713  2234  23666  5679  1359  232  658  2579  25523  53927  37147  18965  20506  11359  24882  79194  142160  50082  10935  13341  236210  32801  91095  10612  335778  1608  1.05792e+06  65026  72902  554139  71230  22889  87793  34037  1180  264  343  1741  149  201  1260  4411  581  1007  713  161  59  145  362  747  204  6957  1414  8151  1101  893  3495  3495  2261  237  361  621  2995  1145  69  1358  65  742  11087  2280  2795  2249  799  1289  1578  42681  
700405  0  11421  3508  604958  201270  493737  95731  3308  10810  8168  98  139  700  1632  12058  14878  22832  8624  17286  5064  8168  31415  25792  8827  1077  6602  11361  12001  16673  4866  25100  321  42875  470055  473323  344950  111701  2252  43386  14736  721  897  1318  477  340  687  7023  13393  1087  1415  710  24  68  129  231  1015  196  3778  1240  3180  727  438  2958  1019  934  140  221  413  923  442  58  702  23  554  18288  1894  3397  4227  193  1105  1724  158479  
22792  2399  0  107301  350  107  197893  111819  249  531  1152  1204  104  377  364  589  47  2117  485  2893  563  1367  2643  5736  2334  532  1625  3935  1689  671  7  707  4  40  46650  84786  44103  10501  20741  9449  4047  18534  798  26025  26968  102  131  16986  15047  179  161  130  68  55  72  69  146  43  538  177  581  90  97  506  281  132  28  56  259  203  276  14  366  3  256  3206  33924  677  376  3702  210  446  12069  
719391  975  197943  0  197  204  10873  409790  315  696  1094  1.11991e+06  9975  8496  8231  1685  1281  5448  2020  8393  2513  5320  11240  39684  26112  11931  72703  222410  14501  13024  107  27650  132  16324  34002  63457  113714  11580  89867  35767  58472  126794  634  194714  1.0523e+06  111  145  44399  164669  201  251  214  86418  6758  4970  3750  231  92  1801  515  8641  1084  541  1842  1808  600  146  377  2718  984  2517  33  3942  14  2331  7703  133908  3391  715  45912  755  1219  9321  
494557  1.08415e+06  2905  1394  0  1.87779e+06  1.32548e+06  379430  45394  50815  18266  79  65  968  2020  40114  68456  44289  18893  27849  8696  4432  44042  7708  5005  581  2835  5895  11682  43608  16707  73489  1613  432388  335816  151182  425844  102929  734  12344  6563  752  518  353  281  4110  18977  7000  52567  17850  4638  1552  22  38  208  256  1742  486  4823  1939  3872  558  410  3483  645  1117  143  641  681  1407  1071  171  1787  36  4781  24849  2240  7359  6511  121  1419  1752  116509  
286339  269683  1212  794  1.12399e+06  0  444901  554833  428156  1.54691e+06  16059  71  24  914  1329  87248  166487  56629  105955  24649  4478  1429  18882  2905  3702  370  1856  6408  37222  98258  33482  181726  5595  953037  144856  53252  290456  46256  436  5870  3585  1956  1126  157  112  4015  35045  10212  167606  103759  29994  5093  20  21  284  205  3868  938  6977  5359  4139  370  257  3842  370  1123  121  1563  1415  2108  1594  231  4475  62  16896  28330  4195  18886  13306  104  3762  1785  64815  
283878  565137  299053  13886  1.67664e+06  692141  0  1.6852e+06  1.25884e+06  86355  23327  217  159  1058  3663  16214  6420  50176  57941  47766  8667  16074  50708  51845  25548  2302  15435  23858  71042  25213  2719  8761  123  2576  866045  798800  499910  142809  8546  98704  32568  5404  5782  7763  4697  8666  32892  57921  166245  48925  9247  2237  99  352  654  646  2852  880  8655  4192  7922  1460  933  7440  2366  2052  344  1185  1497  2616  2260  287  3571  76  8973  55603  14861  14567  12240  620  2683  3535  217895  
13190  12604  183011  630724  74398  124655  1.61015e+06  0  1.56963e+06  440140  510118  784009  1.27033e+06  884574  291076  26561  4044  63829  39756  398866  41192  14181  38217  44135  33037  17659  37071  31246  34773  11809  1000  12341  221  6788  734983  534774  524495  238232  8857  91738  30943  39435  21656  92361  120827  38253  167184  295964  3.29061e+06  486900  224647  81041  94959  79113  86352  57084  22278  5865  31756  31079  125603  11707  5653  30410  8789  6650  6549  14015  10719  11299  12933  1573  32402  312  117479  289175  98942  133926  87648  10312  28953  13652  424244  
3069  3845  1048  521  22272  853766  1.18213e+06  1.37022e+06  0  1.32463e+06  3343  28  11  144  246  5485  17181  32508  135534  4355  709  501  10359  1432  15552  434  1573  2825  144550  46067  4142  7982  100  4983  79029  19157  77263  32316  340  2890  3328  1535  895  131  83  2571  23617  8363  99088  106049  28326  2479  6  10  119  71  2490  696  3323  4790  1531  190  158  2265  236  686  86  1146  980  1439  1165  143  3178  25  13311  15612  3798  11272  8275  61  2562  1325  61346  
53358  32578  2658  1765  57756  1.5768e+06  173130  1.11909e+06  1.40571e+06  0  121903  306  154  1404  1149  2.19572e+06  227937  75885  112087  26243  2381  1136  8828  3368  4725  449  3472  13720  48027  58863  14657  311147  92198  605331  214448  165673  432651  343113  908  8657  6934  1891  1261  409  294  2051  13029  7884  199819  64561  151091  31221  102  48  577  229  15548  1426  9049  9974  5047  360  256  5216  785  1834  267  1836  1734  3396  1618  181  5309  90  14200  34219  16359  39311  28890  181  15598  4891  289258  
1529  801  2146  5039  710  1131  3796  683734  2018  142064  0  14900  26072  1.03812e+06  4237  113348  5781  52459  1854  790265  1729  408  1022  1046  842  260  840  1728  2309  3998  442  16174  1949  2733  78748  37167  18882  19940  1133  3073  2465  1758  926  951  1670  1169  2357  5677  152604  9499  247591  431048  3440  6879  89469  8797  114110  17749  48886  14303  49610  1003  477  25055  949  11054  4174  4059  1619  20987  4879  1133  13576  1160  7550  59422  16035  32471  24677  673  15611  3778  68440  
10437  122  7232  686977  32  34  2572  770393  77  157  1569  0  297090  117412  132257  232  127  1924  542  94837  12143  3220  1903  13376  6939  6722  27754  43393  2505  1030  10  2633  16  1329  8474  1827  19175  1353  20030  17046  12628  25082  174  40422  272739  70  125  6334  159937  102  193  852  408316  33117  19389  34993  179  62  885  275  47654  5012  1613  955  2866  413  1425  1135  1500  330  715  18  1419  5  1291  4106  21332  1381  532  32053  846  493  1895  
2821  207  4850  44169  144  207  4068  1.34848e+06  493  595  14820  532352  0  901508  548500  319  109  5020  1360  398812  42387  7856  1238  18927  5183  7669  12660  10340  2217  681  15  1156  28  460  15879  6478  11490  2297  18255  21415  6075  3294  635  6743  28595  520  1361  11533  293834  728  1036  6546  128603  424421  120927  88618  711  195  2989  683  127135  9651  3351  1922  3631  859  2729  1781  975  867  854  66  1560  28  2395  12260  13514  3868  2550  15516  1808  855  6991  
2784  335  5112  48527  303  539  2933  889682  1176  3980  1.17842e+06  317754  709677  0  839516  2333  806  12174  2741  1.09535e+06  62826  10097  1619  21932  4143  5578  9859  8774  4406  1648  70  3106  255  647  24987  10237  14531  4915  11132  18561  5158  2927  731  5317  25442  960  2878  8634  206482  3036  24346  100751  70078  210262  779264  139951  20467  3084  17732  3265  258341  14642  4252  7126  4132  3423  4790  3934  1151  5532  2062  277  3724  203  3608  27898  8999  9000  6357  10378  5213  1796  17853  
4736  687  2659  58812  296  186  3168  253243  225  898  5934  281173  377531  741338  0  589  354  88089  15912  1.80193e+06  145693  51572  5866  599998  33770  101928  63812  11495  9492  2550  45  6542  232  2012  43703  3843  18192  6544  10323  129257  11372  2805  359  5082  22139  147  263  3492  87602  333  1208  10111  36745  49221  129416  332877  4086  755  31338  2919  261164  15959  6802  10043  6751  4688  4466  3649  1141  4187  2003  262  2906  142  1109  22640  5617  3849  2767  5613  7067  2124  30968  
60142  33722  2561  2862  44082  158119  59878  79254  121897  2.46401e+06  186318  383  194  3626  885  0  1.90938e+06  505838  138622  42294  1730  1278  7117  4383  3172  502  5573  28073  39437  61019  13454  477966  272459  509840  281750  31591  657280  356172  1502  8375  11373  481  215  164  294  236  886  1290  8976  3000  9063  24801  121  45  598  295  29412  5572  13383  3595  7093  239  137  6039  589  2767  284  445  443  5494  1500  360  4240  446  1164  17174  2668  4911  4710  291  2733  3040  316901  
122094  112470  3166  4025  152667  313084  88539  86358  112181  376583  338020  741  543  40392  5411  2.40192e+06  0  811175  1.60396e+06  532069  3141  1242  8927  4222  5031  996  4775  24607  100808  343557  331242  2.01487e+06  533594  418020  296286  28143  569963  183045  2796  11546  13113  1240  581  245  488  586  1566  2645  16031  5560  10600  54923  235  155  3688  1439  68351  11996  78250  13641  53313  733  407  20946  820  9953  1113  1543  1323  16919  4743  1072  9736  765  2480  42445  5417  10094  7930  646  5444  3859  282255  
50819  15047  6008  12514  10520  39478  68295  106681  109273  158986  89288  1787  750  1499  8788  527277  653968  0  2.9007e+06  798872  85850  8741  669963  40869  106129  17229  31339  62205  95299  70732  4429  127174  3256  18728  281077  35343  284366  153651  14786  187163  74532  6723  1768  522  1661  660  934  5771  18872  3122  12800  6774  596  225  844  2897  15035  6297  152117  24439  98159  11428  8047  58996  8771  29765  2258  4238  7713  37953  16703  1606  17818  860  5451  93997  13662  22177  12466  2918  14459  14452  205811  
64006  21197  6756  13697  15734  113139  174455  121709  258933  107610  37032  1567  647  3425  7590  55754  1.69041e+06  2.4709e+06  0  231980  8462  5974  1.0173e+06  33945  294714  15196  51084  88787  772197  1.44968e+06  532800  315012  2559  31660  268232  38651  325779  135575  16664  190655  117501  3445  992  372  1338  494  1304  3442  15892  4640  9649  3793  460  177  648  1200  8001  2088  45326  9356  35756  3890  3499  22533  4126  12569  1142  2022  4710  16501  7705  465  8378  364  3068  48871  7009  15035  7878  2147  7130  9474  180094  
48240  8392  8152  24828  2434  2467  23833  442448  2733  16450  765312  88891  137577  686926  2.06147e+06  27319  10058  950522  96538  0  1.72973e+06  543577  59447  834231  80324  86253  99866  67056  136357  50935  1774  76807  2520  11907  300776  37071  145062  55400  15644  428701  71159  19390  5420  3499  13054  2180  2500  19968  181114  8591  24352  92901  25541  45081  132727  242642  65186  16325  548614  63820  1.87373e+06  103117  50629  207971  53872  89191  16729  18789  18139  89338  42239  4257  48765  2658  15649  279285  36124  59625  37330  8360  56511  35728  177994  
7371  1723  881  2284  530  135  3933  10132  99  278  594  2064  2387  3505  68822  175  82  175759  4686  684830  0  384926  26548  184432  11903  9566  10122  9032  12971  4339  19  9467  40  1163  57331  1672  28776  8472  2129  68718  12859  1645  363  133  554  84  35  993  3801  72  302  333  566  691  846  8686  345  90  26520  3011  70852  104369  34311  35647  24528  9177  1152  1096  1399  2795  1644  61  2703  165  986  41482  942  3352  1770  553  9350  2235  13702  
7582  1422  824  2170  154  48  4115  4551  53  100  196  976  884  1224  27237  85  67  50377  1287  156765  474482  0  25384  526018  10585  11998  8226  9827  9269  3253  5  3370  16  402  51967  935  27567  6934  2730  63641  12548  554  105  64  339  21  12  331  1352  24  88  158  296  328  370  2953  97  34  7209  838  22373  83282  44353  10932  59228  2558  644  573  773  902  851  21  1127  41  344  25001  375  1526  525  325  6983  849  7133  
63946  26869  6888  14933  8709  3488  58143  84801  5252  4425  3218  1781  660  1004  4611  1273  1658  622963  807893  38367  29126  30350  0  379293  848219  59862  96383  104448  963023  487474  4116  161643  251  11372  141407  17263  364414  112951  21870  91942  154878  2681  671  434  1333  265  301  2477  6694  565  1427  425  408  139  144  2039  735  231  23018  8641  33349  13412  8806  43127  10376  17186  1483  1582  4751  5080  5104  208  7803  394  2079  35173  2406  11996  5558  2011  6324  7025  120975  
74446  9370  5619  20581  610  179  23975  24729  272  560  1207  6294  6075  9504  499187  532  263  74442  6908  468602  299033  687058  427725  0  1.54239e+06  806877  85534  98463  90222  37578  45  36044  50  1837  154831  4647  147372  23308  11612  329149  54334  1226  189  357  1418  68  42  851  5422  103  304  925  1263  790  773  6271  415  91  7233  1613  29462  15779  18434  42019  193075  5104  1459  1310  2210  1966  2364  53  2789  65  781  50406  1532  4781  1500  1297  18224  2326  127817  
61371  7918  4609  16716  784  937  21268  24853  2235  1184  1280  3403  1916  3250  18835  625  463  52181  54964  26335  12728  21184  849150  1.9542e+06  0  1.84396e+06  1.16766e+06  186559  3.03544e+06  50152  120  35811  73  2027  101988  10519  131166  37105  12492  602823  111047  945  211  246  955  73  55  911  5302  136  752  2572  733  213  278  764  719  147  4833  1769  7751  1963  1782  6785  9449  9717  814  819  2019  2778  2107  64  2687  108  681  16880  1530  5196  2544  1029  4512  2832  131254  
7289  505  569  4424  25  42  1230  10631  116  104  347  3863  2393  3999  40120  104  39  6166  2354  11628  4755  5569  31658  520587  1.76842e+06  0  675197  37024  71822  9396  9  4489  6  193  19325  806  11141  1952  2317  542359  22893  197  31  155  466  10  8  203  3351  18  125  3781  681  170  303  485  667  43  1016  214  2485  368  387  908  2312  829  289  203  327  464  366  11  389  11  88  5021  434  882  348  270  1532  433  138284  
24904  719  1725  26551  219  170  2309  39905  217  831  2420  15419  7498  12014  73750  837  388  36890  11747  55094  19407  11613  31161  73126  1.10881e+06  727916  0  311272  26207  3636  56  5418  86  2234  212354  17873  49240  83714  11969  877384  511449  1247  192  676  3084  70  31  992  12974  94  805  13327  2446  591  1202  1653  2507  217  6554  1158  12552  968  1054  3625  2861  2163  866  863  1515  2811  1703  63  1872  39  708  32191  2874  3295  1949  1799  5606  2733  100268  
363177  5729  7550  168527  1851  1434  10198  11605  968  3827  4208  12238  2779  2464  5065  11742  9110  35062  13844  21293  14272  21150  50899  87852  141305  26634  286089  0  297923  299675  1031  405428  684  38507  204616  23179  278699  87173  36975  200638  560088  2746  184  781  7412  66  43  778  2755  112  667  575  1759  343  285  626  712  261  7038  1697  7681  1084  1206  5223  4007  1963  262  687  8908  4227  8620  75  6994  48  1233  22376  6044  10189  2158  5753  2233  9722  52999  
27392  6156  2367  6761  2587  30124  77460  26564  104625  11525  3661  603  303  747  9166  3504  6570  90218  480826  51402  30496  31652  1.22246e+06  136339  2.8143e+06  52427  77582  554897  0  3.52342e+06  15759  47768  221  3782  91755  10178  84655  35321  6667  171591  43858  2629  727  187  640  230  358  2275  7632  1264  3337  1066  164  91  202  1156  1335  393  15699  4885  23151  3191  2525  13180  5339  9639  914  1574  2791  11697  4500  197  5564  288  2161  33061  4945  9585  5947  1057  4619  6177  57316  
110761  39981  3615  9875  43869  132910  157727  61265  173101  44093  67861  636  416  11483  20419  25595  403730  253250  1.0931e+06  253969  55943  39097  538081  134727  91030  16560  14448  847424  3.06313e+06  0  1.12616e+06  3.43698e+06  2653  15671  189035  14299  259135  169382  5432  108656  27948  2690  823  217  737  476  1309  3230  17840  3175  6618  10660  197  134  2183  1797  15986  2993  70561  10034  57856  2369  1836  16546  4998  10195  1129  1786  2761  15606  6408  666  7294  420  2543  44972  6488  12184  8276  1192  6356  7183  225592  
8068  17733  431  493  28368  96891  70012  26524  62578  28315  23066  72  69  3457  3585  11203  433529  49197  625151  82833  4861  526  15185  2047  5948  617  1363  4247  78021  1.82817e+06  0  706922  1559  5337  59569  5793  97295  88855  397  3929  2032  400  170  46  93  181  868  762  8683  1932  3016  3518  24  24  643  323  4902  884  19357  2614  13967  200  110  3429  250  1836  226  364  380  2736  1055  180  1490  99  687  8531  1222  2846  2471  137  1600  1303  95889  
568702  120631  4580  41988  125869  187385  45543  81445  15041  271693  326022  1918  852  52343  44339  423532  1.54816e+06  504997  299738  747018  106340  23133  337227  96354  59705  12268  20044  491542  87286  3.94036e+06  426324  0  786108  1.09406e+06  196260  18257  689926  118752  7401  85439  47412  3379  1245  359  1478  668  868  4585  19147  2645  9852  30569  422  304  6271  2920  69146  11091  165083  26118  112061  2759  1986  39828  4137  21498  1927  3101  3738  30956  10237  1809  15602  1129  3654  78057  9943  19150  14171  1748  11193  9544  190897  
10023  5493  179  235  6582  10197  1667  4386  147  50890  22786  37  26  3222  460  138958  224213  19192  1998  36559  297  78  681  294  289  63  487  2768  650  5094  1911  534515  0  234214  4827  463  65389  7651  201  485  1009  50  32  10  17  17  33  167  654  140  367  1095  11  5  158  54  4365  565  4388  708  2251  42  27  1257  43  575  39  77  85  943  238  58  548  52  115  1988  238  554  412  32  310  186  5714  
1.52914e+06  336558  1550  23011  608112  1.72512e+06  26176  100122  7363  1.15414e+06  60342  2267  336  7177  6309  1.19684e+06  965064  168694  65335  111546  17091  4628  51833  14311  9540  2252  14616  77313  23069  136027  48546  1.44248e+06  596042  0  59626  15128  1.5575e+06  47729  1453  12143  28556  676  250  147  1033  239  602  1337  9634  2424  3414  4734  301  62  628  436  10663  1659  19534  3742  12806  530  345  5736  697  3129  284  448  675  4605  1528  262  2467  160  1139  14354  1858  3550  2705  381  1776  1747  48609  
192337  109959  251164  128422  20156  38993  572330  2.55439e+06  46611  452012  640982  18661  12192  27459  94407  468396  9322  597855  86937  754155  127549  82188  210073  198960  256533  47800  410182  452347  243412  67593  1318  73006  1357  11308  0  3.44009e+06  324712  316202  384762  2.01017e+06  958368  7349  2523  5748  10195  3364  8658  19105  128346  21742  37205  33569  3867  1035  2687  7055  33144  5503  87734  25511  74642  15453  7456  55873  14497  17137  4041  5269  9425  16842  11272  1346  15260  474  9145  574906  20619  42827  40580  6954  28562  48942  3.71803e+06  
235216  83039  619873  289298  7179  3805  523410  621118  3107  58296  155242  943  524  5829  8360  33362  892  75729  7911  140908  8725  5623  16067  13696  42831  3857  64558  59896  43928  6947  112  5722  212  903  2.55101e+06  0  142068  208337  517342  249704  125334  3367  813  10954  12582  396  692  7261  23956  1402  11253  22846  190  160  712  799  11846  1291  13974  3393  11692  1332  763  7733  1798  2908  595  769  1364  3415  1782  182  2479  139  1116  116035  7522  7130  6960  1758  3040  5549  591752  
797120  212359  306669  207764  102375  49682  658678  1.64002e+06  37451  487973  195974  8170  3603  10212  15569  540271  134088  341134  151967  158506  43888  31542  140295  97587  41991  8517  22963  89946  78614  143391  29593  254360  14917  180404  162427  587116  0  1.46859e+06  101479  83831  59910  7182  1830  5601  11851  1657  4018  15353  102223  12365  49266  20319  1888  742  1570  1255  8733  1544  22464  6745  20021  1871  1806  11296  4996  4858  520  1399  4824  7551  5979  317  7584  184  6468  34404  19631  24813  11915  9790  7238  5696  126992  
59673  15626  31525  23060  9980  4348  60886  287748  7634  252931  93862  3256  1641  2839  7579  154693  16248  120117  55736  87856  14439  2157  17581  5121  13118  1981  20124  31418  32523  33121  6536  15485  1042  3847  89175  166066  1.41797e+06  0  61022  20206  133539  1348  406  851  1816  301  833  2702  13902  2310  7575  6280  804  316  492  544  2782  628  9243  2632  7436  677  895  6470  2626  2121  373  665  5159  3437  5588  145  5064  61  1270  18407  3839  20019  11290  3314  5902  10527  263611  
60816  585  141981  208304  43  36  8645  7605  52  386  2785  17516  8233  7224  6615  900  79  4085  921  8492  1535  1351  2646  5153  7731  1915  10137  15690  4912  1074  12  1244  13  142  152241  372992  63131  33140  0  35199  24067  6983  159  7356  19910  39  25  1635  2815  51  172  198  2835  551  419  851  456  129  1706  906  1923  418  568  3392  1456  472  65  302  4080  772  3511  37  5317  11  3262  20512  25825  11275  1011  28115  702  2028  23971  
34067  3028  7009  39318  211  237  9214  45973  434  1647  2858  36731  20531  28323  128869  1388  446  45099  12091  115233  43455  37563  21605  178700  622485  503776  1.41974e+06  228082  249828  32952  61  23357  122  2822  1.78285e+06  64155  84581  43374  122078  0  1.5317e+06  2396  474  1002  7457  183  91  1817  15382  192  1468  14611  8655  1222  1936  4870  3469  745  27652  4156  39058  5520  5520  13720  14675  5931  2427  2385  4797  7758  6008  225  5530  142  1497  74836  5956  11580  6128  5339  26957  10163  112886  
8759  1354  4131  10394  253  328  4831  15709  423  2029  5789  8247  3904  4062  14676  1765  690  58773  18529  36478  31836  15205  64896  28837  238664  54677  1.33236e+06  505096  56994  6556  72  11511  154  5152  863037  66649  116940  236764  84474  1.35407e+06  0  808  165  280  1997  77  75  628  2917  145  973  1765  2014  296  347  775  1464  333  7586  1641  7753  975  819  4344  2179  1663  322  562  4773  2805  4552  83  3649  44  631  53288  2752  7737  3628  2853  2847  8547  185377  
925  216  4652  7229  162  523  2735  11236  1805  1225  4417  1012  146  358  535  1157  404  12791  2860  15544  3340  2079  2259  2244  1043  160  509  948  1799  649  33  1154  44  251  7351  1599  3036  2467  820  2316  1506  0  1.5981e+06  29616  784834  381167  121191  315077  70596  8294  24947  2991  4595  1049  838  3914  28439  33188  43978  67498  19801  8909  14288  192209  45447  12231  2259  17917  201073  31979  153529  18477  508370  2115  1.54111e+06  204574  141388  367349  118847  45571  19079  24894  81057  
392  453  831  312  124  208  5464  11558  784  707  2870  34  21  196  230  770  189  5093  1256  6933  1552  652  995  817  548  89  275  377  817  243  14  446  12  87  4430  1010  1487  1599  364  1091  775  1.07576e+06  0  2494  608  571709  37010  328000  53282  3815  7954  2360  52  394  495  2937  7546  6210  21059  23638  16498  4212  5381  64568  9324  6565  1338  2949  11082  14638  29076  4193  174756  298  69072  368522  186458  157297  82527  1373  25435  12067  76860  
2257  772  53321  61296  56  19  13581  23801  63  128  187  1562  24  74  40  65  16  272  88  421  79  105  202  410  213  69  154  639  179  88  1  95  0  17  2709  5311  2415  628  3099  609  493  36527  976  0  82987  91  155  245494  77566  288  449  146  79  168  107  470  216  102  584  464  775  152  179  1374  396  266  72  167  644  397  624  19  546  7  372  17220  80840  8381  1228  3038  1433  873  3837  
16160  451  130403  996035  76  37  16233  53513  61  144  425  365667  4756  3984  3597  208  72  1473  362  6380  1241  840  1166  3609  2328  1239  8792  21974  1405  744  10  1713  11  598  8757  13479  12462  1528  15477  4581  6047  900999  284  167343  0  143  121  11171  430901  138  207  178  624152  44835  35738  15787  203  157  1437  1188  35654  4820  1851  6661  6843  985  227  2035  12960  2215  13502  99  16194  18  9564  12402  213083  16907  1105  126016  2047  1465  2530  
254  353  717  308  2127  3772  29675  100161  12023  2459  2813  38  53  340  180  984  232  3735  1553  5635  859  372  879  548  681  71  234  347  1268  368  32  481  26  139  11088  4186  4356  3083  290  990  643  540311  979309  591  188  0  1.1711e+06  1.07724e+06  512647  63026  74111  4053  60  907  1858  1890  33827  43052  19927  24112  14099  3095  3222  43725  4315  4352  838  3072  7251  33553  95153  24964  78158  1880  633954  183999  36940  136037  95207  334  10519  5464  71014  
423  408  591  221  6289  19738  62020  252832  68065  12320  3290  17  39  390  123  1629  497  2748  5242  3803  353  173  1504  351  2305  49  318  433  4954  1086  80  795  15  492  19983  4996  13105  5226  155  840  694  140253  94461  526  105  1.3473e+06  0  802676  660358  769808  1.53432e+06  8065  18  102  752  452  91582  86192  15327  15319  6855  802  554  12119  831  1900  232  1683  3201  31261  79391  28413  117121  5366  1.06155e+06  32559  60300  32096  19097  143  3510  1878  24518  
2552  5078  13537  4201  3199  8668  108522  265082  30894  6572  6527  181  182  903  501  2678  598  9110  3735  12843  2245  1068  2181  1619  1707  168  713  1166  3335  881  61  1129  66  440  27850  11245  9892  5887  1196  2746  2049  206746  303430  145071  3133  1.85202e+06  1.02247e+06  0  2.71965e+06  1.80492e+06  208113  8661  130  2105  3417  5972  23369  17217  56432  77746  38302  7820  8576  105444  11162  13720  2454  7951  16674  46547  70387  4356  42040  494  140079  754082  262947  365707  230272  1244  39428  23487  233975  
10491  11449  145480  286170  24766  111842  382679  3.16582e+06  396356  157147  39621  131227  48642  44671  25800  7579  2934  23315  29399  76465  9298  3166  9248  7419  12144  2279  5965  9251  27343  6869  486  6636  149  4901  167869  65206  99617  36891  6022  13944  8806  34165  37472  168921  755927  119755  341991  1.60916e+06  0  1.98249e+06  515994  641656  864976  710598  677679  205943  48640  19785  83989  68431  441732  45045  19159  115055  38420  17143  29867  28875  20342  34134  50089  4156  57811  735  193096  947195  493717  543930  389830  16129  89814  32593  452438  
1000  887  475  194  3017  37868  47535  223255  133215  29079  2528  17  23  215  77  2011  935  3098  4667  3095  320  145  1058  280  1470  43  321  617  4901  1301  120  1650  31  1885  23102  2617  17313  4739  174  716  873  4727  13948  631  132  52231  745206  1.5663e+06  1.83655e+06  0  1.62055e+06  3741  30  68  353  344  49938  24546  25528  136018  4325  581  381  66777  602  18718  756  3872  3294  94559  45257  1203  13546  172  41611  58596  138553  65474  53309  279  15785  4136  56883  
2110  1370  830  479  2794  19915  19746  433310  104845  175271  22264  72  72  921  258  4982  1549  8450  13774  10051  867  395  2949  897  3919  160  733  1573  11484  2960  223  3289  56  2370  52538  7826  48029  14261  415  2604  2199  35855  26625  1057  381  70614  1.23473e+06  215149  1.00505e+06  1.93562e+06  0  114745  68  160  2249  1010  2.36047e+06  295712  59514  172429  14810  1975  774  78338  1569  20845  1154  10200  11257  159662  137047  15588  422482  108986  842919  201137  201295  445901  420162  731  223594  40571  290509  
1280  706  1083  1218  734  3430  7639  232107  21048  232020  330724  704  1496  21884  1411  60342  5018  18312  11002  50203  684  292  1711  717  2895  177  584  1099  7331  2666  210  3303  192  883  46882  31543  18209  13694  486  1941  1418  1080  762  1303  1043  1308  1674  7302  508391  2561  185761  0  2258  5379  623090  1152  173872  3684  45230  2750  357158  668  400  4137  514  1220  238  705  862  2805  2002  479  5011  340  5001  47597  16337  29093  24644  358  11827  2785  55256  
10097  245  18271  286833  68  54  5005  207843  140  300  1937  683890  132236  44663  41427  242  119  3433  673  53268  7263  1828  1477  7234  3866  3199  13394  24969  1886  932  16  1743  18  647  7956  3364  13467  1164  15434  9210  8345  8190  351  22340  689111  180  291  9440  916721  273  265  3684  0  345077  187167  125230  329  126  2127  628  265466  30792  6723  2454  12119  1025  4163  3690  5264  684  1924  36  4122  21  3932  9490  29990  3420  1123  156548  2148  1281  2823  
1577  312  4278  20319  388  827  8661  275796  2545  1108  6063  50360  501495  219672  136420  366  125  4869  1105  185613  20098  3339  606  6053  1190  1148  1982  2349  1117  458  23  706  23  158  7591  3611  3413  1358  1767  4658  1333  2922  758  9106  57682  753  1261  15597  1.03952e+06  1135  1017  19750  382985  0  480629  163978  1122  290  4679  1696  346016  32851  7123  4344  10945  1613  8114  4892  1567  1165  1824  94  2201  37  3912  30889  18208  14037  11754  37276  3998  1335  12823  
1869  434  3205  16628  552  2764  7991  236176  9542  32523  152439  35079  108035  791565  132133  12730  2148  29346  4906  364710  26792  3782  1255  5750  1796  956  1874  2706  4006  1892  150  3650  175  806  25073  13633  8739  5700  1419  6207  2339  2006  676  4773  42960  1299  1676  10128  791206  1776  9551  870038  185284  445755  0  475495  12983  1748  36671  3180  1.09251e+06  54091  11551  6556  13088  2369  3194  2817  1319  3837  2826  404  3919  191  4763  38298  12767  16895  12868  19317  5087  2125  24900  
1878  355  6338  32873  143  143  2725  81620  308  927  9820  49197  52071  117012  375891  1209  345  25119  5753  234851  18940  3826  2243  8300  2015  1184  2352  3191  4019  1325  62  2495  92  563  13786  2762  5647  2297  2081  9558  2816  3488  808  21822  91991  416  322  9959  286319  284  1788  5091  119002  276696  548774  0  1592  863  24033  3385  1.51639e+06  93562  58123  6821  503516  21611  180608  100127  2782  4575  3690  637  9200  1118  3667  53564  11886  12836  11802  11395  82304  9758  23233  
574  353  341  369  468  2157  3216  61308  8492  26906  36003  79  65  1935  210  26037  4676  11044  3772  14953  532  149  1021  407  1314  93  315  566  3552  1335  163  2199  231  588  21456  5403  8951  5994  768  1737  1497  25024  17868  473  513  35877  94792  48494  104259  157957  2.24961e+06  100399  134  162  1438  866  0  2.0604e+06  512846  122045  15336  1261  651  31747  1544  7704  654  10094  12214  100724  113555  12999  589674  276527  639237  180936  34611  464363  257488  2026  111779  33684  274181  
937  530  582  664  567  1971  4585  24330  4705  24672  220387  216  147  6893  1052  60925  13182  79234  5975  173322  1216  317  1813  816  2449  253  788  1372  5899  3640  466  9859  880  1286  51219  18205  7686  8900  1638  3373  3039  31230  34970  650  1004  82388  170935  59796  102946  91709  370187  91147  262  352  2300  5323  2.05536e+06  0  845805  1.53684e+06  102161  2853  1701  72048  3959  15034  2080  8104  12656  138147  461730  530618  1.71234e+06  267910  393494  372204  50861  328253  203461  4144  96355  40702  299777  
5376  1516  1649  2749  681  1066  5799  20499  2410  7562  36405  600  317  1865  2327  14923  7622  127448  33395  120878  19942  5210  14715  8223  8011  1006  4446  9081  22718  10002  611  16856  849  3222  66695  10083  26165  13717  6374  25421  14327  41027  12855  1172  4272  10197  8128  43224  98130  44672  79653  23599  826  574  2177  3062  753029  896953  0  2.92591e+06  757746  167739  38282  501790  29364  130793  5190  12183  21389  86058  53834  5280  86360  6081  81190  198642  26108  307341  120709  10095  70046  60064  188083  
2727  797  1009  1558  421  1150  4490  20119  3452  7214  39480  359  203  1483  1907  12248  4566  72144  16066  92958  11999  2277  10501  4886  5696  896  2555  4757  12373  4623  320  8367  457  1445  39534  6539  15155  8330  7144  12741  8728  55109  19693  1724  4389  13983  14939  92061  137599  198145  101248  12676  976  909  1592  7289  77068  1.44512e+06  2.37268e+06  0  351493  75617  3052  2.30723e+06  18627  425146  28983  40596  39128  883603  954867  816392  246269  5760  123088  328472  53382  277556  112636  14243  78405  112349  178803  
24495  5964  8654  29372  2195  2694  21037  200512  6234  27999  200688  27505  21891  86031  161962  48281  13674  475601  121238  1.67295e+06  159571  29275  44035  55732  28043  7594  22226  39946  96417  37987  1536  55209  2055  10003  225078  37577  95238  43259  10649  137157  50364  21700  5276  9987  66059  2683  2155  24740  418872  2703  19048  305304  140338  169113  593892  1.67356e+06  24977  8256  646995  79345  0  1.45524e+06  813790  95027  856385  77132  154107  107336  19802  78800  38737  4923  59849  4320  22829  228818  31136  81818  56071  12722  144189  40697  157728  
1768  434  312  775  108  57  1081  4403  108  225  1180  488  443  704  5681  225  72  22165  8307  31974  102537  42161  11731  17188  4002  910  1859  2789  7720  1631  13  1821  55  357  19200  696  6924  2348  1140  21777  3440  4986  1119  319  1274  410  121  3109  12085  138  1163  432  1536  1502  1672  48198  477  308  255310  11363  833467  0  445214  99464  257999  18373  14235  10392  3511  7317  3992  471  12171  1020  5456  48565  3203  21051  11350  1583  27960  11188  20751  
638  111  128  343  27  23  381  1411  37  73  379  200  186  294  2712  66  34  6877  2547  11334  29966  25414  3710  12466  1351  357  715  955  2360  517  7  567  10  113  9043  225  2501  863  645  10780  1285  4307  511  157  1045  160  51  1378  4284  65  439  146  555  566  602  35609  220  127  85407  1664  432829  340727  0  83300  480608  15996  15079  10213  4429  4293  4784  191  7941  500  2928  28743  1693  7576  4045  1180  24694  5714  8048  
6072  1517  1396  2717  427  642  5712  17446  2019  2802  12871  483  251  686  5558  3698  1174  89703  26010  89414  68265  20902  62472  45678  19353  2319  6208  9866  26407  5321  68  6113  144  971  41699  4100  28606  10844  11178  34263  15473  88524  22984  2608  7788  8742  3903  70588  121560  70700  40775  6318  1419  1222  1357  7544  21466  13859  427449  1.33972e+06  76607  84627  119281  0  282510  828427  21993  37039  53541  874720  666189  27035  191177  1553  98091  401179  44339  276615  49569  21029  69772  155903  249753  
1481  293  490  1251  61  38  970  2975  68  150  894  364  155  322  2963  164  60  14012  4227  18372  26823  69601  8801  186349  5037  1315  1789  2316  4300  966  4  1031  8  154  30233  529  6861  2852  3634  35893  3814  23392  1980  736  5547  548  165  4554  12895  329  921  306  1717  1163  509  596086  472  410  96690  11531  654849  202235  496587  414219  0  1.78176e+06  466242  168004  53769  53081  58422  393  56851  650  10433  113481  6175  19485  6970  6163  226222  22656  21067  
1459  354  533  1115  133  157  1272  5588  341  805  4888  310  146  394  1769  1146  386  23821  9386  26944  12086  4210  7675  8002  5464  872  1484  2367  6530  1564  48  2318  105  518  12778  1265  7355  3268  3229  11228  3967  20355  3222  941  3799  1311  754  9918  24454  11286  6045  1280  1758  875  341  39869  3084  1496  87836  191544  47031  23233  22077  1.01462e+06  1.45698e+06  0  1.38579e+06  974241  196349  2.63826e+06  104466  901  59016  671  12989  91158  10083  37365  14206  5994  423815  38520  35996  
184  49  457  910  11  9  291  5947  25  134  2655  456  215  371  457  210  26  2645  866  4950  1807  690  1061  1504  538  159  247  267  696  122  2  202  11  46  2388  198  842  384  348  2295  441  987  170  1286  1543  99  61  1760  26203  188  244  173  3445  742  109  112863  157  104  7790  17316  39249  7028  8835  37036  346809  1.30763e+06  0  795030  16855  18670  5933  121  5794  257  1387  11215  1016  3948  2327  573  274492  14547  7187  
222  39  463  1347  22  68  304  5063  248  354  3242  542  199  433  387  260  43  2874  750  4731  1252  867  801  1718  431  168  258  457  647  155  5  264  9  77  4003  322  1313  695  1028  3259  1093  18167  624  1179  3901  844  292  2124  21389  726  2760  691  2894  2986  389  55555  1788  1249  8349  9367  25691  6639  6984  28824  60940  797451  554256  0  214072  13437  6341  267  8486  234  34827  57904  5220  21909  5301  9497  408773  184816  10981  
1129  94  2501  9264  65  195  960  6405  683  911  1994  867  213  330  398  490  234  9898  1831  9937  2260  1997  2469  3590  1715  1161  841  4312  2398  812  46  1121  45  271  9552  1587  11363  6075  15657  6107  14162  140410  5795  792  20159  3768  1057  10154  26410  2226  8655  1973  5822  2536  1425  4471  5307  4225  33402  25830  16512  9588  11918  106480  30358  144220  5670  201413  0  147492  184366  1329  351104  469  104744  372666  47738  181484  36452  75319  286077  523927  89704  
2281  713  479  838  336  649  2626  9504  1778  2693  17208  148  86  725  1939  3804  1349  62701  19597  65148  7686  2655  5233  3876  3183  691  2338  3912  8236  3207  126  6503  284  1709  26836  4480  13063  6832  3518  10641  7324  13152  10208  373  1793  12965  9253  33539  24396  103299  49168  5557  264  362  637  11279  20829  19373  64044  265620  64800  26896  15450  1.19722e+06  50840  2.68161e+06  26590  38391  295961  0  4.19529e+06  7112  76080  581  12989  119912  13675  47285  34408  3061  82482  15466  56098  
1917  606  729  1172  442  965  4838  17992  2549  3578  38088  258  159  1766  2325  7739  3216  79840  13695  115774  9117  3040  6138  4385  4707  745  2091  3273  8190  3569  306  7806  362  1339  30420  5995  11169  6468  3713  8926  6304  49357  83368  1013  3434  153894  93404  85853  82929  79052  54038  8680  509  819  2012  26336  31101  314135  108105  476764  116560  22415  20242  672695  58289  42379  11839  12431  254428  3.34761e+06  0  1.80038e+06  3.70557e+06  1734  53780  148959  26201  72658  46333  4643  52488  18911  71833  
223  98  130  128  163  439  1627  6627  1347  1250  15738  43  22  613  334  3330  1050  14766  1648  28705  876  170  690  352  720  62  202  334  1310  658  67  1574  111  223  6216  1337  1371  963  213  881  665  5952  34139  120  189  74158  55158  42234  28997  36450  30074  3543  61  122  378  4570  16562  553388  17559  616286  26649  2385  968  39399  2751  6584  1777  2022  4437  45781  2.48212e+06  0  1.06148e+06  1725  14345  44575  9026  28633  21637  619  10612  4942  28980  
2651  789  2811  8394  601  1412  6019  32310  3861  8700  124135  855  351  6100  2965  34340  8942  127618  14688  233744  12010  3663  8522  5939  6534  994  2503  4296  11587  5856  672  14052  913  1937  50731  9614  16908  11257  10422  10628  10148  328697  108027  3935  19606  147388  166857  90868  176994  26971  349495  25293  3825  2253  3661  36603  326384  1.51157e+06  288996  270938  243681  61633  22397  342404  65685  58413  17556  28870  354338  88294  3.26336e+06  1.33286e+06  0  634476  1.16076e+06  250700  66749  251831  93640  44535  59017  75209  147087  
63  25  28  41  29  92  248  1309  226  651  8179  14  7  456  76  4438  511  4353  356  8993  180  34  176  68  163  17  48  89  371  245  24  527  40  71  2241  434  507  465  150  223  192  5740  2790  55  83  6229  9214  2463  8133  496  83282  1990  24  23  81  917  182568  244391  25815  2493  12300  470  232  1956  621  903  348  1741  1853  4447  6708  6069  462736  0  342003  7017  2235  20436  5042  328  2012  1944  6688  
776  310  751  2152  612  3329  9436  53372  13204  5608  21367  471  182  1248  593  8130  1422  19998  3382  33494  3050  852  2266  1279  1437  182  590  950  2774  1040  114  2210  144  496  12704  2718  5395  3106  1056  2370  1721  1.35566e+06  238451  1324  8899  786919  1.70836e+06  92720  260552  38757  1.43486e+06  13698  2533  1273  1474  8615  1.30699e+06  983969  155725  90555  60784  16149  6546  123909  12181  19326  4328  43369  59203  77841  189049  82348  1.76248e+06  658367  0  93346  51123  160495  58334  16511  15193  45465  58730  
5279  2191  6951  6074  2076  5572  33581  192676  17018  37258  63483  1047  965  5063  5753  17144  2403  85211  19306  115875  28266  16137  19715  24717  11817  2601  19291  26404  16455  4489  221  8019  384  2373  480422  46878  37466  43245  24491  61665  74833  299385  130949  25900  22481  41175  12148  498354  2.03094e+06  24296  634992  201761  2943  14071  18614  94209  497966  57826  610379  132527  448689  120270  130091  737993  158032  180799  43257  142705  486281  221166  177725  6930  143946  1920  54108  0  1.32891e+06  871615  702679  173100  1.44649e+06  966260  3.41538e+06  
3143  341  25101  23884  135  377  6069  17335  1149  13534  25646  281  102  1035  423  7492  1605  12333  2032  21364  1381  623  1120  919  858  175  515  1017  1627  727  52  1465  136  283  18688  5401  3727  2824  1278  1815  2032  522006  66960  55419  151417  4935  8816  397520  168319  21110  63689  40643  471  659  908  5648  41854  9280  49620  11275  45816  5502  6006  34406  8624  15429  2048  8888  32450  20332  14150  1033  17248  622  12835  1.30598e+06  0  101077  215968  284486  231880  46032  274001  
1531  719  3117  4719  533  2759  12010  97229  11584  29775  17179  802  471  1366  916  3779  963  14521  4339  21348  3495  1924  4384  4338  2822  1311  1248  4542  4438  1445  84  2192  92  634  21704  5878  27929  18917  38514  9066  16035  694045  125504  27253  46716  37489  9076  484605  970509  41665  357382  103793  3323  4870  6044  13219  293676  73706  258103  60534  80877  16822  7285  92716  14296  21379  5053  13562  32688  53567  69750  5861  66136  1730  72118  337299  223772  0  1.99355e+06  111060  150376  153890  375425  
344  256  540  369  264  1360  4461  33891  5110  16641  7896  60  71  402  253  1727  317  4671  1697  6238  1047  283  1487  796  918  212  415  942  1374  448  41  647  30  203  16345  4792  6807  13153  2203  4050  4215  99698  19808  2600  1916  11325  3542  112480  417911  27549  255950  56122  97  979  2024  2968  141902  28253  70556  11849  28350  2574  1125  13552  2624  4020  1295  2753  3647  19450  17894  1282  9223  365  8639  214432  70249  1.72209e+06  0  12324  477519  130237  875848  
4019  57  11922  41337  12  12  862  3532  21  80  626  10275  2465  2434  1242  169  54  1514  299  3440  484  442  294  873  398  178  622  2393  361  167  5  286  7  57  1834  2359  2417  474  4346  989  1424  195819  742  4168  136482  204  95  2358  5329  137  251  187  73108  26370  14705  5375  538  494  3715  2720  11364  1908  2740  13654  9698  2929  431  4865  38074  4313  23288  200  39314  49  21712  150020  327982  82183  5869  0  12120  12494  3487  
777  93  1518  2972  45  104  759  7875  426  2725  7017  1085  507  1954  1556  737  174  7589  1496  10772  3884  3692  2737  7465  1640  821  1375  2717  1703  521  22  770  24  284  21732  1593  5254  5316  6591  22286  11020  9108  889  2099  7861  380  221  3948  37027  896  45018  6422  5114  11069  2048  120015  14980  3581  26042  12094  39324  13903  17707  46633  136542  338813  355946  637305  291866  93730  28617  420  22014  154  12649  1.56707e+06  38574  119737  161207  114924  0  1.36698e+06  156138  
392  81  719  1119  53  101  687  3458  252  880  2653  268  105  231  389  591  184  5612  1132  6678  2292  1001  2031  1715  1044  485  757  2201  1317  388  12  602  25  206  15727  1522  2889  3283  2466  10252  9662  8017  1348  495  3662  615  363  4436  16778  520  7665  2049  1005  1170  391  11949  5312  2829  49049  29112  25303  15403  9777  98903  12148  28861  12305  530253  263232  6574  12295  1353  30349  260  27485  833123  34255  175572  96306  56026  1.30716e+06  0  174264  
33180  18542  35796  16854  8656  18458  103015  1.09824e+06  63234  613472  609082  783  813  7596  22062  502499  14615  491413  84005  525725  73141  14285  99734  51562  65209  39863  71331  60444  40869  28258  3378  35017  1953  8043  3.35058e+06  1.04997e+06  507784  2.06574e+06  23377  83293  231616  37941  21086  4582  3757  10522  7772  106042  747462  36310  689891  251997  329  1545  4408  15709  650783  81493  391661  64628  243076  27026  14219  143762  85873  59732  29511  27603  17339  41631  34341  4365  35462  1276  22323  2.3697e+06  252185  1.15968e+06  2.86651e+06  3802  630808  194232  0  
