4491412  
2619127  
624488  
3344612  
4009986  
4464900  
8732578  
13980369  
4583052  
6984798  
2763361  
2390813  
2698146  
3742529  
3031128  
5382015  
7051568  
6082589  
7762688  
9068003  
1390851  
1111615  
3946791  
3333268  
7404714  
2091941  
2082912  
1946485  
8162149  
9917587  
2668431  
9238223  
729043  
6714092  
10217153  
3904422  
6526115  
2513280  
756964  
3878304  
2200653  
4908408  
2375106  
440777  
3045863  
3544288  
4868009  
8216836  
13729144  
4814013  
7952529  
2081450  
2517269  
2314686  
3400481  
2998815  
5958422  
7784133  
6835440  
8308940  
8956107  
1690514  
1208575  
5195739  
3699203  
7890488  
2293511  
2254190  
2318963  
9395820  
10097075  
3191330  
8913579  
897907  
6755459  
10462938  
3404215  
6418585  
2667739  
695662  
3639537  
2197136  
12451126  
