3721172  
2230859  
758013  
2967970  
4209030  
4370786  
8126692  
15406283  
4261265  
7135189  
3205327  
2341206  
2425182  
3773107  
3164780  
6060022  
7884584  
6721721  
8249257  
8823914  
1521353  
1647501  
4033652  
4035867  
7247576  
2184010  
1994582  
1824112  
8449976  
9388757  
3012792  
9666232  
799085  
6504756  
10881120  
3786975  
5933937  
2251976  
675290  
4212657  
2201314  
4557265  
2379003  
542286  
2854585  
3624000  
4819853  
9440095  
15370493  
4772268  
7343931  
2499106  
2655877  
2049787  
3439027  
2718299  
6585926  
7557972  
7269492  
7437540  
8648835  
1841169  
1265285  
4788575  
3591240  
7695505  
2412894  
2091798  
1743965  
8368670  
9778093  
3121497  
8966198  
929259  
6783531  
9873304  
2845305  
4707498  
2323875  
592883  
3944236  
2225416  
9905777  
