4015838  
2108082  
592912  
3786568  
3678393  
4092184  
6688707  
12049711  
4172042  
6910561  
2854116  
2450243  
2138223  
3403263  
2851935  
5421133  
7173619  
6099497  
7864821  
8661284  
1321860  
1111684  
4325541  
3446145  
7875015  
2336280  
2203522  
2246843  
8204516  
9618946  
2890343  
9235387  
795200  
6443442  
10407866  
3277737  
5518180  
2145243  
703191  
4582509  
2287697  
4774771  
2415530  
349595  
3207664  
3080161  
4241344  
6904144  
11745041  
4631950  
6950316  
2300459  
2431288  
1922953  
3150210  
2786357  
5660373  
6761792  
6203351  
7729217  
8857326  
1709600  
1064587  
4871353  
3854169  
8198424  
2096498  
2135239  
2580210  
8859750  
8586783  
3330964  
8080241  
916693  
6787367  
11001865  
2751778  
5368864  
2149418  
688596  
4241532  
2236597  
10723356  
