0  1.64778e+06  35279  799849  421740  17107  384853  15272  2626  6227  2586  23132  773  684  1276  5800  33502  27417  6828  10314  4977  26032  30638  34577  25121  4357  14691  217544  21560  88903  17378  407454  967  987391  119235  382531  425798  38388  150188  24799  51785  13623  574  4496  25257  232  71  5003  5897  672  662  337  463  234  301  349  709  1180  5398  1016  3471  1560  1217  1133  1119  1387  321  1314  1585  1228  837  70  767  4  618  9567  43462  1709  1599  10751  2849  1954  43340  
943809  0  549  2051  981041  4188  637634  10198  3360  5303  2238  578  312  289  982  2727  6617  32875  7474  9740  6422  32240  45564  38417  24269  3435  4828  25524  17844  55821  5369  73513  395  68231  383308  684473  422545  75170  46967  26452  18146  1166  3560  2383  1296  980  196  23361  16215  2474  815  287  149  101  76  202  633  954  4811  1183  3697  1918  1483  1096  1156  1141  330  421  310  646  399  73  569  9  215  16268  3355  2663  3074  860  2853  1219  108133  
32909  164  0  154370  74  2  185983  106314  47  63  24  80  29  14  28  28  19  83  14  66  12  83  47  173  302  55  375  1723  390  992  9  415  0  78  2977  41917  8122  273  17671  405  1325  2738  5041  12087  5734  1743  93  32890  17730  1287  381  10  80  38  25  44  53  24  149  116  166  19  22  211  65  222  21  412  469  134  100  7  82  2  128  1874  5066  910  282  1976  272  748  1085  
721503  1445  176449  0  1346  15  32441  700376  142  585  1010  1.71769e+06  32460  17269  8206  422  376  2047  480  9484  396  1083  1413  1147  1860  1093  5074  28214  1485  3840  71  16085  9  12501  18844  91627  16169  3545  41381  11893  17050  131677  21532  134169  1.25287e+06  3199  170  121050  200963  1686  531  371  167282  12241  12070  9105  337  319  1603  733  8810  469  450  2361  1371  2570  589  6890  9188  1639  1645  55  1827  4  3320  11947  130560  5962  2315  28620  5281  10361  8308  
472483  984510  327  1504  0  1.01728e+06  1.28878e+06  65249  31759  35989  9849  170  1916  834  2479  12617  45797  54724  16535  28594  5017  11228  36317  9882  13452  2634  3806  5301  14637  43499  24867  132080  2838  630755  669021  572550  322035  81669  2196  24830  12348  730  11610  930  792  5668  3467  87967  102747  45915  4367  999  405  653  269  572  2318  2479  11592  3351  8081  1110  897  2534  935  2148  415  970  569  1758  976  127  1384  26  1212  44743  6358  12166  12655  354  5335  2892  256710  
74508  47045  133  304  1.10482e+06  0  756037  411350  429971  1.482e+06  11699  35  3392  1955  2532  30712  145638  27577  36516  22864  1228  1560  6809  1631  4914  1308  1358  2079  18555  85921  60102  282349  9826  1.04626e+06  158034  49307  141524  56900  551  5878  2845  353  1844  119  130  1744  6000  17213  125377  49377  15239  1898  109  1383  809  507  3465  2355  9365  3112  6790  416  313  1687  397  1736  270  734  597  1622  839  141  2059  41  4454  36940  3606  11285  9251  148  4977  2217  130897  
246081  464825  248274  70499  1.9806e+06  780568  0  1.595e+06  899829  278393  15578  1142  1729  1097  2336  15145  87582  44146  54136  33926  3341  11969  18705  14100  23929  3078  9089  22265  39222  83026  27582  27644  456  6645  930559  1.55874e+06  282873  82790  257744  49517  37140  12247  70880  37030  16330  36852  19317  634032  630902  268899  20972  1432  2316  1398  546  1867  6571  3525  19000  11438  16531  2290  1872  10135  2658  8787  1343  4577  2929  6329  3293  241  3466  49  4208  202598  48359  49096  37213  7071  15771  9849  336008  
6323  7947  117079  925893  56151  44797  1.89237e+06  0  1.76136e+06  274854  551118  1.15232e+06  1.89118e+06  839112  176645  23280  11419  49070  33140  335043  3354  3340  15696  5271  31131  27639  19154  5001  56985  19861  6358  17023  510  14342  222537  283879  131377  87329  5058  55160  8216  53628  95525  132929  196735  53891  77869  847620  2.68688e+06  798483  458023  62451  110876  37874  47456  29558  31587  12657  53607  41867  95409  4893  3438  25299  6103  22299  3833  10036  9390  18164  8871  928  18863  360  41748  438356  150635  196376  116806  19507  45468  16994  366376  
298  1261  160  184  72540  659457  1.10219e+06  1.70656e+06  0  1.56549e+06  4341  13  131  139  243  62379  26445  14602  65966  5788  162  547  8570  1190  14942  665  690  698  144257  36545  3718  10775  314  3185  66254  30289  43578  33652  232  2950  1315  456  3369  76  65  2900  20824  31260  162149  122591  59471  1082  31  105  120  256  4987  1736  9077  5373  3315  279  191  2096  301  2317  201  521  564  2393  1031  167  2553  56  6486  26349  10355  10656  8135  72  4625  1126  91296  
40155  23481  419  1703  146850  1.25273e+06  222970  1.0522e+06  1.53487e+06  0  105799  411  1485  1535  1222  2.27632e+06  231128  69565  64066  22134  1007  1830  12388  2174  12562  1167  2356  9315  65123  93109  62887  484100  101146  588740  208638  117600  475251  464665  1949  9057  6942  781  1224  259  463  1616  3754  7555  103681  32129  429033  27101  233  780  771  351  45587  9724  26251  10889  7237  413  380  2284  396  1753  283  1190  1250  1800  1118  353  3603  105  4036  28268  10970  21644  17992  664  14665  10538  420495  
152  306  173  1184  1710  336  5064  597065  1322  182163  0  3180  141416  981681  4859  84517  6064  97595  1714  748437  484  300  1651  444  1913  907  795  570  2111  2862  858  8204  812  2422  29434  4931  8307  10533  314  3476  1009  656  1190  406  746  1439  1899  5679  96485  11578  194537  252528  776  4069  31864  10893  103065  47862  137803  6959  77951  1133  502  2166  967  4559  4754  6364  1245  6111  6375  2344  15877  281  3761  74755  9914  19111  26315  371  23898  6908  91284  
6820  790  2295  933145  4414  24  15281  1.13961e+06  107  520  4011  0  391440  146834  65350  643  351  1542  339  61310  586  299  478  691  2841  6760  6174  12447  580  502  58  7922  7  3911  16243  14125  6200  3000  1132  10897  2848  23741  930  6906  253038  477  97  8175  251240  1048  193  881  501856  32005  40154  33147  269  218  1145  379  29796  886  502  628  2114  1511  1814  5056  5996  548  465  24  1076  3  1856  6367  17894  2866  2092  23777  1400  1762  8541  
801  586  747  19973  3417  214  10751  1.0717e+06  558  1678  42529  193862  0  710398  303059  2686  1228  4190  871  280293  2387  800  466  2524  9438  27920  21998  1868  1508  896  191  1512  39  940  16758  7088  6044  3613  279  44891  2556  4353  1294  2017  17702  1041  1360  9342  196037  12390  2400  3591  55274  313816  111930  47368  1318  924  4613  1273  89924  2470  1077  1048  2777  1446  2540  1837  994  786  503  75  1141  20  2079  17692  5034  6992  5875  3126  2972  1045  16407  
808  591  680  17230  2692  389  9164  664561  909  16200  1.24732e+06  57344  615999  0  529559  16094  3799  14742  2051  830148  4167  1319  730  3185  10615  38700  37884  2252  2337  1990  578  2921  112  2312  29821  4231  10744  5986  358  75674  4619  4415  891  1341  16186  943  981  6042  177187  8724  11253  47068  22481  99504  760363  166508  18498  4632  20504  2904  273307  7392  3058  1762  8124  3685  10899  8446  1072  1522  1146  313  3060  66  2983  29635  6291  12181  7693  1861  13062  2101  31138  
888  767  380  13130  1775  135  4300  80199  281  2013  14980  35995  127476  541437  0  5269  4274  38266  5617  1.83624e+06  52698  37146  2710  492694  38552  118523  66025  3702  7208  4340  788  3566  210  1296  60611  3014  8545  5567  541  185582  8652  5853  543  1011  13702  446  221  3041  33853  1832  702  4475  15562  20032  142356  324937  4288  3413  31122  4997  295950  8811  4460  4873  6532  4740  6055  6034  862  2188  1434  267  2454  39  1069  15275  4174  5123  6387  1523  15190  2904  24195  
24370  17103  235  2498  74399  36939  47928  61470  88058  2.25934e+06  68712  219  903  1183  2154  0  1.85827e+06  616412  53833  50303  894  1354  4453  1827  5115  1765  2137  6328  33595  97772  55544  691669  326638  689324  182954  38697  654605  864303  2095  18333  4452  634  1195  235  367  1208  1124  5873  15783  6716  19226  12907  283  510  1074  604  112791  45531  108095  4117  27256  690  665  3455  620  3796  469  2260  1192  4665  5197  2622  18083  359  2018  41709  6165  15588  23313  492  31337  25381  516535  
69793  50118  601  2964  248531  108705  107636  100457  72753  236185  96252  344  1566  3398  13841  2.4749e+06  0  644900  1.33098e+06  228940  3913  5946  12774  7746  25118  11233  13906  17226  93828  567546  641560  1.55922e+06  691286  538296  308659  62644  640332  278286  6390  94574  23770  2241  3640  1335  1050  3378  2861  17165  31913  18166  7464  13156  429  823  1977  2370  92651  117426  398645  48399  108278  2138  2147  14777  2924  21679  2725  10041  6090  32022  24119  6884  46558  558  6117  152688  14814  52738  73855  2404  88282  40921  370091  
4944  16907  850  2956  16224  3870  34303  80740  53766  86234  113872  250  414  820  4965  551746  568116  0  3.19265e+06  758758  185789  76000  1.15711e+06  58600  285610  14690  11993  26178  207713  115014  11746  80118  2792  15686  175397  29792  178772  104009  7661  114466  30534  2786  3185  1964  1208  2765  1453  12202  17209  10849  14628  5989  238  250  850  3310  27736  52920  297614  85669  219473  24032  30182  86003  26231  60361  10272  10912  6786  40378  23482  3377  25550  296  4814  166366  11251  43035  50345  3416  110482  34378  216727  
6165  21233  919  2962  34080  12791  72740  97434  149212  35345  10920  207  340  495  11975  31686  1.89139e+06  3.1432e+06  0  178884  5942  11780  1.43065e+06  28479  364677  27571  21820  33540  1.13733e+06  2.28834e+06  1.2778e+06  147797  1062  17846  126525  25668  212200  94297  9481  170478  41303  1497  1818  1062  713  1739  829  6823  13620  6426  9273  1021  220  188  321  1814  3290  11561  104279  40388  86846  6376  7460  28374  7630  23616  4427  4915  3547  19308  9724  1146  10733  125  3087  73575  5370  24482  25364  2897  52981  18354  144271  
5893  17425  1678  11007  13661  899  36424  229974  3171  22608  772412  17702  76201  447640  1.84592e+06  47188  47025  1.06647e+06  85446  0  1.6646e+06  677041  43840  732903  149035  202498  128186  32148  79884  66583  8638  53851  1941  10766  290079  31740  160556  78552  8413  617139  53087  8052  8011  5183  7580  7471  3285  28618  89884  16951  15937  39900  7390  10702  124612  183365  39094  75933  607888  188339  1.58266e+06  117505  97365  182627  109453  125238  52792  32536  13602  67074  41604  6072  53216  735  14369  275207  24062  100278  113950  5410  213086  66309  307997  
1804  7283  210  729  4442  79  7613  3467  98  358  407  76  155  433  14277  359  640  262366  5248  832782  0  518607  82401  112587  21087  12115  6496  6113  10044  15592  737  14520  75  2386  30650  4409  43952  12283  1641  59965  8890  232  184  180  142  133  29  784  1134  139  95  120  60  72  266  3792  149  245  27398  5273  90894  144263  42014  23903  23070  14185  9115  1846  405  2877  1387  76  940  3  194  14053  480  1980  1307  530  19874  1764  20535  
5611  21462  748  1800  5831  42  21141  7939  131  324  269  89  141  378  13366  196  401  103258  3302  260657  458474  0  68659  616963  63500  28641  7621  16570  20449  33401  428  20339  18  811  45015  10940  89667  12076  2536  96686  13485  284  167  262  215  87  26  1039  993  177  98  95  53  40  108  1604  139  190  17672  1804  30739  124625  64364  16673  34891  18063  11017  2344  497  3795  1893  36  734  5  93  19183  614  1844  896  870  40118  1766  26638  
7701  28306  854  3491  18327  632  31323  32512  25377  5000  4225  211  301  520  2124  1853  4492  1.14309e+06  1.19167e+06  71816  33653  82251  0  363924  1.03029e+06  32245  15744  34392  1.29051e+06  649889  14961  97217  244  10264  131577  21883  230097  80633  9635  66701  57233  380  311  263  297  232  110  1782  3756  1229  1832  376  123  91  71  811  788  808  37467  7906  58923  12775  14432  30325  13025  14857  2864  1225  895  5622  2307  139  1393  8  254  26757  1075  4533  3035  2538  20158  6089  135864  
11549  35071  1933  4112  8864  90  38786  16515  444  791  917  742  1379  3624  433068  532  1334  154290  24425  587275  276013  853416  306275  0  1.82098e+06  342451  50510  45787  108057  115296  1095  46400  79  1557  138601  23959  157515  24391  6537  386925  27935  736  373  642  672  186  49  2149  2295  427  273  431  180  144  414  3426  664  633  17676  4674  46567  57686  38562  46051  135602  41147  21087  5341  1342  10596  4792  107  1763  8  207  55140  1482  4248  2168  2108  92857  3873  56491  
6990  16356  1525  4029  6631  325  25964  35560  13781  2630  3073  1854  3350  7605  49528  1534  2943  243204  123837  76500  24526  80698  1.01252e+06  1.65952e+06  0  1.63518e+06  893873  139096  3.02184e+06  146852  2812  35925  128  2290  246279  32233  122196  47761  11056  873181  172472  727  381  444  888  299  146  1995  3882  1156  1178  827  272  287  675  3284  1700  1916  25347  7873  35733  8841  9215  25227  18321  42363  17728  5456  1484  12520  4917  195  2433  29  448  66962  1705  6095  4313  2736  96106  5077  73266  
1878  3341  462  1424  1428  51  5978  15652  210  378  644  1700  3172  6113  66614  244  934  43748  11125  52573  21600  41194  25600  411747  1.82246e+06  0  266602  18630  83067  45729  557  9725  75  616  62320  7301  28284  8057  3306  499789  34009  275  110  163  553  73  44  601  1640  357  166  417  255  276  703  2751  538  408  5869  1800  12010  4126  3821  8836  6192  15780  7011  2120  460  4617  1818  48  641  2  99  28763  549  1873  1045  1017  39266  1254  38554  
4539  1918  646  3388  1295  29  5511  16192  209  518  595  2388  4181  10046  49126  412  981  15726  3274  19491  4727  6147  6804  9655  939086  385274  0  283454  34412  5715  349  2025  49  657  113816  13432  35771  41615  6243  620479  333401  592  117  182  1065  80  47  659  1791  344  266  845  284  305  725  2820  909  732  5299  1342  6104  689  1004  4268  2590  8520  3617  1490  403  2659  1122  59  585  7  153  18664  1479  1426  1386  825  22655  1323  25108  
115986  32390  6398  27681  12116  103  51803  13531  694  3254  1908  2087  792  1019  2406  2392  3818  31720  7213  11120  4894  16065  23025  19261  175578  7660  324742  0  168771  190191  1339  451797  191  15517  79333  84340  355471  203046  121561  62896  588416  4337  289  584  4686  162  58  1829  2251  464  891  199  312  165  194  312  595  870  4955  1487  3996  1082  1040  2663  2210  3418  588  1638  4523  25188  5225  94  1345  4  373  7484  14488  11213  2316  22865  4568  14868  31578  
7514  20579  1468  3431  15153  3619  56541  132604  223168  14400  10207  543  859  1913  12023  6368  29029  265065  629969  90366  17794  94654  1.46814e+06  187733  3.36967e+06  130150  56077  213269  0  3.87974e+06  41954  54341  400  9611  215378  45820  250531  156704  45064  503830  97386  957  962  509  605  855  773  4185  9781  4843  6477  2785  149  164  422  1585  19569  16893  75339  17462  53460  8429  7870  18363  11460  20964  6305  3852  3401  24464  8871  1543  10546  136  1619  49210  3710  19259  13696  13199  46964  16044  154568  
24413  54460  3862  7315  101236  23888  159361  76167  98908  13507  50674  592  941  2205  23936  19412  526190  399680  840704  258550  37005  113291  558753  186024  273014  71945  34520  319607  3.35564e+06  0  2.23471e+06  3.38411e+06  4307  47889  294508  101315  615894  356695  80586  326286  113777  1729  2197  900  1063  1963  1828  9609  20397  11233  5889  5897  331  422  1038  2514  41467  58820  232306  31294  87108  9911  8654  18237  10614  20738  4667  6248  6399  42120  17220  3721  24347  324  3877  95617  9488  46649  47739  21878  64380  36246  360636  
5101  12226  201  880  75274  18831  61865  24367  8719  5397  13681  77  258  526  7442  7327  530796  96748  707836  82048  5668  4452  31818  6834  32993  9879  7808  6690  106424  2.1611e+06  0  908115  2670  18102  82296  17263  114747  78869  2044  38072  9084  461  767  327  224  700  638  3316  7533  3544  1677  1305  103  141  334  696  7699  15887  73544  11815  25648  1137  910  3909  1028  4388  733  1783  1252  6338  4028  959  6534  105  1360  28649  2967  11546  15771  669  17821  8973  89152  
294886  134013  3625  20751  270317  242731  127339  109001  18238  300625  180817  1969  2217  5108  39567  514814  1.80279e+06  629607  155225  514136  52450  85012  223831  97642  123274  43698  38401  436986  94273  4.82257e+06  875444  0  1.00258e+06  1.3365e+06  257108  103493  1.11006e+06  245202  44536  139161  71088  5550  2922  1295  5360  2622  2928  15827  34865  20857  7272  9769  848  1085  2351  3571  36142  97968  382177  35416  134230  10304  7980  17696  8430  18477  2659  7988  6246  32922  19460  3965  27049  305  5029  136654  24809  56733  75143  19178  69491  36546  346284  
3053  2676  24  92  12261  8028  5525  7935  287  35189  14946  15  139  522  799  144369  291055  14628  1502  21684  251  172  720  255  782  441  416  508  2292  12728  8778  533801  0  239479  4148  1524  79651  11929  272  1341  478  56  110  30  24  108  129  791  1878  966  353  1116  43  80  163  144  3963  4072  15463  571  5747  84  55  247  67  474  68  306  128  714  693  186  1344  13  151  5849  509  1628  2415  58  2198  913  10961  
1.03376e+06  307824  976  10544  991650  1.53543e+06  60966  75997  4190  1.00712e+06  39400  642  1180  1636  3203  1.08806e+06  1.24636e+06  95748  18079  65248  3830  4715  18280  4827  11069  3316  3366  22410  58045  248794  158758  1.54564e+06  612557  0  34642  24892  1.00092e+06  41817  2560  9757  6040  1153  588  255  1364  549  653  4369  18961  5519  4038  4641  236  479  522  470  9603  8854  34290  2918  14475  703  543  1476  566  1650  282  896  610  2067  1732  499  3279  35  735  17261  4909  5646  7392  1655  6364  3108  36837  
47965  173729  22347  70952  284042  10685  1.20291e+06  1.07199e+06  100536  708240  274439  6568  28395  25420  75437  373707  115087  620393  93639  534557  56178  151756  110440  166836  390431  59621  240047  222256  318248  210683  17894  63534  920  6808  0  3.09788e+06  259066  324882  127082  1.93662e+06  893553  5587  12154  3108  6253  11255  8942  103436  448670  95517  61770  33790  7715  15874  4586  7697  21910  15825  85726  25642  89568  15578  11819  32965  13598  43128  17570  14031  6640  22133  10355  1052  11870  196  10972  512666  28353  66360  56368  6420  132475  50859  4.44105e+06  
46334  198213  64116  26956  129119  2047  1.18089e+06  268961  7704  47449  25939  794  1535  1188  2863  22628  7604  34682  4175  35684  2394  8329  6070  8607  39945  3696  39663  48252  32405  16743  1114  5042  65  853  2.06001e+06  0  176872  202005  618733  127458  159292  2937  9372  4261  3728  3032  656  54220  57808  6690  6804  5373  1751  2299  469  570  2819  1566  6626  1896  5987  878  725  2464  878  1986  482  1302  1203  2022  920  88  1029  23  652  72556  13314  9469  8194  4561  5761  5347  352432  
107967  434667  31908  27584  417166  9358  926748  693246  58254  333554  107656  5227  13581  10651  12751  341340  137495  268805  64769  149708  17163  47701  102185  45148  66853  12566  21638  98272  127621  264796  69642  164423  8122  143891  131065  1.151e+06  0  1.82962e+06  273899  55568  121837  4082  6461  2331  5161  4336  2457  46709  197771  31325  44313  36775  5780  8220  2201  1773  13362  8646  35468  8797  24668  3644  2910  6740  3792  6064  1193  2325  3187  15040  4848  554  5236  85  3409  53389  17732  34466  22993  15075  14383  10494  178050  
5068  36827  1737  4595  106506  3108  108680  213973  14582  180593  37914  1035  6093  5036  6719  212608  38509  97911  42986  61423  5797  4883  21839  4685  28513  5122  10616  25875  76496  138761  37736  29301  912  5901  82495  215135  1.57534e+06  0  50015  21589  93549  838  1561  522  1182  1654  901  11400  47507  9462  9673  6782  2676  3492  880  855  4914  3070  13751  3219  10913  1101  1061  3826  1289  2475  491  1147  3280  12305  2300  189  1692  21  862  22922  4344  16180  19376  3526  19699  26346  330723  
73127  16086  62613  44011  1611  7  156692  4602  76  713  274  670  186  186  285  384  271  1853  476  1008  301  1082  1215  1758  8084  962  11818  40453  15294  16166  154  6578  10  1071  39193  495500  202022  17912  0  10357  50286  3628  140  551  3701  73  24  1057  818  199  137  27  101  53  57  116  80  137  745  450  679  133  254  1856  1383  2055  211  1109  3449  16296  3419  43  666  3  189  3910  13028  9618  1447  19870  1736  9427  4485  
16864  9692  2751  35535  5615  122  27359  38725  914  1817  4853  11621  11406  40502  147379  2164  6298  90140  21620  89852  28087  59935  31401  84688  427598  445905  1.19672e+06  201615  274212  160465  1955  28356  170  3188  1.7488e+06  72400  131452  102202  36122  0  1.58635e+06  4679  1253  1372  5800  1121  370  5442  8456  2382  1375  4354  990  794  2217  9175  5437  9198  67670  22330  57570  6783  8864  45676  27787  97201  47762  18173  5553  33322  13851  713  8620  131  2233  175896  10405  21050  17801  11089  252900  21034  83095  
10607  4811  1189  26260  4430  79  17348  10273  972  4101  3029  2624  1474  3970  11964  2310  3489  51564  11546  20792  8391  17053  30861  12582  149207  46110  481053  298876  71135  24737  1013  12332  67  2643  537390  80152  193775  309967  51472  1.06981e+06  0  1331  283  208  1537  206  110  1547  3832  868  1094  384  237  229  245  787  995  1850  11673  2795  8395  1251  1269  3448  1858  4733  1764  1530  2070  7178  1671  123  1049  15  344  21584  2839  4149  4921  1747  16163  14973  89919  
11188  1305  6639  123032  2303  109  17380  32162  1275  3225  5105  30033  1096  2441  2470  3845  2422  7084  1315  8295  444  4451  744  4891  1096  332  415  1076  1124  1065  160  1342  60  373  17525  17814  3306  4771  4142  2351  1497  0  1.49634e+06  136737  899613  883262  57127  892658  83568  12979  7940  1370  20354  12684  16051  15595  13434  15692  42497  39304  39110  5595  12691  115330  23641  42813  3588  30266  123459  22823  35965  4356  374453  992  1.14055e+06  338927  219875  491823  155315  109690  30200  46318  189735  
1399  2912  26780  31776  10474  110  49373  22674  1107  2844  3746  79  94  101  688  2508  1551  5971  1145  5323  329  2028  763  2170  972  271  293  404  863  919  145  713  31  133  32589  18692  3608  4156  921  1740  1015  1.02819e+06  0  2114  3552  856347  18142  274233  13847  13838  9344  780  153  68  104  2945  7644  6691  23230  14782  22648  3450  5939  43079  8836  31972  2577  15354  9791  27627  15690  1548  80787  138  33398  696350  472807  215068  104932  5242  59078  31572  296904  
6299  1929  13048  64662  517  4  24288  16109  19  61  87  266  54  22  25  74  63  212  35  190  12  188  34  249  48  8  60  202  63  64  7  68  1  37  1519  18638  309  111  1103  145  217  66572  468  0  201673  141  59  100864  127171  371  98  32  172  99  69  213  136  207  638  742  810  90  263  3375  1318  1697  82  1184  1434  1650  2005  89  708  0  1946  4734  58927  15056  719  18555  1023  1312  1441  
38443  5662  48776  1.36327e+06  2171  13  76832  204695  100  365  2032  588689  18012  18435  11029  363  233  947  197  15738  210  344  228  531  539  694  1440  6093  295  367  31  3876  5  2042  7601  52929  2822  929  8060  1982  2266  832834  1642  261192  0  584  167  15819  653852  1061  234  1663  1.35028e+06  81536  67584  54656  383  434  1474  1106  40410  1566  1144  4470  5058  4630  2461  10232  12421  4141  5045  190  3182  3  5324  9035  173394  7582  1309  36765  4679  7808  4913  
1042  1426  14172  7983  11680  467  78254  38033  3535  5158  10196  69  201  268  1575  7256  3884  11855  2196  11840  571  2484  1270  2407  1604  538  485  492  1431  1360  284  1831  96  574  38625  18453  7629  6050  919  2845  1070  712144  889197  2948  1660  0  758737  1.1905e+06  61043  55750  44168  3027  96  118  274  7534  35001  32225  56274  40131  59280  8271  8695  78624  12158  63461  5623  20167  23414  100441  49013  7810  201866  2080  491523  615596  226501  273714  159291  1510  56593  22434  228816  
167  474  416  771  10594  1920  69106  80093  18536  5129  7086  55  540  155  707  4827  2816  6627  1333  6470  308  1093  613  979  965  249  233  264  1087  1121  287  1390  82  475  25096  5554  4136  3621  406  1758  620  75132  96889  1503  911  1.39789e+06  0  991931  204413  754528  1.63572e+06  2153  54  119  190  4010  50097  79835  41956  58102  36369  4607  3848  48491  5462  54391  3247  8541  16296  189170  101324  16548  180274  5547  972020  247822  119535  167556  86049  742  20797  9036  124064  
16378  35218  180060  183850  168033  2350  940686  365034  10788  5537  12832  520  897  677  3342  8119  4948  18734  3424  19155  1065  3485  4264  3416  3562  1107  1332  1586  2990  3348  838  3725  138  3006  167888  194854  44579  17446  3896  8212  3779  451628  648954  207603  35999  1.88935e+06  1.10635e+06  0  2.29346e+06  1.22426e+06  184593  4225  1338  890  1431  10598  32181  24288  47777  49068  71600  6793  6284  61143  12310  119600  6144  29692  13222  290473  120403  7612  25268  146  17832  737558  798871  273545  91957  80633  93287  35551  236365  
29489  47450  162435  362103  185257  23456  1.30463e+06  2.50659e+06  479395  113106  70180  89227  144749  48854  29454  16679  9114  29637  11925  86215  2810  3682  8524  3822  8862  3566  3727  3490  14833  10108  2502  10144  270  9017  383987  272139  102475  56898  6154  15669  7112  48480  47810  164436  638329  35232  40129  1.85788e+06  0  1.7706e+06  621994  489324  998838  944539  772834  154308  49359  15125  132274  58573  429384  16180  7593  31205  21457  32722  25756  21667  7458  20043  10504  995  16106  290  28296  492785  1.18143e+06  203166  137586  13967  93261  19274  387762  
169  825  988  828  26027  6041  161233  234072  115544  20708  2770  25  201  167  267  2084  1714  4185  1739  3307  75  265  613  314  881  135  143  201  2243  1462  408  1160  41  558  23421  6909  7567  5154  244  1159  472  1465  15136  635  433  23713  735858  1.1565e+06  1.56407e+06  0  2.00123e+06  1046  44  42  62  833  20998  11872  53505  142930  11993  578  381  64114  747  67342  678  1659  1549  140775  42791  2810  8231  140  9654  64243  230004  30396  30198  483  21213  2745  64006  
284  458  1074  1020  3786  1760  25041  273127  84693  178116  18362  88  325  364  318  15791  3926  6911  2989  5534  181  425  966  464  1355  172  344  589  3792  1452  261  1716  112  750  22761  3832  8964  7575  362  1653  1136  20855  46028  1304  776  103722  1.79524e+06  278033  731555  1.89492e+06  0  85958  62  130  940  1810  2.31746e+06  280526  132921  85286  19709  1950  929  32429  1521  36874  1516  4411  10250  111004  55195  17502  402762  91344  822166  155003  504616  258379  276192  2252  148715  22192  280729  
219  330  557  1224  1472  236  8085  155177  6005  344052  242354  368  1662  8148  682  68345  8789  6537  1550  15854  141  124  582  148  771  133  144  216  2230  1118  272  1944  223  888  20744  5516  6464  8010  113  877  384  313  372  461  1190  421  178  3549  532189  806  190051  0  2077  13869  505025  1407  84015  1911  38171  438  347092  574  164  293  255  436  239  400  284  422  329  84  823  27  460  8174  6190  2599  3620  234  2401  1117  23730  
6740  1221  4708  390090  4593  34  25656  149608  126  876  4563  820282  84870  50731  36367  703  373  1853  471  44791  666  357  619  671  1258  2354  2204  5465  414  440  95  3988  13  2080  23355  21802  7058  3832  1068  4334  1207  37189  558  6982  908875  296  64  4001  942888  625  236  3490  0  311717  179703  189389  483  211  1333  405  118253  4216  2435  772  12213  3255  9680  7675  6185  787  578  27  1150  2  1961  4557  22441  1702  1314  26496  3329  2132  10162  
1089  1514  2472  15448  3544  1315  22740  169360  6352  3277  14385  23785  333145  176081  57657  2832  1051  3157  917  95030  1295  495  499  936  1687  2818  2021  877  864  913  281  1370  33  940  27423  10277  7940  4770  286  5692  746  5960  871  3653  42773  347  164  5653  939625  1364  788  17512  256736  0  442737  163234  1199  433  3769  816  232418  7669  3185  990  11349  3720  13353  5446  1819  769  438  47  683  8  778  6366  7873  3346  2764  9150  3868  981  17953  
998  1313  2292  15864  3167  542  19533  147263  4781  49863  170174  17309  84608  621513  159699  41420  7203  11261  1756  248618  2529  744  617  1575  2819  4855  3654  676  1797  1577  394  2568  207  972  21612  6669  6239  5040  309  10585  1037  14814  927  3037  49199  546  295  7668  869202  1507  20595  782917  82880  570003  0  529998  15141  1990  22678  2097  859029  14382  4597  1456  11735  4480  14629  10807  1615  1412  868  121  1369  28  945  11805  10798  4196  4296  5235  13640  1952  20539  
2005  1332  2137  25470  2258  133  12132  44043  414  4814  40420  21392  30850  131100  423051  11306  5259  27550  5466  285399  6475  3968  2341  5050  7797  13235  9561  1118  2960  2208  447  2352  115  587  17375  5962  5740  3836  740  27590  2124  33866  1511  3182  58140  1077  266  6696  134253  959  569  4251  116987  103263  589034  0  1591  4422  58935  10502  1.6745e+06  85175  109979  12892  633490  38107  129553  47121  2627  6799  3867  566  6510  101  2712  18932  10596  12401  12440  4977  68396  6780  21809  
287  286  521  1118  1770  317  8764  24024  7108  67974  37786  110  180  302  345  84440  32978  11706  1908  11068  227  399  1041  423  1177  202  302  430  2522  2802  785  5998  766  1408  14414  3562  4637  5398  313  2102  1118  14933  23719  2205  1394  52463  58529  37158  69934  69900  2.18289e+06  58531  92  148  1229  2075  0  2.17367e+06  1.06428e+06  38654  22310  2224  869  7655  1351  7014  1718  5858  16020  13046  13591  6788  765908  306844  928390  163106  120411  584628  491739  2770  205933  56093  349407  
739  1032  838  2432  4054  675  15873  23948  8757  79638  205476  222  342  1588  4524  220391  139672  140023  11877  125302  1090  1877  2850  1763  4494  1382  1396  1715  11296  16057  4441  40011  3523  6065  61366  11034  16478  14976  3143  10995  3598  17801  31276  5280  3079  57835  92523  80526  57902  60142  275315  12739  250  368  1387  17762  2.10999e+06  0  988830  1.50866e+06  142891  12552  4076  58622  7173  70500  11188  27672  24987  291684  437720  355491  1.79942e+06  498954  754186  212665  111082  581842  346528  7510  209556  90026  262303  
1588  3893  758  3090  5239  601  14600  24237  8935  28302  109106  235  313  1099  3030  113185  152259  378659  73268  188129  10319  22384  17664  9262  21085  2886  3084  6678  24663  28496  8092  42825  2448  6214  136430  15370  48200  29592  4698  38710  11088  9455  12405  7405  3777  9151  16609  51651  109756  132130  119332  54568  333  504  3862  7510  1.0947e+06  907610  0  2.96397e+06  1.27881e+06  114511  59332  916777  40713  183492  8774  22681  19137  127935  105167  6432  72881  858  15714  150397  33586  130130  80825  7509  150614  61554  173638  
1579  2509  1282  6113  4251  372  16087  23185  5553  5026  17556  464  311  452  2502  14154  41271  177893  49092  82375  3682  7252  8256  6077  13756  1996  1884  4805  15810  15371  4058  13847  591  2526  79514  12269  32692  18754  9193  25807  7761  21343  38515  17138  8740  38984  63510  232319  61702  269236  63950  673  553  751  908  15123  15113  2.49785e+06  2.76901e+06  0  520879  26172  12659  1.95047e+06  23314  448683  17643  43964  37802  1.15142e+06  1.58849e+06  1.25082e+06  240294  266  16972  205917  46839  216162  89568  14369  304421  91897  157472  
4698  13435  4154  15350  13644  888  45531  83009  10732  78766  264446  8843  21444  118004  279099  196175  166925  875981  216400  1.10755e+06  103442  71662  114686  37828  111216  29365  20596  19055  79982  59899  13954  60048  3264  10814  272602  32260  126683  69435  6989  132938  29216  11584  8570  9437  17053  6853  1466  32847  365024  6052  11963  390819  40556  46392  534818  1.87444e+06  22302  35122  1.01438e+06  96551  0  2.25156e+06  809205  133315  759430  148197  228264  122351  14728  66137  44516  4723  46960  595  12381  207638  30116  95084  83935  6514  281598  62970  259446  
644  2170  173  624  1143  36  3253  2037  185  436  1009  119  383  845  4077  609  1972  139222  37260  49753  88510  95624  37918  30039  29843  4128  1884  3102  14928  7171  629  4065  92  700  27440  2558  16366  5729  858  20926  3532  1066  1241  779  520  1051  139  3695  3542  302  213  137  210  175  650  45177  271  1635  246724  12443  1.27039e+06  0  404713  90051  208588  26178  25474  15556  1923  7719  6084  771  7478  93  1603  36650  1947  13193  8240  765  43698  7775  20638  
265  596  97  658  337  9  1118  909  59  171  801  97  121  296  1307  332  551  49603  7165  16772  20314  46301  11992  22948  10433  2440  1147  1043  4119  2486  174  1107  23  161  18225  1045  4470  1424  961  30704  1033  1816  1051  1615  913  405  58  4192  2574  183  75  58  394  161  563  78165  116  439  74532  4117  439887  295613  0  95940  571338  32593  36681  16227  2956  12341  10772  224  4775  15  582  31922  2498  7912  2982  1428  66529  6393  9900  
1678  2203  1314  6898  2378  105  10346  11141  1159  1469  3137  480  440  725  2693  2901  6267  141152  30899  39502  24437  52587  40380  121633  30809  5089  2560  3570  15039  9032  925  5103  138  821  90030  7447  18703  7745  4694  54331  4744  30839  39193  26711  11074  26089  15313  247172  47145  183356  11197  332  575  753  905  11919  1907  41808  778299  1.74756e+06  421250  122632  277129  0  315785  1.2868e+06  25215  34550  39471  1.2485e+06  1.12792e+06  35615  112630  80  11495  263674  39269  144931  39885  9650  184623  85715  135626  
1370  1557  621  4826  789  21  3605  3683  187  524  2811  836  440  751  2938  1124  1585  52901  9315  21183  20776  143819  16702  266732  30880  8567  3957  3552  10467  8197  311  2902  36  261  116633  4847  12321  3842  7290  135796  3327  11849  4360  11207  8051  1211  270  22936  13453  1069  330  136  5301  1717  5432  828619  495  1720  68632  15238  694330  216160  637009  396011  0  1.72267e+06  414038  60260  20151  91878  71322  610  25320  61  2356  156444  16612  37926  11224  11739  300821  28380  42458  
1582  1482  806  5821  1006  75  4640  5196  538  1119  6323  603  328  519  1297  3453  5639  49093  11776  16765  12488  49964  14091  51081  38803  9538  4975  5289  14781  12111  661  4671  96  509  178543  7621  16735  7041  16700  158571  6117  12895  7353  11219  8981  5315  2284  56233  18013  34896  1901  207  2952  778  2098  62402  1149  6649  61240  80524  86950  17995  26938  1.09517e+06  1.50118e+06  0  1.35044e+06  1.06294e+06  193529  2.89842e+06  122072  1324  37236  50  3625  427774  36371  58363  39509  27616  847072  258028  75445  
371  414  344  2217  400  20  2149  3389  91  443  3421  977  534  377  594  729  931  14281  2025  5648  5481  12542  3521  9846  7487  2194  1097  1222  3314  2668  139  892  23  97  34925  1954  3445  1437  4460  36984  1359  1831  585  991  2616  396  112  3284  22280  1100  113  81  6679  1163  3416  134059  141  664  12389  6577  53272  10954  12756  47398  287715  1.59016e+06  0  419037  3336  90346  17967  159  4689  22  503  47305  3182  7519  3708  4681  243601  11910  14030  
2043  187  553  8735  346  55  2162  5251  258  1030  7342  1248  610  679  756  2171  1489  6160  994  4807  987  2850  876  2486  2094  648  434  740  1301  1071  109  800  23  148  13041  1848  1617  1391  2303  9432  1119  14686  3678  3469  9180  5404  1293  7425  18085  1254  701  168  5350  1529  4475  41661  793  1270  10608  5460  23669  3775  4234  15406  12498  949123  355700  0  267977  49758  5449  260  3558  27  19757  115459  21008  17685  30564  22670  603414  331390  21070  
5206  194  1330  21325  435  63  3776  6240  597  970  2218  1739  378  427  517  1670  1309  4234  884  3037  346  2834  819  3457  9666  494  465  12074  22299  9360  143  2484  30  280  5333  9670  7741  31711  50627  3356  32100  85413  17942  17606  26106  19627  5104  40204  18677  7006  2520  378  2554  1533  1936  3382  4839  5881  24219  23956  17910  3061  7494  73056  14552  163153  2685  220371  0  280107  202776  1081  402624  192  114962  97458  67489  73341  86675  81294  43958  474982  22677  
989  647  502  4331  1098  90  4597  6461  1624  3188  15343  171  100  247  1197  15068  15635  47145  7665  27456  2241  12703  3849  15210  14091  2237  1326  10665  23779  15539  941  7181  267  698  41794  10416  16986  28612  56512  27582  22162  10609  49852  9147  7066  69683  39731  305922  12839  245687  18002  460  343  211  541  8265  3679  112015  101682  466590  87565  9777  16467  1.31608e+06  72441  3.08113e+06  56172  130317  335052  0  3.79475e+06  57524  114368  214  6704  217834  35304  75826  63060  32221  288300  120444  84975  
960  825  565  3809  1710  191  6654  8665  3110  8756  60845  184  154  782  3340  67012  41666  73110  11032  61508  2653  21315  4445  25097  12508  2341  1488  8792  22846  16451  1810  15117  1049  1924  42503  9796  17375  19459  44817  21126  15806  15316  107455  10236  6477  153567  97380  388553  19167  198882  33981  1566  336  300  880  17818  9905  787808  215015  1.00365e+06  195832  30121  45268  962021  131790  242916  21966  24638  195927  3.6624e+06  0  1.88268e+06  3.71293e+06  862  16222  164537  33963  92853  54601  30286  137844  70017  97135  
85  125  93  439  320  45  1336  1999  656  1349  7611  26  22  112  484  9188  5354  9223  1642  7538  421  1217  626  816  1012  229  162  182  991  959  222  1726  154  249  5355  699  1314  893  385  2290  300  2786  25936  1451  652  47379  44759  122806  5192  54316  18341  214  37  44  107  3935  2172  659838  76933  1.26696e+06  42275  7029  3873  176233  5374  55465  4209  4127  2271  298426  2.39789e+06  0  663247  213  4099  15907  4977  10912  6580  547  12985  3566  8030  
2579  1476  1992  12549  4425  683  20315  35247  9641  52406  151262  663  562  2028  7331  207891  96164  101759  17872  108284  4020  16386  6856  16428  16042  3075  2190  10168  30338  22553  3304  28597  2648  4645  58430  17657  25122  26731  44853  18465  20017  255475  127181  30907  19690  234751  171151  152135  97070  39325  280773  9070  1035  1067  2342  54194  481587  1.97577e+06  420000  297022  449690  71975  58044  484316  95520  199880  45826  41944  267043  164025  4.1346e+06  811451  0  945226  1.36688e+06  214974  98504  466187  178280  37090  116154  127541  179074  
33  55  118  202  317  33  1715  2152  376  2738  3805  19  45  49  170  5724  1817  1635  358  1895  78  64  122  59  179  49  42  45  272  226  49  386  54  103  1477  631  486  395  59  248  94  3220  5634  543  302  11250  8724  6225  7906  538  70130  821  32  30  63  1367  254683  442395  20525  1704  13273  1558  307  934  537  1020  861  1307  2943  1294  3045  4588  537434  0  380797  6383  6027  57020  17686  406  5237  4367  8637  
1014  513  1752  6093  3622  1025  22885  50012  8072  18145  25587  973  895  634  1440  25768  10759  14506  3224  15355  723  1403  1083  1173  1632  432  388  553  2048  1938  462  3453  305  765  16409  5731  4495  3536  668  2422  766  1.08934e+06  215332  24150  9202  1.10578e+06  1.7658e+06  113227  164162  13673  1.44688e+06  9693  1302  1544  1562  13597  1.17971e+06  1.13776e+06  162098  42468  120938  15369  6679  54896  9162  27557  8512  33659  202562  26490  42034  29420  1.82167e+06  822452  0  53455  44178  278729  62220  10462  22613  19892  50318  
2807  6764  7314  17781  34755  6085  208791  330556  49020  63017  89178  2553  4465  3390  17863  48854  27975  130522  31752  123285  8166  36639  16361  39907  29152  8193  9864  10103  21461  18537  3087  14413  664  3491  575052  81559  49453  45818  19620  73997  28711  77910  202808  22554  24897  89875  32007  681918  1.00381e+06  94880  274120  51545  2423  3777  5656  103991  276291  135675  560554  112780  850744  98018  80901  337920  150508  896723  116187  878107  425524  516929  151560  4136  69660  801  15669  0  2.14827e+06  457594  436361  123466  2.43664e+06  1.98325e+06  4.54125e+06  
13777  1486  6773  36721  4352  146  24759  24677  1984  7551  20654  781  253  682  3131  11663  3606  11640  1674  16741  413  1974  965  2230  1748  923  1294  2453  1825  1631  251  1867  106  542  30013  28487  4731  4510  9984  3352  3083  80865  65505  64154  48166  13356  18792  487161  330909  26323  64391  8823  1268  535  1116  6505  32945  36697  34836  7914  56123  4233  4336  23623  9828  96566  5898  72153  31163  54319  16377  2491  30489  1272  20408  1.32345e+06  0  344356  241492  576613  303231  94203  459614  
2467  2130  8254  17646  15521  697  93204  179737  16701  57724  23582  1540  1389  964  1821  10854  4365  13449  3525  13448  1034  3062  2156  2899  2766  607  606  1597  3865  3348  411  3088  138  1325  45254  31388  16995  12178  9186  4567  2528  194804  290313  85875  21258  271557  26511  747835  802098  58642  261128  18320  1772  3972  3561  20435  314294  116339  168265  63868  141098  16599  10417  86862  18155  73673  11198  34708  51394  132934  46108  2945  79008  1154  43658  153541  413789  0  2.23e+06  114557  162977  124931  259336  
526  849  2504  4822  7303  558  43885  61274  6722  16501  7963  443  745  401  967  4929  1919  6997  1849  7006  594  1071  1367  1073  1373  326  304  367  1399  1401  230  1071  55  532  24453  13219  10471  20892  716  3064  1595  15295  75488  3380  3733  91054  8884  112031  476185  52318  186943  10426  500  1370  1342  9459  134060  22458  52715  33198  70735  7382  2871  23068  5887  35608  5111  27559  41509  72556  16585  908  20372  228  12624  107814  121501  1.86364e+06  0  3147  401628  232650  630714  
14319  270  3484  29948  221  4  4299  4355  26  209  328  3567  1167  1222  707  236  290  990  149  1132  64  673  191  896  798  177  1053  5279  2089  2117  34  2183  2  802  1890  14183  4906  833  18418  1310  3296  77752  2184  45588  52218  396  168  64596  12157  896  742  65  12871  6791  3818  2291  505  779  2267  2186  2790  357  811  8988  4897  19803  865  44397  67463  18309  12455  343  7272  6  6539  21936  517359  132029  1522  0  12164  54619  2913  
1313  1151  705  5867  912  105  3977  9164  789  3762  20465  1401  847  2244  4040  9665  11319  45332  9004  25908  7106  26761  8733  27263  26218  7844  5757  4109  10894  9880  908  5151  157  600  158914  5837  13151  8035  10744  128545  6503  29064  1555  2398  17317  906  401  9276  23040  3469  19399  1417  5020  2488  9492  57229  8500  3698  37921  13196  76744  16666  19219  61454  47982  740567  384372  1.13883e+06  96849  214999  54637  335  12460  47  2211  1.48277e+06  45050  84196  122245  85826  0  1.60182e+06  166889  
1371  216  1258  6088  408  42  3304  3304  374  1742  3340  1342  201  352  663  2811  2110  6161  1280  4864  474  2800  982  2593  5179  419  586  5577  9773  3586  186  1433  29  150  13097  4859  3523  15720  18297  5312  15985  37304  2630  2279  21076  1898  544  10459  7799  2214  3803  373  1695  821  1042  5731  3884  3710  31048  12979  31008  5521  8739  49183  10249  319700  16064  763352  340058  80304  16538  463  11267  65  8721  623284  72912  64813  130297  79429  1.0509e+06  0  189562  
7061  40053  4585  10159  75838  7400  265463  685051  97271  1.03399e+06  365208  1146  8645  8238  23660  689069  104710  433228  69195  392389  19120  29225  67788  56851  105774  23426  43719  46118  108196  125369  13366  45808  1181  7219  4.17692e+06  789899  493656  1.84132e+06  13716  155085  164406  14376  48300  3922  5500  42579  19882  169545  798406  108889  545940  99355  2400  4386  4673  30390  536305  111612  317301  70138  372483  28002  14103  76429  27088  78516  19788  61248  32197  44189  22581  2404  36244  744  15977  3.1891e+06  494151  1.01581e+06  2.43969e+06  3915  1.07469e+06  276294  0  
