4094839  
2534312  
716622  
3809276  
4141988  
4526970  
8454129  
12400780  
3966332  
7347214  
2800936  
2491191  
2423492  
3399134  
2832013  
5612122  
8049167  
5755641  
8616998  
8400540  
1497952  
1318280  
4505071  
3701440  
8094953  
2262401  
1872767  
1770732  
8865483  
10505624  
2892213  
9099631  
792239  
6812658  
1846981  
1619479  
1366389  
1835898  
943311  
2411063  
1830320  
3781629  
5600402  
2329627  
761928  
2324785  
1555278  
85633  
465550  
706790  
1097164  
411686  
472134  
423124  
58825  
88401  
962243  
100795  
1077464  
3658978  
1066296  
5278667  
2477987  
568665  
3859120  
3308925  
4528767  
7374666  
12943009  
5058266  
6819378  
1979231  
2765874  
2057416  
3137871  
2848543  
5676551  
7384223  
6573009  
8743739  
8395666  
1827117  
1282560  
6038980  
3864439  
8126709  
2161663  
2189448  
2475474  
9205756  
10479749  
3390668  
9741227  
955568  
6251913  
1511106  
1657257  
1928028  
1724732  
1464687  
2450356  
1534010  
3414983  
5287132  
2399472  
680364  
2352706  
1662291  
67947  
490494  
668026  
1044617  
412437  
470553  
500583  
107653  
99514  
968857  
144362  
966424  
3317758  
1249498  
9464320  
12184015  
5867982  
221590  
