3839117  
2558153  
396410  
3040859  
3753675  
4323453  
7530520  
13108183  
4725707  
7204633  
2940831  
2347164  
2300231  
3408296  
3068537  
5959161  
7666345  
7105252  
9152745  
9331381  
1513200  
1501314  
4783881  
4163086  
6486998  
2085638  
1776252  
1623208  
7898270  
9544561  
2928737  
9455181  
783378  
6221643  
11514117  
3852502  
6113707  
2035910  
604837  
4906123  
2187047  
4982671  
1926668  
347620  
2730316  
3385859  
5049330  
8043197  
13080417  
5149633  
7823819  
2542022  
2474580  
1948779  
3321144  
3058090  
6167251  
8024627  
7281559  
9169622  
10148343  
1847943  
1262162  
5707852  
4178280  
7570505  
2227523  
2129031  
1494194  
8846900  
10405316  
3598417  
9265435  
851646  
6757692  
11296267  
3325736  
5608656  
2090633  
722205  
4776049  
2196343  
10688948  
