464218  
477876  
611064  
494917  
858394  
690562  
413358  
289731  
268697  
191065  
665895  
690746  
662771  
867495  
215564  
640741  
179088  
967078  
631121  
810355  
798356  
279785  
444124  
639707  
432558  
442085  
502574  
556717  
673017  
296401  
201610  
253570  
541200  
428460  
347095  
360302  
520017  
631176  
753949  
658709  
778736  
644902  
361337  
443228  
589242  
421012  
801777  
595413  
401438  
584680  
469997  
722102  
551062  
471682  
552395  
627193  
656127  
543938  
843882  
432893  
794431  
553761  
689458  
511464  
532183  
527893  
680884  
680491  
550289  
681374  
467371  
620113  
520244  
533593  
527230  
294569  
392216  
545966  
417881  
653989  
780274  
520604  
737872  
454934  
455539  
453638  
344153  
559152  
824382  
499283  
817983  
451801  
325566  
505092  
419332  
473243  
493235  
675521  
439747  
494211  
350753  
422381  
597763  
290241  
366073  
811105  
430943  
805672  
375847  
338039  
597284  
480924  
285925  
202105  
299869  
707844  
926701  
231721  
172954  
228747  
611321  
220542  
170969  
517125  
353029  
426611  
446828  
488593  
675641  
388442  
581562  
329255  
379324  
401236  
341056  
473946  
396570  
169332  
410735  
336740  
498674  
233440  
160513  
168230  
152303  
212053  
187878  
153854  
147584  
150734  
411043  
121196  
85869  
204125  
195564  
96548  
143365  
423050  
425182  
243526  
63227  
127748  
130139  
133419  
244090  
154266  
109333  
154676  
179618  
278415  
265398  
740509  
279055  
279514  
196164  
380315  
432195  
506326  
350554  
932298  
762216  
540671  
632455  
375080  
468225  
536958  
595247  
284266  
490688  
616084  
210326  
655984  
699884  
213765  
462922  
212719  
807502  
329427  
405617  
614212  
858663  
497629  
646665  
316568  
417498  
547263  
570017  
342417  
430130  
139438  
469548  
260711  
182513  
187339  
236847  
280614  
184603  
152508  
184969  
138158  
135154  
168236  
271978  
96677  
103883  
141789  
100238  
247996  
203821  
104601  
144824  
191005  
150740  
172168  
316165  
418334  
399199  
308777  
396347  
581691  
653307  
351342  
289183  
751315  
392970  
684440  
930783  
304398  
445924  
568226  
651897  
795034  
665907  
417438  
311695  
595523  
470671  
479965  
153136  
220445  
369463  
235287  
207196  
247322  
202609  
264079  
308000  
220283  
339361  
616762  
314616  
238026  
200753  
299623  
375302  
472999  
172854  
193467  
172547  
113065  
238473  
366917  
353156  
654248  
467573  
249963  
210188  
522688  
546108  
684738  
426435  
109369  
81315  
346512  
393413  
246046  
235992  
332282  
415934  
444388  
868846  
556729  
574765  
442355  
726208  
391453  
306904  
363008  
394902  
326646  
323403  
450260  
598430  
452118  
566940  
395811  
654388  
587631  
794082  
700946  
313658  
628987  
468309  
454092  
857187  
724561  
646368  
629249  
553634  
903121  
402202  
245348  
274208  
194627  
232458  
234382  
287339  
265466  
165203  
146007  
303888  
203260  
199469  
165126  
292172  
204770  
190104  
134457  
218812  
80282  
84676  
97159  
361390  
255096  
301732  
85225  
340426  
454700  
488450  
380050  
185811  
107794  
199189  
280966  
244879  
194530  
411242  
468293  
490627  
640209  
392317  
386069  
407556  
133641  
536241  
142226  
231289  
253802  
306394  
391070  
544960  
261994  
275837  
261870  
277724  
278746  
304690  
388253  
467716  
597236  
327448  
393773  
595403  
415171  
442098  
388645  
483679  
467057  
944919  
564139  
921824  
779661  
799531  
847118  
1374251  
396175  
294117  
403788  
300539  
529335  
427597  
1616290  
734600  
1102865  
1086031  
899018  
651004  
1051582  
964541  
669595  
622829  
514606  
544038  
591290  
827687  
512151  
914057  
754463  
528650  
728297  
649304  
1115135  
631223  
565457  
419213  
759911  
653965  
497092  
571779  
457818  
579491  
847802  
666721  
722948  
871447  
954171  
403590  
786787  
836929  
863290  
854752  
573825  
434847  
512639  
551440  
732212  
648088  
474068  
329749  
359944  
370909  
681955  
653564  
591577  
510367  
668887  
490597  
408344  
528710  
589513  
414334  
316948  
445599  
359261  
775736  
544750  
493762  
815380  
378210  
558716  
915699  
931319  
395339  
252167  
194748  
269771  
376224  
401448  
368734  
303560  
497459  
557717  
404918  
402360  
465908  
494097  
780963  
474589  
434239  
497445  
1145722  
10903596  
3707391  
6366371  
2430597  
717198  
4785828  
2319324  
395963  
505333  
566063  
596291  
1108391  
671143  
455326  
309791  
251055  
250883  
565589  
718515  
602779  
941514  
289583  
753786  
450731  
959846  
759850  
463331  
520892  
120248  
457959  
662320  
491888  
428717  
586968  
379359  
529585  
276672  
214429  
277512  
400949  
347895  
367467  
470669  
414811  
381369  
749720  
849906  
554769  
254194  
717146  
516426  
742020  
435746  
815192  
543750  
544096  
557847  
384912  
908625  
591770  
581321  
596362  
866518  
864884  
474505  
701355  
532088  
701116  
437842  
471124  
625472  
511796  
561891  
613974  
696464  
551275  
669718  
293411  
446105  
510792  
434557  
334083  
229841  
237356  
444028  
337308  
508543  
683809  
671904  
686082  
429187  
328181  
455635  
479989  
436927  
849345  
478328  
817540  
450501  
250043  
415682  
436701  
410073  
502527  
598794  
497406  
517322  
373625  
350274  
651305  
258773  
360416  
576988  
509937  
804475  
387428  
406375  
552425  
544787  
356276  
233125  
256195  
818394  
1269526  
365391  
195370  
309984  
750632  
323532  
236177  
531366  
320430  
395494  
490969  
497407  
959495  
585127  
737750  
375702  
483051  
401652  
354618  
425012  
558478  
199050  
363332  
280425  
553477  
350400  
298107  
204966  
168494  
245884  
270060  
236709  
327902  
176050  
319129  
171928  
86327  
153685  
125061  
163263  
143424  
355111  
254977  
180581  
99129  
108273  
108018  
125867  
227155  
80852  
129274  
339371  
160043  
238549  
98259  
367476  
214301  
323783  
258807  
222823  
454225  
332498  
267559  
748071  
797248  
683370  
577369  
182531  
297005  
395398  
461799  
289305  
555200  
430415  
267363  
666036  
487316  
234058  
344377  
209988  
951875  
284116  
338843  
494572  
842686  
441037  
535121  
376599  
214018  
772344  
645986  
419907  
488751  
157084  
368606  
274683  
206088  
217219  
232219  
336791  
227332  
112236  
216712  
145422  
130223  
288300  
371814  
147731  
145112  
157272  
151083  
192286  
287627  
156503  
132149  
117201  
155332  
206234  
258873  
473421  
241706  
464644  
296709  
632162  
885111  
535834  
479633  
774870  
376076  
693651  
806784  
141010  
319062  
528603  
708860  
603822  
304572  
172595  
441068  
735325  
450413  
534390  
101425  
203357  
336287  
228036  
189594  
425778  
398896  
358591  
278700  
412609  
249348  
596064  
313187  
295561  
238309  
301860  
285712  
424937  
178172  
200632  
123667  
166610  
342357  
374977  
275401  
407415  
373080  
351938  
278285  
328363  
798226  
840019  
540205  
241437  
229052  
392694  
339511  
270437  
343661  
324924  
356563  
797854  
1155506  
316414  
202691  
288822  
263942  
487196  
332989  
648543  
452833  
301249  
342344  
306198  
659771  
514703  
526582  
508712  
665036  
572969  
671759  
593267  
510610  
519700  
409482  
468894  
782774  
791794  
698294  
444857  
475891  
844338  
403241  
90385  
377796  
210842  
344498  
303413  
222026  
200649  
117675  
161570  
439403  
176122  
135505  
187851  
241615  
39975  
72447  
138547  
236753  
172126  
262625  
221434  
767808  
418322  
376998  
167584  
347574  
339511  
470906  
424314  
312838  
285223  
403975  
202010  
287248  
300288  
411133  
520991  
777196  
694796  
463657  
383654  
138539  
118641  
490303  
140801  
156720  
321179  
237810  
329611  
526801  
313134  
249570  
325525  
256311  
234666  
369148  
604110  
361267  
638390  
306759  
411630  
639980  
483691  
388728  
309204  
449523  
489714  
839025  
626430  
825672  
634421  
500574  
800133  
1450742  
223997  
231531  
442317  
268634  
466676  
679604  
1525625  
878581  
951144  
828001  
856995  
582348  
1052064  
908688  
621622  
619572  
571512  
526190  
685919  
704000  
830105  
921932  
1256299  
791648  
657006  
619394  
789227  
513102  
536691  
479982  
768596  
842689  
716360  
528256  
572958  
553675  
933413  
727467  
460889  
1074304  
973840  
502635  
748230  
918287  
876566  
825102  
901651  
432347  
635026  
641516  
826550  
852755  
747653  
342997  
364306  
326793  
369204  
271666  
553019  
515261  
731466  
344494  
394256  
551824  
591694  
335655  
299885  
311633  
385529  
746672  
579985  
605996  
759189  
266027  
505632  
899897  
1217790  
444064  
275211  
168584  
320323  
445141  
414415  
507156  
377384  
663477  
634757  
511392  
426405  
448329  
390041  
868982  
436656  
358655  
537124  
1187797  
10582488  
2403418  
5386742  
2587992  
700504  
4410032  
2169452  
9052192  
