539581  
556665  
665621  
507664  
954147  
673963  
370940  
308307  
294947  
183478  
485092  
734817  
683165  
842088  
273734  
617220  
251716  
1010782  
692846  
742882  
738114  
301432  
489643  
676582  
388090  
462105  
537305  
547004  
675959  
281314  
240421  
344697  
692116  
538545  
390152  
495238  
520168  
642983  
729568  
782994  
938923  
621088  
431472  
441332  
627263  
434291  
858800  
738716  
481529  
620409  
451567  
830930  
606453  
496139  
725701  
960876  
785824  
623083  
890760  
589775  
734061  
542680  
574414  
509459  
532487  
582274  
564112  
684846  
487231  
690914  
403727  
515228  
550986  
474909  
588870  
326258  
405164  
573505  
413694  
700690  
752643  
510955  
760509  
414467  
415966  
462235  
384148  
497003  
760109  
492639  
884251  
455270  
374524  
532232  
432638  
421171  
530293  
698965  
481217  
521780  
359932  
456166  
700267  
319196  
362401  
706478  
427859  
673530  
445942  
389317  
618208  
506991  
307126  
198772  
318034  
672196  
838548  
233882  
211654  
282647  
627655  
318012  
217304  
537210  
409038  
415698  
497597  
516867  
755772  
507196  
599670  
362148  
418065  
484562  
378995  
480522  
405340  
172989  
439254  
372953  
574079  
298729  
210047  
168605  
182961  
238776  
208523  
202117  
230876  
192778  
390934  
157587  
124590  
203163  
216633  
131764  
163337  
385735  
443183  
245550  
63467  
114245  
118722  
152123  
242033  
134265  
85409  
139748  
175834  
318537  
264296  
763650  
245414  
254805  
252809  
425404  
381552  
519022  
371288  
906955  
786285  
518770  
634081  
338680  
450953  
536104  
560844  
259765  
523215  
623063  
204472  
693109  
658599  
196970  
438964  
197460  
783757  
326188  
391935  
653054  
885817  
490454  
628668  
351724  
466940  
632149  
560538  
372983  
444268  
170916  
509974  
354946  
171801  
194323  
279359  
290325  
272747  
157058  
229527  
149803  
174367  
179066  
319935  
188172  
122245  
125765  
150431  
217498  
198310  
111120  
131883  
172268  
117215  
164767  
342670  
552309  
396368  
320191  
368026  
630581  
743630  
336714  
387394  
830116  
423493  
672903  
936122  
316542  
473838  
609883  
624019  
683782  
589116  
452737  
334536  
600300  
528807  
444443  
155109  
205407  
379793  
391146  
293969  
302743  
254508  
334048  
376350  
347083  
337127  
655774  
307382  
315514  
239200  
337735  
337650  
473255  
220721  
214876  
173119  
153550  
265236  
380067  
360073  
701009  
498767  
381186  
324415  
597920  
583247  
641338  
470738  
226477  
134283  
400974  
428471  
318373  
233280  
403005  
407746  
465507  
848968  
663289  
561998  
398879  
686879  
403895  
314963  
387744  
419057  
324819  
298696  
435650  
601566  
450399  
575576  
480726  
657973  
603606  
764234  
696798  
361412  
514208  
435182  
420988  
855361  
686054  
630381  
643939  
533552  
1009995  
440038  
242904  
282399  
195265  
236734  
241994  
327328  
251890  
111999  
103061  
325663  
201506  
198103  
175272  
275377  
202852  
164615  
101498  
257177  
76470  
116742  
92800  
305287  
302251  
329625  
121676  
337774  
390323  
446127  
407995  
261715  
184201  
199142  
261125  
260128  
236770  
408529  
473773  
518319  
640872  
452766  
328759  
380166  
131457  
568088  
163087  
229468  
245765  
292681  
382923  
530723  
272294  
264749  
260443  
307356  
265214  
293634  
427170  
423666  
588431  
308746  
409469  
627191  
474230  
439019  
378617  
469455  
475278  
1082345  
620785  
956577  
864141  
878600  
756617  
1281489  
378824  
306252  
399681  
302014  
600489  
497677  
1589392  
708055  
920451  
1034435  
867338  
476040  
1040621  
1028039  
717757  
613837  
680526  
578560  
597914  
934270  
615134  
907542  
808576  
561735  
763931  
686017  
1176264  
672205  
527153  
452266  
783120  
661623  
540730  
580212  
477460  
628928  
845982  
690822  
783769  
1004299  
980796  
447979  
813927  
908069  
864472  
780945  
547277  
432253  
499995  
455126  
718164  
689828  
441903  
363686  
352714  
408826  
580130  
746074  
569689  
612453  
664900  
547484  
441994  
542965  
576617  
449082  
360085  
448927  
372888  
909907  
620576  
534572  
765551  
385947  
542168  
822357  
924797  
367940  
234538  
211032  
301542  
359700  
449997  
381119  
343619  
563086  
739385  
422057  
434069  
517326  
519587  
817874  
491981  
498404  
572147  
1234506  
10867715  
4056136  
5939934  
2374664  
754329  
4147805  
2517237  
436944  
512729  
587223  
619928  
992140  
739124  
450468  
309700  
261356  
264963  
643894  
765653  
637290  
1021971  
238263  
719038  
464662  
1005447  
864497  
459992  
584378  
138773  
561075  
700917  
500918  
521555  
560320  
404096  
616654  
358920  
239301  
344076  
435274  
361640  
393605  
507472  
449553  
415418  
851989  
768450  
530042  
252987  
755716  
512338  
756493  
461235  
962777  
486196  
539263  
588432  
420696  
803723  
651431  
524400  
642551  
1028386  
972873  
427565  
644709  
515641  
733013  
431764  
471962  
720555  
469945  
607348  
537850  
743007  
535189  
639400  
329298  
458590  
539828  
390191  
350270  
300985  
284136  
452411  
382679  
540377  
679309  
629369  
746884  
404819  
359935  
460749  
485462  
423558  
768766  
516194  
864004  
475493  
276874  
408685  
486271  
450223  
530488  
662548  
537377  
493175  
434180  
387955  
681004  
348749  
431241  
645626  
510581  
701995  
442893  
418770  
558448  
489494  
372567  
221286  
264188  
849992  
1334506  
417186  
193985  
353821  
772148  
325170  
276353  
548188  
393243  
396602  
485805  
502005  
984350  
639753  
722338  
405141  
454902  
386150  
344425  
448361  
611626  
183371  
305196  
261003  
606210  
339359  
254299  
212651  
176170  
243895  
240811  
222965  
287168  
172014  
320188  
145279  
91834  
139200  
138833  
167267  
191766  
432003  
281583  
213317  
157153  
115066  
124904  
124695  
249250  
90751  
106793  
294582  
150201  
262675  
96634  
382072  
273167  
315833  
259413  
253008  
437948  
359574  
290613  
986967  
818460  
728416  
641199  
196325  
305825  
408844  
534846  
281814  
628069  
447882  
261899  
664393  
494542  
253904  
321933  
189197  
944099  
323193  
307646  
518605  
819848  
533903  
576279  
416092  
232068  
771563  
609092  
407309  
484016  
174354  
346022  
233868  
206866  
189715  
215623  
340490  
201203  
106482  
164193  
148085  
123748  
249863  
385102  
179485  
136574  
161936  
149723  
205624  
290920  
140001  
124889  
126816  
174873  
151304  
296797  
496052  
260899  
429817  
323897  
541570  
693152  
529505  
429062  
780263  
369460  
720016  
833824  
155656  
389549  
497889  
666017  
656684  
302681  
156490  
497633  
786845  
478620  
374786  
91219  
154771  
362294  
234800  
262948  
409644  
358950  
445619  
264696  
472303  
355752  
616121  
285818  
281160  
316710  
297318  
322422  
425485  
185974  
190984  
105874  
266048  
407314  
325815  
290257  
437077  
390578  
364371  
320699  
414391  
768632  
960247  
573042  
235110  
224567  
412302  
343023  
282271  
359198  
331266  
340737  
813163  
1110635  
330288  
193368  
272816  
284262  
505424  
320178  
637437  
473928  
285370  
339007  
298598  
664052  
524084  
521323  
519078  
688296  
567260  
656809  
680913  
492005  
579399  
398564  
447987  
760784  
772140  
693455  
459093  
512779  
825243  
445972  
73113  
359820  
180454  
380461  
343023  
245026  
190155  
106235  
128060  
441007  
168037  
130366  
158043  
228199  
34207  
70032  
138885  
212306  
154114  
230297  
272518  
761191  
399354  
415472  
176046  
347649  
357639  
452876  
456595  
283119  
256486  
359262  
203211  
281402  
330904  
446727  
605048  
790994  
758442  
498031  
295990  
131578  
144272  
535682  
184017  
188762  
369644  
250555  
370371  
549313  
327291  
245191  
307725  
308124  
263088  
329000  
651195  
293870  
617460  
307058  
395041  
624773  
507518  
462968  
317387  
436665  
533852  
949524  
611519  
948520  
747148  
582365  
717855  
1442246  
213795  
241600  
435804  
269733  
621229  
735414  
1316692  
837745  
1138324  
855949  
827132  
563146  
1031032  
938745  
665496  
668165  
603386  
559290  
715589  
824096  
1079243  
1008454  
1431355  
838624  
679422  
771407  
911618  
549765  
592116  
523664  
767056  
840286  
674527  
508529  
558162  
544171  
941889  
668446  
472604  
1022158  
996437  
505411  
769589  
947963  
930155  
721730  
823763  
421336  
603391  
598897  
799201  
859020  
729572  
336257  
350339  
307170  
407284  
268768  
521726  
471588  
732762  
398455  
390274  
506869  
523885  
376739  
379098  
326625  
384132  
690133  
596255  
581375  
696870  
296244  
526332  
904918  
1145278  
471552  
266155  
164440  
318364  
445149  
438075  
539330  
366914  
630151  
603289  
513888  
456370  
477524  
400321  
973751  
468285  
423089  
543882  
1190596  
10823822  
3504005  
5364571  
2329645  
740152  
4274443  
2359890  
10453951  
