0  1.30639e+06  67584  751808  300992  26357  539518  42436  9793  10513  1147  14262  247  308  1140  17561  12950  25326  21225  9175  17019  37266  52428  64381  39099  6828  9658  146667  45174  98186  33389  117986  935  1.09179e+06  81510  125529  371093  39291  17370  83890  23413  1517  168  2782  11371  76  31  1223  3864  178  429  238  95  41  60  144  933  388  4079  722  4903  1958  828  807  1103  254  113  66  227  783  315  33  231  1  59  3185  4609  592  549  755  660  544  47409  
1.01584e+06  0  4515  9785  932495  11374  530867  37157  10115  12424  1760  345  251  345  1439  21635  7899  33739  23547  10766  31207  68639  69465  103565  36375  6946  5447  33506  33893  36025  11663  21835  498  55915  560827  614081  511069  66590  10289  150315  31553  789  227  1559  1784  118  44  1730  4740  250  663  247  37  21  37  216  898  346  4421  868  5332  3454  1323  1517  1772  326  155  108  367  860  354  37  280  0  93  7885  1382  974  1267  292  1144  1348  261961  
21308  1101  0  146940  374  51  257760  211409  279  797  190  89  40  41  100  1565  116  2150  1197  762  1365  3112  2127  5107  2458  435  364  2442  1753  1642  311  604  10  228  12758  69673  50568  5332  17268  8130  2130  2545  216  8566  11286  43  13  2447  3224  28  205  19  22  13  13  22  52  25  240  70  314  172  70  116  148  29  11  36  153  89  42  3  62  2  37  605  5645  284  102  1062  135  320  4860  
863466  717  153005  0  618  266  23398  616346  1167  1627  701  857147  12383  8777  4864  1372  256  5753  4232  8429  4618  8952  8836  18610  17190  2884  142886  375725  29643  18990  1438  11671  25  5915  26312  83428  113382  9511  59555  51189  64514  35495  984  85849  1.2071e+06  537  127  9647  200635  232  1250  138  104176  5117  3091  1355  484  317  2079  1001  5854  1222  575  2109  2147  556  257  680  4906  1411  1106  131  1454  3  801  15617  126707  6301  2104  13651  3431  2552  11319  
410303  830135  2557  3593  0  1.01665e+06  1.20446e+06  249396  100546  41145  2030  811  1173  2211  6056  36680  112269  38184  33740  20612  9928  16857  57868  25446  18394  5852  4900  37042  54438  138563  96890  134096  2804  612958  613438  420535  405659  62561  2327  80048  31318  363  230  903  1058  241  211  8798  52648  2250  1034  370  201  173  407  403  1345  487  4996  789  5658  1011  542  998  753  231  167  104  215  406  289  51  289  3  251  6607  1750  1884  2660  136  1312  1707  306722  
87491  97755  1065  1652  968333  0  553478  429899  664034  1.61586e+06  2293  413  659  1132  2599  101594  245712  19640  43153  9984  1152  1567  11242  2643  6421  1372  536  7416  65621  234462  172804  280725  5679  1.06847e+06  47049  35446  103518  24000  509  6990  2495  187  175  455  529  482  1863  13675  187720  26823  6694  761  114  105  187  209  1517  356  2326  638  2578  188  109  560  244  237  76  41  120  488  476  128  356  20  1258  5273  3228  4834  3279  48  1020  376  35439  
298924  493734  329950  46150  1.99123e+06  736268  0  1.30954e+06  913281  127395  4958  1020  680  846  3521  39874  23446  81569  58171  30926  45472  95404  98333  144577  65974  13654  10882  69959  102015  139686  97292  32748  1003  30171  969790  918781  978025  192942  34024  246196  61178  17226  6218  48327  42482  2312  836  108559  208607  8180  5435  790  437  128  128  458  2601  966  9198  2087  10644  4956  2018  2957  3022  789  302  376  1178  1721  1182  180  945  21  1250  17008  17041  8219  6271  2415  3386  3669  462308  
8824  13705  182673  913194  78373  62222  1.70709e+06  0  1.73284e+06  324386  534090  1.2527e+06  1.29346e+06  518523  153084  44803  8445  113041  62240  537291  40807  36791  67289  53004  34917  11226  16463  88204  57629  30096  8242  26411  1128  33841  1.14699e+06  1.1115e+06  788649  247743  27863  191212  76518  41073  42921  137863  239332  15759  13967  335397  2.85899e+06  133335  60424  20096  39156  26456  23534  18238  10667  3033  20837  8290  102050  6564  3130  12344  9762  3606  3227  1966  5975  6615  7246  1444  4654  133  11332  121616  125175  62319  34947  8072  23213  9420  558761  
1939  4597  640  652  125053  773050  875401  1.45956e+06  0  1.32956e+06  941  135  87  131  334  17030  20375  16536  55559  3981  535  721  18809  1116  16381  2339  931  4684  94459  91799  61111  5507  153  10394  92477  22458  87656  37406  566  7884  2666  235  180  228  271  1077  4763  17410  247809  59093  20838  749  16  21  29  86  2292  449  1810  1245  1323  148  116  1113  309  449  96  48  138  1187  1237  319  991  52  3806  7441  3842  10981  6235  43  1697  442  74940  
28394  41539  3084  3297  181951  1.52804e+06  264934  578597  1.51394e+06  0  46527  542  553  769  1478  2.14094e+06  214195  61868  115904  10096  1160  1781  16672  2717  18578  2126  1160  11055  137872  248909  145913  327070  28299  558482  141283  88592  452828  287513  4524  10926  6013  469  254  733  971  784  3701  2712  216533  26315  102232  9014  163  86  190  169  9710  596  5425  4204  3618  202  97  1974  270  2005  331  98  178  1635  1211  154  832  38  3480  5978  6394  10647  7613  174  3488  745  225194  
112  130  271  3420  702  696  2353  537014  3582  102029  0  12665  43381  856357  6608  128898  237  72181  1754  653992  1608  426  673  745  891  580  320  817  678  831  252  916  39  576  15025  5305  10715  5989  822  2160  1146  321  307  367  1066  451  891  2188  318250  3867  91640  249883  1668  3557  32296  3016  51879  1241  23419  2269  39113  481  238  1032  696  1044  1093  383  279  706  555  102  669  20  1606  5982  2715  6163  4207  244  2498  486  14709  
5942  83  2098  854257  204  162  8278  676810  899  1365  2280  0  256946  76767  52236  695  55  2833  1268  66200  3384  2135  1833  5043  3481  1483  11738  31657  4780  1843  125  744  14  218  22794  24073  19157  3560  15001  14367  13089  7109  13988  12876  221981  7254  397  58243  209441  943  2064  406  308319  29689  13938  8645  619  610  2815  2901  22932  2125  920  6530  4264  1049  1128  593  2247  2715  4422  856  1631  11  991  27888  19348  15841  3436  3340  4597  1846  11643  
220  154  2263  58924  585  279  9315  1.17661e+06  3003  1218  19868  311495  0  434199  222033  844  154  3796  1413  311229  13966  3493  1814  7563  4406  7358  6984  3622  1593  781  140  697  25  451  38479  32993  15042  4529  2530  22341  2966  3032  2777  5126  19152  1490  184  34711  231587  642  721  2502  38910  216508  92745  15109  478  263  2560  755  81698  4084  1128  1274  3564  573  1584  620  1242  722  734  138  504  5  451  11067  7603  4479  2310  2210  2578  1027  17925  
299  161  1536  67761  503  388  4360  540899  1583  3746  1.20612e+06  124791  620122  0  446934  4739  145  15321  1828  791919  24040  5702  1616  11285  14887  27896  26027  5073  1837  933  153  720  25  402  32348  12765  10589  3230  3540  74080  2782  4067  1033  2315  25788  391  244  4579  147465  1229  5355  47737  40003  105084  661486  34734  5675  532  11193  1033  173110  8155  2120  1396  4757  870  2561  1179  2074  1178  553  72  683  9  736  8881  5105  2803  2260  3903  3673  1368  10127  
759  494  1871  72386  372  136  6303  131208  806  1691  1332  156765  500560  780944  0  617  213  35723  18803  1.61316e+06  55311  82204  6036  632422  48985  113865  72894  12078  5721  3105  358  2850  68  851  68101  10150  14607  6611  4335  196098  6085  3105  768  2935  30584  424  114  2698  56701  187  933  3052  18460  30880  94766  345080  1273  1799  25526  3510  201915  14663  7602  3433  24587  1748  4778  2062  2244  2900  1217  170  1019  8  462  18930  7666  3409  4361  3342  10288  2853  18117  
22300  28200  3776  3210  86393  115257  76060  127097  183477  2.23551e+06  110989  388  510  865  1495  0  1.75873e+06  523231  172707  22810  883  1312  14998  2119  19584  1671  947  9993  131772  163383  80706  440453  209446  620276  124408  30205  484862  154278  4498  7964  4660  332  217  755  999  441  448  2096  16995  1625  16561  14495  110  79  315  226  65684  1396  21796  1046  10450  256  134  422  216  302  126  64  193  459  443  129  751  16  360  6449  3680  2430  2727  192  1398  772  153835  
48539  92537  5116  4745  353561  309585  167533  159430  186412  386542  8877  669  569  962  2502  2.37789e+06  0  556464  1.45288e+06  127361  1170  1843  12865  3031  14105  2131  1095  13565  120858  414822  657187  1.88342e+06  517077  672655  94665  31196  568361  112773  7653  9223  6254  423  308  890  1314  341  411  3208  25505  2364  6525  9390  173  134  374  389  53377  5832  70975  4867  40435  469  215  948  391  1287  369  132  285  1659  1369  396  1907  22  325  11383  3318  2657  3213  288  2089  983  101649  
6033  6072  7175  7942  11147  8436  63800  233064  168424  335510  133648  1784  910  1955  6343  1.16015e+06  536258  0  3.2114e+06  734131  61503  15763  508993  51042  125647  42216  6862  25438  72731  45412  11417  46888  3242  24272  450722  59684  369611  252106  18050  104223  35646  1767  912  1218  2392  914  890  3844  43500  4683  20478  13157  258  206  467  1883  56390  25416  159196  25194  123782  18325  43153  38865  27325  7985  2516  844  1767  11621  7439  1652  8832  142  1235  62676  8944  8490  8781  852  15742  4179  388645  
19442  21266  14232  18655  43214  34821  158901  248715  362363  209643  8116  3993  1020  1461  15631  188650  1.41424e+06  2.63979e+06  0  143888  4407  4455  958385  15962  253878  84570  19369  73575  526938  1.11028e+06  430088  237725  8017  104761  510042  96855  540013  324164  31347  214633  89464  2226  1011  2017  4393  786  535  5148  36932  4519  7719  2731  422  279  334  1917  7670  10398  79602  18271  101519  8771  7861  14151  6473  4410  1734  796  1951  11108  5100  764  3423  21  934  37194  7943  6908  8111  1024  9061  5134  315098  
5987  3944  6970  38598  3358  1569  42673  462417  5325  25072  556967  138901  295265  780509  1.89866e+06  37271  6973  774691  65165  0  1.11218e+06  459776  24361  705838  59897  108511  48949  38214  37534  38024  7925  30420  1209  8601  291297  50679  110162  50398  8728  416104  32424  10815  5787  5534  21845  4302  2020  18308  194145  5320  33896  72187  26435  51088  108643  130597  109659  57650  566066  87574  1.51388e+06  74396  116409  83736  106478  27980  23081  8679  12339  55605  25804  4286  22134  256  4036  219558  39046  33084  36344  5781  85149  23592  140983  
1614  1652  1316  1778  413  31  9653  9988  174  385  251  1618  2939  4304  43269  87  26  90535  2335  660277  0  480252  17131  222600  8238  15386  4149  5160  3529  2613  138  2536  9  735  69491  3038  17380  5655  1118  100898  4871  578  222  227  586  157  18  704  2745  66  219  310  288  521  360  1969  209  262  23818  1887  48638  69379  50707  16125  39803  1700  1551  542  682  2341  850  47  531  4  133  38947  1047  1238  967  163  20163  978  7534  
3236  2832  2039  2475  541  36  14939  8320  157  184  91  722  1778  2163  25043  36  14  30952  999  173030  689878  0  23263  807280  19237  49847  8012  7646  5112  4202  150  3220  7  877  47701  2592  19002  3467  879  79399  4406  245  64  220  447  35  11  327  1188  25  92  95  105  155  119  1080  76  43  10150  573  15225  128215  52981  7430  62250  671  798  215  254  497  263  11  212  0  57  13824  339  589  243  80  9711  342  5371  
20522  36218  9050  9944  18733  1075  87157  80947  31765  4791  1180  1807  916  1010  5039  2824  993  507573  914140  32726  10618  11461  0  271036  815816  225223  25374  50198  1.04723e+06  449973  3770  113584  219  37441  126358  24359  213384  69739  10991  127654  43789  1204  420  1198  2247  245  73  2025  7388  490  1312  606  146  108  131  1482  1098  818  31792  6266  56904  19366  33230  46516  20673  3321  1470  541  1012  5366  2061  85  1236  6  294  41487  2179  2122  1408  385  8037  1559  59597  
7087  4002  5061  8102  982  111  29480  19003  505  509  278  3990  10305  10941  427150  122  65  103495  23324  473100  337503  929233  317680  0  1.61305e+06  694393  72969  34421  20673  13470  497  10695  22  1904  105951  6449  48316  7725  1958  331138  12884  426  130  425  1346  69  10  528  2857  46  201  378  322  296  273  1400  403  126  16598  1215  31341  63773  56353  19600  113339  1462  1259  377  421  1247  470  17  382  2  93  22344  658  745  454  158  19249  514  39539  
8519  5111  5436  10278  2523  801  31321  30125  30000  2629  490  4578  13819  9930  32977  1933  850  64362  122919  27412  22324  47711  1.05311e+06  1.40381e+06  0  1.79586e+06  910992  191900  3.30038e+06  92177  1970  25129  136  5143  69425  12828  61442  18532  3691  772982  33787  510  204  462  1576  111  55  772  6115  391  764  483  303  197  200  506  667  800  8539  2391  14538  3693  2983  4457  3019  1662  446  188  440  2310  890  65  570  0  133  8103  1306  1237  1468  241  2324  861  61313  
3511  784  2285  6042  461  174  7929  8149  3301  501  129  3500  11922  9095  49054  321  120  19907  33043  22346  20204  47392  104371  346283  1.59018e+06  0  444463  77591  101267  25345  582  11339  28  1136  17525  3064  18801  4071  894  438951  19582  204  66  209  915  40  15  253  2998  53  200  264  210  131  90  213  219  194  2474  678  4698  1939  1248  1354  1273  306  155  65  153  864  319  11  194  0  66  2737  472  420  348  115  848  289  73121  
13293  209  971  26188  116  29  2358  7497  368  684  220  16818  22152  18057  49598  308  51  4456  3506  12560  5705  10378  7805  28577  865877  562027  0  288019  18785  2787  124  1506  21  2021  68021  7744  9590  6233  7883  509995  278336  234  55  324  4891  26  17  168  5038  41  437  508  488  225  242  281  190  131  1642  292  3654  495  412  469  504  134  162  62  137  269  122  12  86  2  45  2260  696  347  375  247  697  302  28031  
161171  5224  14980  147528  4942  1616  37885  36869  5829  4200  1189  41529  1116  1434  3652  2629  1949  28687  21096  11922  12312  22424  41136  44681  101617  14811  206609  0  213150  220354  9834  484327  418  126477  223141  46581  168312  152928  28491  270410  544382  1057  132  3111  18050  79  34  812  5193  205  1449  285  591  127  113  258  900  535  5436  1114  8091  1498  758  1056  1034  360  173  110  372  1026  407  39  311  2  108  4622  2676  857  860  611  1171  723  133601  
24904  27229  11477  16710  28306  14438  128173  86814  178435  14376  1162  2733  1570  1315  6040  7226  6275  30694  273877  24419  19815  40696  1.13698e+06  71243  3.47092e+06  170723  69762  533743  0  3.80302e+06  85368  101775  484  28195  128855  29819  187421  66226  9249  394473  54172  845  360  1123  2397  219  134  1974  10836  1515  1720  455  153  106  128  508  1530  1978  16898  3683  24101  3437  1502  2349  1933  1056  425  203  610  3276  1336  147  834  9  277  9543  2427  1949  1948  339  2421  1354  71359  
77925  66467  16453  29355  244267  108858  326142  122461  188163  27991  4871  2259  634  881  4072  12476  189919  75808  525997  77109  21143  43330  454633  75204  142740  32288  7301  540201  3.14307e+06  0  1.78303e+06  3.45782e+06  997  73603  121187  35110  293533  93068  9530  150170  40187  818  387  1435  2715  364  305  3328  21459  1700  2787  4673  185  143  251  445  25828  5109  61304  5008  40646  2770  1312  2096  1751  1462  463  196  494  2742  1555  375  1780  29  363  13560  3610  2688  3032  408  2774  1333  93115  
16677  29357  2388  2935  234293  99371  220911  46569  115954  22809  1818  251  120  202  910  8272  385788  23775  396424  26790  1033  1551  15593  2587  8728  2151  681  13237  80420  1.65018e+06  0  714203  1233  23787  26871  10111  73344  25088  1983  6559  3391  141  102  254  423  100  143  1507  11451  976  986  1893  31  35  79  101  10493  1705  21236  1331  11511  217  92  292  159  380  126  43  71  526  417  106  549  10  140  3515  1011  877  970  101  616  345  22822  
242607  110241  11672  29611  316623  234107  167922  168418  57241  210762  9418  2798  906  1342  7353  342464  1.21417e+06  230895  249558  150784  23651  34563  264217  63390  125325  39976  7748  714612  238855  3.69392e+06  992314  0  626237  1.24093e+06  126740  46908  552527  129910  11711  109744  32597  868  494  1548  3183  475  413  3705  24017  1538  5735  10337  224  168  421  598  55658  7881  104188  6330  57338  2582  1488  2310  1863  1997  674  247  562  3166  2139  562  2757  43  431  17858  4669  3451  4339  459  3645  1663  117836  
3864  4602  534  521  11257  9021  8216  14986  808  15939  521  85  67  95  426  90786  227469  17947  8407  8913  101  89  1255  180  1430  516  191  1523  3617  7239  5960  437018  0  266840  5996  3536  84665  11821  930  894  908  41  25  112  144  15  10  193  1294  70  378  568  19  15  33  38  3067  188  3528  134  1897  44  25  59  26  34  20  5  17  73  56  15  64  0  16  507  198  142  178  29  114  64  8201  
1.26349e+06  283171  12199  14541  913348  1.59549e+06  183939  234597  43665  917743  3213  925  1023  1486  4267  1.27577e+06  978396  112848  88568  37789  7377  9839  91634  16653  32147  11456  2752  98885  74377  223263  120181  1.5193e+06  518240  0  50107  33924  921296  31151  3885  17691  20992  497  235  1581  2074  178  169  4508  26674  1470  1913  1617  161  196  321  302  7643  1374  15891  1311  10984  684  401  686  537  405  177  71  164  731  469  117  496  12  193  4394  1901  1219  1211  175  938  477  38579  
50406  32471  206574  105043  59209  8788  937081  2.52383e+06  92642  550709  113293  14801  25293  43992  91602  258973  8067  909080  295527  441096  81032  85372  249176  144378  227874  74229  256107  996394  394324  112462  13920  130430  2961  23518  0  4.09424e+06  538014  408402  333457  2.90264e+06  1.40163e+06  5450  2406  13629  19388  1693  1640  29126  279214  14720  12300  8135  2360  2096  4560  4906  20944  5636  61832  10190  77403  11529  15959  20583  19335  3497  3380  1624  4591  5944  4146  639  3931  47  2015  165079  18908  15690  17702  2337  29311  20887  4.38065e+06  
29734  28629  203352  89395  10470  1701  623239  725429  6684  63248  23811  6213  1386  1774  4346  85223  1378  106622  24277  76427  5663  6473  15383  9977  25398  5441  38148  152292  55279  19775  4200  41065  2920  14753  2.27207e+06  0  223377  237636  507483  400281  198572  1961  703  6740  10048  346  154  5826  34763  681  2151  2134  562  263  425  457  8922  1373  15563  1703  12368  1008  753  2130  1158  518  285  214  726  919  675  107  728  12  192  17030  7953  2423  2983  1547  2414  2511  567303  
116037  54390  336808  251423  95277  10086  1.00814e+06  1.70239e+06  123465  558281  58965  20642  5382  8094  19194  532879  61363  414981  217097  135109  23907  31833  129312  55448  83685  26364  9368  42990  156444  176109  62640  99798  8955  138065  161058  1.39149e+06  0  1.59492e+06  138274  114760  58571  5115  1640  16672  30775  871  1381  17303  180896  8954  36853  7548  2303  1093  1871  1295  12015  2404  23996  3524  23462  2241  1398  2234  1922  1248  503  264  872  1860  1222  249  1234  31  1620  13146  15591  6768  5687  2593  3595  1639  138590  
4298  3650  23592  15791  7500  1743  108468  264415  22487  236586  21862  2705  1002  1311  4208  166589  5709  181964  79457  58975  4872  2748  31059  4635  26862  10077  3368  15371  57966  36859  11339  11512  328  3403  70520  253125  1.51067e+06  0  75072  21133  55034  855  277  1983  4361  194  208  2604  23348  1295  7763  1879  564  231  296  230  4159  716  7048  914  6117  350  354  641  496  353  163  99  249  457  286  54  322  8  276  3645  2986  2178  4427  776  1830  1728  349577  
43429  662  85866  228353  213  35  34496  51181  132  2374  776  17607  1077  873  641  1270  89  3519  1926  1669  659  1025  2253  1788  2133  719  2404  9054  3170  762  142  616  16  232  66168  333925  79371  22880  0  20391  24417  2446  128  7719  24779  49  13  1044  6466  64  985  71  1403  235  168  92  225  70  555  173  654  133  89  367  259  100  45  103  627  193  154  10  219  1  157  2309  10556  632  260  5698  450  725  18513  
9014  2080  9084  22659  1042  372  29742  33708  2737  1908  725  15501  68702  70607  135933  858  168  55238  21530  82165  70700  93442  44764  210139  352484  372540  835594  376239  180461  47298  1542  25590  29  1924  1.26292e+06  60562  63782  13907  33141  0  961133  1933  834  1126  4945  577  156  2520  19672  312  1821  2490  1692  1127  1579  2964  1824  5012  61465  11245  109528  14470  35397  13964  35288  3349  2624  1040  1962  8202  3072  380  2141  13  536  57493  6459  4882  5531  1417  31513  5595  81490  
4345  445  2891  7159  378  71  6712  11901  481  4375  1600  2989  2111  3269  5641  2089  191  17856  9815  7677  3598  3159  17956  6075  21827  10946  551888  429762  78178  4367  352  4666  60  4105  596141  48933  39675  91371  76503  1.10132e+06  0  484  61  336  1781  43  42  333  2778  152  2469  381  629  140  186  208  713  311  2720  543  3270  381  335  772  527  207  137  84  349  349  204  21  216  1  107  5001  1368  778  1139  760  1254  1758  121379  
308  120  3871  17667  97  36  14699  26738  570  841  405  2387  358  480  571  365  165  8982  2199  10772  930  1328  772  2652  698  245  354  1706  1105  887  194  657  31  195  6883  4927  3236  1737  1891  2989  1048  0  1.22726e+06  43936  716016  261217  44995  508917  60923  9550  15044  620  8263  3887  1871  6369  12494  16397  47573  40101  32590  9218  10680  122870  74374  20429  4781  36486  139926  76584  133727  16911  144503  1831  1.03039e+06  337128  350223  428791  46993  39065  73216  46443  65044  
272  378  5120  5246  309  32  72277  129673  317  422  228  2704  141  191  363  305  91  4055  920  5017  590  937  537  1458  448  123  129  727  664  452  90  327  5  115  6121  6546  4371  1257  806  2072  682  841754  0  4696  5344  651311  11114  414108  38669  3176  4934  328  8163  748  487  5571  5267  4383  21641  14358  19059  6589  5143  38643  18506  6524  3477  4501  18190  12171  13414  2368  9918  195  22225  346051  320520  108229  27381  2843  66652  23140  41156  
463  286  10402  34009  106  6  32780  37105  135  199  91  763  42  44  63  115  19  559  146  605  117  237  229  381  185  36  102  1367  261  220  23  145  3  61  2034  4882  2163  384  1045  807  651  38700  1761  0  108174  1040  132  120429  99979  354  1331  82  96  143  90  440  478  443  1901  1457  1512  426  408  4214  1727  522  249  488  1951  943  1038  203  724  14  434  23236  61000  20819  3597  5897  4909  3472  4177  
10811  317  66888  1.34754e+06  315  55  44872  158055  417  544  279  259411  6366  5784  3185  479  83  2278  1194  5413  1118  1736  1879  3306  2740  550  12466  37779  4193  2257  172  1316  11  568  8741  31401  23794  3078  16090  8988  9769  744955  1243  110249  0  572  251  5799  494722  538  1736  228  751542  20516  11369  4041  933  871  4194  2621  14063  2284  1308  8040  9024  1808  610  2261  15348  5060  4218  448  5436  16  3489  36673  275363  46720  3466  58132  7597  7733  8197  
109  89  965  1373  169  124  17415  38445  3411  1716  610  650  100  92  241  608  129  5039  1058  5716  531  791  377  1165  343  105  88  413  613  473  100  357  11  108  5040  2479  2108  2565  319  1404  661  551435  719451  1473  1791  0  749672  862350  98141  45434  42638  1642  623  239  179  5343  25989  16402  40314  30088  27297  9941  8043  59288  25507  8922  3928  3691  15536  28027  41475  11362  51574  3672  446625  581014  144156  304839  138908  1463  61993  22403  143422  
52  86  194  371  248  657  3985  33124  27204  9119  2239  198  186  126  113  2486  156  4770  1114  5189  165  189  345  300  308  88  61  286  728  478  118  295  18  166  3607  996  2406  2148  374  726  523  44597  23624  958  1090  971239  0  707010  458440  819537  1.69275e+06  4479  126  142  137  1993  136638  63855  41458  14972  18541  3057  1970  18129  6652  8323  1400  935  4061  58926  70794  28936  132789  19992  1.02725e+06  167328  208259  192744  91756  717  43591  7286  99254  
723  1313  13388  14906  2087  1060  219082  381237  21036  2794  806  9486  739  453  827  1072  256  8906  2138  10792  1294  2163  1477  3415  1145  313  283  1839  1688  1204  275  828  30  395  18806  18254  12078  4711  1944  5046  1831  269213  368397  328186  33584  1.5174e+06  1.05801e+06  0  2.12174e+06  1.03626e+06  178816  1654  4460  1288  872  8653  35287  16763  55653  47035  38388  11755  9387  97678  36733  16357  5522  5874  22396  58626  57535  13930  39784  1760  117058  594641  421554  622793  212569  9172  89204  32999  164908  
3529  3526  83289  282358  14514  20822  615813  2.57287e+06  640878  132912  140984  114565  50139  38720  14902  9648  1508  34160  15238  76009  5836  5254  9289  7389  6579  2151  2872  14836  14086  7229  1907  4202  144  3619  150988  102783  72544  32093  7104  23481  11015  36709  54670  166454  805193  88038  99917  1.54562e+06  0  1.27191e+06  424634  321476  701836  787661  685700  129066  48515  24987  121678  110477  327894  48443  20971  120004  82777  50550  31582  16908  56967  53759  63796  13264  42409  1357  110333  1.17111e+06  1.37016e+06  777790  413258  12948  265924  76151  385934  
67  138  152  327  638  2380  6414  37710  68574  12935  887  251  63  47  83  749  143  2768  1217  2407  92  87  556  146  432  122  62  347  1193  573  177  254  11  298  4357  1014  3827  2599  449  699  576  3519  2674  998  947  53656  892201  618639  1.37578e+06  0  1.70648e+06  806  77  66  47  589  52988  15353  28411  73953  3989  917  598  34586  2698  40498  4825  1038  2610  132536  93818  13074  16167  477  57806  61019  112614  130805  89429  466  31425  4008  68378  
165  197  675  1576  393  563  6013  35449  32352  91761  11183  759  305  304  248  6552  367  10265  4801  10082  192  217  2647  357  1586  445  415  1763  3864  1377  251  684  30  371  6878  2859  7904  5125  3392  2182  3570  9383  7073  2150  2603  90626  1.76203e+06  131127  878154  1.58426e+06  0  42972  367  306  540  1165  2.4299e+06  271650  111460  57169  16693  1429  772  18078  3053  19371  1660  1262  4718  209216  187941  66773  426231  129950  941192  105765  247622  366404  250548  2911  90422  13234  138055  
84  113  245  767  247  271  3377  69949  13482  223978  228549  993  2751  6539  512  45949  604  17481  5778  23493  186  85  2812  153  1437  498  292  687  3616  1415  291  833  42  264  5879  1581  5201  3225  649  1479  1116  267  172  319  769  300  359  639  450774  257  137605  0  5509  56230  538457  2160  220125  283  56989  863  315858  1171  266  406  1062  269  708  169  332  170  150  50  218  9  524  6503  2716  4113  4500  263  2651  1063  9671  
645  194  13551  334534  385  181  36511  142332  670  548  1039  577044  41488  28637  16194  383  59  1945  867  34254  3023  1744  994  2325  1433  395  1946  8453  1835  815  72  401  8  141  10045  8704  12396  2010  9766  5745  5085  15156  4415  11934  804049  646  150  9103  712270  200  625  4099  0  333153  106147  62089  669  304  3639  1045  197107  20887  5358  1958  21982  2634  8020  2212  7320  1261  1016  112  1706  6  1724  13241  34718  5153  2026  12972  5040  2596  6085  
176  93  4177  33829  350  333  10318  111870  5321  1041  5458  52701  183859  96098  28351  475  62  2195  744  80603  6070  2209  550  1977  584  421  531  1884  712  389  69  294  16  149  9981  6374  4745  1492  1912  2828  1056  11504  669  3564  47681  392  114  4347  935477  247  591  17600  267793  0  386476  97593  1141  347  6049  1213  356927  38904  8864  1961  31397  3086  10584  3213  8972  1205  882  99  1862  21  2620  9169  12853  4883  2425  21924  4908  2892  7175  
175  84  3983  30635  169  181  5469  84118  5692  10311  60664  28711  86493  599966  63094  10819  211  10414  1476  194619  10119  3172  581  2583  1268  1388  1344  1858  939  754  163  590  26  202  8210  4758  4140  1422  2104  5561  1107  13260  540  3081  45800  322  148  2106  796023  217  2844  520919  144529  566836  0  374976  14528  529  21260  2028  866186  56091  11832  2166  40776  1261  3319  3006  11287  1372  950  97  2310  15  3514  8955  10256  5160  2583  34190  3710  3991  6191  
279  134  4707  27861  133  32  4671  30104  415  669  3119  20441  31922  61878  284278  718  120  11134  3037  164239  7983  4181  1041  5323  1439  1173  860  1799  1307  866  107  692  20  219  8474  2854  3680  1592  1689  7034  1279  8163  947  5768  36531  727  156  3301  158541  192  859  837  73725  249577  497100  0  597  1415  23466  6397  1.4509e+06  176602  91803  9153  724299  15232  46601  6122  9174  6073  2079  196  2514  37  2066  37483  13920  10020  24174  16980  23363  13562  28193  
79  59  272  701  125  114  2520  9185  3399  9140  11413  365  98  101  81  17959  1279  25410  1875  23430  107  85  579  175  559  164  96  429  1186  1563  453  1061  68  248  5680  1315  2514  3163  458  1007  922  7854  7603  2191  2852  34484  204306  27963  131037  94123  2.20554e+06  45133  150  352  1406  749  0  1.97584e+06  649220  69960  14268  966  404  16228  1751  13311  1262  1142  2944  94794  108804  37561  591026  408661  865226  134462  35056  461896  271527  2560  104884  27691  190357  
961  660  877  1466  1011  484  7574  24723  4794  7804  6624  474  169  346  958  7871  7787  237342  26955  213646  716  539  3551  791  4509  1282  760  5262  14459  17792  5329  14066  705  4062  58902  11005  21289  15529  1869  13303  6433  8551  7399  2548  3728  53634  246405  52029  120941  163742  531505  3983  235  473  377  8770  2.51365e+06  0  663575  1.36606e+06  42838  3931  1117  16789  5644  17213  4459  2566  7952  178676  380974  644237  1.54641e+06  416720  543159  199652  69338  293223  129369  5138  54960  31135  150722  
1554  1150  1597  2877  1159  549  12331  31317  4654  16762  17220  903  334  614  2706  19273  7361  240242  35716  203400  19204  11439  13304  21382  9426  3422  1632  9658  19508  18421  4824  14407  601  4026  117784  14386  31053  20396  3007  60754  10532  10578  8159  4117  6575  13404  9214  24938  204126  73573  104164  36731  478  849  1896  6032  876133  660485  0  2.65065e+06  978076  95540  120552  605126  111718  103175  13730  5396  13780  54531  67359  17225  43112  843  30925  176669  25103  306131  159673  7652  92113  57410  167012  
1085  830  1528  2963  806  334  11314  29328  4090  13818  3933  1210  284  469  2043  3535  3448  153951  29438  121926  3502  1986  6585  2692  6937  2231  1149  7030  14149  10639  2482  9322  340  2725  60444  11250  22856  15180  2636  23655  8126  17271  14470  7288  9735  15601  9426  41347  209218  126913  60004  2465  683  969  612  10210  55560  2.33258e+06  2.3904e+06  0  420354  28709  3586  918574  21023  175632  30130  8655  24291  217071  823806  981279  120893  1201  23872  157370  45724  273245  133762  12902  70916  90617  113277  
5123  3461  8702  37489  2437  1002  38798  161326  11783  30982  79186  48096  66852  97430  152532  54075  7818  442478  102907  1.4321e+06  71762  31578  37293  48823  29267  14043  5530  25832  40872  31871  6097  26152  899  7251  200918  34566  80639  42166  7255  144075  23838  14966  4454  6191  44883  3669  1341  13847  542146  1811  16172  291639  181877  410367  530669  1.50923e+06  40364  11984  1.03127e+06  169715  0  1.64252e+06  640971  129588  901963  47474  119565  43888  32247  28995  13414  1101  12498  271  4987  171859  34385  62266  75826  12495  237037  45855  131632  
818  487  815  1534  186  42  4656  5925  253  698  594  806  915  1187  4337  237  96  32262  13366  33754  68846  88917  9446  72321  5064  2740  786  2751  3409  2095  200  1722  29  452  47957  2256  8354  2921  506  43553  1918  1638  871  664  1736  654  93  2508  16464  146  467  163  3684  7766  5212  65027  204  495  155602  9149  860178  0  671368  87351  437381  10696  33239  10268  6309  3910  1877  125  1887  23  556  68004  4440  9318  8815  892  83120  7866  15953  
171  111  213  516  38  12  980  1483  55  124  150  306  364  438  1145  47  21  11717  2362  9641  24036  38152  4023  42366  1519  865  296  665  594  434  24  362  5  78  32382  434  1616  456  141  22546  440  1627  458  523  1048  288  35  1955  5849  57  151  29  1240  2323  1573  50194  52  74  91579  939  330681  397416  0  143162  558615  7764  29673  3865  2820  1517  860  34  1333  5  388  50922  1546  5803  1996  449  55316  3468  5422  
1044  578  1506  3315  202  60  10004  17538  1023  1512  478  1372  543  890  3375  346  170  104332  17700  56913  58813  31246  33526  50048  8968  6630  1433  3929  3759  2395  214  2055  36  472  82286  3320  10074  2931  1073  52662  2605  33432  19286  12720  14726  13319  1241  58550  122813  20602  5957  498  926  1160  707  10200  4707  2093  440324  987758  263986  82572  255119  0  407384  940862  52269  13422  30562  619241  645651  3167  89125  213  15323  221903  23846  227875  32077  8943  116483  64737  69100  
338  185  723  2365  76  10  2811  5645  153  242  526  1198  585  733  1946  104  40  14869  4004  14304  17964  27691  5305  101030  2662  1532  524  1289  1070  682  62  561  6  157  35839  1228  2857  856  419  26283  794  17491  3175  3548  8738  1632  252  14141  31454  625  915  89  6810  12590  8814  659000  217  402  109505  11701  460836  278828  646809  582965  0  1.70367e+06  374946  27455  25243  41778  16939  452  22825  24  3726  91023  7878  20854  8500  2623  266380  15861  26243  
333  155  490  1206  67  30  2715  5532  386  847  445  842  167  184  730  163  83  13624  5491  12492  5155  2749  3966  4340  2870  1140  334  1278  1548  983  114  780  20  184  11488  1327  3580  1375  356  7904  910  13258  2797  2832  5393  2467  2160  14195  34105  22870  11449  130  3666  2389  774  68374  1992  1911  48788  164417  34947  10398  18209  958684  1.57922e+06  0  1.43025e+06  631798  100150  2.68148e+06  121036  3335  35990  41  3413  53313  8742  23346  8194  1977  591409  15490  32020  
29  17  127  461  19  11  492  3523  42  232  806  1166  157  161  195  100  26  1819  497  5701  312  262  154  491  156  78  34  112  148  95  21  98  3  42  1531  377  345  210  39  864  116  827  221  407  995  137  41  983  28329  409  197  42  6651  3969  1115  155154  108  111  5591  8578  19620  9036  11315  20923  332546  1.22114e+06  0  495190  44365  12711  3005  66  1691  8  148  13908  2085  1672  2133  327  318217  23991  39593  
25  10  153  928  10  5  385  1886  35  251  965  614  99  225  126  103  17  1384  336  5014  82  70  66  142  93  32  41  151  128  89  22  71  3  26  934  405  334  196  321  413  152  29600  256  475  2654  245  71  981  12763  111  694  67  3265  2049  667  27591  295  272  3378  1969  6686  2540  2067  4052  7688  710763  372621  0  317408  13954  586  51  2021  63  13085  40687  5015  6380  2104  4418  237943  197384  25249  
129  46  989  8422  27  10  2517  5548  149  328  322  1270  220  356  300  125  46  2606  925  4524  424  520  308  1105  331  106  232  1182  484  332  43  235  12  73  3664  2332  1502  535  2316  1502  659  215547  6927  7262  38771  3239  1137  26346  22744  2206  5849  167  3423  2426  1021  8493  1559  2849  20269  13523  11007  4722  5598  43808  34210  75772  31751  207763  0  258233  247441  3111  263241  413  167124  224330  40530  70625  13178  31386  241107  355332  54689  
1158  809  1500  2718  389  139  9962  17595  1773  3023  919  963  258  383  2813  575  634  36834  22101  53523  3162  1750  4881  3052  5428  2087  832  5363  7725  5088  687  4147  107  1161  33827  6333  16558  7758  1374  24228  4676  32219  9675  7265  10944  18416  22625  55631  62540  131342  111388  384  458  1056  717  12865  6256  25646  35025  189157  29208  7290  7607  1.074e+06  66920  3.53497e+06  41880  30926  392074  0  4.10029e+06  58019  180111  93  15561  81140  18374  63629  19625  3658  142033  20111  43209  
440  331  1084  2211  312  165  8978  23388  3756  3475  1024  1423  204  223  922  980  1290  49090  10034  45653  1409  1261  2160  2322  2299  828  372  2269  4490  3966  1001  3164  148  905  20097  4285  7721  4754  990  8052  2519  48405  20999  10397  12193  68686  87547  124187  147682  248689  256805  476  476  1665  1144  7787  18052  477403  46878  341023  26603  7312  6754  497669  50785  164713  12053  4292  424055  3.44e+06  0  2.25974e+06  3.95555e+06  567  54763  87115  30244  100835  37215  4020  44443  25164  58293  
114  81  206  411  122  47  1993  5778  1368  1222  437  272  33  40  182  376  575  20715  3130  17579  133  113  442  176  607  163  90  685  1471  1506  407  1236  61  369  6517  1389  2454  1752  268  1894  864  6337  4161  1526  1822  25403  34762  37997  39312  79901  92898  189  92  300  208  2163  7958  680197  12715  636641  5744  1381  570  12516  3951  12758  1429  611  8764  107286  2.17172e+06  0  962697  258  11683  25152  9739  28855  15090  994  7051  6702  16985  
370  279  1282  4259  353  238  9190  25039  3605  3323  2549  1571  292  335  763  2673  2207  68026  7830  71671  1223  1123  1561  2050  1748  617  330  2035  4419  5523  1442  4020  202  1114  20388  5054  7301  4949  1619  5806  2288  152255  31660  12066  21987  118959  247312  129115  209751  49362  477925  1393  1554  2558  1597  11330  429019  1.45165e+06  159859  280292  107145  20795  8723  264763  64105  50865  11541  6567  279107  232324  3.64674e+06  891002  0  813879  1.12872e+06  152093  51065  376839  94166  14389  79012  67571  103137  
15  16  28  83  11  14  257  888  270  194  162  31  4  10  32  175  89  3213  259  3463  35  21  62  31  52  15  14  59  173  225  74  170  7  55  751  160  263  198  48  169  67  1194  739  227  425  9488  37904  5299  12295  1552  66888  153  21  41  33  656  244095  215054  10943  7037  11096  1276  176  3301  867  1380  422  273  641  4656  6812  8641  550470  0  374628  5049  2536  41866  6412  517  1910  2436  3965  
105  104  676  2166  153  135  5561  17293  4932  5828  1830  933  226  325  313  1857  456  14173  1895  15521  345  314  490  541  511  165  124  629  1256  1259  340  800  32  252  5030  1735  2381  1658  1028  1536  815  899692  83965  5813  8979  775641  1.60796e+06  103411  276778  40213  1.35604e+06  6880  2094  2098  1120  4814  1.25562e+06  447310  95120  61521  60072  8738  2718  48510  14831  13747  3516  13570  64988  63066  99191  32368  1.37621e+06  919607  0  98091  62715  542234  56736  9510  26586  58978  49926  
1360  887  8504  17076  1151  669  69530  195709  22760  13172  6647  11377  1638  1284  4228  5180  1706  82348  16518  99365  12437  14107  6137  21342  5801  1966  1747  7156  8670  6030  1306  5171  173  1569  190290  31920  20338  24782  7385  31146  15809  278750  293733  194203  148078  247253  35458  743964  2.15124e+06  28309  228377  23064  8977  13991  9726  142281  221510  73824  761174  172270  652373  256616  199477  662834  469534  146320  114828  164983  644586  226887  109411  11264  124671  713  38947  0  2.5424e+06  1.13821e+06  758026  259603  2.47931e+06  1.23512e+06  2.66234e+06  
843  316  15079  31527  325  134  21315  42053  1415  3171  6616  1618  270  337  1226  6928  1440  57766  6311  74225  1075  1006  1354  1473  1617  487  329  2045  3385  3536  969  2852  177  819  18060  21887  7317  6374  7720  5216  2547  211716  113746  134711  167241  16493  16910  433617  497271  18029  40005  4408  10847  2921  2099  30664  58515  35784  82808  23686  98020  23518  12709  33450  29575  11878  13875  12389  41020  19659  15503  4004  17555  531  12233  1.42892e+06  0  211180  337955  308932  339335  77656  323189  
424  356  6125  18116  542  373  44917  118508  12410  14014  3327  8102  942  578  828  3467  547  16668  2612  19554  800  989  1004  1495  977  274  256  1486  1777  1551  427  1097  42  362  11423  9931  6319  5578  3776  3139  1783  288086  158688  144936  180240  109746  18274  514971  1.53234e+06  46572  374485  16892  7162  8816  5994  12090  501599  81261  353658  113713  182305  19714  7567  104286  27486  23028  5969  7110  26456  74867  49387  9829  68904  3080  87789  304105  573077  0  1.71709e+06  106366  114120  106343  247118  
68  95  900  1788  187  119  8950  27551  5156  4623  1039  1582  193  102  156  1369  98  4428  1031  4846  198  150  571  312  732  165  81  401  607  408  100  285  11  81  6528  3225  3392  11687  367  1231  1541  19951  24709  16194  10672  16603  4293  69601  411839  20860  164350  6735  479  1285  940  2702  169080  8623  80676  24985  49122  4818  1188  15492  4390  6385  1565  1443  5080  12682  10151  1426  5630  240  8971  135457  138575  1.50648e+06  0  7214  274384  61468  526283  
506  76  6170  31528  54  4  6101  10987  79  213  174  3112  1680  2602  1020  129  73  3285  691  5287  313  367  288  700  327  97  259  1667  536  372  73  268  9  63  2788  15182  2592  583  16311  1398  890  74743  1123  24967  126324  447  212  12199  16861  500  2112  118  14958  9289  4529  3489  1185  3144  15589  11709  14421  3993  2877  20918  17183  3893  1589  13792  75985  10224  6767  555  19576  75  8814  127174  331960  105699  10213  0  20815  136403  13822  
192  112  533  1331  67  14  2276  6386  329  1373  3611  990  281  664  1111  532  72  8509  2269  20842  4507  3957  1497  8898  1977  895  628  1134  964  718  97  573  14  156  30439  1818  2268  2282  773  20514  1501  11778  3467  5278  5946  1967  847  14442  46969  2209  16325  1329  4968  3862  1703  47702  19933  1152  37732  14510  55243  26994  55797  45137  178898  305240  421633  655181  121707  107955  20057  702  21202  34  2454  1.06928e+06  67522  44737  113523  11926  0  1.0465e+06  157689  
55  51  604  1708  25  5  1768  3406  185  441  355  385  68  117  115  155  27  1681  347  2418  337  305  185  440  215  78  80  311  207  114  22  100  0  39  4594  1984  652  1187  1623  1017  865  30564  2600  3641  5646  1795  344  9458  20520  474  9058  429  1051  775  361  7037  2282  1515  24470  12020  13199  6361  4112  24467  8975  4270  22781  370802  319340  5482  3048  273  17137  127  27375  633353  53346  32657  22674  38790  1.33713e+06  0  147250  
9070  7294  44159  22617  16864  4987  208048  832843  60686  623173  89042  3352  2877  4953  12746  297153  5371  419664  111731  183286  12954  8384  57261  25415  82414  26625  20490  73955  75188  28042  6448  22787  1120  6576  2.792e+06  1.0438e+06  511987  2.05796e+06  70399  137649  254759  28453  30868  14525  15643  29665  17686  93628  838682  28849  297623  26035  1623  2132  2213  46012  283592  31758  335230  82088  329961  70445  28160  111675  74982  33996  34532  27315  68200  30219  20109  3895  27508  616  21079  1.96638e+06  460507  756760  2.29125e+06  11968  615952  323508  0  
