0  840933  25409  482773  148982  48559  288396  5627  133  4560  5446  203  428  1892  9455  7131  16215  32887  5326  21282  13667  29119  33248  54980  4289  1834  2723  99121  5642  44191  9200  325660  1481  1.04345e+06  97071  246700  681978  80175  35165  9640  8137  247  195  284  450  263  179  954  2516  315  1101  587  28  39  218  1244  3993  3560  9985  1148  7647  1295  1060  2088  5713  277  203  348  569  691  554  779  2757  459  546  6944  1507  2997  1861  250  1083  303  39257  
572948  0  6190  2139  730199  54702  297595  37535  1636  4296  7673  378  1281  3134  3958  4822  5294  10530  4515  17125  4117  7248  5983  11762  3466  1047  4223  3996  7012  6336  1111  13526  1011  14033  400195  536492  153117  44924  7676  19181  4752  550  6523  9594  1842  4284  343  20579  11816  728  955  466  67  174  219  637  1467  878  3019  408  3136  456  317  923  1343  108  97  131  188  256  149  215  746  112  333  5947  2271  2121  2026  227  646  219  60567  
27289  4692  0  159607  1140  62  149390  93247  104  465  613  36  320  631  289  127  147  987  76  1323  476  529  799  561  129  49  188  222  235  169  27  314  58  171  8086  57229  13222  3776  6968  919  366  4140  1866  56308  27062  1651  100  16181  6572  70  198  40  7  34  27  48  145  123  309  56  264  50  58  297  109  42  17  46  46  66  28  23  129  22  140  1575  45419  526  204  562  199  100  2872  
505596  2178  171627  0  1651  235  8482  630562  203  1673  6527  778278  31368  35983  10033  625  569  1309  258  36870  3297  1431  1131  1598  815  301  2815  52683  3653  3801  304  11922  240  3649  17286  65070  48233  5122  55167  11749  11613  7128  5245  99572  933295  3185  407  38661  110684  420  635  344  68241  11760  4831  6152  610  387  1393  233  23313  2089  348  1401  711  187  97  460  622  302  272  108  776  64  753  8025  180061  4292  990  27797  824  1247  3452  
247401  740256  1865  2105  0  868835  1.04963e+06  130879  7916  30871  31882  356  7371  12113  8721  30486  58717  26005  35417  46778  6003  6404  7251  4877  4768  1972  5128  3155  7430  6825  2721  15915  2885  328412  704603  753047  254509  63770  2359  20141  5411  376  6129  1920  1281  26272  7491  69917  97841  5881  5945  2429  73  313  907  1539  7050  3912  8721  1751  8394  814  487  2738  1013  617  369  733  842  2902  921  837  2817  332  4146  44317  16622  7197  5462  231  2341  1288  126318  
56884  73345  644  543  873151  0  542317  314796  459914  1.27459e+06  12946  105  14473  14030  4598  19885  82683  26307  81942  15835  2564  998  3467  707  3937  513  945  405  8816  3748  2242  97375  5386  684829  82907  47993  95742  18429  462  2990  887  336  1440  520  539  15529  24069  109277  233250  84521  29958  1674  53  408  700  1168  6156  3663  8715  4411  6020  645  267  3511  560  641  303  718  915  3755  921  730  3007  333  8618  72291  13596  9796  7201  177  2340  1752  38510  
179643  403059  245570  10616  1.6908e+06  696701  0  1.84562e+06  1.2584e+06  241224  21986  754  7184  17029  6702  9220  33378  37248  97896  37803  5988  6234  10763  7875  6911  1215  2866  2944  15336  4628  822  5851  1633  3357  241100  491317  170282  45134  45520  11559  2936  1473  38061  11456  6432  98426  28866  320702  305941  46131  10861  1873  161  676  1061  2360  11113  7538  11473  3424  9610  1314  720  5232  1814  1368  719  1529  1556  6610  1902  1322  5109  680  11720  108332  54029  14944  9150  670  4603  2813  69088  
3935  79201  167022  959538  189545  110669  1.43414e+06  0  2.36883e+06  403146  818161  893928  2.22084e+06  1.53333e+06  392291  18864  23501  32637  15696  1.00426e+06  125064  16097  12218  10701  7304  5593  7178  3861  6773  4222  1277  13841  2673  16703  389403  242043  162786  79807  3792  25164  7891  5907  90932  69218  165849  187484  66109  590305  2.73634e+06  224032  352059  90863  460170  366407  100729  81487  26164  11111  48820  17535  290562  36727  6087  37828  8956  5711  2902  7552  7649  15867  4548  3371  23360  1324  64514  614731  238948  122155  75525  7186  25180  16132  202879  
198  788  600  334  4402  582889  1.08408e+06  1.63998e+06  0  1.48172e+06  3613  27  750  2683  916  5078  16682  31505  85925  2431  200  106  5725  87  5750  125  173  253  13146  1268  250  1135  206  835  11360  3363  3423  3182  260  916  266  208  821  219  215  6750  16814  77276  102802  79593  71809  1218  25  56  272  471  4493  1859  3811  3790  2155  199  101  2610  193  341  125  253  315  2608  436  287  1257  183  4729  24763  4129  6368  4359  76  1389  600  11758  
18170  14652  9093  6035  80460  965711  173756  930003  1.40191e+06  0  69767  943  5897  44059  10816  1.56948e+06  234707  78187  107741  20162  3495  1497  9764  1399  6183  898  2850  6751  16106  25194  18367  226919  56960  464309  101934  35404  209201  115157  6571  7396  7635  952  1386  1094  804  2658  8514  15254  170429  112223  474240  15462  190  255  2375  1688  83110  10831  25936  14418  13678  650  294  6054  503  725  376  873  1253  4309  1157  1552  6699  1253  7908  46923  6764  31306  21099  655  7056  1492  115046  
551  1285  2336  14961  4309  1301  4998  820955  852  52955  0  7457  37693  1.61996e+06  10790  56300  8048  23859  1856  926477  10699  1137  1753  671  983  1118  756  382  932  862  274  7135  3043  3029  30110  6779  12252  10416  509  2954  513  1042  1852  1591  3451  3045  3291  9386  243642  6941  269297  352680  3086  8969  133320  3711  124223  15270  33693  4723  55490  1488  515  3856  747  699  672  813  1058  1354  962  1677  8227  2053  5558  34655  7446  18090  13123  426  6130  665  34723  
682  747  1963  565161  1244  200  3619  1.0095e+06  175  1026  7154  0  733827  329838  93211  3045  3695  2855  515  331270  24584  2614  481  1737  559  390  1544  3843  1886  1374  167  3025  1119  1102  12417  5451  5506  2893  1707  6310  5094  313  2581  2904  98372  2150  278  7331  180183  195  730  3441  730420  180009  64705  30392  2452  905  5101  529  166549  11557  1152  2345  1380  411  410  738  810  509  327  302  1678  135  2239  13821  26984  5469  2180  26137  1255  1083  4300  
556  2022  2729  43162  2754  676  5189  1.16687e+06  394  1374  22601  443804  0  831823  223672  5964  7314  6195  996  771049  70896  6788  600  4009  1432  1331  2425  2294  1584  1432  313  6124  2268  1839  28214  10872  6994  4097  1311  9224  3507  433  3484  2386  23413  3942  1988  9539  239789  692  2580  6022  351811  632758  102659  45426  7200  1942  10245  1127  214050  14273  1820  4791  2410  713  625  975  1036  1115  646  680  3577  317  6375  56840  13133  12584  7933  4495  2514  1596  15426  
999  2158  3535  50932  5872  1827  7880  759076  1090  9520  1.15168e+06  169167  655157  0  528152  32329  18615  12610  2137  1.4315e+06  56157  6839  965  6217  10486  9001  17359  2254  2181  2028  572  13064  5425  4105  85892  16571  16300  9468  1543  59848  10286  718  2333  2583  27858  3920  1937  10277  173214  2184  60433  106406  71583  172647  870186  133487  41680  5132  28276  2304  375514  11242  1675  4930  3132  2708  3511  3232  1695  1519  944  1264  4668  677  4608  46825  14691  12669  10127  2544  9051  1709  32878  
1915  3615  1827  36784  4103  985  5783  270597  371  1542  7305  72371  269712  527352  0  4699  18303  43258  5984  1.81559e+06  133694  197706  2654  608032  67540  152286  91461  3678  5736  6255  1947  20803  3151  6469  275446  24840  25223  22516  3722  378179  38297  1162  1731  1004  13435  1688  598  4425  76385  490  2576  7813  21695  32547  100571  434817  10042  5725  49710  3465  286401  24068  5426  8984  10692  4463  5739  6028  4481  3882  2540  2790  8502  549  1774  44577  9995  13637  8279  2531  12448  3002  50950  
17269  14306  1853  1388  59278  45224  28287  28628  32242  1.77074e+06  115627  363  2096  61480  23978  0  1.73412e+06  545488  139262  63175  3684  1501  7597  1297  4016  906  1490  1883  11750  15303  9641  294143  170970  531609  100716  23496  220091  123455  2355  5441  2106  1933  1526  306  445  1951  2159  3733  16667  6594  37339  23765  155  269  5049  3042  161044  55251  63729  6827  53075  903  326  4926  435  1093  959  1489  2274  3283  2580  4744  23616  6782  7738  33976  5342  23511  12230  711  6308  925  118428  
25392  23006  1434  2011  90138  57807  22114  48855  11176  86906  65092  732  6053  91103  296611  1.71716e+06  0  607791  1.20548e+06  242278  22017  6153  18051  6309  31239  12525  20940  18107  125078  285720  300330  1.27e+06  390190  434307  79702  14786  275780  51133  19469  129485  7447  7455  5171  554  2394  4982  3389  10038  36813  5124  16196  21984  463  738  9534  36290  159988  125178  349746  41488  274184  6906  2314  30991  3960  6982  5795  9323  16718  24785  19214  31048  97967  16938  18451  162673  27149  91770  38680  4423  24984  7373  91503  
12869  15107  2385  2210  14458  15857  48910  39705  42820  114037  48993  525  1948  5832  82277  627285  629231  0  2.92337e+06  819180  255114  83958  776856  81419  139601  42835  12707  23181  116660  75799  15138  148512  6488  45738  139738  17263  169582  85719  30416  102420  10694  5882  2647  385  2576  2096  1339  6445  14962  5307  14608  2437  190  308  974  19725  14868  47936  214615  28839  148870  31988  33359  101608  53211  6263  3556  7789  17251  22758  13828  13064  44382  3559  6419  136721  17853  59982  25776  4490  25121  7492  83620  
8354  11638  1516  1688  25771  15207  51056  87439  41244  62953  44175  486  1730  4287  140655  82503  1.74949e+06  2.93077e+06  0  198278  25821  11455  1.39521e+06  13081  452625  39197  26927  21176  1.26365e+06  971109  441651  106679  2962  30147  90570  11187  146547  84335  22818  147909  9371  3001  1587  275  1484  1388  1181  4417  13683  6626  20043  1993  185  224  797  26221  10514  28603  113347  14618  92848  6878  3342  18612  4478  3461  2728  4994  9981  12722  8460  9635  27502  1969  3694  71092  11453  37672  18128  2602  12218  4481  60234  
13770  19239  7451  89085  17793  4165  27812  841443  1614  8957  644531  170981  643743  829072  3.0781e+06  43548  109244  966075  64693  0  2.13273e+06  620909  27284  654777  133627  393178  116993  23931  65045  68872  16289  159450  22118  56902  437336  63324  202249  140346  39339  505878  36252  16889  10301  3893  44716  9224  3919  26882  234749  5009  27327  47630  59953  75926  99518  275358  95028  94421  591712  61222  1.43395e+06  152323  66645  177894  83787  19640  15533  26795  51178  60015  35901  29271  115079  9076  19884  374021  65139  155409  69632  14206  78654  22742  264953  
1886  2573  517  968  1312  240  2520  11068  44  223  474  986  5926  4221  74543  835  3173  222129  2263  839866  0  264433  61792  118518  9824  23018  6761  2180  3903  4862  938  18168  1896  8451  45886  3939  24988  16574  3219  38365  3091  705  304  85  523  199  65  789  3586  71  446  270  518  714  371  8515  505  556  29779  1667  51844  108207  23440  33104  34677  2013  1483  1685  1847  1359  814  329  2852  129  555  30666  2363  5818  3409  507  7700  1118  17745  
2860  4064  823  464  926  131  4412  1717  8  70  127  156  733  1709  124341  197  503  93964  668  255534  319797  0  72869  818799  15137  78091  5897  4912  3060  7836  635  17086  539  8012  42145  2252  39890  9016  4563  55339  4530  144  47  26  158  39  15  141  467  14  80  59  82  86  162  4413  117  113  6720  214  14094  55903  34995  20257  77882  1960  1374  1227  837  211  182  86  624  16  112  23336  307  2210  1281  226  11069  476  10427  
6534  8490  1591  790  4949  1344  9077  44734  4260  10378  16259  170  369  1145  5386  19207  20138  1.10156e+06  1.08136e+06  41115  76943  83032  0  334066  672935  56271  11773  8606  1.15971e+06  367604  12157  105061  779  33951  66505  6004  81380  41987  9027  74913  7545  277  180  63  181  199  273  701  2660  1075  7026  566  32  39  140  828  4044  3672  28358  1705  20315  15466  18402  41213  14565  843  370  434  601  753  604  787  2609  354  508  19630  912  4649  2860  265  2679  331  38040  
5463  7156  1366  1460  1077  161  9667  3509  19  214  369  497  1776  4135  705145  689  1202  260158  4526  704958  309149  1.17499e+06  402703  0  1.76366e+06  601430  22650  18611  49467  22540  1591  38082  1958  13460  92919  5719  101520  19909  14704  217376  12821  212  90  43  357  69  20  271  1109  36  252  180  161  207  393  10621  340  279  9033  405  29506  24168  19688  35470  184138  19860  1943  1720  1183  919  299  157  1006  41  201  25371  818  5559  4528  472  15501  761  40075  
1998  1744  350  956  726  180  2418  11993  374  1320  1565  487  3622  8330  33213  2775  2540  145966  67860  62935  36392  70754  753443  1.50679e+06  0  1.58073e+06  697419  94536  2.43031e+06  18309  1123  15934  468  4911  31373  3418  37790  13224  7846  480354  25760  96  83  43  199  73  42  244  3051  142  1050  1171  302  582  673  2951  2207  888  7452  502  7816  4410  3226  6992  18150  24966  335  351  319  1159  214  285  889  85  153  4598  716  3501  4295  161  1457  238  63673  
553  370  84  395  150  25  625  4603  14  115  376  206  1901  1826  50405  301  436  42096  13177  79526  27594  42301  52370  272431  1.56574e+06  0  239457  4178  9617  4666  332  5101  234  1201  9350  1134  13577  4011  3407  385384  12719  32  22  11  79  27  13  62  1309  16  164  251  165  317  184  1627  426  120  1478  83  2954  2240  802  1423  2007  169  85  94  102  79  52  38  193  13  30  1445  188  1262  1067  61  387  80  36450  
430  321  256  1547  290  50  636  10934  26  209  552  838  4745  16637  49026  405  1154  5989  487  30143  9145  8953  4573  18097  749953  222904  0  141529  5004  930  119  1839  301  809  75050  2956  25711  60553  7280  395874  386879  76  109  45  255  106  41  226  3584  36  357  1924  507  740  1355  3298  2810  794  4392  351  6809  793  288  729  539  307  394  399  285  233  161  285  779  84  159  3910  468  1226  868  99  1006  171  27485  
71888  6004  937  31299  388  51  17438  1204  47  982  468  1769  608  924  3781  532  1216  6633  1382  5102  4755  20837  18376  26203  91456  1798  121855  0  105999  191042  3305  315309  244  6475  105312  24278  537315  159898  100162  20363  263144  117  59  62  651  61  30  162  444  46  189  95  200  93  110  741  358  680  3142  371  2839  644  723  1414  3134  168  109  162  477  406  251  246  876  60  103  4449  602  5862  3683  395  491  173  59295  
3296  2835  586  1167  6156  2569  6988  11494  7525  19640  8627  366  736  6095  43236  44973  58512  89915  459076  45025  13756  40375  999858  73971  2.34203e+06  13718  14993  186296  0  2.72758e+06  156206  20434  1952  9710  90471  5774  102037  86309  12611  157220  12874  1141  607  97  526  483  368  1327  4368  1939  4077  1274  77  101  657  8903  9444  8730  39545  4100  33242  3583  2409  7599  5251  1330  985  1681  3407  3833  2563  2751  9535  997  1629  25887  4129  14507  7500  808  4270  1448  38911  
37377  25511  2900  3583  36040  5282  21073  17055  1715  9006  14912  491  1889  19996  104395  38293  783570  154966  806109  89765  49480  145822  457104  208178  35600  10416  8523  312886  2.59779e+06  0  2.37097e+06  2.89801e+06  5298  164313  144506  13471  399955  140034  20411  66759  10885  2516  1514  230  1046  1357  814  2955  9461  1234  5012  5209  185  251  2047  16391  34197  29064  99696  10982  81853  7172  5439  14991  22780  2565  2121  3489  6434  8005  5713  7960  26640  4036  4734  55574  9085  30374  14638  1573  8778  2914  67701  
5487  4940  373  356  15548  1896  2517  4760  205  1701  3947  78  438  6616  23626  9649  711505  43862  432436  19861  7633  12324  34112  9289  4751  1656  1517  8827  81053  1.58858e+06  0  795440  1928  21759  12955  2119  78265  36491  2486  11304  1053  587  373  48  221  379  276  775  2627  322  1242  1966  32  64  655  3591  11419  8646  24963  3067  19586  1108  606  2822  1319  489  383  690  1434  1830  1424  2122  7090  1161  1335  12451  2081  6857  3213  368  2041  597  12875  
300426  66242  3132  9979  25409  63530  27566  24007  1334  99815  38959  503  3729  66758  251044  313703  1.59097e+06  383909  39958  230646  142635  152722  326486  208466  29409  14971  16653  326001  27353  3.20476e+06  610369  0  773360  1.81278e+06  139927  22672  656150  56343  19072  58553  9696  6970  5276  572  1481  4821  3008  7190  30969  3290  15102  11760  369  534  7196  15608  149501  140027  358758  46038  237301  12012  6394  38351  23575  6131  5066  7158  10438  17492  16512  32182  109121  22838  22326  134377  21364  85039  32214  3040  18967  4770  99372  
5533  3427  156  103  8503  4365  867  2532  147  35188  5247  32  297  13464  9327  129366  179281  9936  918  16518  968  255  408  209  1041  587  1009  187  500  900  808  445997  0  266875  4615  1909  54573  1888  240  2489  266  582  446  33  96  473  395  699  2807  631  1946  2842  29  55  1429  765  32889  11838  20326  1529  18361  195  69  1253  102  327  331  460  624  649  631  1324  6934  2006  2544  10229  1573  6966  3409  175  1703  209  7836  
1.25944e+06  170391  1640  2292  728725  1.00331e+06  17570  94849  2149  635138  35973  343  5168  27403  31152  794204  884892  99856  33781  68740  25234  21108  50301  18510  7744  3037  5025  24409  15122  42744  21130  1.03952e+06  569308  0  83184  65316  1.34923e+06  41311  10565  15434  3704  1187  1069  218  459  2490  2338  8581  29906  5526  9319  6926  118  262  2661  3204  50462  26492  52231  6219  40367  1975  1035  5726  2320  1001  787  1273  1886  3002  2308  4205  16452  3914  4816  32340  5775  15525  7839  545  4194  1002  44369  
36757  281729  85393  64875  463175  44298  495606  1.75483e+06  13508  262737  549755  10708  194678  218797  206637  257385  61185  454063  34333  918448  223409  190651  226961  152855  114318  53978  205369  175512  168140  122617  8952  177698  41075  90431  0  4.55669e+06  573994  811700  155788  975015  505572  2351  6864  5970  8573  19632  19325  77033  376098  42017  65856  43813  1957  11237  24565  22702  26067  19222  100055  12709  98859  21538  11715  43773  23892  4638  3985  6041  7148  7876  4521  5434  22962  2315  12746  495221  44877  55728  50275  2428  24133  11737  3.62912e+06  
15201  242052  64548  36996  210762  6789  550615  458141  1763  24192  120876  2338  19135  42573  27086  51862  12938  37330  3374  170664  18105  25711  17160  22718  28586  7563  39396  28621  65233  27188  1495  34258  11886  23473  2.30746e+06  0  172083  221726  517569  204119  51137  559  1781  2703  3037  5342  2360  16297  59788  4286  11951  10319  534  1262  3923  4183  10958  3737  14617  1810  23120  1983  1365  5529  3639  869  811  1052  1197  1473  804  1029  3536  411  2199  63703  10609  14634  12972  1148  3602  1365  385912  
241595  452827  96751  54099  890736  65137  543294  546412  3417  205014  194000  5435  20388  79702  57315  228730  132374  256804  73390  213302  72957  82946  135438  100227  25268  10704  31606  216234  48783  83936  27225  194940  13205  255784  281610  486420  0  1.32985e+06  460826  62836  90457  2342  5520  3707  5195  8540  2384  23467  76116  6126  45042  18919  909  2046  6977  7159  53911  27594  62665  8304  49320  6136  4058  18007  15097  1897  1268  2083  3808  4830  3372  4897  19015  3729  6136  54791  14932  57564  40558  4565  7245  2047  139867  
3320  40360  15399  8410  138078  8647  60144  111180  1316  80940  82874  1475  4417  17913  24251  104035  34099  132632  34661  116758  39081  19980  44101  16510  12510  5652  21169  36776  25414  26006  8988  20451  2148  8226  238201  250730  1.16692e+06  0  185930  45225  57340  1700  1493  679  2348  2174  913  5819  17048  2048  10795  6309  185  364  1449  3196  23565  11919  28938  3996  21725  3462  2178  17317  8076  1346  910  1360  3383  2808  1759  2241  9069  1435  1961  48684  9165  70184  65461  6896  6155  1899  358869  
12998  2420  2742  31424  215  33  35434  1118  43  659  719  841  291  470  2398  565  901  8264  686  5415  4102  6917  9309  7864  2807  1145  11718  89010  14892  10285  655  6777  224  3242  76296  351652  312965  68005  0  24483  63800  415  88  52  964  63  25  304  353  24  143  79  246  71  64  405  596  714  3581  582  2004  636  623  5555  3225  316  168  225  528  411  269  213  1129  102  133  4694  1565  25315  14577  3347  868  282  6473  
10508  2700  2730  11340  1427  271  6742  49611  106  907  2224  6886  33076  92326  301252  2144  5697  76639  7367  308289  117496  161809  27323  326296  294276  232040  855878  90430  95691  53780  2490  31208  1493  10039  1.14211e+06  21410  132585  72079  48006  0  1.43607e+06  1144  627  311  2186  508  150  1533  15635  204  1373  6132  2560  3254  6832  26912  8410  3917  32902  2708  45598  10919  4920  11657  11846  3008  3413  4028  5068  4041  2478  1878  7602  361  1206  48320  4250  25020  16372  1547  20584  2407  91124  
30583  1395  5302  9326  881  127  8046  5277  27  537  951  2198  2532  7254  21820  407  833  10432  598  11535  8217  15728  30326  13626  11062  17202  587154  230689  5999  4794  270  5036  268  5336  803363  22003  80005  499244  39319  713288  0  95  74  358  560  91  46  363  1497  71  309  334  304  220  651  1678  596  771  3419  343  3553  918  661  972  1152  295  358  401  314  265  196  286  776  80  105  11159  728  1302  1407  227  1856  341  168121  
142  611  1609  1596  606  266  2848  7054  368  1340  2499  57  1602  2863  3462  2608  2665  2415  427  4176  383  703  311  1005  111  61  98  132  292  304  106  2114  705  595  5393  2927  1854  1787  1014  697  201  0  1.56282e+06  30701  552170  220678  23303  311290  18838  237  7757  1362  203  216  574  2080  13530  7738  38678  12702  8570  4903  7601  147639  23205  4091  961  6999  35909  7672  11877  10860  152915  1735  1.02897e+06  263725  208145  597693  60294  21809  8834  8329  43357  
156  18418  6829  5677  7323  277  46785  60707  307  928  1753  336  1237  2774  2249  1308  1341  1325  242  3391  417  395  251  516  112  54  106  106  173  183  58  1083  347  282  4890  3261  2796  1989  747  645  186  922269  0  9691  2729  843978  5211  378413  13425  228  4242  1453  75  169  325  4475  8485  4564  23818  5490  10662  3313  3166  48115  6869  7674  1986  10911  8007  10865  4290  3522  19705  973  46686  525894  740626  226805  55774  9871  32940  21289  41360  
359  14196  35768  26903  2411  353  28090  31584  161  207  219  250  162  364  96  49  56  87  32  397  45  39  48  53  19  4  16  11  19  18  3  50  13  21  780  4394  752  252  111  67  29  27456  11982  0  127748  3498  153  123545  108713  118  145  52  5  28  36  82  232  133  633  189  274  92  118  1725  251  130  32  220  228  198  119  63  422  17  1018  10245  147388  7328  1049  11345  628  578  1078  
5010  7278  112958  810160  2946  561  61277  139252  322  365  1729  76669  10999  7493  3539  252  396  574  144  14147  864  305  202  332  78  44  169  680  281  211  39  385  82  274  3367  39801  3818  1734  4977  856  624  642755  1858  100539  0  1330  207  6242  490700  160  270  409  624511  9891  9973  6309  405  325  1947  469  41846  3076  652  7286  3618  818  286  1022  3490  922  1705  164  3618  35  1219  11755  244542  28545  1745  134970  1380  2230  1808  
257  11898  4413  2726  34732  26038  120906  178422  8239  4662  4245  313  16566  5602  3502  2580  3832  2182  823  6424  727  610  523  619  280  156  323  200  330  339  128  2073  632  1530  29814  16943  6970  3683  656  1262  485  299807  601996  1453  990  0  990131  911079  127698  4823  25830  2660  93  809  1328  9198  20195  23078  31382  35983  22971  4459  2264  26559  4312  8131  2932  8098  7211  73948  30518  25511  44058  2136  336736  431464  391299  117662  50738  1053  23618  13700  47892  
296  1065  622  765  7509  39788  40387  220621  51721  33347  5755  183  27236  39117  2540  3032  5461  2252  2500  6578  658  492  672  433  407  153  332  265  663  380  177  2478  592  1580  49727  11348  6614  5217  305  997  796  79272  82695  1091  962  931440  0  620602  446337  516164  1.58672e+06  2855  110  3442  3497  7518  91413  70536  18015  68748  24843  4820  1052  20696  1568  3101  963  1646  2200  67560  32306  29747  94781  6893  967692  129508  38184  41712  24726  377  9225  2460  48386  
717  64016  32484  30023  87450  167935  376747  533572  63400  20555  6148  1024  10349  7068  3373  4449  11148  3266  2566  10463  1393  1109  1337  892  669  303  698  466  737  569  286  3280  836  3453  94424  38316  15744  9006  781  2070  1372  220590  394444  226121  6759  1.47296e+06  992363  0  1.74287e+06  1.09891e+06  118788  2213  153  813  835  6835  21730  23605  48959  227162  17690  3211  1989  61574  4886  13810  2335  5714  4734  207195  10719  4309  12014  895  22449  235386  386955  123947  33489  18136  17543  5648  63675  
3907  81791  89160  222259  167383  164926  598199  2.89307e+06  285613  336686  146295  48575  400987  311241  39119  15905  25561  16765  19288  196788  12623  3927  5587  3514  3391  1062  2074  1951  6595  3430  1152  13664  3268  10869  276200  128666  66718  34001  2788  8505  3749  7010  95727  165947  677146  135909  90563  1.74063e+06  0  1.65929e+06  803241  427911  1.07586e+06  1.75444e+06  1.40095e+06  172657  34661  18109  129448  34363  1.2047e+06  106390  9382  22151  10316  6695  6045  6454  5391  20195  9447  6367  23838  1304  87992  264925  165689  154501  91142  21416  20968  7732  167210  
350  784  343  287  5423  65275  44161  248534  168303  129446  3488  25  3787  14367  692  2816  7213  3799  12397  3006  313  310  1271  212  1353  137  297  246  3023  503  214  2523  500  1685  59781  9730  7246  7692  188  962  836  390  1255  586  516  5429  879194  965322  1.72341e+06  0  1.78325e+06  674  18  224  442  1000  21950  15556  34878  132130  3574  473  180  39407  414  3126  405  781  750  38319  2232  575  2779  251  5401  45364  21095  14313  18035  162  8366  779  41427  
1123  1631  2269  1272  7390  12619  13968  313878  165293  710718  75083  162  6626  66934  2356  19655  5317  5658  8265  7300  432  286  2533  293  1404  158  333  378  2587  599  169  3843  1655  2945  56248  14705  21091  18191  871  1290  829  12051  14446  707  930  31020  1.50342e+06  202612  998829  1.46527e+06  0  79242  392  966  6309  2642  2.28302e+06  154980  63588  111472  11505  1833  598  31934  807  3621  743  2418  4508  63143  31178  32071  236937  47381  691158  87621  35512  102079  69436  1759  20922  3221  83909  
557  786  235  720  2796  2406  3219  147827  8441  146930  382150  468  3416  328536  2555  37851  5331  3286  1680  17792  555  202  877  295  507  288  241  160  703  447  172  4357  2033  2049  15761  5304  8775  6836  298  1166  198  256  297  336  2078  551  739  665  460646  344  145621  0  3016  16755  895271  7601  51942  1758  43030  508  341790  1990  358  670  1026  1012  1366  832  398  326  217  281  1315  218  1699  7995  1449  4327  3044  287  1310  259  12798  
787  929  2688  285310  1758  364  5386  383180  215  711  5597  697830  356953  212003  73122  2643  3497  2664  672  243623  17713  1964  382  1420  396  322  766  1906  989  961  189  2944  923  984  10378  7629  5302  2159  2513  2877  1709  733  4356  4362  710873  4614  279  14182  909468  181  768  5937  0  504644  139923  56223  2262  1325  8916  991  293517  18577  1941  5206  2440  866  749  2985  3543  1083  611  474  3034  197  4193  20781  33028  14592  2696  144165  2230  6655  4764  
246  700  1131  20486  1624  1414  4426  283052  1166  1254  7728  92940  540094  229272  47384  3272  3711  2316  663  204589  11145  1259  255  1031  416  351  534  434  543  555  181  2847  1047  823  11449  4834  2923  1848  513  1948  506  303  1437  1315  24620  3002  1812  6115  1.00282e+06  448  1466  13100  246651  0  346672  81961  2909  1375  10801  770  261861  15355  1371  2355  1917  630  633  1031  1079  939  425  506  2290  225  4492  40435  11842  12019  7837  23438  2109  1812  10922  
924  1265  1157  17504  2895  4291  7074  102065  3270  18516  122688  23001  83972  1.05749e+06  115482  41976  21589  6420  2096  398150  13525  1620  551  1400  2905  3056  3083  613  1297  1521  514  14227  7214  4196  30196  9897  9313  6150  930  9899  1072  498  784  1246  54820  1333  2544  2719  807514  835  21511  834788  69326  282299  0  330708  11757  5476  81368  1635  1.0434e+06  23259  2026  2334  3546  2464  3184  2549  1318  1351  830  1258  4370  657  3986  27305  6055  11039  6838  5626  7087  1340  19418  
1166  1763  2660  26103  2143  2177  5031  97290  1557  4409  29946  18177  66837  182353  439627  12086  11351  13832  3169  260727  15682  5303  1838  8038  3950  2987  4601  1560  3616  3838  1040  11231  2101  3257  55866  14306  12679  10461  2449  14832  2100  1476  1636  2452  49164  1589  2494  4126  138229  790  5864  7498  27976  54402  317763  0  4440  4534  115931  3700  1.43957e+06  124507  48935  14721  486899  48245  86759  48214  10633  4355  2694  3820  12103  1476  3825  162742  17858  24637  24011  13680  225535  17992  52422  
2556  2872  2059  1388  5520  1951  8404  23134  4931  162760  60561  177  4268  38860  4124  115157  34009  6902  1948  18552  606  574  924  473  519  180  273  504  1176  1199  540  29605  16984  13359  24505  10304  22630  17203  1486  1829  507  14402  15676  710  1095  28334  44830  16144  47293  40796  2.07734e+06  43052  516  783  3114  2972  0  1.65444e+06  512459  94394  19568  1069  488  22809  809  3807  898  4274  9826  67088  39528  38384  371598  287831  559740  112374  47347  189645  111877  4911  31916  3262  126283  
6547  8006  1645  1276  10365  4239  16667  25997  4991  52704  72132  269  4155  58169  97873  192730  132112  63368  14116  116802  3029  2640  3334  1830  2470  1386  1689  2894  7477  8133  3302  107824  49795  38608  125877  48313  58379  37618  7250  13246  2052  16968  24341  672  1567  75179  101423  38428  44815  30398  240095  21625  426  780  6101  38086  1.86913e+06  0  830777  1.6816e+06  209070  4576  1852  58805  2977  18725  10416  13255  20213  467082  465532  366069  1.45898e+06  251078  299779  123939  57324  99936  41345  4025  31944  6158  88128  
5331  6783  1602  2108  4341  2145  10318  22937  4125  16295  20416  506  3582  8457  41927  23305  70221  147396  26715  108002  26183  18893  19733  9198  5390  1832  2719  15963  42078  36090  7052  73974  9822  21101  129338  22644  93253  54437  26700  79453  6030  19681  13598  1933  5960  8591  5921  40196  78726  41512  47988  11714  330  716  4206  11632  728842  768025  0  2.92054e+06  480682  93023  30631  756774  35077  45965  10975  18424  40733  62955  42296  35019  144940  10402  35319  176304  15846  231231  81441  12257  62642  10567  135761  
2366  3800  1197  1589  4224  6360  11932  38333  10442  25869  26631  304  4677  9564  66400  21501  53767  61709  14164  80739  4266  4134  4488  3869  2437  1249  1537  4571  11411  10847  2962  47814  9435  11752  96378  27645  45267  37763  20641  22252  2805  23738  22443  2467  7403  45037  51108  197914  101573  163875  61883  3520  426  733  1380  35742  173411  1.62233e+06  2.29793e+06  0  84435  6187  4910  1.88103e+06  18876  170802  30383  44564  69325  1.3415e+06  1.12058e+06  544853  282886  13515  45578  244989  36227  269237  104340  16120  134903  15039  143721  
11269  14908  7690  61140  12588  6592  27538  154020  4559  28236  100204  18827  55454  175360  374600  115069  176620  249931  47595  1.46833e+06  94691  34611  27087  38568  9768  5387  6262  22857  62074  58377  13719  171832  41509  46261  284031  69940  155660  93778  31320  86099  10198  11119  5822  7515  224061  5304  4660  14746  597734  1968  15400  233885  80379  55575  621063  1.89875e+06  16199  33366  1.00744e+06  22516  0  1.7674e+06  628291  114248  619256  97178  162145  93050  46330  30825  20281  17481  69353  6836  16075  267582  42543  112372  60586  15526  160330  30177  165395  
1031  1375  226  363  603  128  1446  2457  72  304  1125  141  788  1880  8179  847  1959  60715  2608  32818  97996  36282  19279  11061  1725  916  509  2084  5691  4585  508  7647  672  3347  20036  1955  14872  6996  2445  4248  1046  1023  454  135  899  251  123  1208  3496  64  699  131  184  271  704  58618  298  364  187999  1613  894562  0  319622  118403  112713  15352  22233  14127  6478  2024  1593  1034  5976  256  1093  33267  2398  11447  6944  1183  35510  4512  15961  
190  297  65  123  122  24  398  600  21  95  518  34  173  1404  2595  466  398  25917  460  8446  27751  30544  10230  14476  686  286  196  433  783  804  99  1547  134  657  7296  633  3859  2093  1411  1849  289  1317  355  50  974  191  85  874  877  29  255  40  54  122  481  67962  96  159  46701  715  370932  211675  0  156573  461104  21092  29611  12583  8601  4197  2696  1270  8576  40  1276  26087  1005  12421  2696  1845  47335  4967  5797  
1351  2010  747  1329  1647  1584  5046  14293  2195  3745  4027  141  2559  2866  7685  4192  7307  51115  3876  23632  27799  25999  19510  38542  2839  819  701  2673  6563  5113  666  12040  2048  4952  40621  5669  23235  14754  7913  6782  1648  64808  27761  2868  14915  39490  45520  160373  42018  31210  26669  1063  224  428  529  10351  19775  39181  507139  1.65416e+06  35647  76323  206538  0  299182  578885  35822  61091  77595  1.23792e+06  721022  57674  285561  2223  47733  185926  21642  320019  54111  16764  143060  29837  95678  
413  657  204  614  205  80  998  1481  65  273  911  64  387  2055  3705  645  577  25970  414  8746  22740  73858  9956  169606  7384  653  434  1201  1523  1635  156  2723  159  1111  13595  1795  13503  8681  7807  4441  768  5758  1109  193  6887  996  470  3279  2707  114  772  141  196  260  919  728833  328  840  72587  8895  385699  127545  429544  374325  0  1.74182e+06  295121  47532  43837  71594  10050  941  35605  315  5832  64454  3302  65282  10572  12147  140787  10279  27881  
206  342  145  542  418  301  964  3857  466  1589  6703  49  882  12087  5876  4013  2960  4947  690  7209  2442  4725  1722  26923  17487  428  358  560  1142  918  172  2941  750  932  14363  2791  8793  8165  6712  4082  605  7017  2013  287  6589  2613  3664  12654  10188  2409  4224  1092  414  429  4585  55338  3729  8019  48061  116634  44651  32212  42731  1.11145e+06  2.19488e+06  0  1.31483e+06  1.10454e+06  252845  2.81258e+06  17576  4352  42740  502  7276  149866  18484  95731  18982  13649  396895  85876  46686  
56  69  32  66  91  131  214  1131  104  567  3699  15  286  7009  1997  1613  789  1791  192  2544  1191  1161  511  1199  131  73  90  125  249  257  37  710  203  225  3005  646  1602  1361  951  733  105  388  161  32  488  287  292  768  2804  93  525  652  46  55  3099  95479  314  489  14308  7257  50205  30021  30857  43655  216826  1.3762e+06  0  536327  36375  24261  1485  611  3718  89  708  11270  1718  6740  3970  1213  204125  35415  24780  
159  193  107  350  293  182  646  2308  180  1570  10334  33  583  20587  7498  5808  2840  2887  483  7593  902  1613  572  1617  259  173  339  292  510  539  162  2149  695  604  11614  2142  2425  2070  949  3389  512  10366  1175  134  3354  532  259  1445  4527  158  1157  1473  319  328  6794  73648  1023  1057  19333  2625  51036  13055  11441  41207  38533  813507  644497  0  322267  15870  1317  564  7153  289  26570  92189  11817  108777  33705  33641  405570  357824  42328  
172  315  225  1310  530  234  1405  4717  176  894  2617  83  1315  3089  6708  2746  3271  4706  759  7342  807  1605  850  2314  306  281  243  737  861  1013  209  2904  724  707  10516  2617  11181  11402  8147  3095  547  61180  10425  495  15919  9534  1151  8582  7327  161  3215  903  470  491  784  4802  6318  5429  31743  11762  10022  4540  8967  136902  42271  179397  15463  302900  0  220979  412382  2845  332114  846  108713  143766  20596  395164  53081  65735  53399  187164  56136  
664  1459  482  581  3030  4948  9377  18041  2776  3145  7119  90  2418  3821  34095  7871  16127  21057  3983  32640  1168  1462  968  2365  1609  449  653  1254  3072  3262  931  13391  3157  3460  29563  9320  10035  7403  2867  6833  771  3771  42827  432  1705  222551  83599  245219  33664  16042  34778  760  212  322  685  10010  13440  165856  90776  673849  25976  3737  8229  1.41362e+06  73092  2.89122e+06  20489  91873  524859  0  3.34208e+06  48756  51929  1028  9469  105539  23065  66414  23025  6703  144698  8030  27919  
1349  2856  928  1181  5483  6912  16057  25646  2397  3832  22205  147  2892  13548  58245  22422  40428  40238  7719  63831  2670  4359  2185  4551  1292  763  972  1719  4410  4709  1723  33062  8739  7736  66078  25068  17765  13738  4582  8540  1191  16200  78915  857  7786  373573  63476  220576  35104  4864  13117  1923  132  275  1444  13271  6986  429646  264411  931630  65656  29932  42763  1.20015e+06  103511  35124  7668  10270  397749  3.59402e+06  0  1.90752e+06  3.01612e+06  1130  16404  79435  29064  85184  13376  8948  15633  6502  38133  
384  854  215  184  1430  1340  3755  6110  478  1310  6948  25  752  6353  12345  9385  12705  7795  1732  14414  405  426  378  281  295  190  189  282  686  722  341  10494  3493  2536  17529  7482  3926  3101  673  1182  223  1344  20168  153  286  100335  12333  38407  9565  303  1954  650  31  72  626  3469  2125  564622  52907  1.10655e+06  22162  3223  3044  79199  2219  7000  2228  1688  4888  179381  2.06012e+06  0  872482  853  3577  15097  8195  9047  2783  484  3096  847  7296  
2451  4166  1367  2188  5582  2328  11619  31579  1920  12117  44599  360  7097  53923  70840  72509  78183  43697  8606  90002  4278  6440  3024  5258  1688  987  1173  1728  4092  4701  2101  61189  22402  15591  102851  42710  28148  22836  7491  7691  1431  304453  68643  2315  14915  116838  76512  39710  65261  1377  210158  6602  410  969  6341  20690  163714  1.08508e+06  412728  99353  152295  76316  68329  917009  88601  23874  9761  19542  297204  108544  3.44547e+06  1.14928e+06  0  899823  1.08951e+06  128944  53859  452940  34772  22499  20200  16028  74679  
271  449  90  128  569  222  1183  2445  239  1822  5532  43  487  11170  4058  13997  9934  2061  344  9293  148  104  113  80  92  50  79  81  182  253  144  7017  3579  1902  9085  4060  2278  1634  226  372  76  5862  5830  132  132  11437  3168  1629  6493  142  43801  643  46  89  1695  2467  80408  146573  27450  2967  21289  999  184  2199  295  767  828  1128  1700  2520  2714  4813  521027  0  309466  5803  7421  16595  2467  198  1374  404  5169  
695  1591  1172  1588  4910  4609  14004  83370  6006  13828  18687  434  23858  33290  11185  24095  16510  6741  1644  18937  1015  941  612  821  345  173  245  307  786  794  348  12645  5667  4060  27748  11714  7636  5409  893  1474  360  806201  240902  3822  4603  595211  1.19547e+06  46619  293715  4593  1.31404e+06  7324  316  3175  5457  10447  972919  585563  147054  35789  50162  14727  8393  110511  10694  7154  2472  35055  66944  86157  79689  87687  1.39852e+06  732792  0  57880  28875  308633  22667  14533  7206  10949  29037  
3042  12476  15221  23142  48529  18740  150734  814388  27571  55452  59052  7277  268487  112395  36458  17576  15343  27527  5461  67606  11696  19480  10520  20605  3753  1722  9499  10542  6016  4525  949  13641  3263  5339  511651  85372  54935  109719  23388  39217  39335  73597  123435  37402  32053  142672  40549  489174  1.36014e+06  25969  486917  62019  4584  27035  28974  163812  438783  113791  883594  92140  460327  123541  67880  637343  151179  155448  58966  306343  366844  231606  39886  18953  181269  7915  47549  0  2.64898e+06  684232  623324  85528  1.04802e+06  1.01688e+06  3.11275e+06  
1943  4047  11333  28404  7585  1147  31925  92046  981  2835  5115  4037  14946  9203  12918  3238  3743  4290  962  11796  916  727  464  1097  424  252  329  370  719  713  217  3072  779  796  15609  37591  4885  4410  3046  1753  433  80293  259173  66871  112785  115843  4043  540661  76418  2101  27078  9329  3061  4480  2761  38837  43210  35362  82265  13532  78200  9439  4041  28500  7831  33169  13314  46451  32570  35040  6891  12212  52011  12043  16867  1.07523e+06  0  168711  138911  333346  168663  61955  121351  
1087  14396  11566  17159  16528  3230  58349  294251  13084  88224  83563  3668  64714  98329  16875  33218  19836  14642  2879  30148  4560  5912  6319  7649  1335  1124  817  2654  2787  3019  570  15769  6732  5202  52980  43067  79234  79164  78007  8173  2328  260651  320018  49742  59631  209819  10729  584806  612614  10089  240109  34339  3855  8536  37375  24739  291776  73281  377559  94740  111652  28719  19894  304014  36943  23618  7055  67055  117392  154128  27166  10136  118066  8724  99634  360471  310203  0  1.62086e+06  401650  42947  57679  206077  
412  2888  2771  3714  7429  2025  21180  90781  3442  13638  12992  933  24519  14801  6977  12467  6737  5008  1043  11357  1676  2099  2452  3980  1054  522  345  851  949  1035  251  5418  2365  1938  25040  13344  25116  39447  16669  2731  796  22742  74889  9124  5727  74592  4772  91507  286400  4984  119488  18818  365  2249  3781  18031  134659  31322  173186  30584  63615  15263  6141  67065  8941  8587  5411  9611  7969  32306  3693  3141  19762  2839  9268  395332  291737  1.53598e+06  0  15819  222073  16723  880173  
157  208  971  16989  216  98  830  2890  63  164  599  1088  722  1753  2702  568  950  1325  227  5339  343  359  248  521  73  48  81  346  290  295  66  858  196  199  2482  3839  3208  2686  5176  728  222  10056  962  3824  191042  1304  290  4508  7092  47  569  309  15044  11507  4312  4185  1544  1485  15866  4576  13606  3361  2947  30879  9827  5833  1105  40720  77927  21626  5295  504  25860  290  13478  74460  286204  208018  7246  0  8958  21422  4849  
801  842  1448  2268  1021  334  3045  6019  389  3399  20180  487  1455  53840  19356  13277  7995  14484  2350  25991  4938  14978  4173  14831  2226  1355  4623  2472  3498  3370  741  7155  1296  1905  96013  13055  16272  15502  15575  46667  7604  2652  1306  384  5467  1565  789  4151  12162  534  7298  2750  6957  8102  24066  280023  4996  2116  43570  6518  91344  35060  41862  52879  110964  129792  276605  871304  151546  32137  4026  1056  15937  625  8729  1.30663e+06  52259  54959  63269  14506  0  1.55877e+06  160473  
183  160  984  1367  388  140  1802  5205  234  921  3068  192  1422  7113  2743  1935  1021  1649  228  4326  500  950  337  1090  338  196  352  285  273  237  60  807  208  244  13051  3924  1516  2457  1564  2051  818  16882  1017  382  5025  899  373  2781  8837  292  3504  486  5313  4591  3768  17448  1967  2167  29399  4020  11776  4820  8667  115690  9781  13811  13086  364869  129719  3266  2076  763  15344  283  10332  797979  50249  142047  179106  23305  1.13979e+06  0  239847  
7744  34384  16750  9799  69865  16182  92257  461529  16183  314678  485450  1573  35944  119561  47050  302855  54953  209000  38598  397704  41023  22816  67700  115593  71434  28451  37131  59908  28158  17548  4080  37043  10613  20566  3.81218e+06  1.09648e+06  198065  1.94942e+06  21656  101806  132566  9597  25881  4446  3855  32676  12932  60411  482149  26974  381719  91974  491  2630  20715  64642  386353  67123  423586  58913  177495  38862  20488  270242  48743  40016  35127  70013  49160  25983  9313  11020  64598  5942  20637  3.03772e+06  420885  770529  2.73827e+06  5133  479862  169751  0  
