3347721  
1920815  
505103  
2830919  
3515409  
3646540  
6795321  
13217799  
4068864  
5777419  
3069198  
2117437  
2360750  
3695516  
3089861  
4672828  
6219163  
6050366  
7379496  
9403279  
1314411  
1289561  
3937538  
4072193  
6398035  
1851327  
1382810  
1345041  
6409186  
8449732  
2460293  
8274807  
727029  
5934146  
10855467  
3504371  
5176528  
2132530  
691497  
3629176  
1845801  
3878843  
2301808  
524795  
2754429  
3189620  
4408427  
7052954  
13295698  
4946932  
7076928  
1947752  
2615700  
1897432  
3314066  
2666245  
5048669  
6939120  
5938371  
8161022  
8063052  
1413432  
994038  
4857650  
3560453  
7352029  
1861594  
1810186  
1679815  
8076374  
9540373  
3207561  
8525651  
842236  
6158371  
10265929  
2543642  
5002301  
2590364  
670162  
3517476  
1861447  
11500281  
