4127630  
2717400  
723120  
3238784  
4371973  
4210388  
8449296  
13243390  
4156032  
7160151  
3006395  
2389008  
2351595  
3743685  
2893070  
6198025  
8283137  
7259700  
8444177  
9640995  
1659146  
1413108  
4503580  
3877290  
8007388  
2290416  
2179899  
1940540  
8594812  
9694995  
2700331  
9530184  
798902  
7281154  
11423502  
4249037  
5457215  
2319964  
731267  
5167913  
2150035  
5065024  
2430610  
563154  
3309102  
3368701  
5067335  
8738749  
14736326  
5230270  
7743193  
2783747  
2698763  
2154317  
3744892  
2836370  
6493746  
7846831  
7469097  
8917944  
9661049  
1924305  
1355633  
5675367  
3763518  
7510129  
2279036  
2423993  
1754816  
8927275  
11116810  
3432071  
9341359  
966140  
7070171  
11600793  
3663847  
5329393  
2456914  
667999  
4744419  
2239993  
12104249  
