0  1.16048e+06  149023  757884  263978  121053  491455  32214  2980  6908  4770  6921  2668  949  4202  9830  8775  65772  23167  31831  14218  47673  70428  78018  24143  2474  9662  281372  47852  81783  12546  404982  3868  1.06645e+06  98475  252654  700616  53790  136671  22731  28257  21531  2504  4386  37188  962  657  4471  5352  327  453  1100  4220  1211  656  543  1596  463  3497  444  5133  3074  1374  2453  1683  517  118  269  711  1952  916  131  913  97  146  6523  60103  2792  1243  17021  1269  1153  36331  
796036  0  29298  22499  670131  59037  514566  38767  13538  14475  10920  307  679  326  3439  10243  2941  52006  8468  38206  5713  14421  25132  20556  21561  1833  15269  21129  47178  35445  3094  24388  418  23897  606727  881605  230754  69663  12820  110452  45708  13021  15337  6730  10140  2392  3507  19792  19195  1444  1079  1519  470  713  496  522  1762  426  2530  281  3714  1031  544  1292  722  351  99  215  306  1056  482  103  629  78  129  12560  23946  5146  2588  1200  1861  1711  97172  
32536  23768  0  147773  548  4343  181907  106294  2182  2905  914  103  238  123  322  757  112  3674  542  2571  452  988  1673  1639  1254  127  822  1706  3099  2342  132  980  26  285  46912  195210  57505  13673  79323  4807  3538  10792  8759  11249  10133  527  320  8364  10046  191  146  124  261  406  314  158  156  29  307  52  551  116  63  181  103  59  24  61  105  190  78  7  82  5  25  2712  18397  1086  377  2312  407  379  13108  
864056  8073  128711  0  763  1273  7361  713513  459  795  455  1.15991e+06  15042  7403  5643  233  46  1993  358  5850  473  1270  1414  2303  1357  211  4239  39508  9282  13075  52  9890  9  1430  14154  142242  32661  4132  77538  2840  3910  154197  24412  112693  1.38565e+06  1220  542  33368  99082  154  213  287  422440  26772  15551  4792  289  79  807  162  6351  515  435  1204  1384  462  364  762  2552  1395  868  22  642  16  259  6386  283401  9543  1343  50934  1189  1458  4651  
622549  948223  1562  1002  0  1.22115e+06  1.18532e+06  82084  30378  20625  12238  471  10207  2685  12232  17319  15800  73817  24535  51417  7424  14072  39629  19855  25214  3067  17452  25488  57310  58143  16502  28167  921  202127  737266  493732  355317  64964  2641  126924  51220  615  7467  816  498  36787  16372  60814  64939  3675  1966  1990  715  2429  255  1060  2415  618  3604  486  6166  1352  674  1841  991  632  259  381  447  2096  921  149  876  87  213  23650  6179  6497  4660  134  3778  2499  149232  
154549  118602  3693  1683  877638  0  619652  341134  740463  936096  5410  412  11218  3112  10392  46704  70898  33542  117117  17295  2386  3274  11298  5280  4641  1306  2164  4798  19284  75766  50495  98091  9227  922928  51690  48166  161344  23478  632  7676  3062  336  3078  557  324  38628  41831  66286  115473  27084  9320  1692  612  3083  373  990  2118  447  2252  779  5296  649  352  1549  610  931  286  427  561  2556  841  69  1004  62  947  31071  4376  12182  6123  106  3899  1488  33852  
468204  573216  336019  29412  1.7693e+06  839969  0  2.24579e+06  837292  70430  15990  992  12654  8748  11672  14393  6009  52978  61679  48697  4284  7241  14546  11804  14373  2050  9778  14066  54882  68685  18243  8704  233  3027  500927  579563  166027  73140  33456  67615  27746  12889  63904  10991  8816  167198  108168  306365  280703  25304  8049  2801  1746  2844  857  2243  3005  657  5457  996  13839  1842  1013  3454  1889  2035  834  1408  1598  6501  2492  163  1386  89  973  98740  43627  33416  15399  908  12645  6154  130665  
9038  59357  130523  1.1726e+06  107522  184680  1.60932e+06  0  1.73687e+06  308870  407565  983443  2.23992e+06  831592  212574  11292  3174  60878  32073  278542  9307  11436  33658  28645  20482  13058  16294  12667  38206  25251  4924  12613  650  19034  304607  232981  352996  125272  6271  54882  16886  94034  167043  88654  161023  194401  209367  476845  1.91008e+06  236127  77372  21544  416990  195174  48578  50574  8698  1685  15010  7851  75710  5390  2812  13270  11592  9211  8138  8206  4652  19235  6234  431  6802  292  7390  266973  188360  101501  44407  6402  35778  15564  218955  
1484  22540  2562  471  20472  859793  731179  1.4316e+06  0  1.50464e+06  4375  34  383  345  345  23689  9354  17679  162356  3027  171  277  8865  632  5010  192  672  2070  94105  92301  22151  2943  129  3263  13872  23889  24251  8788  289  2302  943  181  904  100  89  5770  34058  12874  148599  62066  24855  2211  36  1042  259  201  1423  253  1790  2019  2979  239  126  1833  217  1058  111  186  351  2226  505  49  1139  39  1505  17282  2533  11776  5345  41  1858  770  15002  
23683  19655  3242  1295  50009  1.19712e+06  65457  954826  1.69758e+06  0  142020  294  2723  1242  2139  1.96298e+06  112878  64425  124381  14237  1205  1385  14192  2624  5539  525  2623  28164  76886  115458  49585  289035  44232  691907  161587  212145  305307  216989  1466  14271  7287  798  1991  171  276  5652  14991  6714  231650  44414  308946  61923  206  862  341  555  12683  1486  8688  8783  5103  501  293  3514  535  1628  248  485  1024  4377  1064  141  4703  159  5099  28796  23702  37654  22835  256  13059  3108  191255  
723  1199  460  1199  4392  2840  11864  603474  1145  190371  0  2081  34451  940893  12762  61084  1628  89676  995  1.00371e+06  1188  461  1043  1944  1435  1323  1606  1117  1810  1913  269  4962  961  2301  32541  17819  19667  16705  491  5019  1727  801  1579  258  455  3796  6401  4909  149199  14628  217526  364067  1521  10703  16375  1830  64996  10996  13417  3123  20829  424  224  1836  538  1023  592  705  660  2375  766  506  7848  543  4795  25292  14036  33349  23844  169  12205  1718  38323  
11498  2425  5808  1.14244e+06  4713  570  19368  1.24197e+06  298  488  2268  0  487790  110993  94875  296  70  4608  450  75695  2070  1307  1835  6981  2342  1931  3616  12443  5785  5769  68  2581  19  276  25845  10387  28412  3598  9058  10337  4384  10713  5539  19105  281054  4212  3577  14262  257880  451  384  906  1.05743e+06  125957  34500  20722  497  148  1352  212  23414  1121  514  1122  3161  1028  2216  2042  2108  1557  851  56  702  28  316  14664  29045  8359  2362  10180  2168  1624  9450  
1840  3438  1750  43484  11493  4035  25457  1.26922e+06  1370  2076  18931  339777  0  452379  179522  1178  189  13859  1460  173685  4098  2905  6066  13600  4452  4545  4947  3161  4684  4307  303  1893  48  863  73264  8647  66707  13297  1211  14175  4074  2709  4541  4956  26754  8522  12113  16991  313475  1745  1206  3087  297405  530558  39452  38524  1084  353  2554  368  52564  2176  702  1498  5992  1982  4791  3837  795  1929  838  120  987  75  815  30693  7737  16784  7679  1519  3867  2440  34127  
1348  1661  821  13415  6312  4271  16929  617732  1997  5426  953662  87144  445405  0  562871  3537  426  59016  882  1.04784e+06  8843  1494  1836  20390  6952  8877  8847  2003  4758  4211  295  2395  104  816  27176  3605  17984  6176  908  25360  3295  1487  1238  2489  24851  2978  5753  5769  95808  6348  7615  69068  35071  123971  593984  95293  12995  3323  10873  938  184600  4112  950  2310  3888  2570  4543  3996  829  3177  1605  698  3772  414  814  21191  4375  8061  5248  947  5051  1980  17254  
3957  1994  883  9940  2775  1407  5450  55755  589  3442  4446  45913  94668  473078  0  634  2258  36573  3189  1.47618e+06  42472  16174  4862  555470  19911  66597  28948  5980  16315  17817  1011  10342  470  2691  74812  7968  32065  17234  1959  93861  10434  3000  2419  1725  11947  1799  1709  3554  27903  1442  977  6940  19013  21657  140230  398302  2145  2305  32095  2442  411608  13337  4526  6188  13784  8541  12258  12093  3829  26115  11075  1496  8530  710  882  54480  9608  10552  9105  1245  17674  8233  38714  
44959  19403  2930  1779  56203  59515  34966  56892  135006  2.09406e+06  61167  436  5196  1691  3167  0  1.79617e+06  666597  125423  28262  1626  2024  7187  4931  5034  630  2873  48039  74520  79795  27735  445881  201343  702942  213678  39632  586329  246053  1663  18650  5251  458  1048  218  448  2470  2926  4403  13186  2021  32883  37269  433  814  181  342  53697  10442  4955  433  4260  316  178  589  351  226  151  184  224  563  256  157  4913  229  1144  11152  5338  11239  11081  181  5735  2762  251640  
55238  28615  2915  1717  92830  249931  32138  62387  84349  229686  45476  588  5453  2259  24453  1.97909e+06  0  707066  1.77195e+06  285326  9514  3763  11375  6960  10009  3986  7235  45361  48717  438703  562672  2.15259e+06  721664  666029  208518  52107  523279  74952  5368  27227  13296  680  1550  287  578  3389  3717  6225  14656  3701  9170  52361  489  1069  562  2123  94207  25339  32472  2313  33318  1061  616  2483  806  768  292  436  652  3717  2845  2890  17251  1914  1886  21870  5255  8496  7572  382  5262  2556  83705  
47939  20857  5672  4412  23253  34574  20140  114188  133140  155824  105958  1171  8262  3279  9590  520700  370194  0  3.3009e+06  804130  155290  26116  812866  29243  118442  12867  17378  55882  218458  177911  9775  164898  7817  83005  325605  46163  383796  145291  12412  189808  40997  3889  3591  685  2853  3196  3528  6241  17085  4505  14290  14441  1023  1629  924  3701  48388  25789  67175  7079  71330  14365  10582  35714  13759  6205  1387  2423  5009  32165  16827  5294  28425  3555  3400  69741  12325  21572  16046  1628  21412  10152  196819  
29374  33833  3175  1714  43637  216247  103540  184750  628595  190973  6862  332  4150  1367  10117  27589  1.63538e+06  2.74427e+06  0  64676  7343  3529  1.36554e+06  8282  84497  8334  12123  26829  555631  2.16758e+06  1.15035e+06  279496  7901  93043  126915  19496  262428  88032  4469  36902  12816  862  1358  272  1013  3248  4935  5593  16549  4021  9372  1949  428  758  333  1627  3484  1552  17904  2822  18132  7881  3361  17144  2777  2208  328  559  1047  7331  2733  503  3522  395  549  19973  3867  6701  4632  428  3868  3047  83789  
41326  19124  6221  12880  18929  7070  29367  270228  3079  27968  726560  44924  197787  799621  2.0221e+06  31194  13146  1.41459e+06  47094  0  1.39397e+06  470289  52623  616964  75620  71781  80963  62977  179164  193790  12519  129876  6234  34781  447073  60143  268691  124532  16037  450833  66505  8047  8282  2292  9155  7524  9593  13688  74420  10573  32643  142709  27265  63003  143789  109184  127625  52647  160466  21565  1.0842e+06  59705  27640  76096  36856  17802  11476  12093  10208  67908  34875  14181  66572  8879  7006  171938  29346  46416  36287  3242  44547  21780  210545  
8353  3160  667  587  1534  353  1294  6397  112  704  430  144  873  511  20372  160  505  262959  4716  702635  0  530610  49758  162102  13410  11317  13010  7210  18817  19059  510  12911  588  3843  51241  3398  26680  9119  1440  79039  7181  387  406  65  390  282  134  498  1211  71  153  401  149  265  268  2624  433  175  12142  2670  24126  77303  17361  21842  16395  3227  963  843  437  2092  1140  177  1620  237  207  14018  1034  2229  1394  152  3871  1190  14868  
13960  5214  819  738  1443  236  1362  6654  139  343  201  116  798  322  19085  83  96  46052  1143  220320  627319  0  59282  662948  11973  8719  6322  8456  12104  19386  350  9142  66  1995  50728  2487  27754  5604  1417  69539  6994  477  275  78  530  168  75  365  763  30  55  180  130  139  71  838  140  47  5756  651  6550  132408  25404  15390  64312  4343  690  685  524  1837  1200  32  863  38  78  11044  530  1518  489  174  4768  900  12670  
50556  28658  3467  2822  20259  3088  11315  87633  35986  15105  2125  446  5595  1827  6227  1180  1154  996560  1.21961e+06  52528  64781  66297  0  341798  805580  56185  28616  34565  1.27276e+06  657682  7643  153370  814  34940  180165  20496  201213  57448  7445  102794  32317  1320  1596  360  1689  1663  857  3125  6349  485  1307  778  529  844  423  2960  998  483  86263  14963  69918  52390  28884  190404  21302  13355  1320  1420  1267  6163  2977  525  6002  785  924  40240  3688  9071  5600  669  8069  4345  75614  
58936  15964  3700  3106  4328  919  5032  25236  413  1166  592  463  2849  1076  411841  499  219  38089  3920  339086  146424  644172  576834  0  1.38626e+06  585361  40608  61061  98609  146445  1284  46934  165  6023  151544  7227  107760  15978  5814  315828  22974  939  530  233  1840  391  235  1130  2195  92  131  436  520  508  191  1689  288  103  4907  657  8816  40009  22490  35818  130119  7877  1727  1624  941  2907  1762  53  1033  58  104  26791  1289  3257  1035  471  12118  1502  63689  
24082  7747  3585  2319  4318  1076  5800  37989  3512  4108  1591  900  3698  1996  29772  749  891  115793  93057  80424  27759  38670  1.33512e+06  1.58604e+06  0  1.53174e+06  1.28296e+06  200278  3.07047e+06  165108  1288  38872  775  9517  310239  87857  127776  86900  18482  862430  255156  620  617  177  1103  627  444  1344  3369  381  802  731  582  747  233  1066  1230  763  9627  1616  11724  7755  5150  13128  13544  7810  1071  1044  821  3226  1548  279  1775  229  228  21471  1617  3833  2508  448  7349  2076  99976  
2499  683  392  368  582  185  735  4670  144  446  243  290  900  680  29304  110  172  13749  7046  32378  9675  10421  59240  421518  1.37387e+06  0  635272  13732  48430  24223  115  6444  160  1623  30322  5073  17465  10744  1953  421114  28559  112  75  36  191  91  79  197  530  42  93  220  159  202  74  224  175  65  1536  240  2003  1748  1120  1865  1478  441  189  183  134  451  229  22  231  24  25  3257  232  829  482  86  1190  266  98857  
17799  1384  1344  5731  1295  393  2394  10782  237  1526  856  1958  2559  1885  32887  375  527  25335  5685  81961  26128  15247  26250  50611  963311  568466  0  278426  29260  13960  369  7455  280  4871  192529  46312  82600  70750  11508  676889  332260  698  227  78  4198  268  243  609  1584  124  235  939  2242  797  280  525  595  313  3344  337  5159  2014  1642  2088  3081  980  462  665  870  1868  927  106  769  77  132  12635  841  1636  1033  791  4457  1426  42809  
230297  6607  3558  57213  3980  1340  4234  18390  906  3704  1599  13163  2406  949  2420  5341  1753  31973  8016  15442  5687  14411  30060  34657  120683  2487  193314  0  145276  244748  4422  436083  268  70754  82993  17068  303897  64448  21138  65253  242878  4047  376  229  29438  295  242  807  1908  150  241  430  16389  2487  1380  448  642  246  2362  378  3417  1566  1063  2067  2239  1021  112  513  2628  2944  1532  87  932  62  213  4453  2201  6098  1382  6665  1367  2163  28796  
34737  19368  4349  2589  16037  6205  36451  142257  228272  38925  2527  597  4572  1686  10316  5054  2599  149614  300834  86137  15874  29108  1.32333e+06  80131  3.31721e+06  41867  61235  255011  0  3.89527e+06  116658  111419  1384  26626  247944  59548  162412  61214  15624  345736  85285  1574  1960  417  1468  2220  2250  4032  9898  1879  2233  1281  598  884  506  2995  2709  1745  27031  6466  34031  12696  7639  35697  6963  4582  727  1066  1737  11502  4953  1192  6447  810  830  39163  6125  11219  6484  786  5286  5110  61767  
80609  43637  6596  3491  58253  72489  125441  115114  324544  50213  9380  745  7176  2472  16201  21432  336539  249167  1.08477e+06  149021  29753  67210  732548  150431  130892  12358  15831  243878  3.53674e+06  0  2.01916e+06  2.98471e+06  3587  106212  204162  34188  454106  135739  8591  159315  36541  1553  2285  502  1583  4907  6638  8544  17390  3496  2960  4790  851  1286  615  2603  12393  4759  28209  4405  33194  12528  5835  24203  5310  3512  589  997  1748  12797  5252  1332  7503  927  898  35846  6407  10337  7012  762  6107  5076  107285  
15708  13024  1300  621  26794  70688  29824  19389  30685  23932  2650  143  2020  702  3218  9382  447525  26253  687680  24164  2256  2007  17758  3366  3863  800  1626  13572  49936  1.73352e+06  0  870446  1941  38761  25772  5080  156481  45953  557  4840  1772  130  352  86  138  1210  1361  2119  3837  587  559  1315  166  338  65  279  3227  1128  2563  248  2848  289  123  522  153  128  44  64  112  658  361  207  1036  136  126  2973  681  1067  1020  49  774  539  21708  
671491  82836  8037  5736  74935  113246  28256  105043  36461  127999  54251  891  7805  2835  36373  325643  1.66913e+06  781298  309726  467199  79188  59833  421841  122206  111147  19951  22426  462989  151030  3.32533e+06  727972  0  847328  1.57721e+06  257799  49559  1.06182e+06  139455  12958  94113  38355  1414  1771  432  2201  2757  3205  5546  13160  3290  4582  19561  936  1294  639  2873  45211  14774  37247  3232  39830  6860  3280  9629  3506  1799  445  687  1212  7343  4368  2983  13445  1812  1533  27577  5599  10090  8173  956  6520  3918  137612  
9374  2321  195  102  5449  21528  948  4335  287  20864  7407  14  174  81  1066  111833  284818  23889  4722  18847  1185  333  1446  559  1301  337  487  4108  1841  5122  2418  665144  0  271774  3125  1054  53118  3622  126  883  291  23  61  14  24  121  250  221  734  218  359  2889  11  21  26  85  4823  938  1854  90  1783  76  54  190  50  33  12  18  16  144  95  108  591  76  93  816  165  354  289  13  190  95  2663  
1.47566e+06  225599  1707  8007  666597  1.99847e+06  29159  100845  5267  1.19578e+06  28332  1142  5108  2064  10373  1.23713e+06  1.01606e+06  246991  86884  124475  15867  16481  57830  23664  25293  4469  9167  142868  57303  222648  144797  1.63381e+06  672319  0  49020  18257  1.1655e+06  28837  2781  13871  13086  452  918  156  1681  3976  4292  6938  12263  2046  2750  11038  839  797  251  813  21255  5224  10376  747  10675  1443  703  2106  827  447  118  188  381  1765  977  755  3952  484  505  8760  1956  3415  2371  329  1678  976  28451  
56650  152006  162468  56521  138563  42134  339802  1.37757e+06  11380  814684  435659  18545  214346  57014  163966  294461  15395  849433  121817  578242  90893  98083  303622  148781  285602  46527  280695  387107  625879  447295  10916  120972  1080  17575  0  2.95802e+06  822379  664081  329284  2.2219e+06  1.1682e+06  5375  18801  4677  8350  39972  33175  85238  189834  13350  25389  30412  17180  33802  3537  12882  23154  5362  37868  5233  60362  14386  8147  22098  13295  7062  3922  5809  4992  13199  6350  1404  7787  866  1723  274925  26315  47014  50852  2483  49330  48286  3.77772e+06  
50473  151063  238783  85182  31026  18938  177642  131113  14852  61771  68660  1940  4495  1910  6634  26795  2781  76007  4987  68451  3889  3516  9682  5583  30813  2921  31048  29886  61235  31046  1157  5688  71  1308  1.41323e+06  0  236499  337325  1.01349e+06  180460  98103  3175  2847  3304  5892  2358  1745  6720  15435  1795  6651  12517  1152  1011  268  667  6024  1118  3931  520  5416  892  545  1734  1093  629  218  492  940  1702  773  175  1093  109  288  23504  12368  6729  7509  7381  5149  6121  327650  
335976  170409  210249  104775  296187  97945  197856  1.09619e+06  11460  525383  308190  11645  120329  36335  73491  392445  24594  496332  120484  233433  32076  27597  115895  56740  55944  11396  29551  153924  177956  250621  92188  148974  3659  183804  217769  471384  0  1.83535e+06  324595  64097  94519  7855  10890  4212  20854  15209  13918  37968  99686  6760  33830  34201  12822  17200  2152  4874  16689  2837  11657  1953  18078  4029  2438  6747  4119  2090  618  1285  4115  5693  2889  482  3742  346  1204  37687  20304  27661  13332  7098  8037  5680  212058  
8788  16852  11740  6690  45811  15543  26133  265863  2936  192470  108923  1593  23772  6942  21311  125086  4984  183136  38849  107446  16016  4580  29161  8007  18605  4538  10939  18850  62357  68197  27679  11653  302  4660  142107  234925  1.74977e+06  0  29308  51077  67496  1019  2069  641  1785  3403  3314  7489  23562  1948  11548  14235  1701  2688  464  1624  6837  1121  4941  868  7320  1484  930  3464  1787  987  247  366  723  1887  912  184  1261  127  348  15286  4581  13698  15698  836  8599  9206  471933  
134614  10069  79134  111845  264  940  9958  4417  523  1088  803  2477  1293  569  810  668  113  5845  1041  3831  937  1968  3970  3767  4640  444  4442  15677  17171  10549  103  2206  17  306  75813  397278  226369  28711  0  11456  30687  1338  189  549  5541  55  45  274  597  70  130  154  1200  379  201  124  279  64  888  155  1215  446  331  946  739  361  37  297  1263  965  502  22  351  19  109  3016  1771  4760  972  6089  574  1278  13651  
17879  4637  4376  5612  3596  1175  8454  37220  1186  6354  4083  10199  9737  8681  64532  2595  986  66347  7941  183833  67159  59517  64765  149259  411547  341497  1.11096e+06  135883  358538  182403  915  28509  504  4154  1.86501e+06  201638  153216  117687  68644  0  1.69791e+06  1772  1172  476  2989  1262  1190  2579  7473  813  1196  6160  1853  2156  991  3530  3446  2148  21816  1403  35371  11905  11446  10123  22972  6002  3368  4447  3217  9773  5520  830  4716  521  527  68781  4356  10039  7126  1998  30531  9596  126120  
6932  2786  3609  2626  1911  518  4308  14859  355  5138  2794  2638  3540  1402  7905  966  463  47733  7165  33530  10446  10652  43371  16628  151373  45160  544681  253909  106179  48652  680  13737  90  2869  836708  140325  202976  290385  42175  1.31497e+06  0  358  350  136  667  426  358  1049  2921  204  524  635  411  517  139  524  963  451  3601  458  5058  1451  1058  2521  2311  1256  327  691  1038  2750  1268  142  800  93  100  16249  1274  5555  4345  717  6078  7715  211437  
4325  6236  8042  31557  774  359  7822  24201  230  1420  1214  1400  511  330  1358  546  88  6757  608  7152  1409  17994  1792  10550  911  156  1463  3767  2732  2266  59  1004  22  229  7028  11420  13206  2993  6639  2556  2244  0  1.43359e+06  22901  783796  390805  81887  291442  21342  5177  14407  4273  2186  2563  4344  7055  18573  4629  39966  12027  52696  16458  24947  93538  50146  17874  2671  12918  102720  29991  23429  1233  222954  2418  1.06177e+06  264562  313803  572470  78519  68812  40966  22402  50300  
1325  61372  19716  23717  10700  1783  93783  162734  1116  1087  1079  198  522  252  807  602  124  4218  428  5540  698  4607  1662  2819  637  99  295  578  1233  1135  101  671  30  180  10443  5666  6386  2388  1207  2261  1067  915421  0  2461  3338  582560  51550  274892  17282  2588  9740  6639  272  452  564  7977  11170  2410  22609  4178  52989  7638  7521  27056  14078  14449  4572  8521  10562  44100  18407  717  29913  1028  24251  477933  619058  176353  49072  8935  104169  34281  61381  
2474  8608  20145  89010  933  299  10093  44135  114  103  51  1930  153  59  106  36  8  258  39  348  47  181  168  218  97  11  50  96  205  165  12  78  1  23  2076  6914  2038  385  1520  305  183  14096  1466  0  101329  428  195  81817  137638  126  258  216  388  438  447  499  314  44  630  87  1921  181  174  579  340  307  144  259  258  901  322  17  92  12  43  12958  77270  12910  2194  11366  2538  1019  2273  
72216  14072  47842  1.58155e+06  1023  511  12239  185207  264  307  472  475108  15218  10648  7892  157  44  3201  602  9324  923  2968  2998  4812  2450  294  9405  50975  15712  14982  76  6177  6  827  6929  35286  63820  2470  31664  3054  8880  763613  4939  93913  0  689  450  6321  434247  212  365  661  1.13819e+06  61773  47157  18564  847  128  1989  385  23722  1343  1127  2932  4471  1325  1338  2100  7598  3776  3181  38  4336  29  698  13607  241361  38055  4334  64908  2804  2034  4301  
403  5952  670  814  20668  27952  79401  98446  6573  4470  2316  88  431  288  958  1052  236  6034  856  6640  838  5047  1855  2945  1047  166  571  1201  2575  2397  378  1005  43  545  40809  4916  10978  6263  291  5154  2194  259584  834417  616  368  0  1.17218e+06  936549  57132  33472  45847  6803  159  803  544  6617  22461  6032  31556  8966  57820  9511  9507  46585  14156  11977  3453  5250  6780  33120  20174  2516  55270  2858  361371  375851  123077  264022  83849  388  46071  16039  100518  
515  4249  364  388  7491  32837  34442  129343  26590  14617  5124  92  727  593  945  2721  408  5701  1075  6285  393  1851  1008  1244  689  104  430  1084  2142  2102  410  1297  95  1310  37415  3385  14455  7331  181  3452  1584  51870  137936  462  233  1.05811e+06  0  658281  156182  669685  1.26293e+06  5017  128  2072  710  2869  49639  26189  15261  10889  25686  3949  3516  20467  5215  9978  1182  2182  5035  220305  117694  16550  130948  13012  1.1526e+06  99600  61597  258573  57939  183  12643  5126  48884  
2784  84791  28674  47344  72895  90933  363162  520079  22408  10965  4497  835  2421  1269  2237  3692  785  12529  2187  13023  1193  3302  4194  3238  3103  366  1883  3823  7969  7646  1264  2462  116  1480  135380  21481  37249  15621  1719  16760  7003  283908  437413  121125  9103  1.72617e+06  1.23648e+06  0  1.57773e+06  1.07107e+06  58392  14167  1071  4748  3112  7825  47686  2219  34526  8961  74535  5439  3788  19900  7214  8129  2958  4093  3432  41190  8121  549  5244  579  3645  385589  611898  127051  78187  14700  58608  11552  184553  
10643  100687  52073  188484  124897  263347  609632  2.69074e+06  262527  246760  137427  103639  372145  94829  85458  12610  2612  46215  11499  149506  5064  6366  15398  12104  12207  3668  8812  15335  32738  28857  4425  10502  441  9960  528813  68659  208309  85110  3234  63818  25314  16686  65308  132730  432301  125512  195311  1.42935e+06  0  1.48641e+06  379005  352640  1.40822e+06  1.61232e+06  1.04106e+06  304364  14301  2787  65689  22173  559929  12068  4565  14876  56027  18374  45141  35105  5243  16082  6239  864  13698  852  19278  194540  341687  193382  97964  5515  53417  16908  246867  
442  2106  270  295  3537  19704  14794  138792  43038  25594  7092  21  282  345  383  3250  350  4705  1083  3916  140  301  719  307  510  55  247  680  1977  1645  364  1046  78  1270  21140  2510  12073  6050  108  1714  869  797  3663  547  165  39949  829047  1.00082e+06  1.43288e+06  0  1.35142e+06  3502  47  503  230  533  75626  3415  23951  20641  13200  560  407  18866  739  6991  325  661  1129  180826  21607  369  5353  274  7627  18423  49209  48314  17068  76  4648  1228  21277  
604  1418  353  562  2276  6223  6039  101141  23022  317103  80011  284  1062  472  779  18969  687  8988  5455  8540  329  576  3141  633  1466  149  498  1186  4148  2700  411  1525  129  1531  28118  15866  23178  26121  636  3231  1895  22880  29082  921  631  69885  1.07872e+06  85563  563222  1.53676e+06  0  74433  375  2491  1557  3502  2.07317e+06  56546  37360  51207  21767  3024  1320  19376  2456  5267  1292  2915  7951  120701  50628  7000  423863  135192  923869  123201  506465  367697  252326  1210  126079  14263  141884  
774  1102  419  1349  1706  2593  4962  46625  3833  247382  395112  1124  4116  14595  3733  102766  2981  39503  3159  54171  524  249  1780  600  1148  497  864  1177  2380  2119  281  4283  835  2202  50324  35633  24962  33217  692  4934  1978  469  741  891  1249  1498  1631  3567  354598  1513  105895  0  4230  48272  565577  5769  48604  860  27661  456  445641  1430  254  675  1939  983  2079  1677  350  1008  483  176  1585  248  937  19979  6612  12688  14882  261  9534  1982  50651  
17779  3819  6365  631893  9835  1053  40132  544191  535  657  2467  1.12589e+06  341500  67248  63271  410  110  4558  515  57167  1541  1424  2021  5070  2271  1699  3432  14261  6583  6807  118  2956  15  296  39596  14256  27941  4335  5067  11866  4034  14921  10638  25258  634706  8090  3698  29028  980057  499  637  2706  0  521954  112832  62935  763  222  2293  410  77517  2197  985  2101  10498  2939  7989  6582  3009  2538  1300  84  1111  41  603  30945  34547  18293  5351  17847  5401  3599  16244  
4775  2486  2497  62824  4928  8469  14837  258683  5195  3510  6655  108512  629388  100528  49422  955  190  7901  1014  85061  1806  1405  2582  4854  2418  1820  2424  3690  4092  4266  263  1828  72  595  64849  7343  39640  9047  2250  8674  3270  3731  2703  5445  35673  7426  8285  13174  1.03941e+06  1008  1165  12850  364308  0  357773  102759  1151  450  2809  509  168712  4237  1131  2024  12298  4057  10570  8346  1677  2125  1113  182  1859  65  2385  24065  11982  24405  11042  12012  4951  2940  30698  
4414  2139  3398  51313  2624  7248  9946  119218  5731  15327  112176  27748  57946  691531  227979  7473  455  20911  942  336572  3536  826  1137  6350  2342  2289  2719  2528  3765  4147  334  2735  148  807  28172  5864  12577  6435  1707  10515  2251  2780  1535  5722  31214  3253  4234  8574  726399  1007  1896  708693  93820  514955  0  524961  2895  1681  13655  853  1.0994e+06  14812  1733  2041  19439  9884  24059  21207  2064  5313  2620  789  3421  304  971  27721  16662  13794  9292  7333  12776  5771  19786  
3260  1612  2092  27795  1435  2261  4134  33499  1163  2049  5168  15162  16647  67322  504018  673  940  19842  2118  266036  5954  2646  2145  15960  2239  1148  1653  2380  6921  6622  473  5373  225  1439  34816  5272  14743  8776  1290  11543  2630  2438  2257  3674  16295  2210  2151  4126  103550  514  809  2036  32614  96266  535986  0  797  2088  10378  1483  1.79978e+06  73918  95337  5175  580089  98863  232108  188946  8904  15729  7529  2264  8404  1317  1339  68910  14112  16644  13367  2941  93290  32144  25323  
984  1435  611  805  1515  1640  4852  14721  1913  49435  59037  287  1170  567  1071  79771  5612  70450  2112  54174  540  537  1788  799  1191  190  583  1657  2728  3479  602  10050  1634  3917  43562  13610  16331  15742  1418  6984  2793  10091  17989  1343  1315  30212  27852  15025  43153  17683  1.67002e+06  71918  551  3160  2369  4041  0  1.61906e+06  593682  63063  25099  2151  1041  22541  2426  7628  1489  2629  5185  85567  16457  6110  471987  384710  514417  210033  197496  496605  337214  2003  139516  26759  237013  
2225  2105  845  914  2439  2436  6106  24082  2609  19959  107988  420  1752  1803  10552  84389  11218  266890  4212  346433  2562  1225  5464  1813  2779  864  1583  3489  6126  9396  1667  30736  3521  8771  96598  19718  31343  26495  1827  12231  4619  7829  17330  1050  1067  32631  135816  28539  36190  77792  258094  19430  601  2862  3002  33853  1.69653e+06  0  997813  1.92046e+06  334644  11572  2880  16862  10543  10963  13638  12187  4017  131865  314612  638469  1.83171e+06  203845  346838  112760  40889  230957  79632  2065  39141  13924  98172  
3034  2961  1084  1494  2140  1527  6051  22384  1610  20110  22953  498  1600  820  5889  12238  3107  157159  8283  138835  9864  6367  31798  5207  7856  1609  1992  4332  11479  12287  1245  17983  1190  4131  69112  10968  26198  17877  3059  18200  5587  12387  19612  2095  2777  19401  11550  23096  73277  65472  68267  15574  847  2845  3552  12438  576536  895973  0  3.16503e+06  1.00745e+06  339244  73942  1.11337e+06  38449  81353  6224  8243  12327  189239  64992  13299  132018  14888  46430  207110  25063  239680  103131  4434  56861  38536  120875  
2677  2207  587  834  1639  1743  3935  21939  4073  8548  5653  301  907  544  4456  1388  1120  70095  10270  71780  10826  3339  31070  3496  9479  2221  1951  2902  12904  9303  550  9529  409  2314  35406  5304  16540  10172  1648  11681  3455  6177  12128  1041  1250  15056  51890  57709  42435  231129  162618  1874  428  1472  2071  25828  76816  1.87617e+06  2.53692e+06  0  536589  78522  10356  1.4588e+06  15913  68741  13320  13059  5270  992663  1.44334e+06  1.15237e+06  274242  13393  30803  98541  19076  107809  45704  2370  18090  18428  51510  
19153  12238  4265  14284  9915  9205  21466  109323  5036  31339  100200  14219  36665  67411  400547  36644  7011  376493  36300  1.36339e+06  67322  22619  154494  34209  53137  11050  14702  23304  94268  77715  4641  60302  2080  13837  298647  42833  125701  76156  9110  120485  26545  19907  21504  5961  14026  17517  12853  28438  305780  10045  10112  459357  38044  73754  482609  1.87436e+06  11580  14492  777773  133137  0  1.83369e+06  1.17272e+06  277191  1.12348e+06  159054  252593  184440  28766  206584  89260  20910  143811  27937  21391  383645  53212  154013  84364  6337  155885  72307  189318  
2977  1592  375  478  792  266  1256  4849  119  562  513  158  502  270  3076  161  124  34633  5064  23679  139905  104712  51598  33534  13276  2681  2883  2727  10844  8010  218  4355  58  940  34635  2217  10551  4322  1105  32296  3026  3643  3615  496  955  2459  820  2513  6441  367  639  498  239  729  1176  55325  490  1020  353803  22809  984907  0  607056  200149  269525  40367  21118  16145  4523  20488  12092  2588  28180  4812  4452  68071  5682  30045  13205  1268  26420  12984  24756  
832  494  162  354  232  111  589  1959  39  178  173  88  188  123  2079  46  32  8733  1358  7936  25209  26727  12656  18480  4140  897  1426  1012  3210  2453  52  1247  24  248  19087  648  3323  1303  720  19497  1206  4682  3097  427  1091  1239  324  1737  3080  184  145  158  173  508  1010  63392  115  300  54974  1346  405826  363235  0  109625  672798  44681  23962  15413  6830  23444  15503  548  11880  698  960  51383  3823  17873  3189  937  42028  11875  8841  
10268  7370  1934  2987  3886  1323  7740  28477  1033  3293  1723  806  2111  867  3904  477  681  114447  36729  71654  40466  112807  194329  123885  47248  9784  7412  10312  53090  32187  993  21271  470  5334  101716  10419  44485  21811  5024  42794  11069  33838  32978  4015  6486  18378  20356  34823  34228  60552  20951  1550  1313  3355  5547  30749  9557  4904  1.03215e+06  1.16215e+06  365059  179045  393058  0  624716  862261  20858  24045  33014  1.14336e+06  520314  11934  161926  3184  17570  239368  33463  188157  33618  6545  55806  70615  94105  
964  621  234  728  244  116  697  2755  64  236  295  259  344  318  5909  76  57  9686  1448  10802  23227  226319  12901  255726  5217  998  2040  1599  4014  3096  80  1545  26  316  26520  979  5098  2231  1830  27368  2045  12480  5217  605  3157  1764  638  2842  5274  483  240  178  679  1430  3119  569156  193  381  37762  2470  676560  214917  744874  683498  0  1.82434e+06  289442  103828  24725  115432  61953  611  22869  650  1387  80692  5019  23198  3805  1995  146302  30568  14862  
1378  1011  385  1093  594  297  1414  6075  340  777  754  400  566  290  2722  234  203  19496  4272  14489  8302  45956  16591  34045  6320  996  1448  2163  6578  5371  226  3493  68  812  26280  2366  9003  4760  2108  14750  2707  14693  7416  1126  3583  3363  31878  28463  10852  43875  4297  446  1067  1801  3720  86030  5770  6247  57625  63657  66062  46773  57147  797638  1.78317e+06  0  1.33458e+06  1.23007e+06  227456  2.90556e+06  82665  898  30027  883  2720  126467  20201  36577  8317  3104  495589  75973  28906  
279  177  200  2382  106  167  370  3405  128  180  402  1240  938  500  4365  63  53  2455  338  5460  1213  4393  1261  2785  602  138  284  429  1017  825  43  464  13  117  4925  515  1617  909  611  2927  764  1275  727  673  2048  430  1609  1946  22122  2030  405  226  4460  6082  14925  246126  407  647  5505  2941  57472  19728  26895  17796  466725  1.56968e+06  0  1.38549e+06  21446  89447  13611  601  3035  367  566  37892  4666  5981  3219  956  476219  65769  10302  
536  201  172  2203  112  136  433  3178  102  268  524  1137  759  439  4067  117  55  2785  406  4794  871  3787  1125  2885  715  158  922  1961  1688  1340  51  588  19  135  7136  603  5808  1173  1514  3927  1403  17692  1344  679  5351  928  2100  2411  19454  2603  651  393  3661  4974  11996  173597  689  906  7146  3338  41714  14172  16643  18414  122982  1.21051e+06  1.1019e+06  0  205775  80720  7337  813  4158  495  9688  78590  8640  20705  6155  3413  342539  226518  18303  
1187  466  286  1940  225  228  1112  3670  156  727  543  703  432  195  660  147  47  3270  354  3113  990  8669  1370  5389  934  131  1945  5745  4142  3034  54  764  11  147  4845  980  15325  1605  4285  2748  4198  168710  13816  924  31453  9701  4576  5975  13515  2422  3756  957  1078  1116  1150  2658  3630  1480  13824  4454  14428  7955  12891  43399  28427  194409  2965  251263  0  102619  109948  180  224684  356  75009  109922  14712  100270  10007  16175  81962  215522  23239  
4272  2829  1054  1439  2177  959  4214  16929  959  3702  3092  427  1486  785  11803  824  1149  71206  11044  56790  7296  48189  10738  27716  5570  1208  2462  7379  19869  19613  1151  14448  285  3095  66069  10005  33794  19120  5532  24262  10015  16630  11045  2096  4751  11364  296678  138467  13685  360772  40986  1098  596  1324  2106  19375  19049  40727  140851  250340  139967  62339  80127  1.1275e+06  211726  2.74608e+06  51316  125682  142167  0  4.18437e+06  7809  67042  1337  4072  284133  45056  50672  16893  9038  242645  71039  55157  
1407  1676  583  835  1942  1725  6061  22487  3127  8761  8539  236  714  479  7359  1457  830  47601  2870  50942  4229  41046  4944  22529  2147  566  1048  2577  5832  6361  555  6197  286  1596  28110  4554  13628  8243  2063  9455  3308  13530  21725  1303  2989  59042  628112  94619  16295  305119  103458  1287  350  1036  1752  24084  14200  399408  208053  880199  192220  78466  60770  579016  140902  59367  11506  11400  164413  3.77791e+06  0  1.43623e+06  3.18226e+06  1362  7102  144125  30373  43751  19757  3458  52843  26252  38354  
175  262  90  129  399  382  1149  5701  917  2767  4076  52  158  167  1685  724  371  17314  377  24490  493  303  1017  267  346  112  149  274  633  822  134  1714  124  446  6552  1064  2453  1869  125  1200  373  596  3856  204  115  11362  130944  11914  3665  44445  30648  440  61  253  476  10500  4870  478920  20269  783494  53140  8169  1849  21844  4424  4041  4567  3673  468  27766  2.15082e+06  0  1.17198e+06  1418  5070  21092  6639  7765  5007  307  2985  1894  7082  
1989  2910  1145  2393  2572  2454  9491  33193  2916  13473  53515  838  2010  1575  8460  30700  4788  130446  3317  180726  4814  38426  7513  21512  2881  780  1799  4062  6152  7065  879  15115  1604  4342  55886  10716  23861  15410  2999  10516  4237  246885  121240  3017  18661  133057  405590  54838  71927  57620  361027  11283  1357  5146  5305  38651  294907  1.47333e+06  354158  275026  433144  118395  70163  404712  122666  72624  16758  17066  288470  129763  3.00628e+06  1.16485e+06  0  966714  889588  161377  55059  588199  92533  6542  44301  43100  89801  
87  97  50  58  122  128  425  1489  78  717  5058  21  139  111  352  1869  291  10412  147  16658  173  172  384  131  151  48  87  127  231  350  49  1083  122  317  3638  662  1146  986  102  533  198  3691  4692  82  91  9733  16335  1138  4133  671  87652  829  51  310  212  1971  144371  170734  15534  3103  28986  2936  873  2852  1511  1001  868  740  937  1526  1603  6099  588313  0  309951  4558  2337  35106  6322  113  2015  940  4179  
651  3559  1168  2554  1629  2410  9786  28268  1938  6561  13538  811  1736  902  2153  6867  887  26968  863  41384  1080  5924  2087  3554  796  180  832  1823  1996  1986  190  3071  291  897  17579  3490  8546  4164  1074  3112  1530  1.03317e+06  306053  3504  4281  866630  1.74444e+06  25150  130499  23853  1.68849e+06  13740  1568  6632  7377  14687  1.31012e+06  515056  139089  36679  154693  26009  13141  74596  20538  16971  4751  15577  46136  41735  31793  19624  1.35474e+06  945499  0  69398  30557  672188  41342  2406  11843  29670  32422  
3853  24304  14047  27474  18140  26323  92770  339567  9806  48602  36682  7009  16613  7932  19546  11319  1653  66513  6994  97327  13599  68121  26622  40228  10769  2241  6667  11158  19476  16245  1327  9653  353  2569  304195  38703  65405  69129  10533  67157  33485  202028  294497  73749  41985  150735  38145  313999  1.07788e+06  16268  451717  281589  12981  56050  67309  201046  353797  36786  796778  80343  1.31562e+06  238775  157921  548848  252815  215221  90051  254313  303863  626787  271299  8830  82567  5013  17006  0  2.13565e+06  688056  800166  146056  1.96036e+06  1.21289e+06  3.46719e+06  
6277  10183  10435  39353  2929  1457  20980  57572  1076  7111  7734  1515  1057  884  2628  4246  494  13191  687  23018  1040  1859  2185  1457  856  212  411  715  1535  1480  131  1677  118  456  16313  22073  6558  4863  4472  3528  1489  412081  405041  196442  137827  36711  14235  444402  201067  6751  61057  41230  3481  7442  9849  25079  47882  9862  39219  3439  133095  9076  4434  13660  11912  22203  11071  16848  17200  65689  23881  2340  25047  10069  9782  1.08669e+06  0  169038  190390  314513  254525  51784  197310  
2939  26518  13971  31859  11115  10595  71941  229214  7436  66992  46267  6908  11639  5428  8168  13224  956  23130  2648  37710  2663  7782  7434  7525  4100  725  2710  7870  11558  9105  475  4051  226  1187  76856  24115  46111  25967  27969  17712  10327  407285  350470  77054  106207  293882  148015  318077  1.11125e+06  43338  481043  146921  13572  49660  58879  72621  403124  23952  298170  58639  426272  57682  21935  121312  33895  30076  16310  24710  33217  80178  21037  3641  92617  4101  67938  284736  798664  0  2.00837e+06  120247  141263  57336  221541  
543  4749  2166  4446  2254  2701  12842  42663  1734  13592  10299  1079  2770  1176  2636  4741  332  9261  990  15526  1344  1208  3423  1436  1488  309  581  1452  2759  2317  187  1383  82  393  25793  6172  10744  13258  3160  9669  4627  35233  66414  8751  6344  65405  23904  57990  323044  12295  236794  74068  2052  10250  9488  24468  117457  6584  90206  19279  216783  21534  4169  19443  10214  10874  9073  11410  3755  22811  6157  1706  9608  1057  4960  257819  215055  1.69966e+06  0  8700  394067  70504  407415  
6190  664  1363  12353  86  37  727  2448  26  69  106  1006  480  513  328  46  15  883  94  1065  252  1766  354  1133  202  38  169  743  657  633  7  242  5  38  914  7687  2936  811  10115  625  511  155106  13032  13092  87744  319  321  20901  3158  195  260  158  5513  4449  2967  1072  842  181  6811  1771  9288  3388  2897  8423  7698  3402  372  1828  13132  14944  8304  77  2776  72  631  33013  360402  92495  7942  0  6046  15908  2365  
557  380  239  1389  273  199  730  3767  143  1746  1449  640  460  376  3995  843  127  5887  719  7826  2065  8556  3311  6837  2615  582  2325  3497  4895  3508  107  1319  32  262  35410  2658  8364  7074  7286  22096  8245  4726  2586  1002  2160  896  1061  3420  19750  1412  22940  13390  1436  3401  8657  141381  17018  1523  20646  3019  88065  27493  27208  21234  130396  514596  655031  663323  160142  251672  69554  857  7486  561  1290  1.48999e+06  50381  74006  167135  10673  0  1.07869e+06  125007  
382  422  357  1476  234  238  1165  4584  113  734  452  597  440  263  2217  247  67  2458  295  3250  742  5420  1260  3083  769  193  808  1233  1706  1236  43  487  17  115  13145  1463  3490  3383  3633  6754  3433  13655  5590  2245  2564  1290  590  5112  12715  465  2311  1227  1234  2503  5822  40063  1442  618  25460  4486  31748  11019  13317  44903  38773  133895  129002  865608  447939  72166  21000  280  12464  142  4656  901033  69942  43776  42739  21014  1.20753e+06  0  106175  
11759  32300  19746  10008  40761  29721  78615  528495  9080  619644  386079  2337  23293  8012  41603  296119  11538  460647  64374  311771  32556  19819  92522  61341  91735  28972  50646  61324  97436  69973  10222  32731  771  10215  2.95808e+06  811879  829502  2.32719e+06  26799  178617  248511  17342  43792  7479  5921  51595  28974  94247  696846  23321  505686  292458  3326  14894  10395  80669  317717  29211  289803  32940  712945  75746  26371  101348  112592  64006  48713  58263  39114  48430  18603  5729  30841  3885  12140  2.93403e+06  582945  812284  2.51755e+06  5034  549502  256449  0  
