4397500  
2481767  
661828  
3885580  
4022678  
3825264  
7588483  
11755545  
4081541  
6592104  
2892975  
2690860  
2363150  
3228710  
2689610  
5486105  
7699917  
6476076  
8205908  
8205700  
1379241  
1391977  
4530807  
3585867  
7634716  
2030502  
1901576  
1432719  
8356697  
9566707  
2746273  
8913812  
841972  
7149278  
10587469  
2976455  
5587728  
2325491  
686232  
4394890  
2111093  
4356006  
2253955  
470016  
3698135  
3207814  
4362580  
6978111  
11947670  
4208434  
6604130  
2018755  
2820848  
2057620  
3308131  
2825823  
5177141  
7161335  
6465027  
7736077  
8411579  
1772671  
1176163  
5325875  
3862236  
6985493  
2391102  
2038707  
1243290  
8584210  
9294611  
3085320  
8380218  
879070  
6908432  
10567228  
2829786  
5695727  
2361157  
596942  
3703691  
2155751  
11376525  
