0  1.27302e+06  34659  598320  160553  35839  406511  7468  1671  8862  941  845  21  39  389  14524  38078  13395  16558  5541  3251  11982  56523  58886  17242  3048  101658  236337  30905  73825  7598  130574  761  1.01754e+06  24796  42256  224893  36799  17340  15530  14121  320  144  414  2684  235  99  708  1833  278  344  229  110  78  67  127  1365  223  4325  202  4088  416  354  793  2620  329  71  167  347  577  354  73  602  39  120  5069  2489  1893  1592  1269  1029  638  23133  
728108  0  4781  1501  673609  8926  317240  7687  1036  4485  1253  92  23  45  655  4474  16731  18832  14176  8729  3392  12155  48766  64962  17001  3582  7768  10543  19380  28359  3172  15903  178  24095  395608  412280  343073  156738  6074  43916  16807  293  578  656  267  1099  223  2025  4960  317  871  358  36  26  38  157  2032  205  4477  265  4377  416  292  915  2965  464  133  436  696  663  385  83  590  34  155  16873  3987  4059  6806  839  1742  1830  209811  
25639  2566  0  129338  117  15  193435  70391  57  201  60  29  7  8  50  121  72  951  374  548  440  863  1739  4483  1170  425  409  901  1162  2066  121  463  6  134  11706  54838  25549  5278  9677  3172  776  5405  12419  12851  15560  1598  137  34210  32003  154  53  17  167  76  46  39  85  12  333  31  346  51  56  244  262  113  22  226  328  123  62  7  65  2  91  2196  18407  899  391  4681  462  1084  6949  
708573  333  155405  0  259  45  7529  555278  141  609  468  944790  8341  7991  11387  304  118  2818  1123  16647  2078  1872  5412  10025  17146  1826  225915  304693  14540  10587  122  13905  10  1090  22859  23971  70202  8212  81187  12626  78866  26917  24571  154374  1.1147e+06  1755  400  113714  226306  321  149  540  113335  25040  10645  6831  304  75  1113  112  13427  599  260  900  956  1149  286  2329  4701  1228  368  30  345  7  721  8937  81639  4998  1720  39386  2319  6771  5010  
270674  797301  1077  636  0  1.04446e+06  1.15757e+06  120382  35715  41211  3661  78  61  104  1113  21944  106753  49326  166484  23476  2832  11258  51993  25937  14554  4090  8651  8623  36224  107255  16140  45519  913  415371  408589  200205  387938  100436  2020  39361  13863  293  566  573  270  4041  5700  32530  41791  19021  2011  673  48  45  80  236  3678  366  6068  413  7188  535  425  1290  1396  535  127  439  735  832  578  149  991  78  246  21785  4166  6761  8874  860  2499  1543  180218  
116085  131431  726  389  1.24509e+06  0  609985  535825  498857  1.44543e+06  3973  30  81  105  324  83179  192442  41049  112732  9985  847  1874  13472  2348  3334  1032  1469  3662  27294  99679  14026  134522  4185  981683  64153  28427  143652  34619  343  5525  1812  140  292  247  174  1771  6580  21471  71552  41650  14107  499  32  24  41  104  2257  211  2705  500  3128  157  110  614  222  269  70  198  313  712  368  71  504  33  321  10984  1609  5936  3504  116  1484  437  44199  
329317  436075  388195  18669  1.66766e+06  459158  0  2.64801e+06  1.09628e+06  126186  6602  297  86  377  1294  17046  64522  75480  224848  42382  5663  12075  43884  58068  36644  7702  23939  24890  81480  120484  9436  15350  251  7570  942577  1.08705e+06  388833  145300  27577  144467  48223  4076  12369  9338  8929  41651  36163  313693  487328  147521  9150  1263  262  89  118  478  5541  670  9363  1145  9653  894  796  4405  4038  2049  467  1511  2295  2876  1609  192  1353  55  811  81268  24529  26283  15606  3125  7346  4447  299663  
3021  7483  214643  672102  76594  98137  1.9854e+06  0  1.78272e+06  581191  695207  971575  1.25339e+06  804645  52355  23967  3907  126292  67997  761933  19678  8263  32411  15377  16067  6861  11230  8160  16149  12716  895  9650  419  11916  532847  518104  327001  142119  4876  58207  18459  10070  25179  41779  140711  91564  147508  667878  3.70341e+06  402068  458695  62525  94755  23686  25288  20928  35462  2744  25471  14411  83889  2969  2213  23324  8347  8051  3776  6465  6765  14963  5286  453  4547  170  6424  289693  101425  178428  91158  5246  36259  8654  333913  
441  899  311  170  132694  476327  808846  1.79847e+06  0  1.79253e+06  2072  18  24  45  26  4494  23044  62193  258530  3883  98  122  42593  391  9601  409  770  870  36758  29653  849  3942  44  1147  26791  12157  20638  15461  202  1622  706  198  502  224  115  1983  31406  10000  239789  91841  78988  823  7  8  40  84  3199  620  2829  2757  1718  145  87  1304  255  773  115  394  645  4131  922  129  930  19  1337  20979  4743  22435  10921  88  4981  593  36574  
40594  35787  1469  1114  213555  1.30713e+06  304045  1.1747e+06  1.62085e+06  0  106490  455  220  1554  239  2.08412e+06  182851  86871  113135  18910  534  615  10271  1048  3226  909  1600  2991  25118  40307  4631  224592  19557  607323  213640  123110  438301  363841  619  18107  3208  217  442  304  484  1698  5019  6708  60753  26084  205393  8388  99  69  290  138  21474  546  4699  3587  3462  174  97  1424  274  569  138  308  458  1753  522  89  776  49  799  19115  6866  19292  16940  215  7029  757  299045  
339  222  1285  2723  494  162  5022  563804  967  316951  0  33223  78896  874735  219  77920  1532  21550  1158  841350  321  134  543  232  332  104  295  281  523  600  282  4238  648  1531  14927  7052  6606  5158  269  979  617  530  647  589  1616  1982  984  3880  81098  2540  335375  362725  2941  4303  10984  3616  113217  850  18391  2052  39030  316  76  600  208  590  1513  1720  751  732  376  173  1308  168  1090  20781  9695  14126  14801  358  7641  974  22908  
1325  105  2412  973285  179  48  5543  730894  156  880  21428  0  394216  177232  113810  358  91  4383  440  337837  24104  3752  1894  7318  6750  3269  18218  13654  2755  1436  14  498  19  172  20686  5209  13341  4185  40611  13447  28957  592  388  2145  162202  2724  1026  19652  171134  805  557  1966  497703  50028  22511  16710  711  123  2090  168  33491  965  391  1774  1218  1146  857  1866  2449  1012  312  39  284  9  325  17439  5075  7141  3080  14251  2796  4651  6299  
98  109  1146  16963  374  171  6058  843652  1250  2035  107946  520007  0  552699  104944  1341  66  5084  287  366756  17943  2701  496  3174  2736  5437  4232  1103  521  291  9  235  20  115  9222  2144  3245  1433  5287  16141  3390  395  386  859  42612  3876  7663  18109  350712  15168  3289  5102  141144  280464  58377  19755  1348  180  2235  260  47743  1096  305  1028  879  1188  1588  2134  1573  773  288  45  345  14  296  34597  4796  7248  4613  4685  3728  2254  12752  
229  134  1466  19784  329  97  6737  637607  1001  14310  1.03253e+06  418545  773670  0  547973  7369  249  10994  541  1.02103e+06  34196  5057  756  5094  3544  6793  5487  1235  692  411  32  618  52  219  18750  4395  5608  2222  4813  29063  4176  530  301  645  37178  1015  673  4500  86701  875  26197  57268  143251  177005  611941  126288  13604  269  5758  285  133048  3433  601  549  992  1894  5623  6655  3463  878  433  85  672  35  305  9446  2672  3474  2819  9989  6636  3463  5692  
786  275  1344  38288  221  31  2716  51998  73  499  1361  284377  193842  563287  0  290  316  23629  1160  1.70968e+06  76926  60474  2655  481631  8447  53039  9127  1956  1497  1083  48  1809  143  731  42648  1936  5228  2949  3206  78877  5014  680  260  970  38516  609  187  1310  41078  133  2916  25603  109024  66004  181133  401817  8499  844  11924  457  117121  3697  1449  1309  6584  1887  4382  5129  3839  1696  1237  227  1530  73  366  15884  3180  4463  4197  5333  7612  2513  8938  
37578  27251  1036  652  89107  85407  112579  68656  90506  2.3109e+06  70092  135  142  847  297  0  1.52516e+06  662006  75380  22884  506  466  9343  949  3582  1024  3063  11323  34056  42844  7227  275389  92190  580051  215670  20454  519766  253809  1104  18963  4189  467  550  442  253  1691  1500  2944  10228  3654  15517  10628  74  52  191  162  45173  2008  12460  460  11182  213  92  450  177  267  113  331  589  576  575  328  2172  261  1531  13216  4116  8833  5696  322  2096  798  295012  
73896  79148  3343  2220  264501  231358  211311  80222  43171  307976  63444  398  113  652  1402  1.99742e+06  0  917114  1.43644e+06  324640  4104  1414  10504  2859  9031  3398  9465  27724  126063  408851  469317  1.75108e+06  450401  600732  301641  44088  442378  120864  7951  23205  16069  1629  1498  2526  1214  4683  2131  6764  22214  4612  9912  13583  256  150  781  1447  104521  6428  99767  1330  126843  1033  487  1887  718  1966  779  1798  3425  5781  7715  3080  17863  1811  4270  72549  13523  31647  22924  2204  11463  4867  183200  
9641  9328  8189  6502  36287  25216  55678  138016  152430  124017  30482  958  193  441  3359  535031  417655  0  3.02624e+06  514659  105629  19649  586250  30536  62887  15583  17712  21626  45766  31657  3318  86301  3983  45468  202723  21530  221804  91505  17196  75705  27716  7334  3613  10462  5290  7596  2276  13850  32197  3210  12770  7685  576  331  467  4096  63690  14155  287374  12778  209835  27074  21689  64793  21056  20446  3176  6265  15430  45607  30536  7246  42661  2645  5141  174543  25812  68955  41075  7760  44294  16446  139392  
28982  32944  11496  9195  361890  37490  593925  197417  645726  95215  6427  1147  103  323  2081  18379  1.56804e+06  2.82855e+06  0  91290  5168  4047  1.15052e+06  14385  150596  20614  26898  45042  681592  1.70674e+06  710114  421053  6984  175686  276232  32861  415004  149198  23039  80144  37514  2965  1801  4491  2827  4247  2924  11415  31846  8294  10535  3365  376  190  286  1631  21775  6151  102087  4727  95894  6885  5696  20421  6354  7676  1118  2697  6318  18037  11891  2830  17435  1136  2543  92126  14150  37622  25769  6958  16137  8162  203528  
4789  3918  6430  26965  5203  887  25378  379907  1570  13261  676184  386174  268816  559639  1.35265e+06  27218  14609  1.20332e+06  26902  0  1.36375e+06  461836  22930  519179  81291  153102  72719  17014  27633  19761  2391  49495  2866  17875  192895  18650  75548  40200  12869  318635  21063  10660  6537  15940  26289  15506  3769  25774  127755  3077  46834  162041  103423  44279  73396  134274  208953  20833  435581  22249  1.18931e+06  55665  33192  85623  32338  31062  12712  17767  24119  56078  40867  9419  60104  3716  9403  360941  58995  118925  91749  12000  81673  31027  139067  
777  568  976  901  338  33  2550  5242  48  386  285  2226  2200  510  24161  160  230  224057  1830  689516  0  430307  40467  87192  8627  18305  6031  2406  1733  2074  99  4272  158  1295  29051  1250  8653  4293  1468  40298  2416  603  351  862  685  692  159  1260  3877  99  729  1001  683  754  657  4750  831  402  21236  1403  43644  140182  83772  12126  10651  2212  1637  1492  1425  2564  1159  129  1631  81  327  26335  2804  6489  5587  789  12102  1766  8202  
933  901  1400  864  384  20  3129  2366  22  86  63  415  267  149  31093  43  37  64949  546  169769  411641  0  29338  490207  9617  17910  2848  3224  1691  2369  12  2724  24  259  12527  622  7756  1021  1080  21183  2143  236  79  301  324  133  23  404  923  25  112  146  224  287  265  1896  148  67  6190  184  9735  60007  41210  7132  33860  897  635  516  552  638  293  21  337  14  55  6724  531  1846  963  461  5141  401  2202  
14895  17226  10187  7150  17455  1427  45979  49459  30633  4994  1145  1024  117  307  806  1327  1561  666412  1.31157e+06  17811  38730  43611  0  162096  673486  41829  28223  30778  1.23392e+06  637118  8408  205970  519  41812  107822  12555  140807  34843  15226  72286  27123  900  543  1393  1282  1085  423  3605  7957  799  1345  479  173  79  90  1134  2106  626  32077  2544  27719  13658  11419  23596  10065  4431  1178  1207  1964  5370  2122  264  2655  140  443  40960  3394  12756  6860  4399  13570  2397  38873  
11020  15153  15470  9676  3699  66  42994  23886  122  430  219  2209  784  848  424108  200  135  60026  7703  399438  92679  547038  279137  0  1.29736e+06  444870  21150  32144  23542  24282  181  21920  46  1349  47667  7341  88277  9096  12591  113873  20308  286  157  374  1616  366  114  1876  4164  131  205  369  1209  1773  1566  8818  352  81  5208  370  7208  3342  6137  22023  140259  2158  1086  790  927  803  350  29  450  18  73  12630  834  6209  2006  4098  11170  522  14050  
12985  14435  17065  12929  5321  274  45374  32456  9404  2307  535  6650  2012  2863  3920  985  414  49272  112628  31337  15521  23571  751939  1.38089e+06  0  1.46198e+06  914531  152267  3.17506e+06  61250  725  37352  365  6861  111866  13688  108802  25769  20144  374182  96129  407  288  630  2868  642  186  2267  5240  335  923  2301  821  165  160  537  2150  372  11078  709  10134  2615  2949  5833  10063  11985  802  786  1815  3265  992  166  1328  67  190  17984  2031  11206  4287  4410  8940  1867  52649  
2748  1189  3682  4347  422  48  5384  5747  557  576  142  6275  2789  3857  19727  343  128  17936  17385  22528  14387  14435  57929  304836  1.41169e+06  0  350136  16009  48068  8951  129  9184  148  1344  17715  1325  17228  3324  3602  244118  12489  83  58  142  2231  90  22  250  1426  47  280  1890  747  129  110  276  900  73  2439  129  2503  513  812  1147  1452  507  278  233  279  409  178  30  258  14  48  4107  365  2204  805  981  3111  252  23095  
39338  660  2141  55949  472  79  3842  5981  185  1089  378  24636  4984  7402  7361  1661  884  19641  3962  31742  8381  3724  12135  14164  903007  407685  0  253788  11461  4701  127  6542  351  20568  140385  8489  39860  39188  14491  679151  439455  220  75  331  10150  126  56  431  2586  97  523  3108  1286  264  241  444  1899  129  3311  92  3775  507  1467  1188  1563  889  796  666  1090  1006  329  48  403  18  70  9656  1053  2938  1148  869  8464  1049  54174  
434869  5137  8365  188022  3873  348  12593  7260  459  2528  650  10621  106  138  341  5611  2552  10168  5925  4618  2474  4797  15657  25341  133132  6513  293696  0  155177  182099  1417  357900  499  180854  66015  10946  79036  19329  18657  76949  190122  468  259  648  9273  140  68  1147  2263  196  234  166  261  92  63  134  756  159  3208  156  2692  384  550  1358  1826  958  225  288  1605  1718  523  62  490  17  66  4840  2147  8763  1456  2558  4406  1530  31108  
13881  12177  8203  6421  22458  1651  76059  36412  41634  9828  1660  962  100  207  972  6860  4159  42217  343116  21117  4561  12638  1.09821e+06  65467  3.00735e+06  21207  54186  358256  0  3.96469e+06  8637  76817  827  28286  94049  11258  143773  58221  12352  81171  38535  1243  814  1885  1504  1835  855  4346  10558  1545  2247  1101  197  99  111  578  6709  1776  37413  1274  31173  2179  1576  4802  4725  3291  413  1280  3269  6984  3660  643  4734  215  869  45658  7315  19106  11944  3502  8608  4464  75403  
63885  56736  20786  10276  197842  11669  243806  77585  43645  23928  11142  923  124  351  1231  27038  492305  62367  896713  50585  9784  23146  452635  110692  92023  18026  30023  389760  4.03014e+06  0  1.17878e+06  3.06847e+06  1942  94858  143389  19562  416435  136391  14246  96964  35100  900  655  1278  1282  1768  1376  5446  14818  3705  3821  3421  176  81  169  548  25137  2105  30447  955  31136  1525  1214  3253  5232  1771  384  836  2069  3941  2660  777  4702  353  1092  31220  5582  17326  9552  5273  6687  2778  128073  
6688  12902  1751  566  61184  3016  54753  13482  3606  3745  2904  46  6  41  410  5184  719671  17378  408836  19205  658  392  11961  1096  4705  1412  1530  11865  96970  1.81552e+06  0  927972  691  14626  20586  3077  60026  20953  725  3943  1497  153  112  220  124  358  246  979  2862  781  698  686  11  11  46  112  4909  522  7056  181  7955  151  97  316  108  209  35  134  293  574  723  277  1494  133  261  6050  1002  2276  1830  190  1012  423  16846  
301795  81056  11202  24749  129780  171745  58503  65071  14296  147311  82622  755  194  881  5792  343647  1.45046e+06  359543  348002  284194  23626  28952  375673  108236  117616  34750  30821  406172  195150  3.3036e+06  968386  0  623193  1.2785e+06  155911  23616  362340  70382  11212  92572  27828  1447  1247  2190  1421  3966  1297  5464  17145  1963  6396  12581  297  220  952  1783  82154  4394  92034  2051  128175  2799  1804  5716  5503  2446  981  1838  3160  5618  6845  2589  14791  1423  3220  71610  12975  30075  22058  4368  11606  4763  93592  
5723  3697  135  102  5700  3932  959  2598  91  12359  7740  23  14  66  658  90587  177450  41168  8660  22220  701  259  1723  404  2367  1334  1379  2550  5343  3939  1004  394671  0  320368  2602  420  37289  3356  316  2500  768  59  65  91  44  207  66  216  747  75  430  1118  18  14  70  131  8554  205  3457  115  5920  114  58  259  87  99  68  93  126  185  141  74  375  43  184  2852  672  1501  903  88  366  175  2768  
1.21629e+06  211320  2911  5246  716136  1.39751e+06  37834  39201  2160  967771  17636  250  44  201  1352  1.24824e+06  861198  128437  63805  52286  3699  6569  57276  18542  18988  4766  43346  135341  53903  96037  15863  997475  540639  0  21596  4391  627165  18025  1823  11765  29397  267  204  392  334  776  449  2042  6215  1955  1446  2542  66  52  186  366  16687  681  13592  399  19357  564  357  1093  1011  472  162  312  535  966  922  311  2005  200  574  11802  2162  5254  3617  635  1826  779  18839  
43418  129449  202754  98074  95098  13782  1.091e+06  1.56531e+06  15467  698007  127128  46500  4962  10529  25510  297017  37557  780405  145477  419957  50015  46047  224072  136714  336806  85337  444630  262913  136988  82708  3017  109874  2473  18104  0  2.95737e+06  464194  511028  319523  2.47694e+06  1.06155e+06  3908  4758  9781  18732  14530  14554  79722  321068  36437  57287  16928  3193  1322  2137  5664  34215  2656  52049  5055  59787  7558  10704  20351  15745  10331  7485  12002  15135  9112  4721  873  7019  409  2656  428499  57693  67539  63554  26402  59492  38201  4.10367e+06  
95401  86977  310932  54887  17927  1290  1.03652e+06  402807  2491  52677  24617  892  194  565  1005  43276  5261  91466  10365  68160  2740  3112  16181  9731  37194  4651  41613  25516  16839  8550  245  7584  111  1340  2.03323e+06  0  86842  192483  348780  212463  101862  1153  1450  2154  3394  1989  915  9888  30323  1095  7730  5257  300  109  246  357  13909  717  8062  491  10049  551  357  1598  905  961  305  1395  2164  968  628  153  1054  85  576  51325  10737  8892  9513  4122  3094  6469  573475  
155156  155800  219408  83332  204510  11990  698214  942899  8448  419307  56498  8463  387  2873  5453  286913  34465  423704  188543  119041  13152  16404  99979  56137  45521  23713  31744  32202  68954  84449  6535  52027  6999  145720  143765  312401  0  1.54757e+06  242775  59919  63466  1292  2143  2350  7431  6176  4554  35487  87113  10631  19116  7925  782  342  538  1092  29684  1688  26523  1871  33003  2065  1748  6283  4309  1954  706  1074  2024  3242  2221  594  4076  335  1073  37700  10117  37185  20957  22050  7254  2782  176932  
12236  34842  22097  6577  42350  2889  102353  263168  6922  249488  30648  1050  154  819  1627  79854  9545  160033  78196  60797  5387  2285  27972  5051  16387  9371  18635  6459  21908  29185  1974  5184  450  4227  127400  154676  1.57592e+06  0  57455  65058  50516  398  977  728  1053  3631  1662  9184  30998  3916  11236  3804  189  99  232  440  11273  637  8849  1045  10553  986  682  2962  1050  1036  383  540  1154  1717  813  171  1292  82  350  18471  6332  22521  28792  8089  6648  2333  549483  
90301  2655  94139  79382  116  16  59884  3301  53  725  282  14150  126  131  165  677  187  6707  1736  2596  875  1413  7079  7693  10506  1553  23450  30883  8818  5089  36  2068  15  166  74983  329891  171161  36489  0  14368  56773  509  132  420  7470  86  25  562  1407  41  155  86  334  136  80  145  480  101  2158  144  1891  281  347  1073  818  282  157  240  409  242  143  35  251  3  50  5393  2947  9362  2989  10204  1045  770  27678  
9785  3895  13485  36815  1058  130  21140  17294  392  3475  1057  42442  11784  19731  31830  2537  906  69590  7364  112436  41975  16468  22185  59449  295689  463722  1.0358e+06  99997  47722  39777  308  40346  552  4159  1.40761e+06  28976  74420  33971  67733  0  978148  1282  537  1802  15236  1069  280  2213  8329  269  1805  9257  3544  883  1526  5279  6918  2184  37986  803  36625  6129  18118  10691  16434  5935  8221  6123  5626  5539  3800  783  4428  236  693  80965  3979  23509  8949  10373  89169  3374  126016  
3617  1282  4617  40808  590  81  9321  9576  126  2298  596  36581  2011  2070  1706  1483  605  18921  5461  7769  2876  5798  29959  18620  111961  7470  1.11688e+06  195502  14752  7616  91  4563  131  5850  758763  39798  88802  144946  132588  1.19554e+06  0  150  100  275  11076  177  114  665  3553  209  629  454  2151  571  339  414  864  120  2481  131  2949  316  382  962  1328  844  283  455  1521  1378  412  70  428  24  83  9758  1789  5296  3074  1856  3621  2276  179865  
733  209  8645  12181  268  86  4093  4616  445  830  487  355  146  83  140  948  421  20531  1557  11235  1202  1108  1025  731  584  209  394  347  832  484  61  959  72  406  9158  2962  2665  2685  817  1619  815  0  1.13188e+06  135028  869508  310284  44011  495657  58561  8634  8321  1007  4357  1570  737  2606  12421  12212  45554  22965  21306  7164  16484  124554  78125  40664  4233  30887  283595  96685  98140  7672  343255  1022  1.1842e+06  265049  296011  512079  71105  26353  37324  14105  113868  
2857  803  57572  49506  213  93  20392  10394  329  517  366  43  40  23  75  494  169  5895  536  3399  462  334  403  412  210  91  172  157  289  205  19  426  32  181  6309  3401  1706  1652  461  714  439  1.01317e+06  0  26094  4471  512899  16652  327572  19557  2853  6413  1822  551  221  139  2093  10663  4724  20735  5429  15453  3153  4280  38847  17983  15590  2801  7922  12554  21273  24948  2439  108544  147  18617  392297  465090  171023  48564  3932  42566  12290  89522  
2084  147  37775  89152  74  20  5778  4994  44  83  30  75  13  13  10  32  20  791  62  474  60  79  62  61  46  17  52  34  29  21  3  44  3  20  1434  2900  335  220  92  130  106  46054  9783  0  124216  1061  840  181124  112336  809  460  79  384  147  73  152  448  209  1917  648  1100  437  1070  5334  4418  1729  265  489  1149  2448  2543  165  684  2  639  52827  102404  52766  7308  5916  3586  1285  19410  
17941  887  139431  1.25114e+06  166  46  25513  76696  150  433  658  266944  4799  2276  2162  171  63  3160  406  6513  907  620  1255  2396  3983  382  15022  14814  2149  1238  13  532  6  146  8189  33315  10269  2883  15121  3669  19741  812573  2894  115582  0  1158  931  15224  538634  1007  386  1848  749682  70784  26575  11266  403  492  4338  1732  32719  1896  2103  8709  8275  12154  1261  22537  105346  29879  12419  606  15411  21  12979  24291  205481  50379  4714  137413  9664  18750  5197  
288  802  5128  2354  2996  1082  63457  46322  3699  1833  1151  332  513  98  215  2011  518  13881  1583  7837  914  560  1235  807  703  237  451  430  856  632  76  1103  84  614  15795  3909  8280  5350  1023  1736  1016  527467  687335  4193  1727  0  965272  803075  85897  25463  31662  5083  150  158  176  4840  40396  23342  60308  15257  41405  7137  5923  87243  23257  26562  5437  20227  32312  53243  55593  6174  33727  1187  303974  631450  360823  385776  149473  1077  63569  19673  192215  
225  428  788  595  7168  10618  52051  142594  87650  23383  1891  153  2015  145  172  2379  463  8848  2717  5161  328  346  1496  470  609  209  400  394  1606  1493  107  954  49  1182  27768  2541  20869  9475  315  1381  842  65532  56462  2451  1247  1.03022e+06  0  731228  422370  489687  1.72202e+06  3701  120  251  250  2774  74905  114949  25766  49211  16409  2437  1129  18601  3945  10234  1980  8860  15397  74449  53090  9753  86228  12187  1.06204e+06  124854  168654  161178  29831  388  18194  4541  64471  
10257  5184  260810  216218  28657  12320  485843  323934  20103  5701  1440  4217  976  594  274  1670  494  12252  3697  8327  861  1133  3624  2037  1498  504  1003  898  2223  2323  208  1509  83  2391  39589  16890  39489  11770  917  3882  1717  379147  411021  276286  19134  1.32873e+06  1.52542e+06  0  2.21646e+06  1.46036e+06  103618  3620  744  322  288  3123  20586  8850  31521  18957  24337  4294  5978  40138  22130  32969  4108  10299  19030  132631  109917  4286  9687  82  6743  511214  587166  211395  68084  3960  63327  16569  152936  
10187  11032  267312  338844  61600  38277  940391  3.22743e+06  373008  215529  116109  83919  148060  37955  30129  9994  1997  42852  16025  115116  11610  4685  11757  8277  5234  1870  4393  4130  7859  7684  560  4802  219  5625  267708  65964  131305  68447  2949  16143  8812  29878  27950  142286  688547  115859  279781  1.79465e+06  0  1.8885e+06  682498  413416  1.04859e+06  1.25201e+06  888766  408846  41746  7206  94358  54435  477456  25527  6778  56129  36680  32141  69315  72485  26242  35859  13418  830  12442  323  20633  721668  471820  666146  300157  11413  128388  27178  503495  
330  551  444  304  13846  21527  89577  140169  111932  26858  2395  49  451  75  63  1034  390  5927  3369  2834  176  234  1692  325  588  187  381  391  1981  2053  133  851  52  1719  27594  2183  27187  12635  207  1115  842  1675  5647  1715  733  24617  1.12723e+06  1.07726e+06  1.82408e+06  0  1.59583e+06  1582  41  36  60  625  24911  11626  26558  133701  6033  765  454  45360  1783  20179  1092  2647  5936  184504  38329  4599  6742  175  7576  72251  83518  129999  56711  200  17639  2094  71466  
209  295  547  499  1834  3077  10987  357759  77224  358273  49231  216  433  767  84  7942  542  15814  8267  6808  247  130  2396  244  601  149  348  299  1302  1004  53  751  61  528  33917  4319  22433  22751  282  1423  1043  14763  16926  4327  1517  49416  1.69285e+06  153664  1.02595e+06  1.39861e+06  0  82424  282  141  1143  1238  2.38366e+06  187247  56174  111825  11621  1382  590  28508  2044  11200  1404  6866  13864  84941  67452  16142  315095  177721  745526  162141  151184  354685  235159  882  70482  4903  153999  
125  116  305  2912  484  286  3398  90569  2472  299297  438480  3387  4476  14253  891  69086  1073  23809  4357  46467  1068  201  1489  220  750  491  400  196  1205  787  92  1364  175  510  10128  3834  4305  4936  141  1577  355  335  291  312  12882  781  461  955  636755  890  246945  0  21227  31739  705417  5266  120433  231  31823  175  373686  1322  216  333  399  290  473  552  410  333  167  41  319  23  431  13446  5201  4690  6482  694  3126  554  14707  
960  198  8362  289311  381  122  16754  211842  328  1103  3790  650662  74303  19829  29265  633  76  3266  327  66811  8110  1547  626  2533  1760  733  3847  2577  886  487  10  314  17  123  6936  3827  3936  1482  4797  3095  7763  1543  233  2488  813010  841  479  5625  1.01196e+06  640  375  9680  0  477575  195685  116861  742  130  2392  131  174019  7496  1286  1623  5192  6094  11487  17111  17335  2888  381  32  768  18  1372  26805  4750  4956  3267  114712  14057  25739  4180  
1575  90  3656  77255  775  438  8224  96909  1155  1347  6565  63648  284381  70545  24028  543  93  3185  335  68935  6664  1540  402  1704  561  345  1183  1037  436  287  10  277  19  165  7696  2984  2701  1210  1101  1576  2465  1926  154  1342  132908  800  1158  3254  1.13533e+06  1695  1105  9812  533749  0  467286  268994  855  128  2371  115  276793  13569  2061  1241  8854  6174  20625  22444  17173  2308  442  39  1412  16  655  20360  4748  4250  2725  55672  14959  14720  7167  
2011  93  3249  68612  494  294  4394  124880  1624  52802  108501  46557  76393  435986  116040  12846  463  17895  1543  168166  11450  2399  846  2171  1420  1514  2125  1247  823  493  55  943  66  360  12412  4493  3749  3844  1454  5620  2650  1852  164  1272  113733  413  409  1344  955344  840  7039  702848  325683  644532  0  782338  9411  250  11003  178  967059  22350  3106  1258  5257  4907  11061  16989  16776  2328  636  92  1759  29  606  15758  4339  4473  2721  45061  18123  12143  8004  
2280  260  3769  66948  465  102  3361  23953  213  1181  9755  34144  14127  50990  297492  1414  692  50475  4370  172547  17904  4230  4132  7314  2825  2122  2512  1701  2196  1172  93  2187  135  947  15460  3975  5730  3976  2242  9667  3009  2443  975  2638  67415  3286  803  3276  175521  519  1185  3504  208963  357087  780684  0  1785  3890  31988  3064  1.47816e+06  41036  38037  4275  582731  28791  260110  161867  25642  5174  4321  872  7014  614  1892  48162  7705  23588  19310  25341  146727  32264  29856  
210  161  509  600  461  211  2955  26010  1963  64605  18485  144  84  180  41  40962  4594  28680  4539  7145  212  87  1568  151  787  98  257  336  2262  1663  277  4359  609  1341  9035  2377  4331  4655  357  932  735  15713  26188  14052  4150  59956  93894  26011  60404  58969  1.83162e+06  85074  1164  426  498  902  0  1.6717e+06  595507  47449  13195  1110  580  15669  2347  6315  1152  8261  20043  53382  80521  17937  375181  339059  601570  200571  47472  529979  270878  2811  63361  6479  189683  
416  369  734  760  775  320  4594  9011  2328  5937  4223  173  114  117  1272  23983  2922  96812  5286  61225  1620  440  2074  444  2217  1154  1466  1098  4575  2692  332  4582  300  1707  19021  3156  7831  5782  1207  5200  1701  24172  39781  12688  4120  100366  280508  57310  57937  69917  303763  5655  761  399  433  27728  1.71514e+06  0  781057  1.64348e+06  169746  20304  3312  69532  5792  36032  16726  29417  59812  305740  429919  311687  1.15546e+06  277638  527806  119489  34220  429879  81673  3056  32213  11025  62815  
1625  1876  2392  2167  1688  262  9711  19800  1291  7438  2775  358  107  112  557  5417  3630  148973  21384  51742  16292  4993  17495  5914  8589  1592  3568  4805  15957  8324  459  11433  493  3671  44269  5837  25665  14928  6585  17689  7548  16811  14278  22277  10155  48062  13071  33070  80323  48220  91765  17271  1347  708  885  5020  650534  646012  0  2.73824e+06  937659  179980  27801  646110  27652  87301  11387  13606  26913  124527  31295  2171  81999  3194  41901  128081  19554  280668  87063  7122  35759  24250  93515  
483  442  963  928  831  513  6033  23162  3016  9336  1913  166  104  106  956  673  885  70681  7919  38756  8630  1690  8042  2747  2992  1144  1274  1208  3010  1695  157  3745  200  1745  18747  2357  10583  8532  3128  6150  2342  17236  15943  15519  7469  53069  66059  72412  79534  258206  93411  1050  664  448  411  25408  18371  1.61064e+06  2.43113e+06  0  461689  33641  6432  1.81634e+06  24039  190314  34036  23831  40267  1.10483e+06  1.19316e+06  973993  260191  2607  39869  118825  22430  162592  55441  4467  38732  16056  52045  
7128  7258  8337  30143  8316  1360  35574  109264  5749  29754  117774  20434  15469  20928  58623  71402  16636  883261  113706  1.1742e+06  186608  44961  88925  31908  43951  15105  19774  18327  59240  31276  2593  55249  2915  21497  244310  29806  121148  82017  19884  110842  30620  10132  6642  15503  100358  20909  4019  21832  464261  3132  14696  331536  164648  193556  547487  1.30938e+06  24983  18941  823306  93942  0  1.50735e+06  785031  94352  627663  57667  162227  119827  52732  41563  26038  4594  56279  4372  12019  254683  29701  153183  98962  17579  164302  38090  141633  
677  689  756  842  681  66  2813  3648  87  746  477  176  87  109  1063  394  276  66867  14377  34616  171221  61552  19540  7600  5530  1744  1746  1550  3999  2103  114  4646  225  1889  32077  1911  12442  8683  2416  18679  2786  2724  1171  3678  2042  3266  421  3764  7691  179  791  274  689  1130  1124  22209  602  2493  368993  5059  890125  0  441394  108302  79607  7913  15569  12019  7730  5482  3479  386  5733  542  1743  40189  3398  26155  12705  1659  27432  5646  17871  
143  130  206  244  91  12  577  794  16  166  121  54  20  29  441  62  47  11958  2302  6756  58171  55696  4697  3597  1299  770  601  405  819  421  13  833  37  345  15016  411  2529  1760  1189  10709  733  5111  671  5639  3122  896  112  4151  2929  70  251  80  259  294  398  27036  220  344  46897  1229  365410  336542  0  82137  435135  8590  14001  9058  10234  6090  3203  83  3848  122  574  26492  2189  18745  2353  1034  34005  3573  5427  
406  392  1456  1633  528  131  6453  9407  451  1150  298  255  84  66  368  250  112  57414  8878  25960  21809  8890  16679  22241  3890  1190  977  1273  2177  1190  76  2738  147  1190  19577  1664  9172  6648  5340  7316  2345  32416  18780  41695  16684  48046  5696  46187  72372  44757  8136  550  980  646  481  2016  2671  5740  620528  1.2657e+06  72906  62353  126454  0  371451  711120  27865  14408  49432  1.06299e+06  733846  28502  144658  384  26349  86226  16408  200538  21918  6156  39318  29910  47576  
261  220  797  1307  191  22  2040  2407  73  225  184  215  73  80  3228  85  52  21208  3783  10279  13964  55040  7217  123281  3514  2175  1621  1320  1475  839  23  1139  44  414  31661  857  4974  3115  5441  28821  2091  46561  6819  56434  24698  5464  602  40535  25058  437  775  188  1308  1303  1324  473048  641  938  48917  16697  461363  72272  475398  448559  0  1.63687e+06  426754  86439  83337  67063  26572  458  26894  260  2925  73446  12286  129431  7344  5433  166848  22547  31770  
228  165  767  1616  202  46  2236  4025  269  694  757  371  217  63  235  250  284  21331  2147  13552  2536  3114  1856  6038  7182  888  845  1131  1987  905  51  1152  45  439  10901  1123  4049  3119  4110  6275  1902  41538  7863  51463  22514  6314  2478  43285  37738  12353  2737  347  2271  5105  6679  46376  1358  1914  59067  97963  32657  8935  27475  1.03613e+06  1.68876e+06  0  1.55675e+06  1.02712e+06  382458  3.07362e+06  58431  1494  28740  210  3826  176938  22282  108106  11484  5481  469880  57973  72581  
72  34  155  1242  50  6  423  1699  37  114  594  474  345  58  158  119  64  4733  435  4218  1013  554  496  697  346  268  250  227  419  218  11  256  8  77  4768  284  825  625  681  3069  402  1923  466  1594  3632  1281  280  1814  15310  294  439  203  3116  8436  10582  142990  378  1506  7507  5889  48777  6238  10299  27638  279820  1.30576e+06  0  883170  90490  43848  3360  317  2790  242  887  34676  3024  11776  8142  1270  222076  32999  58186  
171  60  500  3450  74  21  760  3414  86  276  2508  1195  764  166  291  548  150  7242  454  8372  808  425  471  586  548  378  467  484  588  306  24  358  18  114  5345  954  1072  1127  1025  2877  1109  12255  989  1545  18214  2564  761  2284  35414  488  1318  476  7516  25955  35177  147293  2040  2586  10194  1705  34880  4837  4997  11310  49031  1.10303e+06  591922  0  405373  10892  2618  391  3303  407  27558  91836  9422  28284  21670  6399  382896  286397  36553  
459  134  1087  3068  198  74  1835  2871  444  539  1079  472  206  116  180  1080  663  23186  1830  13302  1333  1180  1548  1955  2257  855  1811  3195  2724  1408  87  1493  85  491  7588  2275  5020  5982  9592  5955  6663  237133  10875  29583  133912  18594  8567  33369  29725  6821  6010  803  6547  4891  4334  12101  12243  23279  53469  19345  27908  8147  14742  116752  63074  223162  42764  269558  0  325588  281548  7986  449916  3005  195129  170867  20796  228156  25735  19034  157628  310918  89354  
561  532  885  933  861  392  4299  8220  1895  1985  575  131  48  63  487  555  1343  98294  7949  58098  3041  1682  3736  1845  3439  1358  1946  2279  5359  2747  206  4663  223  2028  21806  2740  12438  9703  3771  7685  3422  21559  16304  20764  11431  25846  38679  98770  24942  161075  29589  417  599  373  377  7478  2751  20138  111220  357086  56315  11079  18468  1.03275e+06  87846  3.06239e+06  41481  23733  471178  0  3.81431e+06  36090  46149  262  7987  74889  11472  83725  24459  2951  128436  10265  44617  
741  599  1630  1773  1625  819  7533  11912  2921  2999  2320  153  94  118  1101  2211  6127  225223  11179  122370  3869  1539  4815  1821  4202  2109  2721  2381  6779  4249  742  9958  602  3739  40104  5801  16276  12787  3874  11095  3943  80243  120693  55767  25739  160239  134482  312681  40981  117538  32192  1047  567  388  469  23658  6071  399263  141567  615812  166404  20623  15132  628703  75365  216384  26201  23309  541298  4.20598e+06  0  1.63001e+06  3.28265e+06  1305  31992  116218  26447  119217  38038  3353  64894  11614  59565  
215  177  443  397  508  270  2460  3339  690  937  1270  38  36  35  432  1307  2767  77158  3183  40095  670  167  1061  235  1141  594  786  537  1856  1396  311  3786  233  1240  13687  2214  4213  3195  562  2725  857  7680  51352  6223  2144  68934  52308  92119  10500  10578  6819  310  98  69  104  8174  1738  392059  23648  614368  52578  5202  1084  56917  2909  8879  6289  6171  23043  78240  2.15782e+06  0  541301  935  12970  28198  8555  29458  9263  680  6962  2300  11762  
986  825  2151  2328  1938  498  8072  13546  1490  4195  10821  245  113  195  1208  12507  13079  313385  16845  155317  5732  1927  7797  2432  5673  2127  2997  2992  9232  6921  1601  19220  1339  5997  59762  10315  20874  16177  6344  12571  5033  203961  143166  29864  33322  138696  111503  89138  52815  15369  164182  2092  902  535  650  31484  177082  1.08942e+06  359162  229050  314879  36012  18812  380049  75208  62042  41340  38349  434312  118516  3.23671e+06  734601  0  813823  806078  110306  31116  343509  40895  5432  48492  26175  74494  
49  43  59  52  86  19  332  562  79  245  1467  7  2  11  50  1948  787  13638  857  6738  159  39  309  43  221  41  87  99  421  357  94  1132  92  297  2424  504  794  554  98  304  160  3931  4647  471  179  9633  9699  1179  3002  237  47031  242  36  22  29  1754  77807  162419  13256  1924  14185  2328  354  1331  544  1039  1487  3591  8670  2936  8163  4629  389945  0  324895  2636  846  40485  2557  131  1242  940  2240  
435  201  1407  1425  536  327  4389  7811  2122  2325  5584  117  178  64  188  10920  2637  50783  3496  25282  960  327  1533  411  1024  256  484  484  1819  1385  315  4034  338  1223  11473  3103  4145  3065  768  1754  937  881372  164394  17734  17397  765300  1.43586e+06  30359  97341  11338  1.15558e+06  5538  1004  448  334  5709  1.07103e+06  799586  119693  33712  57898  7766  3280  62388  12645  19443  7204  67222  150318  69179  101433  29039  1.05032e+06  838377  0  60197  22153  653784  28004  3436  16013  87918  32289  
2543  3104  17184  14392  5633  2217  121617  210015  12437  25279  12743  3242  3466  1158  2260  13214  2441  87674  10173  60342  13019  6986  9151  7836  7475  3298  8281  6466  6577  3846  363  7003  508  3094  359909  64319  34992  37857  25836  31077  22056  109478  183319  315223  69785  217868  58524  611322  1.7157e+06  43566  623739  126120  12281  13196  15950  96258  674180  44278  604168  66971  670840  126206  84499  294924  117260  482324  164099  415575  520376  181270  48583  1983  52745  1380  24605  0  3.05962e+06  460984  584620  210813  2.30563e+06  1.01084e+06  4.39372e+06  
2534  458  12457  17372  603  253  21800  25139  1213  6517  5613  329  138  137  396  9202  783  20341  1638  14576  923  442  973  524  716  264  620  595  1010  662  87  1487  135  604  19859  15639  4273  4370  1846  2076  1571  153464  249660  289170  150018  79899  39588  600179  446486  14055  94210  48337  629  597  657  9215  71308  5247  51045  3024  68860  7416  4066  13518  6542  48829  11623  38395  42130  13287  3680  220  6954  125  2253  2.01838e+06  0  137667  152907  273146  318801  79282  282286  
1619  755  14085  18275  1968  787  54771  86647  5954  13597  10505  2926  1376  735  674  16251  2859  63444  5932  35976  3203  1967  4509  4600  3553  1738  2313  4340  5192  3263  327  5109  463  1824  25199  10531  22125  20000  33263  12231  9417  342884  142138  635189  224177  275467  48638  554842  1.24374e+06  23944  322148  42014  23546  9267  5448  21242  481550  78202  352724  64103  219096  33844  18675  133552  39913  42264  21508  33881  50508  206545  59470  4025  41710  2465  105285  202693  594863  0  1.67298e+06  143125  67481  47973  164502  
445  402  2994  2926  995  365  14489  26537  2940  5897  3203  546  388  191  280  5614  803  21157  2816  12749  1514  446  1813  892  1115  352  675  783  1336  921  119  2036  177  817  14577  5533  11020  20167  8378  3490  3431  18828  26245  43349  12345  80228  13058  66339  402335  10643  177882  27455  4096  1924  1307  10023  165299  11543  93273  16724  103242  11562  2576  15893  4026  13041  15446  14941  11103  69092  12495  556  5004  179  8649  167509  145762  1.56791e+06  0  19419  245826  22443  482756  
448  57  2741  13546  32  5  1538  1811  21  74  174  1593  812  593  219  121  62  1873  172  1870  256  134  224  304  133  53  141  147  108  75  8  122  6  54  1420  2120  1571  917  2835  457  372  149437  634  23229  330316  161  84  4637  21900  85  242  400  35958  23171  12340  6007  887  282  7529  548  15668  1297  953  4439  1794  12385  1238  14588  31931  7531  773  38  735  14  1159  71707  285222  73503  23303  0  12229  53024  4403  
556  250  1181  4375  258  45  2307  4200  250  1115  4472  1855  441  409  894  1106  428  24300  2027  18837  5618  3842  3357  6273  3443  3433  2934  2146  2415  1362  43  1370  55  363  58275  3035  4931  5278  5987  37784  3775  8722  2790  8506  16546  3202  1031  10849  31904  1343  24723  4828  14040  18056  25144  149882  15423  2761  34725  5153  71389  22644  38141  29067  120027  369348  633131  586265  233835  77552  15486  548  9891  455  12004  1.51607e+06  60209  59770  119788  25549  0  1.37804e+06  196662  
1356  167  2759  3397  117  21  2983  3200  139  492  784  695  293  167  161  365  132  5092  534  3917  1007  534  472  657  552  204  565  537  427  235  17  401  38  189  12364  7853  1377  1845  1308  1826  1730  8267  3498  8204  9549  2550  657  10533  22016  379  3942  639  8604  6837  6841  38321  3261  2423  47342  2404  32314  7852  7090  52705  24381  51768  48244  570452  333846  14231  2305  220  8342  396  50433  789346  69240  43165  113381  34883  1.34343e+06  0  198918  
11255  29881  37026  12437  38977  6981  267464  632267  19717  919578  150424  1609  1497  1875  3054  436356  17658  358288  107651  169522  14540  6891  65729  23000  58973  21661  58195  25745  39679  33275  1789  15232  751  9681  2.92417e+06  717880  676397  2.22392e+06  26743  251400  162345  22648  44032  69242  13384  96582  31198  178921  957121  39700  752156  154773  1287  1671  2576  30857  685098  22031  314898  57858  279349  40454  14255  79063  35142  76167  46634  76679  87302  72498  15037  1003  16893  880  15160  3.68918e+06  844453  735733  2.84891e+06  17855  679688  285451  0  
