3960586  
2823898  
614213  
3523148  
4066654  
4272037  
7542487  
12538568  
4071009  
6434961  
2474998  
1968495  
2145170  
3241448  
2815409  
5439126  
7273187  
6512505  
7517362  
7423568  
1191619  
1382154  
3387939  
3623221  
7557994  
1972037  
1773266  
1934950  
8474753  
9132262  
2654179  
8505981  
700210  
6684766  
1877398  
1596053  
1377439  
1861982  
976281  
2432632  
1809748  
3471826  
5975211  
2177767  
646903  
2045272  
1567754  
84126  
470730  
698783  
1075219  
409529  
473697  
421868  
59023  
87359  
953852  
104978  
1007203  
3500838  
1100739  
4354085  
2188632  
434295  
3215720  
3196859  
4615789  
7618649  
12118163  
4194506  
7067187  
1878760  
2145120  
1752746  
2925582  
2613620  
5788245  
7050997  
6103522  
7193064  
7782322  
1570180  
1141547  
4100837  
3623708  
6512394  
1814821  
1508061  
1628321  
8751701  
9571211  
3184909  
8149339  
899113  
6488981  
1513958  
1574197  
1928415  
1697476  
1426905  
2409567  
1505606  
2924773  
5258334  
2122510  
685704  
1957408  
1590154  
68419  
486198  
656614  
991163  
404133  
454725  
494117  
106250  
98872  
961433  
140129  
956522  
3273238  
1254028  
9283430  
10444790  
4229793  
218206  
