452374  
547080  
687876  
493760  
1059913  
822344  
416475  
300547  
299469  
214561  
541129  
728895  
696782  
891028  
246222  
627693  
228194  
1043478  
698718  
737857  
739996  
206077  
461788  
687960  
363884  
517056  
470565  
556878  
630115  
278568  
219740  
282907  
698772  
566550  
380657  
458483  
532334  
624527  
866880  
729917  
890079  
627584  
487647  
462932  
624862  
427495  
823938  
665689  
468434  
688764  
486216  
853064  
607393  
526125  
642429  
850706  
785105  
575513  
807964  
572548  
827757  
515932  
575853  
524961  
511149  
496988  
572143  
707029  
489421  
742830  
414022  
578704  
590584  
506599  
607257  
367825  
366159  
547286  
416888  
635109  
780374  
503520  
639440  
453145  
362855  
443508  
360692  
432524  
787274  
490395  
812695  
414344  
412066  
482752  
443675  
368286  
506149  
659413  
491750  
531980  
298341  
449556  
691271  
340122  
346128  
735625  
400009  
759753  
403328  
332023  
722717  
515274  
309608  
269552  
252224  
716844  
928246  
207563  
237700  
216017  
639813  
332186  
282654  
585421  
430524  
443892  
532147  
515288  
785581  
460338  
599320  
362177  
427563  
483384  
374147  
464074  
400105  
196924  
409311  
366296  
596828  
276798  
254695  
175693  
193904  
202835  
228400  
187344  
236533  
220129  
454820  
150904  
130831  
214433  
182542  
150135  
183160  
352072  
452689  
234490  
46447  
100303  
106433  
148295  
291489  
116600  
73495  
131048  
174949  
308374  
241550  
771974  
238364  
268534  
226820  
414159  
418029  
535532  
354524  
962565  
777969  
554414  
630452  
359270  
416282  
529102  
586237  
263142  
533588  
607926  
207849  
704916  
703328  
220107  
472728  
213472  
835585  
307466  
409488  
609477  
899688  
521731  
639869  
352420  
450327  
612129  
532155  
383604  
456788  
155034  
520396  
381835  
167061  
183230  
281875  
308635  
206675  
163766  
200827  
142746  
168540  
197237  
298402  
177182  
132933  
139355  
127557  
231181  
233783  
95591  
133963  
169312  
127560  
104059  
346230  
564151  
450318  
294134  
394903  
652172  
836105  
342242  
449215  
929992  
445842  
657450  
950384  
335774  
489506  
581267  
641489  
762908  
582994  
468819  
331683  
624562  
570831  
440887  
148120  
109592  
315523  
254213  
284549  
332925  
226615  
247420  
384024  
269259  
318087  
637784  
332534  
245053  
251303  
310296  
396078  
456867  
228605  
230881  
173994  
128982  
178368  
360862  
354481  
713384  
490681  
378932  
358647  
631957  
620791  
695813  
464667  
210411  
182419  
410151  
461394  
343960  
283619  
425732  
447874  
470899  
909411  
629080  
561053  
451996  
712196  
402288  
306057  
388618  
397751  
371452  
303616  
425650  
611838  
486556  
537130  
433166  
703606  
630310  
771354  
731309  
366116  
601603  
444530  
388204  
925421  
739070  
626349  
647074  
571806  
999374  
437067  
222376  
293214  
205247  
234138  
249067  
299528  
231457  
167055  
161158  
347258  
191637  
196663  
170998  
292704  
219276  
187157  
160772  
230632  
96700  
129628  
134018  
309218  
329171  
320871  
119444  
378313  
461899  
476901  
392697  
212553  
138514  
215374  
283246  
298229  
240486  
432985  
507714  
509179  
644734  
429792  
426905  
368690  
174080  
607057  
199694  
233334  
257766  
339784  
428357  
538692  
264099  
302825  
277338  
294470  
274444  
300474  
427914  
486131  
606744  
331822  
381900  
599220  
465584  
463850  
374249  
468453  
517116  
1074806  
608030  
938961  
754322  
826215  
772861  
1087838  
425798  
296352  
453571  
293417  
605916  
494976  
1687958  
731695  
976422  
1089880  
928479  
642193  
1068216  
1011138  
942135  
679751  
576168  
585628  
531046  
796625  
571848  
937151  
828773  
563676  
741071  
704956  
1244960  
648816  
678755  
505395  
854106  
731602  
550779  
566897  
476340  
615803  
843926  
694121  
751798  
939294  
1075682  
461438  
879999  
999935  
868875  
854912  
585753  
443227  
495778  
592950  
814661  
797822  
496987  
376842  
361953  
385989  
627790  
683295  
523957  
562636  
754353  
505173  
457634  
579972  
554422  
418486  
367997  
439117  
416545  
772313  
643542  
559190  
825549  
372683  
609716  
896054  
1116713  
400151  
267586  
194669  
291299  
382965  
450323  
447321  
345586  
584700  
761735  
409697  
444322  
535794  
526854  
826100  
494392  
487907  
594201  
1194627  
10273770  
4315405  
6665599  
2194206  
773981  
4432487  
2275622  
477845  
427948  
477370  
455805  
978710  
592301  
338388  
316435  
242377  
237753  
528187  
757299  
632773  
995074  
245173  
767969  
414749  
835627  
807153  
420494  
492666  
129866  
424852  
733079  
415113  
395110  
575757  
400272  
564289  
316856  
248362  
352193  
540554  
416759  
342303  
400768  
457115  
440963  
827915  
685335  
550341  
256904  
721662  
494528  
713238  
384705  
755433  
541219  
535153  
518078  
417654  
819583  
587037  
534664  
573246  
812282  
972324  
474339  
622565  
543959  
735035  
472130  
564945  
707424  
459749  
681439  
467233  
738550  
431203  
666526  
335837  
450853  
524843  
321713  
347055  
259914  
265740  
436301  
327669  
539523  
725893  
682832  
639540  
395718  
344800  
440955  
499819  
380216  
819590  
512346  
803836  
456674  
309583  
413811  
406150  
401290  
437509  
619387  
545957  
426178  
342291  
324329  
700852  
281275  
334382  
493283  
549706  
742441  
394355  
350216  
574039  
527187  
363381  
166929  
194174  
834946  
1278254  
380904  
190656  
343141  
812989  
330926  
252309  
565404  
360684  
399658  
484749  
508531  
1005869  
584037  
714674  
346839  
457972  
407671  
334240  
436083  
530689  
153452  
326043  
333842  
596471  
311439  
204852  
189330  
192887  
247155  
259603  
249803  
297216  
181386  
316977  
144339  
80421  
158814  
137997  
125198  
171270  
390372  
267739  
161408  
127760  
97095  
108579  
73548  
230003  
92295  
129406  
317365  
144905  
282194  
96177  
414346  
312332  
331266  
242551  
265485  
451955  
344947  
316195  
897191  
822265  
742773  
650203  
198357  
303032  
406356  
554363  
281304  
617496  
464632  
301868  
682178  
555602  
307082  
337118  
212086  
1002612  
340189  
329776  
565730  
885752  
524445  
607185  
424599  
235560  
794338  
594449  
386429  
457127  
139629  
345835  
220229  
218706  
219990  
213174  
323779  
199414  
127375  
203964  
172828  
125409  
316308  
385397  
158346  
121548  
169312  
132402  
186117  
301950  
122489  
109389  
123848  
174746  
154797  
324996  
491759  
284069  
476671  
300918  
468247  
744977  
565836  
440789  
711776  
378582  
736413  
855686  
146631  
398555  
479635  
705469  
665463  
312813  
174362  
525248  
803249  
495020  
428995  
94367  
132266  
302787  
226916  
251528  
352219  
395143  
376838  
290038  
380714  
346291  
630255  
324707  
328062  
185030  
334424  
330169  
440306  
191412  
165221  
131632  
170933  
340319  
355731  
294364  
465780  
366950  
369209  
308581  
396534  
782340  
974784  
521057  
207979  
226397  
415567  
390120  
287308  
370135  
326191  
347038  
807341  
1178102  
330328  
176225  
290408  
283699  
503166  
352315  
649546  
457476  
311365  
340561  
300460  
667220  
533543  
520739  
509336  
655940  
572342  
654928  
685407  
484277  
605598  
418267  
489709  
848849  
831663  
729821  
472277  
563933  
873585  
473822  
99982  
364506  
216884  
387949  
305814  
236509  
208241  
126459  
272856  
450236  
201475  
132394  
189665  
180410  
45787  
80685  
117365  
199117  
241881  
248947  
258104  
849421  
411048  
366218  
139354  
352392  
340252  
508358  
452733  
351105  
267298  
396007  
186710  
327469  
340878  
438923  
564179  
733884  
744727  
454121  
367169  
149500  
144123  
570125  
209180  
200157  
334814  
304961  
364864  
557073  
366121  
267269  
327591  
303191  
257223  
359222  
625920  
368789  
599188  
323621  
442932  
617260  
473492  
420437  
304083  
435761  
578987  
861103  
590152  
902363  
672821  
477085  
798720  
1312429  
230680  
246815  
487140  
264375  
525607  
652127  
1388087  
700195  
1214137  
835818  
649790  
573485  
1128754  
960881  
733025  
598961  
570737  
549404  
632442  
801647  
1065152  
938804  
1420461  
784585  
647632  
679951  
872819  
546868  
525896  
516110  
779436  
852858  
656271  
529022  
599649  
496397  
835639  
773314  
503431  
1040818  
955805  
482501  
795023  
978799  
966687  
753679  
855453  
433752  
626946  
624413  
839740  
849307  
683891  
421959  
352859  
348107  
365789  
255665  
526650  
504596  
683669  
386077  
406530  
486400  
533356  
330392  
362042  
308919  
452648  
677312  
644987  
594068  
699405  
249352  
505563  
798413  
1327584  
479364  
283963  
151016  
321858  
454931  
427899  
440939  
364117  
532158  
