3709327  
2333722  
641513  
3581278  
3910505  
3771427  
7836399  
12939597  
4128908  
6585826  
3016790  
2250226  
2332519  
3653062  
2856097  
5512823  
7639061  
6185992  
8164289  
8396191  
1525659  
1218313  
4667457  
3641797  
7629050  
2067302  
2011918  
2063071  
8095120  
9359123  
2798235  
9726917  
860917  
6608666  
10732909  
3560684  
6004330  
2574380  
700298  
4244466  
2208957  
4712030  
2243894  
444283  
3086944  
3419573  
4382830  
7512398  
13914727  
4522910  
6904047  
2277057  
2693107  
1908354  
3304940  
2915591  
5563199  
7478324  
6113648  
8140488  
8853004  
1705587  
1238785  
4968810  
3579855  
7670210  
2191975  
2091883  
2439002  
9063061  
9195530  
3210006  
9189263  
923549  
6604916  
10718208  
2846848  
6100878  
2532896  
723804  
3847473  
2210030  
10126885  
