0  1.36604e+06  70945  871745  232462  176647  645443  59223  2151  27320  4455  24165  2983  2299  3046  37919  153741  63877  32259  50795  33185  19596  81771  58096  15826  4421  19912  194784  31565  56302  11986  519158  10879  1.09398e+06  88629  145107  620832  48349  70910  26002  38110  6121  1619  4163  19796  3682  1675  11082  17615  5578  3261  1438  2797  261  189  429  2054  1019  6088  2207  6426  1048  710  1552  3819  692  75  229  627  1326  593  178  611  40  842  6307  15026  3305  1409  1887  1565  775  40707  
1.06484e+06  0  12198  6534  664047  117675  672752  69452  3212  10795  3639  234  888  823  2284  14405  38835  44587  18811  41878  14299  9571  31730  29151  13439  3430  17963  19131  18128  25513  6368  63227  2673  49307  380684  541852  319226  64736  24253  61782  36212  2511  18081  2868  1379  73034  5051  89580  49219  10594  2604  955  303  69  60  337  1306  590  3720  1345  4320  674  376  1291  2113  599  83  360  693  861  351  89  405  19  767  16749  10930  4092  2665  403  2064  1289  73385  
79333  7748  0  348576  1527  413  275052  151711  147  267  201  165  250  177  347  325  276  2701  978  3309  1661  1749  3729  6037  2926  474  4229  15080  5031  6744  97  3666  104  759  27108  78147  46974  2461  24242  6931  6656  14772  9929  16384  22282  13012  469  37639  30529  482  173  55  421  72  46  65  132  82  491  312  595  171  92  1349  780  155  17  261  682  305  244  30  211  3  1273  2370  59330  2170  427  852  320  430  5140  
910139  2941  257860  0  960  356  12624  615778  124  368  329  1.07632e+06  15799  12089  11253  413  341  3978  1459  13636  2927  2334  6671  8336  8968  1119  26235  118275  13664  24760  146  71133  155  58099  17842  37444  30290  2267  22804  9245  18796  94239  10020  216873  1.32355e+06  7427  720  161318  288460  981  485  283  161961  6403  3668  2171  400  298  1500  1027  8587  627  252  4446  2142  498  68  1016  2395  1255  1117  92  1137  25  4548  6875  136889  8611  1390  21655  1226  3571  5740  
530468  1.03095e+06  3310  2030  0  1.72704e+06  1.21237e+06  142956  14350  64263  10222  263  6717  4007  7611  49812  169335  60460  77935  45688  9705  2903  17398  6102  8825  3584  13305  11651  13469  40016  26803  118888  6879  494734  378843  425358  336445  69299  1755  40539  21214  906  3973  1165  566  114207  55114  192010  134934  86309  9707  2824  310  192  179  659  3670  1289  5693  2145  6922  748  263  2262  897  1122  127  606  1174  1849  1031  367  1288  74  2959  40735  9060  12335  7087  197  3429  1801  101073  
293665  203778  1407  1109  1.17369e+06  0  570631  324876  482376  1.51672e+06  7185  157  4678  2760  3445  113151  186594  89373  134181  19665  4458  1113  9836  2371  3068  1516  4091  5801  20565  45489  19596  228740  13862  1.05452e+06  98267  55845  253771  45815  562  8613  4706  512  860  212  178  24132  48158  135334  211413  222207  54568  2686  122  133  111  400  5478  1399  5276  2837  6191  468  137  2671  612  3070  92  497  823  4974  2663  794  1857  87  6177  24124  5007  10133  6642  74  2236  945  50868  
506067  845946  413673  58145  1.74271e+06  861503  0  2.1849e+06  761165  131525  8104  773  5481  3173  6116  28845  66766  88429  208667  51520  14242  10980  38074  35337  16960  4648  20312  37461  68813  184451  38555  35718  2292  22180  420313  705041  375091  59877  96199  60852  38299  18636  63349  19157  11633  384916  144357  754569  444623  367260  26554  2907  1337  371  247  1391  5557  1895  9318  4319  12761  1657  630  5550  3426  3084  222  1818  3648  5224  3343  1006  2951  112  8143  101469  81961  26060  17206  1337  8507  4763  113676  
32359  55547  296030  971437  80531  169896  1.85775e+06  0  1.64178e+06  340059  836497  1.17243e+06  2.13799e+06  1.05671e+06  271778  34327  8729  99213  52926  844404  62538  12171  53544  19701  24411  22060  32970  36925  85600  51134  2326  35974  2413  40791  345569  410937  349218  100493  16790  81803  28810  43495  56061  84584  115712  309390  180328  795121  3.20744e+06  646869  317527  49195  175716  46789  38306  29098  47819  5340  31589  18181  148518  6643  1312  16660  5391  15174  1369  4677  7804  19732  9764  3016  9836  609  42864  220005  143950  83953  53097  14085  22109  9681  185993  
1776  2817  582  469  8907  610072  554543  1.37688e+06  0  1.61621e+06  1262  59  310  885  324  13821  5821  103738  165481  3754  289  109  16699  260  994  189  804  1052  57178  51002  2092  5090  180  6056  38065  19180  30986  13991  157  1459  1261  428  432  73  75  6298  16186  30108  174409  198095  155564  1765  31  52  24  179  10785  887  3435  3854  3115  173  33  3603  487  5839  93  584  743  9133  4244  1417  1957  95  10445  11385  3242  10615  5266  90  1908  475  28747  
75740  45113  2306  4694  76565  1.328e+06  176330  811109  1.41211e+06  0  102568  1658  2585  4628  3403  2.16363e+06  258783  153257  147635  18858  2602  540  8757  1169  2283  1172  4258  8500  31568  87454  29462  472411  43771  695521  95474  66850  408034  236344  1919  4634  4744  1404  1009  327  701  10545  15296  27717  249278  143172  456219  47748  530  276  374  423  87414  3550  8423  5646  6390  367  80  5779  774  7345  127  1076  1548  9062  4526  1313  3550  250  26863  22491  8901  43226  28155  1503  8386  1977  146075  
2883  1837  1317  3586  3428  1622  5975  852837  970  199794  0  7594  55577  948362  10645  115626  6785  23664  2420  1.13637e+06  5809  663  1540  814  2304  2512  3530  4012  2058  2269  137  6601  1466  8542  17724  8052  29324  13111  736  6975  2067  925  921  331  693  6014  4379  7332  232351  9109  275152  243350  1800  3909  28258  2675  114968  18060  29905  6349  55933  1275  190  4490  517  2999  248  595  944  5362  2201  289  4633  275  11221  26364  6999  32111  27783  1460  8931  1648  38863  
112768  1906  7073  979171  1325  413  9649  1.11123e+06  171  374  3506  0  394456  152617  144120  655  433  2435  651  128374  6323  1540  1906  2752  6749  4530  28619  76680  3328  5631  54  52795  161  41188  12465  8829  15103  2248  7268  15265  9036  26395  1412  32249  193658  8639  2426  43016  279094  3074  547  1009  554351  33874  13598  14255  616  252  2803  1346  49303  1689  241  1833  990  601  177  598  1235  997  543  100  696  20  2302  18557  37377  7722  3483  30615  1905  1350  7107  
52166  1951  4165  92150  2973  1064  16126  1.074e+06  704  906  38343  454295  0  886920  458587  3545  882  6560  1374  645669  32774  5183  2263  4720  8373  10635  21816  41315  2764  3796  120  27278  297  18079  21226  14121  23203  7518  4172  28608  5338  3215  1459  3668  14676  19005  8850  31200  269177  8063  1870  5110  132080  378380  61069  30175  2111  628  8110  3795  119335  3727  496  2347  1256  1395  542  886  1324  2078  809  258  1160  67  3943  29300  8000  18648  6886  23157  4001  1579  15863  
49501  1338  2264  90820  2237  679  6625  862436  488  3878  1.07346e+06  240291  842344  0  675711  14716  2125  13856  2044  1.39428e+06  54593  7389  2319  5766  6726  8739  17694  34292  3874  4663  169  25715  594  16621  20560  6426  21414  6328  2304  30388  4435  2528  641  2333  9052  3529  1967  8258  150328  4469  10149  39670  44588  162712  614543  48884  6194  2363  18057  6352  219687  6081  871  2410  1576  2251  949  854  1013  3294  1163  290  1487  149  2845  17420  4725  4607  3577  9168  5198  1055  13338  
21496  1112  2015  50821  1719  390  6073  150776  273  687  4585  113509  245538  571602  0  2416  1666  14004  1975  1.78925e+06  137954  98440  3124  463729  12491  74189  25400  16516  5292  5425  258  13521  607  8065  48985  6108  19947  6257  1255  113676  7762  1997  620  1779  5345  2769  1044  5766  37599  1400  834  5489  17232  23664  154926  193319  3143  1810  35082  11460  176262  5325  1123  3074  2929  4266  2852  2372  1755  5785  2070  897  2096  181  1538  20061  4203  5224  5202  3186  17815  2062  21940  
79272  45246  2321  2854  65754  131618  59828  71877  106265  2.28901e+06  150849  722  1582  2595  2532  0  1.95231e+06  718990  124057  69560  2586  491  7197  1019  2687  1281  6931  22128  39092  143509  36407  698614  273117  800226  86647  21098  446882  196761  2134  5534  3586  523  527  192  358  4279  3840  8310  21471  12430  47313  34781  218  121  253  415  65962  19381  33258  7157  15190  387  65  5692  352  3610  97  325  637  6125  2614  328  4419  341  5558  11718  2640  12811  10176  306  3570  782  147237  
143537  111325  2239  3973  235092  177799  145551  54847  54173  226667  56323  1659  1663  1997  7474  2.19037e+06  0  873561  1.68202e+06  212870  10319  1501  12868  2406  7073  6400  12753  27518  64461  381533  460688  1.98099e+06  433391  601066  67342  31352  290964  59108  2043  18932  6658  1051  1053  304  667  9079  7532  17790  25786  18279  25869  52080  449  242  603  1764  116314  39219  84445  20814  59073  1331  264  14454  881  9314  387  1004  1792  16027  6572  1107  10538  922  10712  26839  4221  22389  17552  678  8341  1712  75324  
36484  17775  6216  7354  12480  49698  68149  115262  142867  118919  38198  1076  1310  1594  3265  497476  459931  0  2.89844e+06  993152  250170  7807  744149  32357  97925  18907  21626  70457  316053  265299  11090  259418  30994  176851  206865  31179  375522  116285  8163  136935  30893  2270  1229  899  1195  3768  2407  7214  19895  11221  18085  18946  539  236  281  2251  41396  46489  147515  46487  75525  10411  4916  18422  8260  13926  1032  2149  4138  25139  9301  2464  10360  1381  8184  64833  4914  14266  10168  1034  25715  3769  167162  
22730  19752  3545  4118  51124  107359  275713  114937  515905  83199  8501  392  670  596  1960  42772  1.71009e+06  2.93115e+06  0  208910  67340  1895  1.26297e+06  17142  118462  19783  13157  34431  634758  1.99513e+06  622641  198500  15028  82554  69418  15366  179159  49181  3458  46273  13132  560  414  280  426  3446  5322  15066  25799  30124  16697  4055  139  60  100  649  8654  4728  20074  7769  15457  1112  391  3222  1058  2715  192  447  829  5120  1924  592  1889  183  2342  13080  1856  4438  3241  298  3654  1053  53234  
22382  9708  8219  31837  6467  4089  28235  370941  3143  11620  654212  69038  224776  566120  1.9007e+06  40606  30600  945645  135791  0  1.6791e+06  600029  100878  624904  106743  204423  140023  71078  117671  108236  4218  109191  15475  51477  245637  42046  190515  72283  10501  532871  51788  12485  5463  4752  7623  12060  5197  21663  115050  12253  24609  76141  18598  28700  102437  114073  92230  88133  524409  213658  1.16331e+06  74238  26007  78997  45328  53607  7397  11841  22496  109686  37535  10098  36826  3572  25394  300492  24534  54248  43814  7323  119808  19387  194040  
2488  1253  1129  1533  317  139  3465  6269  60  188  593  349  929  1120  72405  234  346  114906  5335  766115  0  608362  25768  245725  13210  26682  16259  6980  7299  8842  261  8394  247  3541  46532  3187  22580  7944  1379  80711  6682  1123  402  369  509  560  130  1098  2074  270  247  208  228  118  137  6830  375  346  23180  12175  45776  120994  53744  11837  62376  3877  1820  1394  1739  6156  2039  161  2111  116  1274  46712  1276  3129  1919  419  39646  1914  15454  
3139  1512  2006  2427  167  63  5584  4017  42  86  118  249  220  337  47451  100  120  15395  567  176102  523577  0  23280  695003  10880  49027  11532  9619  8167  9923  122  5216  101  1433  44987  2930  24036  5493  1621  76239  6958  708  316  313  388  472  78  884  1137  107  71  85  153  63  57  2350  174  208  10082  3012  15067  95135  158151  15357  89841  2286  1343  931  1016  2497  1196  87  1395  82  891  25716  729  2298  992  342  30138  1540  11750  
44479  18985  13479  18114  2626  2337  43971  68407  16666  2443  4390  1025  849  692  2200  2356  2172  745602  977914  244292  147314  20904  0  313941  827742  71859  38922  74617  1.38438e+06  549468  3017  90481  1660  38606  98704  19199  245736  57701  10159  117542  43672  1105  601  708  1284  1543  591  3414  6199  2707  2574  853  284  85  53  545  1632  1121  12093  7426  10436  5243  2709  5042  4847  2283  471  527  1035  3833  1231  195  1143  80  933  27045  2138  2582  1613  641  9058  1488  63753  
15368  5087  11185  15908  463  190  24206  15625  119  310  686  1648  944  1285  510124  329  272  81148  27525  579366  326266  801031  440829  0  1.68059e+06  707573  58406  88297  123294  100330  317  22307  201  3256  104160  15511  111816  18445  12344  336024  37004  1053  354  623  1397  575  143  1378  2529  394  376  223  368  125  125  2502  433  394  6272  3166  13788  10838  13779  15648  121701  3679  1639  977  1129  2256  798  79  879  36  594  24203  2110  1955  1053  1064  28703  1948  66084  
11681  4112  7178  12321  1435  894  16288  26575  517  1148  2474  2691  3722  5416  18363  1437  779  152525  84999  209349  112401  39233  1.13418e+06  1.58074e+06  0  1.79928e+06  1.40084e+06  227111  3.56557e+06  187026  372  22368  687  6573  212849  34573  92431  32620  14909  560296  158963  1025  313  527  1205  906  430  1971  5307  1376  1359  604  507  193  130  4132  1133  834  9414  5143  11096  2585  1452  3167  62402  33829  6693  1855  982  3004  1068  243  957  70  679  15145  2253  3159  2768  907  11389  1567  147361  
2578  897  1622  2997  403  191  3427  8912  81  377  691  1147  2291  3848  36217  522  323  35179  18131  90401  50214  38512  94900  409793  1.53193e+06  0  389130  24331  68008  31596  126  5580  198  1776  40721  4999  21370  5640  2985  259126  23339  272  85  123  308  292  128  581  1610  283  361  263  190  77  51  541  343  309  3039  1393  4427  1178  769  877  2875  995  394  260  321  872  327  81  292  16  209  5466  628  796  746  274  6645  451  152674  
35894  2721  4734  24076  1644  453  10766  31500  298  1010  1276  8589  11317  15071  49555  6144  1131  23933  5466  90435  31374  14074  23292  30166  1.01134e+06  615232  0  361934  24411  10193  336  7015  512  15864  209998  24665  92406  50785  16952  639630  409460  1727  277  792  3147  1015  411  2243  6575  680  549  894  1461  398  234  1186  868  611  6295  2338  10417  1885  1188  1822  2741  1284  805  659  887  1556  612  194  628  25  506  13354  3407  1954  1356  1602  14191  1539  87557  
208107  8465  12190  67158  1674  873  25838  27442  773  2657  3465  16232  4535  3637  5373  25445  2536  62695  17233  46773  27823  18656  57614  51759  136984  7027  275424  0  256467  456979  2889  432674  699  103711  235404  36570  466614  160174  87954  103589  753957  3759  383  1762  7980  841  276  2631  6421  730  1030  856  3000  480  307  590  1405  943  6819  2587  7501  1232  848  2981  3686  883  145  351  1469  1817  771  146  893  43  678  11939  7177  6148  1493  3751  2905  2280  186795  
14224  5773  4758  9157  4451  5638  22210  52242  34705  4345  5124  1076  1340  1474  7223  6160  4030  255110  272906  121582  41455  24911  1.42367e+06  84425  3.4154e+06  66551  128809  393789  0  3.90489e+06  16935  41228  2044  19655  212372  34017  96610  35150  9113  328978  48578  931  442  490  903  1368  988  3170  8199  4303  3516  3467  312  121  159  1602  7556  4895  32388  13603  30578  2755  1424  4834  7274  4914  674  838  1512  6986  2554  867  2692  234  2016  19522  2555  5517  4416  568  8268  1702  70441  
39130  26380  7916  16389  54705  34656  142816  68170  102894  19786  14116  1392  1505  1587  18415  14838  379871  414979  1.25045e+06  294807  116183  39001  494941  96031  55303  25526  34816  790272  3.42788e+06  0  1.22831e+06  3.39811e+06  5269  67224  142221  28325  263040  99501  7457  121972  42291  1661  1095  817  1552  4237  3204  10094  19412  13157  8281  13323  464  235  598  4798  29181  19949  112872  33979  108851  5391  2280  11260  7242  9759  1149  1824  3257  16050  6517  2537  7363  788  5768  39877  5887  14365  12721  910  15583  3734  111776  
4447  9175  657  953  28988  16670  68853  12424  31061  8290  2675  138  273  251  2442  3853  388026  83919  776439  47818  25714  4593  13959  6197  4683  2962  4690  14413  32913  1.9524e+06  0  568634  674  13852  21994  5484  47189  21404  632  9724  3361  301  236  142  147  1279  1280  4054  5734  5411  2312  2781  66  32  76  700  6154  3162  16668  5667  16621  960  502  1932  741  1605  142  310  636  2936  1302  368  1298  146  1113  7702  1144  2812  2372  120  2434  795  18217  
621621  148580  19606  69879  148930  286743  126422  125279  11481  464989  30762  9573  3819  3612  28363  456563  1.49837e+06  684108  437672  529243  177867  40908  235195  94048  67916  37474  49643  890955  100205  4.16997e+06  670074  0  1.05433e+06  1.49431e+06  197268  63594  1.25589e+06  111432  20406  110496  126414  3457  1636  2042  6779  7735  5178  15884  30023  16331  10279  17048  1728  478  982  6798  35584  33999  187332  47513  175402  6876  2681  16453  7669  13828  1477  2529  4414  22302  9421  3480  10613  1399  7679  54659  10209  19675  16637  1903  20256  4986  163596  
23392  10641  373  441  10841  10855  2988  7909  451  38993  5603  94  149  197  1074  157214  267786  45464  17408  31006  1753  200  2077  421  1501  1185  1761  2937  4087  13642  4076  614388  0  342541  5221  3787  94601  2959  186  2526  627  67  64  27  61  490  317  779  1665  841  1279  2834  35  22  65  192  5990  3113  9937  1891  7434  138  25  975  85  724  33  81  133  1163  481  91  698  90  636  2015  315  1393  1132  45  671  150  4918  
1.50887e+06  258762  7947  44979  762516  1.82214e+06  48597  137604  12249  1.2931e+06  25111  14062  4227  3207  6299  1.3656e+06  1.20976e+06  318423  124642  169321  25103  5667  42073  12330  12684  5972  29287  78352  37898  123496  47422  2.00633e+06  765151  0  61683  51794  1.64758e+06  35641  5155  16252  16470  1722  552  824  4651  5620  5076  15284  32435  17352  13311  10262  2101  335  397  894  18926  8467  30210  6838  25236  913  394  3387  1100  2551  182  396  691  4069  1675  432  2110  228  2696  11344  3971  5977  4427  1075  3000  827  35093  
54560  134302  88680  74502  137418  65117  537536  1.62793e+06  86241  297847  150558  15616  104416  94917  202906  312572  35809  982528  223975  812059  101394  55704  130619  131306  357840  108998  767058  516100  343146  346959  6637  130793  22056  66949  0  3.85835e+06  468006  489923  233773  2.1868e+06  1.45525e+06  4512  4783  4338  6867  43409  28963  105230  378745  97748  44827  20408  5382  3921  2372  9014  19320  8670  65921  23788  87581  16486  8461  62294  25510  11591  4249  5600  10746  14735  8983  1647  10154  526  12463  453621  18709  53200  36844  3979  79030  36538  3.84228e+06  
68599  143715  157565  103975  84568  14974  525153  701040  13454  43615  57173  1828  22135  20287  36004  71809  18016  174478  25198  224527  13388  10920  19710  33310  63950  18086  121045  83130  58197  57034  1301  53780  11750  59631  2.60771e+06  0  527186  356303  728112  380257  238209  2110  3779  5202  5294  23271  7738  44837  76986  11957  13312  13332  1455  1077  518  1235  8561  2291  12805  3567  18430  1483  622  4822  3206  1411  243  689  1954  2366  1085  214  1415  90  2389  46976  9894  16687  8900  1942  5711  4684  583912  
185250  278536  158134  106652  88192  29393  538551  1.22749e+06  30058  258173  104825  4568  47210  45282  70488  356481  32058  371172  114949  265287  61313  22848  91940  53079  38819  21391  63540  143414  54642  112845  16381  205634  14395  294012  408901  1.35055e+06  0  1.52036e+06  308125  90661  78140  3777  6361  5437  5923  32634  11362  66202  151103  31483  75244  33106  2536  1829  1624  2186  22466  5770  24291  7387  28068  2445  1301  7212  4597  3252  300  997  2819  5365  2410  557  2927  209  6376  40831  16419  30965  12070  3509  6734  3622  173052  
5574  24311  10730  6628  7684  7740  54093  212216  16104  138135  41919  700  9144  8562  13628  168748  8441  136184  44886  95638  20460  3850  18183  6136  9827  5158  14910  15993  15991  38985  7316  10419  797  4068  93822  203942  1.32548e+06  0  51472  16335  55348  522  777  565  611  4698  2309  9886  29770  7782  14365  8726  384  310  457  609  5209  1786  7805  2148  8729  716  305  1933  1089  915  102  225  654  1425  630  166  725  65  1140  7986  2517  9283  9458  474  3473  2679  398112  
57872  6340  64651  111383  207  108  57935  51782  71  449  341  9168  1830  1479  1472  517  347  3922  879  5254  1322  1399  2627  4897  9651  1443  22817  43040  10471  11961  47  3953  149  1831  85740  403038  125435  5559  0  21875  49380  7164  673  4662  8866  1271  156  4215  6147  241  285  76  1190  216  121  160  337  193  1045  641  948  365  189  2895  1203  355  33  423  1898  1130  694  44  837  8  986  4115  16386  15747  831  12933  848  2868  10381  
16619  3594  7254  37508  3208  782  14969  57557  512  1574  2093  24288  21441  42118  167653  2444  2012  58811  12120  224548  82495  49356  32717  102516  334937  755623  1.61954e+06  172376  294913  195830  582  21932  1028  9587  1.61419e+06  81098  68867  36797  25671  0  1.33572e+06  5155  1409  2090  6115  3198  1056  5884  16728  1787  2053  5714  4550  1458  1169  8708  6868  7529  73495  36176  93677  14251  8862  14478  16938  13729  6196  5757  7860  22455  8016  2279  7205  499  5354  91355  10453  14365  11717  5258  115789  12169  132277  
7972  1770  2299  16852  1183  431  6541  17523  469  1580  1217  11285  5637  7819  21976  2387  549  24004  6323  24386  15582  7082  22683  13782  104536  22539  1.21234e+06  228700  22338  28926  315  10629  260  4210  815233  63669  85828  182299  31769  1.37344e+06  0  1104  134  429  2378  577  271  1338  4628  748  673  749  2036  514  348  1184  986  695  5788  1964  8382  1702  1178  2902  2382  1096  603  594  982  1275  541  153  639  32  460  18708  2082  4327  4737  1694  12037  5630  293615  
3123  4877  7503  21897  1297  1580  14299  23511  1975  998  469  1605  704  239  451  688  777  3677  701  5201  1344  1348  413  996  547  140  1149  2904  1739  1613  123  1909  183  748  5110  3305  3144  1159  2398  2054  1149  0  1.44741e+06  89377  751884  433179  138402  557826  92032  11746  15760  1586  9992  3935  1874  4410  23960  8222  39599  50596  26501  12257  4206  156033  33410  11342  860  34464  495753  19383  29273  4827  540449  3961  1.3243e+06  122564  126647  322055  71557  28827  13239  28761  42035  
4931  46948  21684  9909  3451  1093  71287  42816  1272  659  406  188  252  114  334  381  298  1687  347  2509  571  578  244  450  223  115  444  821  685  663  58  703  81  333  4121  3769  2064  774  768  1138  676  1.07922e+06  0  11908  2626  863911  53045  426954  17216  4554  9450  1441  495  349  313  3826  8821  3204  20806  16500  22160  5575  1437  42556  7554  6662  699  5837  27233  7239  5059  1268  48044  548  65584  288158  300925  220998  79707  3447  26182  12322  55132  
5795  5471  28341  86836  992  158  17199  40244  82  66  56  1811  137  58  98  70  53  398  109  637  232  261  307  533  431  72  861  3608  731  1051  16  796  11  119  2101  5625  2475  328  2373  654  1108  66424  1514  0  90439  1710  320  411544  180248  768  378  178  494  173  127  528  554  182  2211  2138  2240  946  342  10151  2496  727  76  464  1301  1086  1178  150  963  27  4185  14573  58833  44176  8511  7320  1614  1008  3742  
44851  3867  101624  1.60198e+06  701  217  28834  127808  86  131  169  215372  4735  2811  2677  162  159  1234  366  5127  779  614  1358  1867  2434  261  7062  27683  3217  5283  41  12719  48  7900  5678  13329  7487  707  6947  2537  5269  778330  2211  132299  0  2107  503  56882  660187  801  472  369  920869  15174  5657  3020  442  261  2201  2350  14849  1514  609  16223  5816  1062  129  2073  5123  2612  2869  206  3015  46  13525  7685  180020  23187  2144  30424  1452  2598  2734  
2358  55215  6113  2341  59225  17889  133360  109736  8461  4311  1584  262  2227  708  1002  1968  1776  4543  2311  5587  765  580  803  572  645  286  1047  1068  1887  2932  546  1959  236  1755  25894  21466  9511  3591  402  3304  1647  598738  847696  1460  593  0  1.33082e+06  1.17258e+06  72795  42975  74025  4861  439  302  331  5627  39800  20369  47507  31403  37023  6868  1270  31625  5759  9156  956  11103  16307  10375  11587  7910  60452  5007  517705  271360  281245  164030  55088  1830  29770  10919  61875  
981  4049  933  782  33570  51155  90808  175082  57813  20700  2731  135  3707  2090  457  3772  2644  6263  5364  5855  678  489  1549  418  672  211  825  993  4509  5366  852  3127  257  2677  29012  11701  13022  5185  235  2485  1486  214378  134882  1275  455  1.70098e+06  0  825658  242471  676527  1.6053e+06  5479  330  275  335  4814  81860  81997  46168  40832  29689  5373  1107  27601  4921  10618  692  11490  18466  40266  86014  51749  180017  19467  1.33733e+06  196164  207909  148974  47929  1523  21407  7831  63740  
13867  131406  65860  46079  140482  63462  437948  360748  24666  10209  1967  1014  3213  1307  1852  2857  3302  6976  6266  8052  1368  898  2071  1430  1622  534  2896  4111  3960  8256  1622  3991  255  3121  66587  62083  22723  7770  1993  7516  4676  469019  420920  228459  11235  1.516e+06  1.31491e+06  0  1.86361e+06  1.67334e+06  102754  4110  914  438  384  5022  18191  8152  26774  17827  30214  5368  1277  39253  6754  8945  700  4646  12079  31680  54791  16396  20196  456  38858  231259  438395  180035  72372  6282  28673  8673  65748  
46156  119871  170028  363643  188680  159189  705205  2.93183e+06  330116  233142  82345  80134  172883  74160  32431  28386  9605  41555  29511  152136  11826  4606  14080  5627  8169  3547  12748  21105  32442  33198  3549  18654  1432  20006  281168  189728  137670  66722  6936  29522  17152  48305  19985  286676  851097  172363  143578  1.73673e+06  0  2.05779e+06  474492  554533  1.12574e+06  948905  669087  286926  38973  7911  85212  56627  716416  44506  4947  61662  21625  75523  20476  16673  13873  22186  12276  2791  20427  1182  96680  287552  711117  224551  138466  26453  60068  14392  205722  
985  2153  631  524  27888  65670  82717  185332  123418  53378  1936  71  793  891  206  4357  2323  7571  9324  3796  341  138  2729  270  827  173  743  848  8443  8676  1071  3786  191  2966  28208  8167  14721  6287  156  1827  1144  2430  2651  1007  343  40520  675982  805323  1.77546e+06  0  1.68151e+06  1645  193  88  84  744  19359  13480  21214  101712  8350  691  155  70808  5106  60373  835  2401  5048  108668  114493  55555  17584  327  23032  33122  227543  29697  22329  538  8555  1559  30208  
3802  2883  1693  5603  5826  19982  22970  235418  119236  184398  38383  1308  2359  3919  637  21171  4820  11133  9227  6502  450  230  3481  369  1006  210  2010  3873  9964  8341  578  4261  568  6442  29506  11010  33975  27568  1317  1847  2727  44962  23049  1274  1390  114971  1.38177e+06  100919  845854  1.47259e+06  0  139235  1607  1015  705  1870  2.32534e+06  172646  73595  90835  13179  1362  291  49034  1989  20478  342  4107  8038  75833  107767  53109  479457  127289  940037  106962  636088  226349  171869  10128  48857  9961  143201  
5873  4426  918  1865  5374  3542  7927  128245  6663  274122  267376  864  2903  18033  2012  119241  34421  29761  5431  62060  1627  506  1042  519  954  440  2209  6498  5679  9379  804  20800  5356  25948  65256  19683  92146  73206  871  4066  1953  641  423  363  1367  2077  1406  2784  576385  2304  232211  0  5783  16511  588633  6241  87768  4025  48384  2558  481397  7984  757  1059  822  1056  491  502  653  1185  484  131  2289  215  4404  14390  5439  9425  8850  2607  3966  1155  77719  
48588  5314  13898  336925  3837  649  23243  266928  238  425  1909  849792  204307  95870  82188  820  430  2741  577  95352  4103  1302  1216  1770  3168  2594  10507  29958  1879  3067  48  20585  121  13808  13835  13641  10191  2982  2275  9306  4299  33308  1141  18599  606638  6468  1479  25917  1.13462e+06  1999  837  3813  0  273519  69372  56812  1049  512  4458  2082  207343  7306  718  3375  2180  1218  763  1829  3346  1869  1350  163  2036  39  6279  19535  44692  11910  5440  184402  3539  3328  9148  
4341  1454  2196  13183  2443  1706  9467  120116  1245  952  5825  31520  371840  155831  85731  1761  694  3473  661  129213  5417  1607  542  1159  1755  2677  3626  4184  1255  1335  80  2739  183  1715  12593  7232  8044  3383  563  8422  1390  4568  530  3270  16472  4869  1789  8391  1.02084e+06  2446  1296  24237  308573  0  408166  115392  2582  811  8548  2964  374373  18595  1776  2515  3180  6237  7468  4569  2605  2009  986  194  1669  71  4654  15327  9965  13087  3929  119405  9664  2810  9064  
3671  1023  1235  10759  1664  1042  4368  68375  868  10587  67276  15418  82147  762229  219712  14446  3290  9614  1314  365561  11910  3001  586  1751  1478  1981  3041  3927  2333  2409  167  4603  715  3470  14126  4607  11214  7477  476  7537  1320  3604  318  1549  16078  1392  681  2894  756385  1438  3518  728123  160948  508911  0  488487  9555  3251  23977  5091  1.03702e+06  46590  4447  2568  5185  4274  3957  2776  2316  3396  1490  361  2055  135  3556  12145  7714  5590  3234  99411  12938  2439  14594  
2419  869  1614  8025  685  362  2846  21919  253  903  14492  6859  11022  36304  205302  8310  2584  23149  1985  204910  19394  7247  1169  4438  1859  3513  4719  3220  3862  3317  207  4523  758  2651  17448  3204  7727  4028  499  18274  2284  3682  563  2339  14017  2079  578  3826  123075  741  738  1621  55818  102320  401527  0  827  877  53635  13329  1.63346e+06  73443  30891  8020  595411  54327  131357  52081  6302  9188  2980  587  3631  258  3972  28327  6756  9960  8341  35401  207461  18992  21969  
2872  2218  890  2246  3187  3134  7355  29679  4798  45170  32368  476  786  478  333  37429  29200  13411  2823  11895  720  254  616  410  577  202  1240  3464  3242  5265  438  12163  3718  12819  21300  7487  28173  16861  810  2450  1934  16850  11713  855  743  47983  46825  19107  68297  102838  1.87429e+06  61429  871  541  642  2155  0  1.65421e+06  914705  90874  14540  1028  178  44766  1242  13715  219  3881  10208  64916  73646  19053  661506  409020  961950  168524  153046  407254  225898  5185  55659  10589  236656  
4639  3188  1221  2821  3997  4779  10018  24686  6320  11275  24579  559  891  565  1156  43999  53415  100076  7417  72653  2055  795  2187  1133  2033  840  2970  7655  19374  21097  1935  43361  11028  28908  48686  12370  49439  18648  1734  9470  4215  18069  14285  1507  1441  67856  126678  40561  46893  213568  382073  25743  2301  1405  1173  5634  2.17447e+06  0  1.08882e+06  1.52816e+06  71197  4285  616  26379  2997  24738  765  7038  23897  132300  348328  491011  1.80131e+06  369661  697214  203709  47345  358786  208427  18822  73592  20439  225882  
5188  3557  2042  3726  2163  1955  9256  19941  2989  5150  9332  759  829  623  3252  11569  27510  158704  19242  145510  22723  6044  7834  5445  6226  2419  6871  15275  54585  48987  4596  58102  9000  24339  82382  15167  56347  22629  3359  52361  11125  17522  13193  4892  4771  28001  9243  20360  99055  46394  104403  13684  3065  1304  1415  15298  763432  886487  0  2.89191e+06  672679  96143  8592  763416  32058  61797  8007  13133  29127  117279  54789  7351  81750  10221  95434  159479  19894  217596  139744  10384  92602  19299  167647  
3401  3473  2223  4068  2300  2563  11853  27355  7754  6475  4991  956  1110  530  2670  6084  13528  77652  12128  82540  10460  2590  4482  2822  3813  1607  4591  9627  29234  25298  2063  27979  4194  12116  53561  12011  32180  13724  2808  32805  7993  45621  32616  11792  7895  58673  19063  53435  151741  446830  246126  4739  4318  1632  2220  12868  47211  1.94428e+06  2.50141e+06  0  264566  20881  2637  1.47463e+06  24167  234551  4942  20648  53718  637706  1.1736e+06  1.2046e+06  408758  31106  189445  188720  40628  267484  143788  10356  107416  28192  181466  
16174  9343  6875  18435  6775  5379  24299  107779  7269  19769  98300  10247  16586  37828  115812  86222  57365  457033  63383  1.32245e+06  158232  52972  23593  31879  21925  17591  32200  53323  125185  107673  7873  120504  19613  58190  264734  47783  163667  75527  8289  230270  36038  22469  7122  9001  30570  11800  3680  23298  401612  7050  10343  412837  98138  170573  465593  1.87205e+06  23686  17244  1.12564e+06  113900  0  1.64205e+06  621832  91638  839722  162744  214694  90305  39738  135554  41546  5647  43729  3399  30483  269745  33664  64041  45828  49242  305178  32888  207541  
709  465  443  741  207  112  1400  2442  84  234  893  151  200  249  1980  1061  707  22813  2236  36268  148340  71304  6269  20840  1897  1482  1932  2566  3435  3383  136  2624  260  1092  33040  1614  6659  2708  600  28030  2479  3177  1797  1150  1146  2398  299  3422  5839  347  258  223  706  377  435  87344  186  208  164882  10276  973813  0  344289  72103  199504  29199  37580  19342  5489  15036  5836  642  7986  579  5239  61379  2741  13495  4926  1189  70519  5364  15021  
366  191  273  802  76  31  667  1120  28  44  95  180  48  48  401  83  68  6498  525  8013  61528  95145  3486  26793  1096  997  987  953  1006  1067  27  725  49  290  25108  653  2528  908  446  18505  1125  3598  658  1090  1964  798  145  1995  3489  326  171  47  1151  328  205  79448  106  78  34846  4805  389183  303326  0  96702  586823  29019  39969  18334  7274  15418  7604  173  7993  145  2662  45540  3807  6483  2063  2035  73700  5859  10603  
1596  2051  1930  4283  1020  815  7112  12977  1916  1389  734  916  599  225  1190  932  1619  23548  4009  33823  19346  18075  3978  17179  1842  795  2171  4291  6225  5814  289  4755  543  1996  30064  5225  11025  4602  2363  16766  4055  71489  31635  20656  14088  31388  4086  58836  81980  139453  13699  1544  5663  1707  1670  12363  4380  1907  458690  1.64192e+06  175704  91575  113003  0  350950  562972  9555  18304  39903  973639  892279  7205  99937  7747  109117  141143  26888  113280  34029  8273  56330  26991  79483  
993  396  941  3413  213  147  1769  3749  283  219  306  663  204  161  911  273  300  9014  1011  13518  48204  51891  3813  84566  4910  1889  1737  1985  2011  1906  63  1352  108  491  42862  1874  3888  1390  1659  23755  2030  16298  2319  4285  8470  2876  1088  8358  17913  5692  1500  194  4970  1679  1132  862681  533  425  76017  17141  661332  210200  451270  810597  0  1.72193e+06  496036  93415  60945  124714  49598  889  47623  633  12053  113077  18681  25612  7737  11500  316030  32737  41971  
1031  593  806  2918  542  547  2313  6681  1431  953  694  595  353  209  978  781  1255  10292  2238  14485  6330  3766  1992  9905  7265  1587  1733  2286  4864  3690  235  3556  439  1510  33363  2714  5327  2278  1626  16420  2201  12982  3278  3749  6191  5506  3646  12673  37839  43254  6210  478  3998  1450  848  96975  1511  1201  32344  71141  72215  23993  16594  978788  1.97079e+06  0  1.5683e+06  1.20152e+06  287506  3.21564e+06  77353  1458  44419  1153  16176  222181  35131  32347  12647  12279  584121  70906  51230  
211  112  161  444  102  59  385  1522  91  94  778  122  169  170  932  706  253  2469  359  5035  3852  1794  673  2542  1172  646  579  455  709  581  30  580  81  265  12811  540  1098  517  312  6667  523  1019  227  328  755  508  353  1020  11531  1986  489  68  818  524  419  151486  168  175  14532  4165  65853  20718  18094  27384  520190  1.39736e+06  0  587947  29897  46503  9644  246  8307  143  1539  27023  2652  3994  1898  1880  373939  25494  12826  
476  218  299  1383  211  146  853  2761  140  219  1426  280  250  284  1444  1206  452  3497  508  7330  3416  1759  938  2442  1214  815  1055  875  1237  1003  70  1077  156  470  20138  939  1597  802  466  9636  933  26377  2800  1327  2741  5039  1422  3653  15364  1554  1031  209  1885  1062  804  95949  3164  710  16210  5449  47257  14645  9240  16076  86152  1.05546e+06  763650  0  254277  31777  3445  306  5761  258  45875  132547  20222  18311  5263  9876  603198  267750  27552  
1863  534  1418  6673  397  335  2250  6090  579  554  410  1220  374  219  724  389  600  4371  986  6973  1784  1480  674  1798  988  644  1556  2811  2042  1831  115  1967  224  783  14404  3194  3921  1336  4190  8050  1784  144328  7803  6627  14391  8649  6247  18600  23112  11218  6453  699  8672  3580  1773  7044  16771  4662  27941  31615  26753  9205  3988  87317  38070  195577  3064  293071  0  530582  396927  4696  367380  1313  165369  362495  90446  107003  13116  62075  206565  381455  70780  
1234  909  585  1411  1236  2743  4770  15594  7569  4265  1033  288  388  314  1912  1361  3198  22810  5246  32094  4004  1971  1701  2085  1667  819  2082  3655  10561  8834  696  8554  1066  3515  23202  4168  11447  5175  1239  15195  3119  9658  4852  2214  2521  17426  33755  47897  47319  246742  45124  897  1517  565  443  12291  4660  6287  57511  395241  69706  17275  6010  1.23351e+06  72313  3.69514e+06  17216  74777  547843  0  4.01225e+06  42130  101448  3181  52443  153310  36204  76032  30391  5321  189601  14291  52107  
1501  1240  882  2921  2832  6115  8997  26636  12750  6624  2201  612  609  504  1955  2024  4600  34707  5487  39898  4598  3371  1816  2527  1625  840  2274  3657  14651  11806  1227  12182  1568  4501  24780  5560  12597  5782  1535  11206  3417  26116  8155  4338  6407  81517  197516  209458  62018  439220  165781  1209  3828  1409  959  15366  8561  324555  128660  1.19394e+06  93620  42213  11202  714230  84305  88111  4688  7045  333360  3.70045e+06  0  2.34956e+06  3.92034e+06  7357  110211  137007  54220  119783  39696  9714  51209  19063  76702  
299  329  162  279  907  1804  2656  8057  4625  2401  573  56  117  148  533  547  1150  8644  1455  9610  869  673  445  397  413  188  527  814  3641  2933  302  3011  399  1198  6125  1412  3288  1607  291  2667  833  3340  1830  629  544  26295  64544  63167  13959  188887  90311  275  305  121  144  4301  3554  652415  29989  1.12216e+06  21127  9640  1865  29421  5985  6216  922  1473  6979  73638  2.36772e+06  0  1.0756e+06  1353  18876  38548  15544  29050  14528  856  9625  4558  23788  
3380  2773  2205  7278  3916  4608  12072  31003  7385  5261  8327  1341  1059  770  2644  15108  18864  56685  6540  59364  6425  4755  2225  3497  2188  1148  3434  6311  16903  14790  1461  19348  3591  10148  37314  9907  23020  9538  4178  13440  4502  407527  64339  15135  15794  151778  277154  156432  88496  126636  354406  16784  8751  3772  2413  29654  346614  1.5844e+06  312543  564241  194770  65644  16658  429515  126197  74323  7300  17432  432773  199747  3.85935e+06  1.34661e+06  0  1.23793e+06  1.48082e+06  227574  86055  281336  48539  32480  83612  59077  119370  
125  127  50  84  206  169  483  1284  247  359  719  16  58  32  81  1615  1466  2256  197  2084  85  58  58  47  61  37  104  182  398  382  46  756  186  562  1219  365  1090  488  36  263  93  6054  3087  89  64  12148  12782  2267  3294  1252  65974  1835  64  35  56  1129  194606  346218  20706  12544  10176  1226  140  3964  847  3309  135  530  1829  8770  9814  6832  625230  0  454149  4063  3494  15956  1794  305  1065  371  2512  
1607  2198  1490  3906  3362  6129  14845  57031  13384  11947  4895  904  2081  1255  738  5428  4555  12270  2072  12396  1344  1028  814  708  581  255  1007  1929  3745  3303  313  4340  822  2728  13298  5253  8328  4148  771  2944  1124  1.27244e+06  234008  12059  8074  883027  1.68915e+06  85502  204641  58934  1.28319e+06  10607  5346  2509  1973  12269  1.36817e+06  864460  173180  120494  76745  15121  2822  97619  17233  35874  1676  64867  129104  74396  58620  31320  1.53279e+06  991015  0  85502  75014  383013  33610  23835  16680  73658  43054  
4549  22116  9540  12642  51831  27452  155055  332193  20195  14658  11629  3745  21572  3626  10318  10947  6490  39339  9507  67942  19968  14206  7535  13674  9246  5311  21163  14019  13335  13420  1182  11900  1710  7807  334193  80309  51928  31293  7900  64433  44894  93052  132912  87990  21085  352631  76790  560229  1.23742e+06  138559  340519  78467  7983  5686  9351  227713  431235  84111  819768  194676  1.01667e+06  155085  34162  329171  154565  321179  52987  447908  984606  422521  70240  12522  113300  3243  97642  0  2.16222e+06  818992  737915  128399  2.16527e+06  1.64017e+06  3.05878e+06  
3982  6772  7818  26675  6763  1819  24374  49975  1695  3756  5040  921  1430  832  3961  3640  1989  11606  1519  21539  1947  999  831  1067  1060  1103  2312  3125  3007  2747  206  3668  648  2012  18136  12953  10135  4908  7433  7050  3153  232933  123132  196864  48313  219161  39820  688140  491959  29265  114127  23222  3488  2040  2560  40657  56414  24577  81970  28984  172364  18775  2907  33340  17248  39463  7291  40822  64784  46098  16386  6262  36175  3324  73056  1.72729e+06  0  606845  276532  404180  263007  106264  240239  
6137  12832  10163  19700  15420  7973  65451  129624  11019  18687  7750  3964  6495  1327  1719  5200  2832  8930  2449  12941  3121  3288  2003  2730  1882  575  3139  7035  4696  4831  366  4387  502  2870  43296  43734  28014  11507  30986  7234  6451  207045  162485  171983  35034  274880  30410  550880  607336  131765  289901  29465  12904  7450  8449  34191  366178  28387  213530  77733  122943  31900  7278  108162  21475  26111  2261  8748  25501  49498  20617  3327  26034  1326  89257  278898  313613  0  1.91608e+06  117292  85051  41468  221303  
559  2315  1131  1663  4270  3645  14525  29936  4028  5278  2948  541  1672  368  790  2655  1122  4491  1083  6268  1398  1202  627  866  693  316  848  892  1421  1317  159  1522  195  980  15139  7462  6019  8832  707  2427  5482  13651  25760  15507  2914  72721  10892  76637  204362  80730  169992  18938  872  624  1181  14296  150867  11082  100674  33299  83085  14883  2654  30033  7272  10413  1192  2200  3738  15303  7078  1286  5938  476  8449  185775  115310  1.60175e+06  0  2144  278498  40028  743546  
7092  678  3718  27642  135  61  3003  12073  73  152  227  8128  5682  2181  2189  126  140  1035  236  6454  718  471  381  772  1232  198  3621  9667  1018  1214  20  2474  48  698  2588  3552  3464  486  7323  1674  1908  49292  1142  24088  21449  1380  707  33004  21218  1260  2184  451  66775  43924  19872  7138  1769  1728  5216  4338  26292  3650  1709  24440  17021  4990  814  10591  47751  23723  11922  642  17174  147  30180  135525  436721  102622  2354  0  15804  58038  4217  
2204  1041  1145  4369  503  388  2675  6513  518  876  2648  862  644  840  4491  2177  2138  19909  4064  30730  21509  12246  6959  17046  6988  6128  6873  5577  9616  7594  450  6484  758  2565  164474  6121  10322  5618  5966  88206  8445  10212  1677  2211  5375  3346  1529  7151  24674  6693  13315  1670  4692  3178  3188  186573  6323  1665  39651  13709  98043  42726  28651  36218  178162  423717  519749  846246  160278  141204  14076  685  15508  285  13140  1.18824e+06  44176  77611  98331  34926  0  1.54428e+06  228006  
826  369  523  2482  298  135  1170  2993  128  224  516  425  286  189  994  444  303  2708  640  4081  2656  2207  1113  3084  1464  1158  1945  1556  1006  954  39  827  84  311  32371  2488  2212  1530  2209  15569  5186  13743  1485  1421  4289  2328  666  4516  8482  1006  1892  326  2374  1579  1275  29937  1947  1381  15356  8024  26193  7861  3065  40563  24563  44861  16898  421466  229049  22296  4386  525  13432  196  44263  873230  69462  33728  16952  39218  1.43734e+06  0  137616  
14506  29352  18884  19219  33318  25757  129442  471186  71671  452140  209414  2720  18069  17629  32337  639837  24090  434331  76632  341246  50357  16559  58231  43714  64750  38626  167059  90059  63213  77462  5783  43252  6751  25897  3.4628e+06  1.01825e+06  443117  2.1886e+06  29327  134798  400739  12076  16266  7796  6241  71299  30414  105773  443751  136079  449513  87267  2207  1879  3751  58025  434487  43187  393965  93576  404886  51877  10252  119541  99799  73788  12829  30541  75210  50014  21785  4245  27668  1267  43787  2.14875e+06  287847  1.15141e+06  2.59829e+06  4158  708076  248149  0  
