424818  
451281  
645787  
479803  
830502  
602511  
372131  
273164  
241520  
188056  
545120  
721701  
682841  
841272  
251776  
542983  
179400  
947370  
711142  
729120  
714760  
241599  
524006  
687847  
402922  
396820  
477976  
549388  
578638  
226212  
189849  
312261  
567065  
459608  
387663  
449926  
473164  
562148  
707375  
741367  
979613  
646713  
416508  
461699  
596061  
428212  
845766  
653303  
498074  
618513  
472349  
825120  
606658  
522845  
726387  
924057  
746676  
631549  
824586  
531823  
862581  
620395  
667900  
505804  
557116  
594952  
660815  
723721  
557716  
669843  
506095  
606361  
579867  
481572  
498242  
355620  
382341  
604639  
533385  
725719  
764521  
508466  
718736  
517863  
431172  
474615  
393863  
485475  
748154  
493775  
855702  
503508  
415665  
583173  
444973  
524337  
557500  
650602  
451563  
579065  
363101  
494655  
677946  
339733  
350533  
717228  
429315  
750348  
381370  
382224  
668345  
511481  
278017  
196481  
326156  
726362  
887323  
226393  
174003  
236998  
625317  
307467  
236785  
601301  
387816  
448252  
448560  
495168  
740792  
541308  
699676  
350757  
440481  
495754  
378433  
531449  
431218  
200648  
418077  
382177  
558827  
326606  
248020  
153178  
178615  
232685  
217954  
174882  
211793  
196005  
409198  
170811  
143437  
222852  
214515  
144037  
185282  
388298  
450384  
215753  
55249  
127792  
117484  
107524  
241794  
118489  
89509  
135127  
159726  
321554  
236163  
768795  
261255  
243814  
232082  
387151  
388922  
522700  
364842  
838359  
741037  
505371  
578236  
333468  
453907  
556434  
610835  
274123  
518724  
564630  
195681  
716526  
703143  
207565  
459358  
203365  
793075  
340737  
397123  
624318  
881225  
544471  
591296  
298272  
418785  
571876  
542462  
372345  
450032  
157014  
513162  
366328  
174243  
196152  
284880  
304557  
257902  
164797  
235636  
146529  
195112  
225066  
319040  
187135  
149804  
127863  
133887  
213712  
151310  
110742  
141306  
181491  
111699  
128989  
310229  
554472  
413395  
317588  
306904  
612868  
749306  
361184  
366275  
806908  
437184  
669883  
927310  
305109  
471753  
631069  
627860  
727045  
570538  
458583  
315373  
656005  
525090  
413429  
141826  
207822  
338123  
336593  
266312  
289778  
192867  
251030  
336021  
323711  
375568  
641242  
362615  
399260  
224337  
320176  
350880  
491012  
208356  
195647  
179692  
153289  
229652  
385443  
382920  
747379  
456925  
293868  
306718  
554309  
543707  
633692  
384372  
260767  
189187  
433796  
391384  
300162  
262563  
372497  
399963  
455012  
818467  
622797  
563145  
436603  
737724  
361949  
368710  
411212  
391251  
306290  
264717  
401850  
568911  
454769  
501216  
414247  
674884  
565738  
762537  
754309  
314543  
619292  
457275  
402873  
894315  
702551  
598636  
567634  
536379  
767651  
362829  
239645  
287897  
180584  
212318  
229207  
271132  
216560  
129169  
128889  
302961  
194136  
183825  
147518  
261255  
162954  
200792  
93582  
219506  
109365  
145975  
181549  
181836  
276890  
308299  
135587  
358394  
430365  
448145  
408941  
174965  
144534  
154286  
275874  
241069  
229104  
412694  
490493  
538095  
593223  
432607  
316815  
318724  
137520  
558989  
159912  
225106  
227946  
253780  
361741  
497465  
230099  
271338  
243339  
277698  
211418  
259620  
378330  
457620  
575386  
259496  
306564  
581961  
432840  
423927  
354408  
460507  
446829  
1004595  
560388  
940068  
838530  
848241  
871932  
949588  
383830  
282157  
367397  
267269  
573933  
489409  
1480652  
758522  
810405  
964064  
809107  
550724  
1112474  
999704  
876711  
660801  
666914  
546769  
460112  
884502  
572415  
900190  
840729  
526468  
748251  
694315  
1087112  
645772  
555010  
424249  
827142  
634043  
527120  
543346  
424795  
632554  
824139  
658959  
761244  
947835  
1057786  
426501  
765457  
935813  
872752  
745938  
549190  
397344  
484163  
609008  
752710  
715241  
445187  
355611  
358752  
403741  
655216  
699576  
609178  
558419  
742452  
461266  
413879  
556010  
561295  
432823  
336021  
453020  
412249  
799564  
617628  
523565  
775260  
393195  
538664  
817927  
1019557  
402302  
256831  
206857  
298064  
357856  
376651  
424226  
333481  
578697  
652376  
373770  
440603  
508190  
482496  
822140  
476732  
484111  
551111  
1121721  
11059605  
4007209  
6280829  
2047113  
704640  
4753917  
2420487  
333008  
490870  
559050  
591985  
1067047  
636468  
430390  
285304  
216743  
194871  
584889  
769869  
640372  
952827  
234901  
683009  
500811  
982727  
816229  
510401  
536181  
124032  
475400  
665734  
585027  
431132  
504614  
323757  
451468  
283468  
202370  
310924  
412816  
307221  
350546  
398530  
421550  
429116  
748943  
810480  
582788  
275160  
781353  
562551  
760591  
456129  
876152  
555096  
559141  
534542  
409174  
827572  
534100  
524899  
685089  
953427  
936761  
492801  
695462  
526132  
792434  
501449  
510392  
684941  
550998  
624787  
641124  
819605  
561110  
720496  
361368  
488926  
518525  
401674  
223647  
218249  
244861  
430912  
362215  
617802  
681935  
634257  
688958  
583544  
448407  
540144  
552736  
393009  
767528  
462036  
793988  
532725  
303918  
429273  
486367  
447457  
479323  
558193  
528614  
450664  
393977  
365075  
716223  
327420  
354033  
516505  
507440  
758374  
419155  
384074  
549215  
520898  
327493  
207253  
251462  
862237  
1276425  
396110  
296763  
321733  
794091  
298087  
251306  
547745  
373668  
358770  
496770  
508262  
910255  
628305  
757950  
407370  
498460  
386657  
349303  
429169  
595580  
193873  
376945  
271797  
585979  
339304  
326410  
214305  
164949  
256338  
243012  
192027  
356052  
217981  
342888  
185879  
115223  
163201  
130203  
182699  
213658  
432534  
290905  
226851  
86241  
127327  
147443  
137810  
229022  
98215  
131037  
253737  
119302  
340111  
83678  
428153  
325523  
319491  
230462  
251575  
484813  
350498  
283906  
847399  
734483  
653303  
598724  
178782  
275055  
355627  
450165  
264006  
601146  
411642  
284203  
653855  
489923  
276982  
306241  
178204  
849235  
330150  
297991  
502500  
813965  
518678  
580414  
412462  
236570  
790799  
630876  
461924  
520996  
143971  
380749  
295082  
205631  
184134  
247728  
369277  
241713  
110661  
194947  
165944  
123932  
340454  
399067  
184520  
157163  
176698  
154432  
198356  
289860  
123608  
120097  
132067  
196003  
138906  
303500  
522116  
252166  
475996  
267109  
553944  
719204  
533406  
488277  
838939  
371103  
715175  
876105  
154221  
355792  
517473  
682850  
684076  
295643  
175004  
439810  
660928  
437828  
529722  
102314  
114570  
267095  
185761  
207348  
381215  
374012  
231763  
231510  
295702  
305868  
611239  
278839  
267954  
249855  
278550  
344133  
426502  
177279  
178847  
142136  
182391  
455321  
384068  
290355  
424879  
389164  
259445  
307920  
418508  
837555  
995595  
512826  
164756  
260581  
320354  
373870  
294799  
387506  
329079  
361615  
837194  
1062669  
330334  
188009  
298537  
274500  
538018  
357553  
638368  
467032  
314902  
330059  
303170  
656480  
521664  
496468  
442966  
673226  
513507  
672941  
619309  
400639  
556102  
332390  
470701  
780248  
748852  
733686  
461471  
501730  
801022  
426547  
95955  
348132  
197639  
374125  
340349  
230112  
197846  
122521  
201614  
418865  
178801  
130871  
181874  
231977  
38560  
82497  
142683  
209163  
246185  
277448  
261025  
827447  
465300  
445884  
235655  
356787  
354584  
427221  
458277  
336068  
290439  
400946  
196933  
387276  
393219  
432317  
584916  
784691  
734430  
527911  
317045  
106221  
120227  
516999  
163735  
155868  
324589  
248026  
346713  
526465  
318627  
299564  
325707  
280598  
230078  
380128  
654438  
327971  
611468  
276661  
377670  
639839  
467818  
410000  
304916  
454280  
485089  
813847  
616745  
991979  
726011  
546840  
732156  
1138459  
216901  
241349  
424123  
247930  
522949  
754553  
1289417  
832144  
773768  
542845  
807010  
598606  
1035506  
909135  
818215  
660797  
620047  
567757  
739651  
860356  
913964  
959940  
1169423  
770170  
648078  
670049  
913015  
542228  
573338  
532831  
758278  
756702  
679431  
507297  
609437  
558584  
908595  
787955  
509283  
1057134  
910997  
463901  
777234  
966863  
997726  
769219  
824845  
438500  
634148  
650038  
856488  
862338  
764201  
362930  
366769  
333823  
395170  
271903  
570910  
554231  
753199  
408682  
407658  
563249  
569428  
370202  
360930  
318520  
381313  
786453  
679030  
625160  
752098  
285427  
488880  
920516  
1127123  
490376  
278056  
167625  
318520  
427294  
420052  
510606  
365779  
677422  
607284  
515643  
454232  
454895  
398686  
857923  
452449  
429562  
578935  
1070583  
10842297  
2791137  
5509686  
2199018  
631533  
3913941  
2241824  
11160521  
