4085165  
2363393  
368107  
3199830  
3896987  
4219288  
7696142  
13226107  
4045331  
6815854  
3004909  
2086653  
2339472  
3441839  
2605306  
5581602  
7120477  
5947202  
6814277  
8070121  
1385204  
972649  
3769543  
3078019  
6417232  
1838512  
1323290  
1477965  
7129001  
8410807  
2810391  
9125647  
832368  
6740957  
10085883  
4662809  
6499842  
2512530  
725392  
3468944  
2006695  
4641499  
2175052  
318682  
3058529  
3519742  
4547456  
7342251  
13610350  
4559793  
6960960  
2153528  
2160253  
1794862  
3202083  
2500866  
5555940  
6858051  
6161751  
7611141  
8375499  
1682302  
1033153  
3873048  
3284090  
6684029  
1902713  
1955813  
1853627  
7769811  
9295779  
3214184  
8527699  
853574  
6504767  
10397203  
3515767  
5674029  
2744015  
715109  
3645203  
2194122  
11327423  
