4213697  
2922604  
611442  
3783847  
4416241  
4343486  
9214709  
13610298  
4172967  
6960704  
2776529  
2469773  
2262451  
3362174  
2762339  
5970626  
8377525  
6813107  
8576854  
8398856  
1327208  
1496851  
4483930  
4216618  
7668700  
2101345  
1721887  
1995336  
8400879  
10430152  
2876434  
9681684  
852031  
7003800  
10667268  
4592061  
6222883  
2309395  
704588  
3904976  
2169973  
4878241  
2337946  
571748  
3489174  
3578693  
4912670  
8633153  
13800759  
5035482  
7505175  
2027835  
2686584  
1981363  
3084869  
2718212  
6144117  
7475760  
6778987  
7919156  
8674376  
1630348  
1085825  
4737234  
3765196  
7309597  
2235300  
1895134  
1953288  
9334694  
9908047  
3366938  
9335558  
965348  
6990024  
10828557  
3326362  
5147948  
2260369  
721144  
3860534  
2192921  
10893517  
