514852  
486034  
578298  
470955  
937345  
757668  
431011  
322803  
255759  
170321  
567790  
704980  
688021  
816869  
240736  
521338  
169019  
962619  
656828  
787956  
870765  
243926  
377320  
640981  
373807  
456178  
556717  
559382  
726362  
324556  
228629  
338498  
715836  
496969  
401007  
454677  
505589  
669997  
685983  
701003  
930911  
660235  
469283  
427168  
612196  
433649  
840553  
648918  
489860  
648906  
486096  
869791  
590156  
564625  
636214  
849649  
790649  
652126  
869164  
553904  
826791  
672587  
672118  
510158  
550926  
595502  
639710  
744783  
528345  
605674  
481981  
628486  
574542  
480229  
525130  
274066  
342451  
585057  
443291  
628919  
763650  
503000  
704777  
465102  
454196  
435139  
378420  
444352  
759765  
491602  
848985  
408627  
418391  
543952  
433011  
436589  
482112  
705285  
483933  
538751  
361953  
459221  
648026  
357836  
310757  
738089  
428726  
807598  
352980  
400732  
662086  
510561  
334930  
263390  
292748  
761810  
798745  
210858  
191486  
294444  
624964  
324741  
262053  
597084  
395036  
443618  
474623  
498552  
699416  
503767  
653198  
325877  
377693  
466862  
361871  
491891  
397890  
183663  
460059  
339496  
575273  
269088  
242148  
200136  
197653  
243748  
210814  
167888  
201176  
182260  
427423  
167514  
137705  
224054  
194678  
180397  
266586  
448889  
488756  
266006  
78976  
108795  
106590  
137144  
203320  
111694  
65596  
162103  
144202  
267941  
248659  
655289  
240510  
247239  
248070  
418614  
389194  
513183  
377885  
902978  
750070  
463785  
619677  
334432  
432665  
552711  
576578  
238775  
474738  
532377  
197079  
694453  
609014  
194257  
421849  
195666  
838392  
332305  
377993  
598022  
867164  
486659  
536672  
289520  
451909  
547769  
518926  
392877  
458985  
179086  
468521  
298227  
168263  
193883  
289384  
305732  
255108  
163431  
241488  
151367  
188383  
229053  
335770  
197626  
161915  
139260  
167306  
252159  
162178  
99539  
127084  
178684  
123493  
138145  
342784  
533620  
443358  
296081  
369516  
612530  
827941  
363435  
502421  
865108  
430302  
695952  
981736  
289274  
475025  
600005  
638105  
730088  
616616  
439913  
348299  
610928  
583309  
417026  
157036  
244515  
347243  
391113  
309739  
286744  
260583  
331664  
445695  
354908  
343582  
596630  
282403  
346882  
270458  
370395  
324222  
470452  
224408  
222730  
197092  
218149  
289330  
391704  
385823  
644049  
526894  
397053  
326883  
562282  
588721  
662544  
473529  
222602  
240385  
424306  
444402  
413957  
288362  
442279  
472440  
469723  
900882  
599821  
567900  
449681  
696238  
437446  
363318  
421704  
413711  
329352  
286379  
423249  
583780  
422121  
541267  
476455  
656586  
582448  
771677  
745827  
291365  
519976  
457581  
438191  
849857  
715708  
577191  
587115  
515921  
877119  
393092  
222625  
298639  
198789  
240795  
234088  
301470  
231261  
167491  
154288  
346400  
184733  
212257  
153693  
311737  
168644  
191521  
90841  
275229  
74141  
95192  
82016  
244753  
312871  
344790  
137119  
383748  
443964  
509867  
451800  
197384  
148209  
177197  
289822  
232773  
264854  
534759  
520471  
548005  
653373  
454435  
348517  
316845  
171855  
586988  
203914  
225374  
244280  
280402  
407244  
529425  
237393  
247952  
275697  
281216  
215505  
220975  
423110  
442644  
573702  
315853  
342120  
594861  
476221  
457414  
394543  
477009  
497922  
990553  
552463  
865867  
736015  
732306  
694549  
953340  
398538  
303161  
382291  
292477  
570687  
489241  
1265893  
727694  
808358  
987863  
842224  
530809  
933258  
956927  
839893  
653646  
534743  
585123  
537579  
787006  
511574  
872204  
765093  
632339  
779790  
703026  
1229306  
671430  
636933  
489619  
871894  
700329  
552241  
567564  
469826  
592064  
813163  
603904  
759636  
878617  
949771  
445843  
679553  
817463  
883804  
807148  
574887  
414784  
498720  
582055  
775600  
716946  
486838  
320570  
320544  
419292  
608875  
738417  
551119  
515204  
781526  
537599  
406885  
525395  
531673  
409327  
330546  
452896  
368267  
803902  
621041  
510321  
737128  
397266  
557646  
790540  
982715  
382177  
243325  
203490  
294865  
366544  
419039  
431095  
334881  
549602  
706345  
403733  
425507  
518199  
509494  
816479  
490622  
485436  
552979  
1069607  
9113990  
3551510  
5316483  
2161311  
728815  
4438148  
1891724  
493091  
464623  
485607  
528011  
1081074  
697047  
421769  
313144  
289818  
271500  
625879  
682723  
622343  
933682  
239248  
711977  
445861  
909080  
656951  
418918  
459898  
139344  
431334  
689592  
522455  
472766  
616346  
386817  
658275  
316965  
229357  
370579  
513180  
413359  
336057  
474144  
417766  
363127  
659305  
874662  
565740  
251477  
838340  
545572  
712229  
396204  
866516  
474330  
530766  
575156  
434178  
806342  
654610  
586845  
572377  
1034945  
1016054  
516859  
647662  
563423  
757873  
485613  
515081  
747072  
541938  
693791  
649193  
832022  
541497  
715364  
316634  
464963  
529560  
329800  
302820  
254817  
272453  
431241  
387049  
571323  
682622  
654705  
735522  
404224  
420715  
515811  
483399  
402324  
835943  
505127  
872119  
471954  
296266  
423507  
381805  
438335  
435232  
558270  
489898  
433757  
377020  
339314  
686115  
279068  
349150  
593812  
522128  
736653  
408307  
379924  
565827  
509864  
365152  
216860  
221555  
815558  
1184878  
356321  
223180  
372456  
754321  
307703  
264375  
551789  
357732  
361875  
413263  
498028  
942683  
618498  
778222  
343655  
460171  
400354  
344787  
405142  
525222  
184541  
305534  
336806  
590892  
359051  
292369  
224572  
192656  
197184  
233349  
219635  
255017  
170152  
321513  
120873  
90461  
155273  
137037  
138892  
183592  
411977  
257091  
224970  
104066  
116936  
112262  
87566  
216274  
84944  
95358  
280870  
130055  
233735  
77569  
351683  
293179  
253568  
261748  
221697  
389946  
282924  
288773  
1025649  
813170  
654718  
589842  
178564  
273719  
361211  
449547  
249132  
630195  
402847  
255058  
621916  
471843  
230391  
270672  
182477  
983625  
323545  
327222  
512936  
837409  
523384  
615974  
404788  
216763  
740652  
653454  
416509  
488024  
159674  
369298  
282889  
214497  
200915  
200035  
353924  
230344  
136591  
186389  
151868  
131243  
301058  
408526  
192716  
134619  
167437  
126598  
205603  
308610  
135032  
110257  
130054  
210969  
161195  
312646  
556392  
260007  
464560  
295820  
584608  
840521  
563236  
486225  
663546  
350629  
705459  
845790  
149195  
430655  
496150  
689233  
647122  
331260  
163621  
519091  
726227  
467251  
540331  
98105  
166419  
330802  
333559  
234199  
362265  
412668  
437213  
338645  
426018  
303476  
662206  
323508  
293685  
359538  
340144  
317016  
425037  
195171  
220711  
122419  
205057  
436095  
377747  
296858  
438965  
393529  
424090  
313537  
418794  
850162  
937270  
517784  
229611  
235621  
439402  
354497  
298603  
335708  
293409  
356175  
814911  
1122439  
347969  
198719  
290131  
266144  
551954  
361667  
638373  
469137  
312673  
334023  
298927  
646079  
533075  
527502  
501579  
671618  
582312  
631270  
627488  
467818  
508058  
378521  
438271  
804787  
809358  
698241  
457633  
474862  
769468  
412198  
94115  
353657  
211959  
380615  
303609  
245676  
194022  
124898  
202770  
422551  
182275  
132232  
174866  
235932  
40162  
78378  
113950  
223342  
265451  
265668  
269592  
895353  
451459  
433012  
188334  
386967  
351120  
457043  
457581  
356375  
276025  
419828  
212156  
316734  
381532  
412782  
582567  
798252  
742706  
511649  
359558  
140969  
149636  
546765  
176561  
173238  
296645  
239098  
326526  
511474  
305986  
266554  
333844  
302863  
257367  
320809  
599133  
347972  
629389  
291603  
405364  
658478  
502347  
424946  
298091  
440535  
535631  
878999  
558964  
870270  
603644  
504648  
733017  
1153810  
211756  
252473  
443437  
276801  
540241  
612323  
1154475  
597705  
932351  
750759  
636675  
553252  
1031725  
819121  
585020  
586373  
507549  
531191  
672393  
766279  
945879  
999747  
1250411  
850175  
658417  
669169  
959842  
565522  
566377  
500791  
755611  
805491  
683651  
540062  
639486  
548049  
913862  
616714  
477734  
1018002  
948323  
452102  
740548  
883534  
900089  
718164  
818398  
437351  
624042  
620642  
845829  
841145  
766523  
419865  
385122  
370064  
369709  
264119  
512280  
534150  
653524  
402607  
400675  
546769  
502633  
388514  
362507  
314137  
408692  
733062  
664994  
608091  
738306  
267589  
464001  
862217  
1105137  
513816  
291765  
181514  
308294  
445994  
422927  
480426  
360568  
538188  
