0  1.20061e+06  73604  814684  241310  49516  759073  37113  1339  10930  4640  6222  3342  2010  2886  17590  37786  30530  18564  21191  4626  15151  38475  57938  52000  3961  57111  563958  54823  91630  8550  436076  2747  1.10316e+06  142394  166753  292051  28997  38212  48913  85514  6599  147  1426  20195  227  108  3478  5731  479  1647  1334  3844  1178  842  953  3482  411  8247  1536  9072  1276  894  2494  3115  1952  567  846  1611  1080  422  80  638  23  230  6375  11455  1945  915  13289  2109  1833  42856  
1.16017e+06  0  11265  2820  552407  28953  705785  29648  1107  12645  30595  1162  518  992  3642  22994  17331  61126  9403  65230  6671  14016  21351  53007  91621  5105  64480  83543  40882  32095  2968  31940  918  42039  777362  906497  280186  57127  12558  155931  109167  1040  509  1647  1650  919  142  7098  9514  767  2188  2337  282  109  312  866  3464  359  7272  1476  9516  941  695  2140  2348  1550  440  543  494  813  284  72  481  13  183  8149  2285  1864  1605  433  1910  1409  138859  
61086  9583  0  233043  630  155  151869  113705  112  738  1670  584  223  191  307  1127  519  3262  1169  3335  495  1195  2471  4850  7661  429  2832  16853  6919  7268  606  3600  55  2012  29171  98708  48940  5933  26853  7005  9849  7185  1429  19156  31535  1058  70  24356  21345  189  464  248  296  42  60  105  430  69  836  201  999  116  106  369  267  233  64  131  234  126  73  5  102  5  84  1665  13614  1217  490  654  404  350  9667  
842616  1691  187495  0  453  328  18930  831276  269  976  2871  889116  67029  50527  27070  929  353  2952  710  40441  2967  1189  1176  2398  7300  1026  15587  82944  4249  3883  133  14184  46  8958  18101  163037  24160  3399  66946  6255  13926  72676  4005  108233  1.11676e+06  2858  384  91144  268207  1074  2548  3408  157059  11930  8375  5479  1946  285  2953  801  13008  1985  1109  2678  2122  2625  627  2601  6708  1410  743  171  1377  6  1352  16062  128964  12447  4640  33985  4522  5185  8397  
361102  857901  2390  2184  0  1.18561e+06  1.29711e+06  406371  23044  36276  15808  1719  605  955  3211  33916  85456  48367  88355  40272  5777  18849  39267  67607  41436  4421  22733  35223  32488  47730  5578  51567  3153  535454  437939  298268  289438  60595  1523  65251  33261  553  243  751  1278  3559  6004  106582  121674  26765  5242  1671  309  132  310  860  4484  562  8593  4247  9210  1048  881  3629  3567  3162  526  910  1235  2251  982  234  1225  50  1658  15366  4599  5286  4723  321  3543  1565  156894  
52123  55804  1731  1465  905647  0  596540  339601  482034  1.28285e+06  11448  1042  331  1065  1508  95394  240390  34691  142563  17698  1346  2277  16781  7562  10897  1551  5003  30474  30714  51145  9454  232340  19181  1.04409e+06  56483  72460  175866  48590  667  6670  4674  631  260  394  708  2462  12801  67375  210521  173027  58351  2979  274  107  373  577  11645  1065  9494  16494  5952  392  304  6269  677  8880  514  1151  1627  9935  2525  317  2964  86  4263  11848  13084  7784  7304  170  4033  1008  59500  
638119  779104  303621  26965  2.26836e+06  836159  0  1.86163e+06  916682  106037  98606  8069  2103  4059  10295  80733  100337  183209  429938  177656  16739  35845  120869  127678  175242  15347  66886  148491  225089  195278  14020  76291  3671  52250  1.46963e+06  1.5653e+06  689098  227276  106793  195236  125125  18572  11273  34893  29534  32659  23672  483698  473671  100960  24633  7815  1646  455  1041  2643  14025  1758  24158  16053  27453  3022  2225  12563  6771  11159  1629  2929  4353  8227  3312  762  4399  159  6000  46658  38680  19165  16600  1884  11581  4875  516018  
24448  29509  192383  1.06725e+06  207881  229751  1.86143e+06  0  1.97537e+06  357556  555852  1.2187e+06  1.50377e+06  929031  394350  57709  21655  179320  97094  773261  56850  28726  69549  76531  97261  33832  52051  54994  54829  47829  3773  36138  2127  28732  913486  972499  879273  396625  41721  115302  50219  45592  23820  94862  238300  63984  46961  916874  3.72614e+06  500791  300285  61234  88616  32897  90092  57924  52221  4799  46152  42896  123159  18740  6672  28355  9589  31935  7471  11502  14026  27168  8889  1883  13882  447  22863  154469  211526  95197  70803  7676  37129  10950  622855  
1856  3506  955  752  50397  812557  1.24925e+06  1.51994e+06  0  1.56695e+06  10975  540  112  302  444  24403  26176  90945  225211  22261  1083  1024  35154  3479  35695  5176  2179  3434  57726  28414  991  8236  245  4694  69017  55112  171011  71909  556  6006  3449  281  123  183  367  539  2594  13912  154033  62543  140216  26616  93  52  332  201  19992  621  8991  7175  6181  526  371  4451  471  3706  348  469  637  2976  747  106  1028  31  1391  8248  12041  6073  5952  94  3556  881  90926  
17267  18012  3027  2468  43591  1.17133e+06  137246  644668  1.78767e+06  0  170668  1784  884  6509  1467  2.46972e+06  386655  144833  92460  45016  2280  1820  12885  5273  14492  2293  5402  23861  35035  42564  6990  358451  94690  603224  222375  338612  527403  387359  2178  17775  8568  728  276  493  1312  1025  3616  11321  286174  92906  455768  148980  577  468  4179  1018  103116  3068  28887  13384  20561  762  559  8418  882  6558  803  1159  1505  5262  1675  319  2973  114  2440  20218  23464  18147  18609  461  11233  2876  367384  
1317  777  749  2170  1535  1792  7931  562326  4108  111413  0  25226  75772  1.22599e+06  12769  117257  10013  70587  1982  994189  8297  1340  1102  1978  3672  2530  3860  2491  2522  3152  633  9154  1622  3753  42172  23836  25146  18272  1052  7121  3956  789  230  495  2895  722  1130  5085  215775  29723  424038  326788  7920  7749  39601  10284  241984  12991  78206  6712  87064  2446  978  5134  1256  8281  3400  3324  2267  7304  3036  1137  7762  433  2505  21623  15740  15888  13339  940  12797  2964  41228  
28834  1362  9494  1.1526e+06  1393  851  29302  922906  586  1771  16008  0  451498  216717  117575  1468  570  5663  726  228584  14339  2786  844  3165  3416  3541  10150  21191  1617  925  72  2207  52  2347  19697  32974  7811  3233  9474  8117  4723  8031  1404  9735  233124  5338  1368  72878  391357  3294  3388  14217  489035  62377  35266  23172  4437  442  5955  1319  49953  7554  2013  1705  2218  2181  1630  1783  2176  1206  591  143  979  19  958  11127  24979  4570  2924  4479  3463  1451  9099  
12497  941  2460  111754  4526  2896  33240  1.23707e+06  2210  3825  59152  673678  0  694295  217154  2101  1040  8984  1469  382808  23237  4133  1221  4768  4244  6558  11368  13544  1958  1425  104  1988  55  1784  25160  15089  10698  4693  5604  12550  3516  2136  303  1886  37654  2212  1832  49188  489680  7784  9148  40932  197121  436293  86985  46455  9278  653  10083  1994  86519  10176  2948  2284  3220  3691  4950  4280  1988  1718  747  171  1193  39  1405  14473  13002  8593  5577  2726  4915  1552  15485  
3625  415  918  40397  989  1224  8875  766811  2646  19675  1.22169e+06  228012  689668  0  538793  11794  3895  28475  2131  1.13122e+06  47997  7061  1454  7818  5772  15801  19789  5281  2543  1937  306  2570  277  1140  17867  5542  8481  4417  1918  29600  2536  1241  220  968  19651  536  764  7216  194272  10833  119920  155506  64520  71958  497270  133789  70109  3310  33414  3614  137206  13458  3689  3149  3775  9621  16806  13467  2133  3877  1371  406  2769  122  1545  13247  6941  7637  5597  3328  12231  2441  12331  
4614  1251  1659  27822  1514  942  9230  203016  1126  2767  34393  98653  136936  512195  0  2868  3104  119962  8397  1.80337e+06  108591  77510  7292  559872  61754  190679  165704  15499  14559  8634  482  8853  573  3975  78903  11107  25149  14040  2808  234608  13520  1633  276  1260  13141  490  422  4953  68142  2632  8066  13700  29038  20757  79559  358728  18181  2543  93444  13256  222586  18177  5747  7451  5688  11644  11362  8548  3995  7446  2968  546  4118  135  1118  24300  6794  7135  5518  3894  18316  4536  31829  
20863  19663  4235  3286  38581  95358  103132  118076  106308  2.62549e+06  230617  1981  1020  9835  1714  0  2.20103e+06  816474  72797  110733  2572  1546  11232  3997  19117  1867  7611  33645  59417  61419  10411  498973  368050  757529  272334  145378  489168  353220  4175  27364  15017  700  183  429  1672  565  762  5633  28110  5834  100917  87778  699  475  8314  2278  267707  14334  74017  2801  50166  1152  636  2629  834  5205  962  1399  1630  5658  2549  990  8065  350  1470  13650  6571  8028  8163  1011  9122  3086  376729  
36608  47994  5933  4759  156345  322947  203802  178266  75030  578620  208959  2850  1803  29864  22968  2.3111e+06  0  719272  1.45254e+06  364766  15267  4037  24426  8770  52514  12291  25977  55774  118832  564654  342467  2.2999e+06  624426  546007  167941  97053  467001  132362  5620  66026  24434  1567  432  1096  3116  1312  1631  14530  35707  13173  49577  79611  1500  1082  16261  18107  335013  25869  248036  12399  186101  4541  2161  8273  2708  18310  6926  6493  5436  16983  7676  2412  17045  879  3644  40450  12667  15170  12386  2794  24220  7647  135992  
30678  17573  12772  9018  17089  28693  131970  190352  165804  154801  117668  2909  1678  3748  18325  547207  496207  0  2.96452e+06  941125  118375  33043  805069  88965  326901  67857  51275  75736  179519  122806  6793  132140  3966  66166  374806  60176  340664  150332  14243  309809  85583  3701  1032  2545  5690  1519  1041  9196  26182  6587  21463  24643  1432  865  5691  11307  111555  19351  293495  50841  211499  31456  20429  68181  17285  45085  11952  9568  12336  34665  13699  2995  20755  899  5386  131214  14077  22848  13781  4496  54650  12951  211027  
37572  25955  10990  7086  59506  138809  593263  188527  392075  74890  9892  2096  1214  2112  20466  46317  1.84847e+06  3.12795e+06  0  170578  24219  11542  1.58446e+06  52545  603342  70681  51868  80970  1.11487e+06  1.62579e+06  337560  388147  5170  138817  256668  41545  377301  131191  11716  276204  72176  2224  590  1673  3732  835  726  9252  23156  7245  9113  5259  957  530  1564  8283  21094  3353  121842  34649  121391  14389  8681  34508  8706  25357  6767  5003  5987  17065  5368  700  7140  204  1841  46781  7565  11746  7216  2705  21626  6971  166663  
19295  9051  8607  42597  8747  5336  42166  549714  16802  40769  1.13653e+06  162615  217285  828820  2.84389e+06  90781  29172  1.40489e+06  54983  0  1.67347e+06  763174  56676  1.13742e+06  285562  330524  336253  66214  102410  62861  3546  67048  4304  29211  460076  52000  184649  95806  10481  721289  69502  9161  2609  6632  28798  3442  2542  20854  173862  19123  82875  105424  55997  34004  116873  262885  268869  40863  733318  137603  1.28537e+06  135522  58405  164275  51197  124263  52284  36670  29100  82924  29909  6056  45229  1826  11678  294475  35694  49822  33889  11141  133626  29533  179996  
1915  1001  846  1094  660  166  3502  14307  333  563  2775  1702  1769  2678  83992  356  381  111679  4303  836384  0  621208  25769  250743  43585  53912  36351  7430  10058  6566  146  5912  128  2779  53104  2817  15928  6619  979  76476  7337  528  162  402  1618  144  60  764  5025  226  764  685  2979  2126  2874  9008  1262  221  31126  7558  77897  140548  66787  29811  27841  13818  5601  2728  1619  3317  829  74  1376  11  386  39153  1077  2003  823  516  12377  1400  10108  
2938  1776  1219  1134  997  167  5035  14098  207  292  794  910  776  1073  75068  236  212  36727  2674  256268  678809  0  55309  600792  34920  42585  20460  7630  7834  9020  169  7530  44  3433  26323  2459  19813  6630  972  45596  7201  510  141  422  1470  91  40  773  3944  98  255  305  2634  1956  2474  6755  412  81  6884  1731  43089  73243  57997  8840  50759  5980  2496  1483  1132  1619  422  27  829  6  218  9070  669  1459  400  384  5094  844  9245  
27620  19507  6625  4373  17480  7994  57720  93992  14310  4541  1974  887  533  695  8647  1683  12261  693054  1.19897e+06  65965  58537  71960  0  306955  884471  84166  34261  50237  1.01877e+06  504615  5323  153471  685  77463  139704  14869  218743  65789  5109  81041  57702  1140  312  871  1881  402  148  3116  7033  1036  1346  587  470  245  378  3113  1886  468  66111  22589  82344  33815  18338  65438  14720  26561  6769  3084  2599  7378  1959  150  2892  35  833  78846  2675  4830  2206  1298  15296  3052  66990  
13873  8153  7390  3945  3427  557  26748  64209  1485  978  1245  1357  984  1357  577545  580  639  144614  34610  528206  311700  835314  569626  0  1.70083e+06  823980  102517  40006  65577  51552  663  33888  175  10342  70071  9616  74491  15359  4455  215496  22611  627  163  646  2205  211  85  2012  6870  314  660  530  2906  2072  2647  9092  874  189  11286  3227  46235  16096  26890  25904  131825  8041  3779  1979  1317  1883  535  51  972  8  219  18135  1287  2714  877  825  8447  1177  32634  
16865  8586  9557  5178  5419  10226  59127  87746  14458  7317  6154  2136  1372  2783  39857  3838  12364  200306  262597  140220  48704  78729  1.22271e+06  1.68339e+06  0  1.77433e+06  1.05093e+06  220859  3.61247e+06  126457  10243  41882  542  16031  246593  67242  154658  73739  14449  885534  199895  1088  338  912  2048  451  243  3158  10322  1480  3350  2725  777  423  955  5091  11438  1777  77442  23574  81628  19521  12356  45322  17653  27387  6401  3365  3197  9068  2498  370  3716  75  973  53676  3733  7934  4043  1456  13941  4004  106386  
2023  845  1340  1057  486  659  5023  21125  1327  584  768  1318  962  2768  56854  274  480  39606  21243  46922  24363  23860  60966  398433  1.61581e+06  0  545071  37414  123125  16046  366  6759  86  1812  28161  6670  21573  7594  2635  595646  27894  208  40  150  455  80  43  568  3268  199  478  457  235  102  228  1092  926  159  11129  3659  13827  3756  2249  8033  2671  4365  1140  571  523  1237  371  42  563  7  163  10037  632  1550  530  323  2531  617  41050  
30177  1003  5766  12519  769  569  9572  38279  846  1126  3417  3941  2768  5392  57649  1408  977  49844  10365  108867  27706  12209  21662  34538  1.18397e+06  607881  0  416719  32505  5231  288  5649  273  6709  244114  79547  68118  50069  17150  971483  471092  1687  74  220  4391  116  85  864  7094  411  1625  1302  1215  459  602  2106  2805  502  14934  2866  16242  2155  1640  4577  2402  3566  2201  1403  1223  1666  578  89  851  24  253  14598  3933  2696  1389  4377  7391  2102  56488  
393776  25842  47395  109489  21628  9929  86383  110336  2073  8702  6595  7303  3918  2793  5363  14760  24084  45941  23005  33211  8824  23491  49153  86057  213443  9440  328821  0  245260  205793  5407  491847  3032  264000  234449  109881  457554  127240  52761  174719  438106  7381  131  916  21123  337  191  4295  9289  879  3256  1779  4217  1496  1048  1608  4097  589  13717  2906  14996  2019  2014  6260  5338  3939  938  1623  3421  2202  928  128  1396  28  446  12692  14766  12751  2570  21672  4566  5417  55092  
20222  9993  9703  4895  9500  29595  131440  79279  31668  17527  14380  1375  842  2328  16661  9174  56050  141604  650096  125846  23561  30236  1.4238e+06  134934  4.03578e+06  48452  40902  211697  0  4.20001e+06  85012  67755  678  19719  165784  30861  187876  79093  9079  249351  41021  1303  423  1068  2271  575  388  3985  11546  2989  5886  6113  603  365  1757  6452  27597  3720  106231  29550  101691  18313  11187  46940  13350  29979  6637  3807  3998  11957  3581  568  5485  167  1481  47876  5085  8580  4709  1569  13938  4485  94368  
63614  22686  16964  8226  26514  48491  133892  122507  20177  25765  94998  1758  1250  14141  23067  39850  919309  261090  1.04879e+06  278510  29487  57439  533793  206373  348635  31226  34032  216175  4.15155e+06  0  1.64368e+06  3.47123e+06  3943  80913  257824  50347  383549  150316  9035  239395  50162  1641  461  1391  2996  895  728  7249  18599  4592  17620  32254  1132  840  8409  15105  126396  13695  192121  21416  160169  11929  6910  26226  13795  25350  7684  6152  5866  16469  6610  1678  11679  589  2877  46815  9897  14055  9924  2588  22339  7464  171663  
7573  4039  1749  1098  9929  20261  28123  25284  3825  10313  38758  548  355  6469  5124  16754  712436  46097  734565  69381  4008  2652  38622  8931  65021  5086  7026  9681  256039  2.40129e+06  0  646686  1026  15595  52314  15555  106250  66336  1327  22461  7477  365  98  243  625  235  241  1993  5044  1479  8537  14420  282  219  3389  4258  58968  4915  53588  3604  42269  1403  759  2999  1080  4712  1782  1559  1276  3827  1666  521  3382  176  731  9581  2641  3572  2991  601  5825  1949  68525  
343700  54805  11034  13524  64475  141032  90843  153254  15336  217976  151929  2208  1573  16273  32901  304740  1.94982e+06  476711  390031  485601  39471  57221  248301  178279  123858  38481  53635  658651  102988  4.18666e+06  647398  0  988278  1.28144e+06  187966  57657  704609  120097  8772  143873  56887  1893  477  1213  3488  1171  957  9554  24553  6447  20089  41885  1427  1061  11766  21952  149129  18514  250141  16871  203781  10785  5676  19179  12793  24839  9212  7712  6645  18410  8649  2694  15484  905  4049  52121  13648  17115  12685  3743  27102  9199  117618  
6382  6072  925  649  9447  10732  8993  21823  661  50861  11129  368  188  1091  738  160670  316373  21602  4442  23755  784  374  1070  861  1413  638  1776  10718  1295  3526  1274  501932  0  262552  4826  5216  90890  12179  590  1986  1495  87  19  62  289  60  53  909  1773  414  1474  2403  93  36  574  417  8542  644  5412  262  5076  174  83  335  94  511  137  138  134  467  212  72  448  29  113  1102  444  453  326  162  534  173  3939  
1.12398e+06  217680  8520  9446  863936  1.53691e+06  120010  199825  5760  1.04254e+06  43320  1723  920  4184  7981  1.38374e+06  1.27717e+06  193276  94902  134696  10789  12407  52335  38305  30502  9532  41402  311009  31434  114018  24722  1.61019e+06  842925  0  60478  41289  780330  32703  3946  31026  40385  619  136  483  1650  875  766  18163  29357  4109  7138  10403  549  253  2535  3172  35789  3284  36017  3275  34436  2514  1372  4587  2827  4419  1343  1195  1217  3033  1448  471  2826  137  860  11742  3483  3356  2548  963  4921  1598  32242  
195275  62531  233779  82854  40163  32574  611562  2.36039e+06  66756  488073  371358  15733  10643  23807  75883  251099  32485  658213  159054  730453  83608  77890  182914  197542  944260  80819  1.00032e+06  671606  362036  292894  10518  195155  10981  54778  0  2.68644e+06  1.33336e+06  690927  332016  2.55466e+06  1.59237e+06  4394  1205  7060  16025  4844  4893  92428  257842  39216  46799  22052  4527  1682  3690  11705  37331  4538  81772  19014  108719  14193  9176  34357  16531  24041  11486  11552  9452  10352  3775  698  6061  186  3549  245573  24424  47775  44253  6886  54209  40508  4.25016e+06  
179757  98898  187522  58031  16018  4989  738075  632872  7206  112122  198018  16993  2966  7199  10424  92170  14315  151193  9296  213349  13054  5222  8046  13256  176683  7914  191988  136118  46530  18883  2093  32456  4872  25900  1.80981e+06  0  472037  372466  657267  394403  268592  2342  622  3800  10628  2517  689  29993  60121  3002  21440  19973  1744  478  1547  2655  20879  1026  15287  2393  23536  1388  958  4066  1384  3170  1008  1331  1476  1591  704  169  1230  48  596  20152  9896  10048  7302  3886  5936  4424  486336  
231662  117308  204822  81892  75420  33205  644793  1.5053e+06  98510  504677  234795  30277  14237  13952  19560  351728  94137  410503  293203  270985  23323  23148  106516  60528  121394  21367  96727  168430  102421  111065  15071  76803  3613  145621  336392  817183  0  1.80546e+06  252769  103687  160768  5720  786  5199  21736  3042  1589  39201  116290  15402  96182  37650  6157  1765  3089  4408  35199  2636  39008  8280  43849  5323  3080  12794  4976  8338  2169  2282  3134  4390  1811  437  3177  132  1469  24293  19573  18408  10064  11629  10191  5765  300205  
18284  12610  19785  12980  5021  3696  75938  329379  30229  265494  93895  11405  5388  4269  7800  148714  37451  134347  190039  122007  10433  5738  36994  11388  48149  9502  29910  34661  46619  56824  6871  15402  592  7211  173414  214468  1.88961e+06  0  34244  67141  107262  1569  173  927  5714  555  400  6843  23698  3662  19663  9412  2074  656  1044  1893  10278  1016  15573  3086  18961  2604  1336  5632  1642  3526  1004  1060  1257  1770  698  149  1184  57  446  13765  6607  10690  11470  3171  8925  6001  616145  
94361  9512  54916  68005  114  57  82534  20919  148  792  1603  12180  6318  3498  2835  1072  341  4261  1095  6596  858  781  1457  2674  15778  918  25435  46931  7720  1449  126  1922  30  1500  60595  507173  175988  11021  0  21432  34369  3615  67  830  11980  97  32  969  2422  78  1051  463  1648  604  322  440  829  96  1823  357  2241  310  440  1919  805  980  169  648  1386  547  246  37  366  4  114  3872  9654  8834  1681  11373  1433  3321  5976  
11385  2293  5976  15821  808  639  13997  42057  1562  2935  5757  9825  6867  10250  71067  2766  2276  115086  19272  194497  68788  32218  31131  83624  787696  426537  2.55996e+06  294029  226703  42279  1592  14994  303  6330  1.9736e+06  127631  81372  53930  44201  0  1.60486e+06  1636  301  940  4627  400  245  2565  10892  1072  4477  4045  3086  863  1755  10037  10988  2757  93105  14221  82809  6429  6509  15015  11459  15848  13880  8378  5767  9242  3434  571  4650  143  1113  76941  6789  17714  10911  4325  54950  14621  185965  
16048  1398  5673  12275  504  250  10784  17186  397  1648  4520  4022  2252  1563  4468  2735  903  23118  6272  21813  4201  5554  21460  9253  240936  16406  1.72663e+06  418154  19573  7071  476  6698  120  4767  1.02006e+06  178179  128101  158898  61871  1.4481e+06  0  407  40  260  1800  90  43  812  2819  231  1832  759  1046  216  245  861  2024  377  6940  1101  7178  838  689  2651  1221  1665  589  854  1204  903  378  66  590  19  166  16639  1799  6157  3529  1785  4537  7163  118008  
6849  566  5316  26696  225  266  5764  9647  496  1232  2486  1536  393  300  538  2238  575  7217  939  6720  1653  5194  1292  1921  2733  755  691  1793  1093  515  45  786  52  330  6544  8532  2415  1526  3043  1344  850  0  1.31969e+06  105060  996148  375000  53694  406591  71050  2889  34985  7417  8293  4126  3651  3881  34989  20136  42267  18623  43677  6993  21059  134622  36274  32688  4109  39906  368367  18314  45005  12572  512718  5654  1.27941e+06  233000  311542  433969  84127  33571  52270  52248  81880  
723  1303  2593  2296  122  76  11066  11443  195  609  1021  409  48  70  208  796  185  2542  325  2505  491  1156  372  461  884  177  247  313  331  203  19  261  16  111  4290  1892  1128  1257  548  633  464  1.24426e+06  0  38705  11069  494795  8138  390503  24397  1190  15312  4822  313  186  599  3446  16469  3937  24380  5862  37598  2334  4917  30282  6696  26153  4445  20603  24592  7186  5638  1600  56444  256  21516  328411  515746  185895  92812  5337  72834  21549  82521  
8636  1419  18401  25745  82  28  15304  14041  41  82  202  563  31  43  55  129  33  372  62  415  75  245  66  142  218  38  88  270  102  67  5  61  2  21  1059  5321  779  197  840  174  149  19144  7609  0  178630  2697  188  153895  101797  640  1967  552  179  82  97  248  1794  262  2441  961  2964  323  932  3827  1664  2247  274  1485  1806  875  629  122  714  9  926  27747  91347  45809  10080  10625  5447  1836  8500  
82721  3957  92997  1.20145e+06  520  324  51375  193368  266  695  1786  255813  29908  17184  8784  698  190  1958  366  15394  1207  1052  467  1052  2010  434  4260  16822  1074  601  52  1590  9  1238  7994  79643  7014  1540  23363  2259  3515  810112  2331  143764  0  1865  455  26141  687704  777  3019  8634  840596  43927  19817  6409  3292  540  4575  1239  28794  3399  2894  7340  6748  6422  1041  7090  22253  3953  2355  519  5361  39  6290  34973  209402  37382  9682  55142  10154  10658  11468  
486  1442  1614  1624  1923  1404  21947  33800  1515  1495  2478  1026  260  241  476  2014  566  5533  1082  5523  787  1413  849  867  1878  444  467  540  848  541  42  581  36  325  8908  3815  3071  2705  452  1295  837  503114  741919  6583  4042  0  978990  942800  184841  33630  76403  9674  330  303  1290  5619  65036  33521  55531  21382  75016  3624  6392  60331  8843  43426  6720  27957  39816  34398  44884  20722  88090  4969  538390  513931  364996  220662  164082  2143  112523  29029  142622  
458  664  613  1089  9011  21800  45578  124713  32787  7612  3510  915  339  432  355  2646  1365  4689  9814  4313  456  655  2229  655  2626  307  544  763  4836  2858  138  1170  74  556  23740  4279  14479  7125  309  1609  1229  73428  35116  2689  3136  1.34854e+06  0  911479  653865  558503  1.66935e+06  6724  404  296  1129  2275  119463  77578  32403  48859  30619  1419  2405  34022  3388  39990  2619  17345  32405  97119  114666  48727  191946  9241  1.0025e+06  228062  293577  123609  124858  947  62608  16298  135919  
7770  17073  27056  20797  61044  27717  406987  445622  10512  5688  5990  18053  738  721  1116  4730  3742  12529  7651  12902  1504  2883  3417  3671  6023  936  2666  4443  4672  4829  399  3324  165  3270  71971  44168  35715  16277  2804  7151  4543  402229  421532  170648  16742  1.68943e+06  1.20174e+06  0  2.27691e+06  1.20597e+06  214704  18549  1040  512  1997  7444  119814  30937  121286  152417  121279  4927  8833  104781  12138  119920  9565  41583  60252  150901  105105  30244  81785  3465  129950  916925  882892  384175  327060  16941  191199  46274  314297  
75405  47741  129898  304224  115509  166355  1.01075e+06  4.09186e+06  420335  147088  150213  250560  244201  99415  65615  19493  15083  42029  129394  143848  11239  7973  29290  14496  36656  6409  13640  17754  64338  38731  1892  14494  691  8453  332766  228488  159175  82160  16743  31525  17500  39756  25477  124619  935499  78415  157111  1.86989e+06  0  1.99045e+06  743927  657444  829888  820269  713448  200640  151865  22672  175950  90069  474075  45757  23730  108317  33405  83864  44280  72214  82755  41528  31426  12669  78861  3375  167126  894628  1.2596e+06  786588  573291  28624  241239  50640  614052  
686  1356  905  1216  12027  44680  70292  291347  119572  33662  16486  1196  143  1180  284  2137  2765  6018  36016  4931  476  469  6729  961  7013  452  866  1261  16747  8700  312  2434  120  1021  45938  6309  30143  14554  331  2470  1842  3022  2170  2386  1905  44473  768340  1.14127e+06  1.84922e+06  0  2.02157e+06  6535  162  114  383  562  76119  7732  125012  214638  16308  449  762  46982  1243  46839  2006  5469  8040  72561  31656  2546  18106  374  21630  83031  357071  71108  78268  467  31108  6680  97169  
2489  1502  1839  3675  4535  21057  44196  339828  162467  171429  156732  1855  627  6611  621  27054  3744  18793  26249  16291  764  644  5730  1197  7053  896  1584  2618  11940  6062  294  2447  182  1531  43042  13635  27072  22634  1372  3473  3938  29126  11055  5793  8258  73414  1.33564e+06  288281  1.03593e+06  1.82181e+06  0  285863  1244  857  13663  2093  2.77685e+06  195827  126984  84414  45401  1192  1640  33244  2436  34596  2348  21813  45985  81864  94761  28440  504061  121069  815838  195724  720852  436556  365491  2774  175771  39778  280849  
2207  719  1444  5795  1528  2603  12341  115846  17091  214003  256084  9949  12945  43824  4671  104662  14440  63747  7072  66399  1477  472  1306  764  3401  1081  1915  2001  4024  4057  861  4837  553  2008  21911  13075  14447  9464  949  3570  3065  1573  316  929  16979  717  728  3442  569820  2968  664044  0  58612  78359  1.02887e+06  10041  424973  3579  42876  1294  405704  3079  912  2308  1158  2940  963  1786  2678  2659  1770  616  4114  249  2441  29867  15749  25804  22241  2077  13942  4270  38025  
37372  2890  20535  308046  2867  1627  76956  319140  1065  2470  7008  492760  102552  45518  32743  1996  1054  6227  1144  66694  5531  2880  1205  3562  3539  1392  6373  14799  1894  1404  139  2124  52  2311  25002  35196  11507  3577  9798  5269  4009  20526  504  4834  852376  1335  412  17522  1.32755e+06  1281  3940  61066  0  409730  213266  131350  8142  421  7755  1011  270927  39666  13105  3533  13823  7138  9478  10079  11294  2920  1012  227  2254  22  1783  15561  48524  7314  3136  30212  8642  7470  11717  
5576  1104  4046  32937  5864  4181  42328  300369  3727  4177  16997  94908  373627  98765  32358  3149  1443  9406  1657  90198  7033  3488  1205  3672  2917  1415  2670  3891  1741  1587  132  1641  78  1127  30317  13694  10551  4806  1573  4619  2078  6150  241  1670  172107  1050  761  13700  1.26807e+06  2618  6897  118067  572323  0  485034  240524  14137  679  10482  1532  377818  50940  18257  4473  20248  13929  25886  22366  11354  3661  1077  220  2299  51  2110  25312  19004  16854  8895  41983  13106  10301  20094  
4361  681  1804  21295  1650  2542  11187  166504  9299  79234  150755  36362  90643  507493  100959  82406  16435  117043  6315  230955  9663  3697  1971  3655  5461  3218  4365  3360  5714  5254  1065  6792  661  2517  22168  10658  11645  6424  1441  7824  2662  6157  260  957  129617  670  815  3969  727913  4519  87948  1.29741e+06  315651  557031  0  647790  122868  3990  41255  3297  927129  45954  16239  5011  17535  12953  16909  16064  11266  6550  2678  754  6023  241  3311  25517  14289  17996  9400  35648  18653  10039  18461  
5482  816  2317  20699  1047  864  7629  76194  1716  6269  31089  22813  24072  84786  451189  13371  5161  98897  8643  380348  19075  9765  4350  10880  12926  7563  9570  4531  8962  5153  471  6391  387  2532  39924  10304  13196  7722  1681  22382  4414  5733  377  1301  84413  590  426  4238  189872  1112  4019  18921  206462  208819  558117  0  6948  2062  88199  8342  1.75193e+06  207229  131357  17899  623117  82222  183820  88591  12363  12163  3325  614  5871  133  2457  37393  13990  12208  7736  28039  56083  12459  20888  
2868  642  1472  4514  1120  2062  8972  55244  19665  55242  71588  1281  710  4010  810  95324  22351  65582  5919  38573  1163  646  1781  874  4340  727  1874  3067  5071  5627  1288  6581  844  2350  25649  10746  11364  9442  2099  4170  4054  34081  13305  12594  17139  47778  111953  80285  233237  64864  2.57863e+06  174534  2930  1978  17263  2787  0  1.9007e+06  877444  112642  63946  1284  1495  23229  2533  32099  2354  32986  78731  69229  85534  36667  879227  464143  794657  303216  212395  686156  448633  7349  196587  68905  381481  
2873  686  1385  4262  1193  1897  7058  23380  4593  18899  69517  1046  679  4868  3880  120100  24942  139811  8366  103906  3244  1310  3084  1591  8656  1882  3060  3753  8279  7466  1441  9920  955  3428  33700  10350  13474  8959  3013  8347  5482  29631  13769  12712  17085  71880  149825  99837  174619  60109  394006  37271  2711  1857  28519  32342  2.70531e+06  0  1.00584e+06  1.61105e+06  346601  6486  3489  51835  5691  89306  21066  44178  71497  208425  588720  482051  2.14872e+06  305681  468079  311527  166678  445945  221340  16175  151776  69617  239056  
6370  2579  2703  5503  2978  3434  15232  44159  10709  14429  35775  1333  764  2124  7894  49545  27139  264857  42450  142230  38336  14125  45839  16224  103694  27306  12226  12955  44912  21189  2001  25695  1531  11041  142008  17012  46750  24607  5331  42486  19481  19095  7920  13589  17610  15540  20194  100916  127853  207376  104426  24099  2080  1290  4013  18450  946724  1.28368e+06  0  3.02979e+06  1.25407e+06  141240  31999  855809  42986  313857  48292  45862  52342  177167  55319  6741  109372  2806  36574  266814  58107  224435  98909  9085  137308  58326  137469  
4279  1783  2112  5539  2478  3959  13756  44175  10408  7887  13009  1122  661  1315  9785  8527  6367  116748  27229  102230  19965  7471  25302  8678  60017  15168  7400  7746  28518  12035  642  13135  794  6353  64432  10292  31493  16859  5005  27061  9834  37708  18801  21696  25159  39315  65486  177950  184627  237507  138424  6551  2876  1790  5685  29513  118069  2.02017e+06  2.94192e+06  0  406841  13489  14100  2.0911e+06  29054  607403  58755  91322  132795  1.02614e+06  1.45332e+06  525821  570413  13598  110565  327152  87643  262288  89947  15671  196777  101406  161616  
14321  5365  6021  27266  5138  3244  26165  131414  10089  52066  143666  25497  22419  33772  167296  124102  44881  541634  84221  1.1784e+06  179247  67720  96842  61581  215073  61927  32415  25477  89603  42580  3551  49975  2910  21834  281633  32339  94246  47504  7830  106133  32115  24825  5138  13902  127875  4862  2254  22720  321751  4582  49360  460028  271299  232938  790666  2.59528e+06  95785  18306  1.56626e+06  80018  0  2.45991e+06  998514  272213  821485  405234  395153  261671  71924  180607  45026  4927  68088  1499  17774  336103  47875  85055  43874  30287  479025  52194  128411  
1251  526  471  2220  439  159  1927  10072  361  820  2124  2237  2201  2184  14724  1371  777  40913  6551  78359  126515  86957  19688  15975  39769  13017  4399  2245  8923  3391  116  3620  173  1929  44428  1797  8097  3622  615  13871  2772  2312  621  1567  8154  559  125  2081  26511  192  920  2766  18293  13997  17705  114028  1139  485  209838  8755  1.27148e+06  0  535443  134445  233043  81001  76897  50194  7989  15549  2680  191  5573  79  1777  69461  4347  8427  3083  1851  93541  7319  10749  
463  130  235  1203  120  67  675  3219  116  297  748  747  730  596  3527  531  215  9107  1362  17716  45151  54807  4214  11480  7604  2567  1628  697  2029  754  26  947  59  451  18956  856  2104  958  472  7061  839  3738  1300  3142  5509  883  84  3110  14062  103  436  799  6858  5221  6551  102456  502  194  28160  2220  443982  325155  0  149900  617610  67607  79624  48996  11070  12028  3132  134  7335  36  2019  38693  3547  11455  2187  1058  98029  9169  8423  
3255  1399  1791  4813  1347  1034  6475  19509  2416  2385  3093  708  401  543  4574  2065  1509  71985  17202  59407  33607  16278  40461  27954  88547  25342  6270  5565  25140  8435  294  9733  511  5323  76290  5677  22809  11233  3266  19958  6945  37087  26979  28384  24656  31366  15919  61507  144019  21730  24749  2137  2024  1070  1467  18194  12223  12114  595678  1.23966e+06  301136  125882  173400  0  386659  1.35073e+06  66161  68214  101098  1.09622e+06  900796  7014  304727  1208  65443  247691  30815  202586  41140  5982  69509  89134  96225  
1616  383  874  3699  260  113  1768  6075  220  429  1149  871  917  673  3792  766  342  15909  2645  21594  31452  82731  10113  108564  17303  5425  2905  1867  4387  1915  47  1959  99  979  32918  2750  5015  2280  2678  12578  1906  18411  5249  15050  19429  2576  370  13258  31065  441  1298  1132  6472  4563  5597  774312  1324  497  76623  6303  604330  242853  814570  493461  0  1.91496e+06  879819  181324  69433  94782  16199  554  37083  113  7108  94184  14836  41367  7228  3895  215588  32644  30029  
2577  805  1068  3987  834  1105  4500  18344  2785  2060  4248  1054  1420  953  3868  3854  1786  43378  9966  44402  18123  24421  16317  11563  38296  9966  3992  3816  13234  4727  225  5773  346  3236  37156  5084  14195  7544  3026  13684  4346  14904  3895  11336  17426  7261  17150  41327  75371  23544  23876  2612  4840  3424  3973  110441  14957  11110  183656  199586  225623  60997  87103  1.21326e+06  1.56e+06  0  1.65212e+06  1.72106e+06  559859  3.85619e+06  111174  2740  45853  579  13081  460725  83745  78678  40582  21034  830227  228909  73183  
706  187  396  1703  277  342  1999  17110  620  873  2842  1705  4468  1633  2222  1668  615  11303  1619  14993  5315  8628  2863  3567  6521  1980  1267  710  2076  883  47  1149  76  577  14005  1606  2660  1378  697  5496  938  2115  475  1330  4659  822  891  4443  63220  1489  1439  1170  10794  8144  7937  326460  1365  689  69763  18788  231711  74380  47886  85024  497638  1.61128e+06  0  779790  62476  129498  3918  259  8282  146  2686  56305  10059  11394  5718  2198  432148  52508  20266  
1530  141  535  3287  199  200  1509  13105  420  1194  3861  1432  2409  1518  1528  1946  528  8824  910  10875  3814  6140  1560  2678  3856  1219  2135  1312  1188  585  39  753  35  337  20486  3076  2005  1195  1750  9712  1246  28565  2221  2120  14733  4597  1648  6329  54031  1631  4692  1493  8571  5276  4578  135303  6151  3267  55998  13842  161553  55279  32299  50469  71872  1.07085e+06  921665  0  416866  150303  6080  584  7778  1159  49933  287288  41836  46495  15846  12871  932964  405581  38208  
7793  259  2100  18953  281  372  3284  10449  634  985  2395  2032  745  477  801  1956  629  8274  1160  7809  1840  4479  1257  1968  3446  759  1046  3139  1675  773  55  1028  68  406  7834  12412  3659  2557  7289  3022  1791  307906  18691  22605  80854  24978  6785  35059  118430  3943  23964  4209  10842  6106  4636  5344  39893  25250  47179  23654  46515  9143  20595  134155  41986  363277  8334  353457  0  369802  247303  9741  425123  12248  286357  364579  75214  184004  65037  29595  276885  490389  90223  
3474  1540  1370  3097  1767  1631  7397  23260  3862  3490  7973  810  658  1274  9920  9282  4243  91290  22358  115602  19827  10756  20507  7741  48276  11133  6583  6357  24775  9433  521  13160  1042  7233  40623  6670  31281  16647  2839  19838  7655  12719  5428  8955  12501  22359  68730  91192  63375  50639  94976  4971  2337  1631  4485  38703  36487  54041  194117  481808  290273  25035  32781  1.31982e+06  54836  4.33017e+06  115665  446570  553592  0  4.21162e+06  62803  103624  866  15719  203469  48698  72402  34780  8908  208977  65370  72586  
2233  868  1159  3073  1386  1726  6744  19354  3576  7000  30872  676  435  2421  5869  42456  12370  127368  12119  98613  8320  7467  7946  4629  19591  4809  3502  3639  11422  6989  877  10589  719  4213  37406  7511  16850  9831  2080  11958  4978  19746  11758  13780  14417  79093  155266  150500  83182  46384  198532  19781  1856  1271  17519  34519  62208  550839  242404  546703  345479  16863  27085  715878  49302  354506  33996  36976  346860  4.11364e+06  0  1.84424e+06  3.98637e+06  1781  24110  195148  85313  102196  52920  10304  76194  36780  96302  
666  238  377  1045  637  762  2796  7952  1471  3782  18431  267  190  1350  1677  27743  6600  51163  3466  37889  1400  714  1278  685  3654  807  1006  1079  3039  2402  398  3699  291  1297  12510  2859  4952  3073  629  3406  1641  6328  4734  4339  4516  52784  79496  63355  38671  11684  92590  10219  670  506  9552  13813  30456  787578  84846  530033  136051  3538  2200  32196  3696  42426  10224  9994  25613  146543  2.59374e+06  0  1.0504e+06  2389  10383  82720  46636  46993  30688  4771  30747  13873  43016  
2798  700  1571  6735  1337  2255  8275  26400  5049  12832  46356  1138  571  3427  3053  75881  16394  110490  7687  84022  5166  7341  4847  3822  11779  2809  2358  3012  7404  5802  1003  8141  701  2833  29149  9023  11924  7473  3520  7105  3940  359776  107263  27976  33457  141332  229231  116811  236254  22350  493557  32601  3461  2152  26447  23197  550840  1.76962e+06  302824  290520  312184  16799  31105  401436  61602  168222  25552  39999  684198  121559  3.41247e+06  989837  0  823675  1.11401e+06  259138  161596  388138  129619  11873  101409  58550  139536  
134  33  75  240  78  93  481  1716  203  759  3357  68  37  189  120  4223  809  6366  279  5011  107  59  129  49  275  48  56  121  269  264  44  335  30  127  1048  386  462  291  86  206  138  9515  2862  905  1116  13684  12245  9199  23967  1137  96682  2981  179  132  2511  1133  245274  219679  33464  9973  26433  400  226  3913  411  3841  751  8433  25428  2190  3454  5274  498918  0  435451  5566  6219  36867  4723  429  1760  2012  3582  
1250  284  967  3585  1030  2206  6879  22384  3321  3137  9847  630  307  708  606  11458  2571  21027  1972  16670  1194  2049  1236  1137  2642  655  515  928  1556  1130  185  1417  96  522  7680  3600  3254  2016  968  1411  811  1.13578e+06  150852  20153  17937  998025  1.38611e+06  153368  324457  20867  1.33697e+06  12988  1460  902  7118  4642  1.68107e+06  589923  113437  57411  82857  4489  9688  119517  14966  39263  5318  89637  349019  31195  71476  39178  1.79625e+06  1.0174e+06  0  73301  68806  262354  59903  3911  22299  44507  48327  
11078  2526  11912  35843  4652  6673  41153  198609  12285  22756  31647  5096  3735  3023  6422  17378  4245  63151  11580  67805  12442  27788  10543  12017  27185  5978  18711  15160  10569  5540  409  6007  376  2829  318099  52662  45163  51452  15174  38673  36483  220309  35538  281558  230771  58152  25568  455142  2.36171e+06  44130  592743  173185  13392  9091  16173  81487  473845  77762  692037  133667  1.0238e+06  65652  122599  552541  167279  1.11164e+06  145883  1.0713e+06  973538  370345  73409  9217  140649  1388  30439  0  2.15088e+06  1.42446e+06  1.22872e+06  431082  3.3531e+06  1.62668e+06  3.4146e+06  
10150  1030  7671  26352  778  800  12602  42308  1789  4164  6743  1604  578  628  1107  4017  802  9581  1452  11331  1203  2325  1042  1083  2573  601  948  1672  1215  705  72  855  59  412  14361  25643  5703  6736  4289  2587  1926  125560  38856  206795  164738  43882  10503  458997  886325  25140  220167  48481  3545  1836  3713  13518  129272  26404  62927  14056  130119  5881  8830  30365  18183  132441  20989  102481  79527  46006  11023  2891  23903  834  10197  1.34134e+06  0  679348  709193  424353  574730  123234  455683  
14877  1388  11096  41864  2300  3450  23016  78866  9542  30267  32386  7544  3580  2633  1999  17532  3417  24880  3954  24456  2051  3188  2349  3148  5705  1150  3074  12521  3449  2119  232  2814  166  976  21449  36082  18236  13988  31286  7302  3876  228580  77143  318706  244008  130083  15485  416316  1.41002e+06  75071  1.0303e+06  184949  18864  11060  14392  11817  645429  41701  288137  92038  223553  10450  13824  168563  19341  94398  12649  64228  75618  106389  64321  5764  43163  2689  110541  424893  914534  0  2.07345e+06  143359  183678  141342  343982  
3120  393  1946  7394  1065  2343  8505  30313  3619  7062  7086  1766  1002  751  742  4674  930  7037  1873  7681  583  666  919  885  2005  391  1077  3107  1227  762  72  854  39  337  12450  9680  8537  12933  6304  3856  2072  28467  13684  47217  36467  47574  7741  104904  430105  34642  433031  61018  4590  2937  3825  5555  252548  16860  86624  45235  94261  2746  2594  33389  4283  40285  5798  24113  23708  52237  24063  1435  12956  585  14935  350669  318963  1.91875e+06  0  22976  374170  143929  663846  
14639  179  3211  34456  37  22  2123  3494  37  147  326  1347  427  232  356  251  75  1026  192  1853  359  629  177  343  622  126  954  4326  262  120  15  461  8  123  1362  21972  2088  655  9243  547  759  84297  2809  36300  156941  328  123  23662  22794  137  1389  1972  20645  13860  8726  4278  1941  502  4376  1286  16368  2630  2316  7011  6003  14586  1726  18642  25865  4639  1602  278  3006  18  1668  128943  464820  68542  8084  0  33140  37263  7480  
4143  293  1401  5950  261  260  2584  11718  758  4536  14481  1424  1458  3337  2876  8471  1617  25872  2895  26135  8796  12073  4205  7404  11199  3454  8075  4478  3540  1753  131  2092  90  1013  70036  10692  6603  5884  6629  36093  5377  11283  997  4869  32876  1208  1129  9424  47366  2640  33136  8338  7090  3249  4373  78126  25351  3496  48271  14209  130569  48835  51341  53429  112539  681277  564070  1.87192e+06  406900  128977  8588  428  18689  132  4021  2.03896e+06  181617  90171  137022  31628  0  1.78795e+06  191409  
3154  102  747  4888  56  74  1115  3525  217  987  2204  1169  606  587  495  1422  302  3900  610  4094  789  1196  708  917  1974  467  1361  3190  771  366  22  509  16  187  9932  6489  2688  2833  4186  3578  1982  18178  629  3554  25466  775  448  5185  24286  678  9604  2803  5240  2728  2024  7224  10029  2790  35113  9775  41256  6116  8878  86361  9730  166397  19113  986471  480414  16158  3015  359  11287  339  8473  1.17238e+06  94053  84051  83691  42243  1.84372e+06  0  146653  
39870  20919  54792  23494  16292  16578  198096  882697  56702  722126  510224  4462  2631  10608  19952  426028  39553  430895  140947  494008  28334  13383  54779  49539  116277  31228  111948  65809  58410  53610  6428  31683  2615  12726  3.60034e+06  996005  1.11197e+06  2.44e+06  23999  262334  277020  25612  7843  44189  43751  22434  11413  139689  707079  51185  684582  170793  2367  1556  9293  28402  448082  47488  257983  81640  421623  17892  14350  138148  22920  88143  30001  81231  56285  41827  18041  3051  28995  650  12680  2.3863e+06  503160  1.11102e+06  2.32432e+06  19902  820089  354874  0  
