4615614  
2754426  
641013  
3639002  
4171220  
4101539  
10029972  
14573393  
4489674  
7203646  
2994632  
2487409  
2563043  
3522394  
2975582  
6256978  
7981934  
6639862  
8555954  
9820014  
1480270  
1318927  
3877110  
3959133  
8282484  
2188525  
2319858  
2261859  
9251505  
10096143  
2913167  
9548961  
799391  
6718746  
11142743  
3955792  
5662154  
2388994  
720443  
5211956  
2436470  
4898267  
2276006  
488469  
3421637  
3362121  
4893804  
8763513  
14770816  
5416984  
8013101  
2640814  
2607166  
2165985  
3514993  
2918734  
6559216  
7629021  
6966185  
8703361  
9374938  
1852443  
1190686  
5059060  
4146396  
8421841  
2278255  
2277048  
2370869  
9780504  
10250408  
3420467  
8721507  
930658  
6771589  
11424150  
3920844  
5630130  
2641636  
705807  
4668560  
2473751  
11416181  
