0  1.3966e+06  89443  740695  257839  56629  687972  50054  1248  5590  1509  13184  934  1182  1742  5969  9513  21047  10755  9196  4577  15964  37517  46932  14598  4762  64129  187884  20326  63044  2626  321015  855  1.12506e+06  154200  208382  263003  38740  31039  21248  19154  2285  334  4462  8230  251  339  8638  6778  1349  934  476  273  225  209  454  851  305  1944  445  2445  437  795  829  943  237  139  289  487  363  319  114  576  6  242  6480  5787  1939  1457  2546  1039  1263  92466  
1.04558e+06  0  4647  8671  763101  47067  363274  14110  829  7917  2367  227  270  318  1090  7944  8912  19814  6117  10693  3880  6444  21127  22011  14510  3393  7205  22200  19641  28618  1863  31612  468  32427  669664  760552  287714  75010  14574  50546  35892  675  120  399  690  292  416  4494  4585  1422  1320  588  62  111  120  441  1110  256  2165  411  2466  322  422  940  601  272  203  438  710  375  278  97  569  16  259  12573  2621  2414  2310  1529  1309  2141  322359  
32677  1429  0  182529  618  180  197507  151858  475  670  411  398  437  691  743  467  166  1139  270  1725  239  445  890  1648  1040  470  2350  5640  2012  2333  77  1503  17  427  24867  100209  20176  3659  15547  2994  5977  26382  2530  45397  36247  323  338  61375  25440  800  282  82  309  484  469  512  183  44  296  77  631  80  55  613  246  98  102  525  1095  262  471  15  1191  4  521  2784  60293  2129  632  13741  590  2303  13007  
749805  2039  246153  0  963  281  30595  634666  767  1044  2320  1.10879e+06  48156  57647  36070  602  490  2358  706  21412  1824  1089  1654  3123  2731  2756  27025  48684  5588  6024  135  6747  53  2677  15919  83250  25842  3005  29957  9531  15552  105507  3674  250011  1.07182e+06  979  1508  144688  241302  3136  1015  709  140403  19930  14798  13938  621  202  1442  394  12687  1048  344  2446  1689  683  1453  2082  3554  1064  1747  84  4123  15  1798  9465  161246  9490  2537  50091  2480  5247  9385  
450311  1.17399e+06  3080  1869  0  1.318e+06  1.16735e+06  145814  18499  31476  6851  377  1682  1446  4469  28807  64437  58231  19684  34958  9300  7428  38223  15283  24477  4110  15845  29383  37935  45464  14119  85127  2163  216497  938608  631337  292065  119154  6801  134472  74842  863  1102  1032  820  6771  9342  104017  68710  26529  5064  1781  173  216  252  1517  3505  999  6440  1205  8541  932  752  3118  1300  1357  714  1436  2181  1704  1233  386  2833  55  2509  50305  8657  13858  8828  323  6806  3584  302269  
53094  102642  1984  1251  909225  0  759015  335226  384616  1.58729e+06  6074  337  2242  1634  3762  65238  217577  29905  49587  18515  3972  3337  16259  6597  5711  2347  3314  8516  27710  100298  46597  367797  10359  980459  179471  69725  133768  39727  2295  22205  11950  830  995  662  603  5496  19248  101513  142489  109672  31710  4357  172  312  422  1643  6538  1828  8128  2109  9494  807  517  3444  1116  1728  786  1647  2452  3025  1992  466  4803  95  3791  58159  10543  19853  10648  217  8454  3372  106784  
448443  464239  461237  42669  1.72562e+06  710837  0  2.01401e+06  1.23325e+06  370637  13510  1419  1946  2503  6342  58997  137063  75370  91790  47774  10288  9450  30602  25628  31365  6826  21917  44471  93308  177431  88766  57499  1544  13183  1.11394e+06  1.08256e+06  250150  125755  56298  145729  86250  31151  23772  45074  29429  53058  91696  994519  522335  297023  34539  5460  1744  791  1333  5072  10246  2647  16124  3926  20400  2122  1414  10460  3150  4122  2226  4336  6953  6486  4742  993  12565  197  9697  139010  83123  56347  29227  8347  19489  10647  450064  
13072  20940  182435  685542  159840  133471  2.08828e+06  0  1.81501e+06  408528  389027  1.40816e+06  1.77346e+06  1.2505e+06  465045  28443  21083  82223  29839  473379  21440  9125  23124  23865  76726  92668  73120  20086  35785  21465  3709  54869  1363  28896  445379  181817  342301  157327  8983  228225  28328  53247  29879  140132  282038  70487  194752  1.46177e+06  3.14148e+06  1.11943e+06  388486  47740  121615  98656  37642  78451  50415  5495  35915  13795  109660  8293  3002  27921  12554  16511  21263  17780  18174  24067  14984  1700  41917  563  32034  436880  161615  214404  118788  13677  65856  23239  402689  
1231  2949  1401  831  63793  435564  1.10845e+06  1.70792e+06  0  1.77697e+06  6235  231  251  648  868  30181  74778  21355  93216  6215  789  1106  8878  2737  11324  825  1332  3417  82886  106208  56647  23053  385  5438  32010  14235  46480  19123  1344  8281  3848  811  1142  592  447  3620  31637  112347  262111  329039  164759  14574  78  95  436  972  18584  1511  6213  4290  5772  462  240  3973  638  1776  428  783  1486  4812  2933  355  8143  110  4271  31999  13189  26272  13541  275  7355  2046  38064  
8369  15696  2810  3123  84106  1.21284e+06  297884  964898  1.50061e+06  0  173823  1109  1294  9419  2267  2.24989e+06  175066  90849  80449  23764  2823  1850  13069  3750  10988  1518  5298  12812  57244  81987  39581  417821  34473  582493  206577  114836  512258  346054  5933  35298  25090  1882  1534  895  1572  3254  7364  28576  316302  177986  702276  131693  337  379  1746  1137  94832  4629  16991  10724  11212  568  452  5736  811  2614  565  1423  2618  5724  3341  530  10391  393  7900  43568  22903  53203  40812  934  21537  7269  304551  
622  680  2938  10606  3416  1423  6402  481530  2011  250381  0  7218  9828  1.1918e+06  6802  130154  8173  37278  1225  1.04328e+06  1797  445  804  518  637  471  939  1406  959  961  249  5872  1892  5306  31870  4959  24241  15272  675  3064  2435  1683  885  2855  4235  1913  3738  17440  101819  30836  302884  294036  1316  1664  20751  13189  115162  14686  37385  3249  110204  1140  331  2112  791  2305  4531  3673  986  2202  1178  894  9478  537  3544  25316  9424  24675  19762  491  14078  2396  46636  
6234  330  9759  1.02643e+06  2834  523  27732  1.11252e+06  1386  1033  7324  0  613123  363043  165714  660  914  4870  1130  124768  6651  1860  1333  4203  7892  11174  17350  17983  3931  2562  101  1913  81  1715  15550  4646  12790  2370  2860  27622  7576  14756  544  15520  208710  1326  1822  26603  222198  4122  1129  4017  440650  58028  37054  47835  2498  513  4454  696  40191  2545  574  1197  2964  2346  7900  4945  1225  871  685  250  1596  22  747  14769  12834  6054  4129  2486  6934  1421  10823  
2909  808  5463  134337  5670  2763  27717  1.26494e+06  4817  2544  20924  497046  0  718404  208956  1732  1758  7682  1738  228126  9205  2506  2200  5425  21542  27715  26357  11443  5007  2709  193  3136  170  1929  40020  6216  20588  8938  1543  62173  6144  9635  995  5361  67147  2376  10399  29011  309834  20850  5980  9028  165156  500443  71100  63167  4701  990  7801  1195  66484  3358  889  2827  4460  3474  10180  5916  2142  1930  1351  444  4135  93  4065  44296  11350  29264  17917  1612  10336  2829  36871  
3456  600  5343  137859  3502  2895  11378  792048  5674  18544  973702  272003  532741  0  470476  9683  5669  27782  3493  1.24765e+06  21304  4318  2222  4264  8212  11390  14158  11262  3582  2630  354  4874  584  2607  41975  4950  19637  8952  1559  26025  4886  9537  881  6683  45479  1822  7553  32041  177822  51792  69175  141242  44870  76337  506730  183163  34094  5591  36868  3661  235498  7043  1874  3681  5997  6175  18298  12661  1934  3175  2017  1385  6333  207  2990  35603  13149  18630  12511  1346  24673  3269  36759  
2249  833  2403  51879  2533  1025  6940  145917  1009  1658  16988  81887  60457  527466  0  2921  12775  90778  21369  1.57053e+06  81785  73874  8989  616547  31286  137703  37003  7885  8620  5686  1002  13227  1455  5193  94374  4253  21666  10173  1991  182012  8995  6262  631  3426  23038  772  2389  10701  49679  10553  3350  8743  12171  11310  84078  323968  7143  4990  44961  12859  185407  11543  5556  16264  11383  6647  8884  4798  1962  6983  4343  2877  7113  108  1315  35883  8178  12204  13233  1046  18600  5268  54816  
9533  15947  1769  1837  69645  63616  73330  81547  95475  2.47993e+06  230107  483  735  2873  4452  0  1.98128e+06  903516  96059  72934  6566  1981  11918  3181  5851  2906  4351  12567  18023  42060  17398  619390  348491  820467  274350  64004  564491  370461  4582  30703  22403  701  677  405  810  1399  2482  9191  23756  9492  69126  61601  160  200  922  1436  113923  28840  44401  3817  41680  867  437  2878  699  2220  514  675  924  3187  1756  1896  16102  912  2089  23086  4977  15023  14394  359  6684  3856  372349  
11398  45727  2453  2453  187415  132027  165486  70358  143054  277770  91135  1193  1306  4689  39294  2.74508e+06  0  1.14784e+06  1.66982e+06  311477  27554  7206  33507  9743  29570  19753  21427  21488  116579  650772  700540  2.32156e+06  617417  659341  192438  62999  370556  106234  9361  89391  33663  2710  2332  1115  1524  3882  4257  19592  34155  16889  32176  60304  423  496  2117  14851  224989  97738  299115  38582  269360  8448  3185  14968  5231  9164  3739  3580  4823  16472  15255  20160  61599  2538  7001  118339  18276  57214  52441  1579  34161  17231  171774  
10404  11333  5757  3871  34208  14857  56818  113237  60147  163511  104694  923  1134  5322  17376  514777  543500  0  3.39076e+06  1.03441e+06  152399  38771  727397  81131  206864  57688  20851  38359  106058  78968  9190  213061  11148  99863  251923  32154  310578  153199  19308  176728  62554  4508  2857  2242  2206  3840  3351  21617  32489  21185  27879  18720  362  463  1164  20947  123242  126719  430951  104269  278698  35310  53143  93732  61265  23559  6925  5546  7983  39112  28691  24772  73769  2465  7989  233745  21545  62195  57417  3173  58228  24009  226727  
15428  16350  8005  5145  53537  21996  97333  196155  189878  122784  4568  1316  1335  2614  38370  63556  1.7595e+06  3.40414e+06  0  316346  34606  14398  1.37487e+06  55154  422086  82957  45339  62426  942542  1.43187e+06  652998  518805  6284  189973  211164  39605  416163  177554  29611  277976  92865  3360  2054  1920  1959  2341  2321  19634  29273  14081  39577  9692  336  321  777  15693  29110  39880  197898  63234  184423  29576  19809  69947  20634  15987  5449  4192  5915  27666  18627  13073  35107  942  4410  144893  16969  42134  49838  3235  39938  21529  179914  
5849  5734  5790  18636  12423  4068  27328  328924  4299  40301  863633  39864  66463  609642  1.91851e+06  38902  78791  1.24417e+06  159839  0  1.85651e+06  929394  126344  872344  118839  173498  85185  25690  53620  39861  6682  108473  9526  38078  262626  24547  139225  74902  11376  305335  40707  11446  6232  6705  13426  6734  8245  51959  119527  42484  48716  100897  10093  13071  77838  261460  185000  114985  650292  172131  1.59099e+06  147931  111365  240709  132826  52589  27488  16943  15587  75218  49896  31075  93256  2280  12837  378508  45604  112717  127284  5076  115882  50865  273044  
797  772  483  610  1155  299  2623  5253  239  681  741  508  364  1496  42398  1344  2712  194105  9561  825844  0  490406  60921  134474  9518  18751  4891  3372  4756  4673  565  13756  336  5233  42580  2308  18014  9180  1594  43435  5924  1132  428  579  746  274  176  3054  3646  376  533  478  489  529  1150  22660  696  594  31932  9120  166239  127363  108166  28140  66748  6724  3995  2018  1661  5341  3284  552  4313  27  550  38455  2469  6155  6437  647  21119  4029  18149  
2468  2460  1976  1006  1519  367  7604  7093  174  380  284  273  167  558  31823  536  668  104750  2865  214350  402675  0  67281  568777  15868  42229  2418  6083  7166  8950  276  22441  98  4145  45300  2872  21150  6015  2247  50396  5108  736  205  448  612  153  104  2038  2138  222  239  212  419  493  461  25062  325  298  14332  3982  63746  79991  125561  16068  91488  5409  3485  1443  1202  2884  1691  198  2416  17  334  28420  1260  3553  2619  524  20578  2440  12113  
11383  11580  6357  3992  16429  3922  34209  62146  40078  17783  1380  976  1114  1569  7137  5252  24904  846575  1.09286e+06  65542  87001  63599  0  520144  829899  106462  28744  65771  1.21867e+06  681740  34862  305703  798  74359  183991  30521  298599  131483  19780  158303  105559  811  385  724  899  442  596  7028  8684  2193  3594  875  218  223  194  1962  2179  1623  28332  11764  23861  8612  14868  37358  9895  4519  1401  922  1383  4295  2865  528  3559  48  467  42370  2349  7432  5340  1318  9537  4347  100816  
14365  11176  10749  5326  4046  808  40382  26984  544  811  373  1901  975  4049  461219  809  1204  82383  22987  535640  170943  889182  477050  0  1.70643e+06  768791  22251  37606  102630  59307  936  83314  130  4575  123708  12661  80189  13315  15209  315821  13489  1109  294  860  1285  244  252  4016  4669  599  556  577  458  402  425  18919  642  477  13520  5098  37367  11768  36212  34987  173674  9493  4832  2222  2017  4778  2834  285  3348  21  381  36792  1950  7144  3542  1711  32515  4361  49488  
10284  7346  7274  6403  5418  940  33647  63932  14467  5210  647  7461  5760  10302  51892  2321  4062  103766  148328  45287  16246  33382  1.00591e+06  1.70219e+06  0  1.7435e+06  1.14833e+06  183333  3.4554e+06  123241  3322  62823  503  10684  254160  33199  85678  28611  22481  1.04958e+06  88034  770  223  838  1962  374  825  5579  14806  2460  1789  984  759  652  673  3509  1458  1332  11792  4176  16403  3684  4427  9401  12139  6418  2852  1506  1422  3483  2239  537  2678  43  436  28535  2223  7810  4947  1827  22061  4165  106047  
4105  2544  2976  2632  1034  219  11602  19385  445  400  173  2913  1649  5108  42692  641  611  33539  24207  28736  18754  37510  95982  506309  1.49455e+06  0  290853  18137  68117  25962  523  21522  104  2624  43578  5280  32068  7207  9346  439628  10485  272  63  332  800  59  159  1258  4295  450  224  280  282  211  203  1614  220  173  2814  1052  5480  1437  2547  3760  7654  2057  1229  611  588  1344  897  84  862  6  98  10889  588  2920  896  891  11103  1508  84221  
47447  1958  4971  22431  1483  398  13982  53595  435  1404  393  8828  6265  8276  42861  1278  1905  15110  4940  21562  7758  3936  9918  11458  1.05334e+06  453858  0  264651  14507  4165  281  6443  303  3403  129651  13600  55980  34444  9480  606366  269474  589  110  1040  2707  152  599  3082  13772  1843  743  1052  816  675  557  1860  671  514  3560  1010  6522  977  1154  1597  2949  1333  1103  678  464  810  459  287  919  16  255  10340  1252  2375  1759  719  7520  1155  50203  
363556  22279  35036  163997  22494  3091  91975  45937  1315  5731  1660  8789  2603  2901  4345  6489  5323  27015  11306  14278  7459  8676  29867  28607  87394  7198  320059  0  171739  341728  2042  417212  584  127525  126120  54545  316453  75015  40744  88095  258845  1294  143  4375  7703  205  444  4970  5846  1619  1416  618  492  476  459  757  786  369  2383  698  3381  553  747  2333  1772  697  259  436  1599  2782  2086  162  1882  11  209  5995  3003  5986  1459  2289  2643  5419  55517  
10718  7844  5861  4216  12672  3203  64248  58554  139348  40734  1917  1465  1621  2517  13327  6086  51033  158597  532971  50049  21550  38475  1.54882e+06  169395  3.03872e+06  75877  53120  266317  0  4.03147e+06  156626  141740  651  22724  254862  47244  170550  84853  29155  450124  78130  671  353  549  796  629  1295  8668  11512  4833  7699  2125  235  265  287  2623  7545  5368  26331  8262  26994  4839  4543  14422  6255  3122  1183  989  2030  5250  3889  1569  6046  155  769  24891  3151  11535  7950  1774  9987  6692  93725  
38666  31004  18670  10007  96780  25742  297593  87335  216402  46013  8092  1543  1970  2580  14824  27277  833488  278110  986883  121148  54593  82225  765701  254593  173794  48108  17343  404709  3.83853e+06  0  1.72188e+06  4.22842e+06  2809  59516  319824  68192  489825  186195  43530  191735  64486  1189  700  1102  1449  1358  3079  17917  20734  11189  7572  4962  315  417  608  4527  27184  15020  59726  11128  60187  5771  6072  12560  8291  3727  1497  1368  2805  7378  5929  4031  12717  397  1661  39930  5883  21955  15178  3112  12550  9525  231290  
2273  7606  1144  606  65350  18187  170268  12352  96285  16142  2166  157  184  432  5322  11004  811463  60854  812959  40120  15594  4162  66413  7330  16501  4655  3383  8327  184019  2.24834e+06  0  1.3081e+06  2071  15766  40606  8536  67299  39460  2448  18382  6491  303  228  180  220  439  1244  5938  6034  4695  2255  1332  45  51  156  1700  7365  5125  22297  4125  22267  1313  672  2182  914  943  456  375  487  1762  1486  1786  4138  124  602  11777  1712  5200  5141  266  3576  1808  41821  
318702  84833  21328  31681  183903  357762  210452  145027  78688  284785  33744  2500  2295  3936  43126  553174  2.11702e+06  531415  384388  339309  111305  66120  406418  151073  69145  38829  33347  460987  120611  4.49246e+06  981235  0  858091  1.28328e+06  299846  99488  848134  224840  30609  120062  70771  2140  1508  1909  2589  2760  4839  25458  43257  20923  17796  18592  455  486  1277  9761  88391  41282  165050  22604  153965  6989  6192  15858  7860  5916  2460  2332  3703  10892  9605  10456  29057  1077  4196  80727  12178  39693  32781  2664  22382  12986  274961  
1945  3305  190  242  9429  6745  2533  6583  456  17334  8607  110  112  380  3002  202270  391701  37823  5785  27374  2181  489  2251  609  1402  1410  1272  2060  1830  7608  5851  477902  0  356026  11411  13401  72327  10828  596  3437  1883  128  98  67  86  195  241  1089  1750  535  2363  6698  28  23  184  655  19542  4559  10734  926  11400  324  154  680  232  396  136  136  165  615  359  460  2883  141  297  4059  719  1983  1653  75  1007  537  12699  
1.0398e+06  224300  8669  7608  637348  1.74872e+06  56799  135748  5599  927249  25430  1385  1423  2052  10941  1.42945e+06  1.12227e+06  203318  62808  93616  20398  11202  82252  18796  12085  7570  12336  57843  24239  129323  40847  1.537e+06  759640  0  89057  69649  1.07028e+06  61276  4313  23389  29156  616  429  724  966  1078  1986  13716  30624  12052  13896  11292  214  224  452  1875  22948  7082  22355  3226  24254  1310  1108  3046  1358  1107  475  533  784  1815  1391  1318  5296  201  1215  18295  3437  8116  6249  433  4214  2046  68210  
95788  138850  68895  44778  287794  35724  910498  1.73914e+06  28365  709514  182270  11850  29562  43538  129125  485416  94169  846848  172950  590937  151710  73843  351569  148149  345185  84406  376989  495264  486382  248844  16679  246190  15047  84552  0  2.9883e+06  1.26269e+06  1.04851e+06  508400  2.72232e+06  1.51648e+06  6773  3916  7141  10487  12906  26250  190880  328204  96802  77685  34791  2751  4608  3930  18499  37597  7723  68647  14400  97989  12430  11694  36324  27263  19096  14280  14353  17202  14981  9615  3366  19115  426  11113  462820  39756  102891  72843  11919  102278  48090  4.72677e+06  
103473  94806  69312  31951  83178  3432  788503  108707  3620  61066  44476  1021  1313  2065  6355  112920  25677  128006  12611  93962  10264  4479  22762  9467  31454  5578  34352  52442  36199  21511  1827  34162  8609  24316  1.8363e+06  0  385860  431038  611430  199187  111110  1209  448  1852  2689  1051  1541  17255  22812  5557  7705  3966  389  475  550  1762  5515  1150  9635  1515  12788  1009  689  2605  1053  870  657  1093  1717  1196  832  478  1969  40  955  36242  5676  9008  8971  2774  4263  5195  772386  
188477  178405  127567  60031  349764  30238  724389  1.05825e+06  26362  425961  127350  6616  12953  14728  29094  389483  100849  336382  96377  216471  40445  16568  118316  40146  34653  17796  24408  107455  69734  122666  30202  216893  8032  125891  355260  1.2109e+06  0  1.70231e+06  276073  74878  105714  3765  2148  7360  8559  6099  9839  104695  173725  50038  68114  31452  1893  2003  2002  4630  17727  4986  23924  4970  31498  2632  2222  9653  4368  2931  1452  2304  4726  6585  5181  1357  9007  189  4067  71068  18171  47188  22427  9287  13634  11802  273872  
11520  21419  12537  6857  54693  5886  86838  275791  8686  244448  50104  1352  2749  3546  10090  206948  48174  160998  43395  105000  20861  3923  28858  4152  10784  5298  14154  32718  35564  57878  26959  38746  2041  6977  218054  367440  1.87833e+06  0  65586  57553  130883  809  486  1172  1913  1215  1793  18882  27218  7725  17933  8906  367  415  484  1753  6321  1928  9939  1996  13773  1114  833  3134  1391  971  564  652  1121  1832  1494  618  2654  79  784  19645  4805  16009  17157  2473  5354  5411  485190  
109631  3660  38402  54526  636  182  78570  4022  472  3621  1890  754  478  524  1224  6094  2620  17561  3808  11827  2946  1297  6454  3984  5045  1536  10244  27608  14916  8353  360  5226  276  1221  164557  512886  215085  65171  0  24913  47750  520  110  1729  1931  84  88  1406  1135  266  490  243  115  112  96  316  542  238  1758  358  1868  313  281  2146  1057  280  117  238  765  991  1020  84  1101  9  106  5107  1074  10375  1366  4855  1167  2077  47208  
12798  5950  11015  24163  4901  865  47886  100646  2565  6562  1906  20032  10416  32704  188666  4394  7300  80160  34950  133516  66392  51488  52749  159182  437765  370836  1.34666e+06  156241  192989  66870  2323  40811  680  7131  2.3523e+06  79111  116204  45024  67052  0  1.0642e+06  4804  1220  2801  9926  1358  1755  13253  30495  4672  8128  12738  2349  1772  2581  21192  23147  17778  81679  24968  113034  19051  19153  28556  55031  22306  15613  9956  9196  18422  11372  6224  20835  705  3357  140029  11338  37048  28262  12693  126120  25701  165159  
11606  2376  4222  8987  3845  486  23068  20386  786  8299  2131  4848  3727  5831  20551  7326  4016  54494  12644  29902  19574  5339  43525  9296  49863  9921  807863  379090  60613  18657  599  13857  363  7147  1.02369e+06  65998  171864  237151  65860  1.26529e+06  0  672  148  435  1711  296  440  3621  5263  1312  1967  1156  542  551  550  1894  2074  994  4895  1276  7425  1086  1197  2579  2687  1495  1178  1152  1493  1482  1014  363  1693  39  467  15634  1570  6937  3911  2724  8029  4662  222494  
1273  216  7975  26672  1782  536  23595  16878  1782  1198  615  2571  1434  1503  1543  715  938  4739  900  5795  2228  6311  744  5265  410  186  358  667  656  480  83  871  66  280  9939  5308  3448  2085  1576  2015  1045  0  2.03983e+06  80856  687064  579188  187189  740378  63671  5225  15883  3021  13664  28357  16494  22844  12409  3827  31311  9295  37484  6246  6758  132398  26013  9721  5116  68368  93062  21000  37651  1911  209030  436  1.30459e+06  378689  457070  648194  102977  62411  35729  32019  121902  
144  138  904  828  1232  446  16143  11359  1585  904  463  67  179  102  310  518  537  2557  530  2106  985  2013  398  1630  219  91  117  224  327  243  35  488  34  165  6275  1659  1893  1261  552  983  549  1.04145e+06  0  7312  3066  671888  139694  286863  32339  7049  18797  4804  84  119  288  9149  17432  3018  22632  3745  30340  3904  2749  41843  8820  14180  6899  22884  24351  11116  8606  1448  32859  261  46415  566914  786780  217388  70356  13637  85294  35131  94975  
4435  314  86056  106251  311  49  75549  26836  214  95  80  625  79  128  105  41  50  194  52  295  76  278  73  288  75  37  432  1014  173  203  10  235  2  44  1630  9967  1305  327  1583  318  694  70576  1376  0  112074  439  621  211219  99038  598  623  201  91  170  289  736  271  74  784  257  864  173  225  4027  1103  354  314  682  1392  820  1206  28  1292  2  806  8886  58285  13724  2298  12558  1294  1910  3652  
13658  373  191032  1.26919e+06  888  160  89063  154204  591  417  948  274095  19953  19623  8908  240  248  1277  297  9760  1734  1172  407  1242  667  644  3941  6886  1064  949  36  791  21  494  5047  16229  5035  964  3532  2199  2724  831433  1613  153816  0  710  1194  45882  594316  1627  912  734  909042  65722  34908  26417  576  202  1892  676  24429  1995  646  7436  4048  1185  2024  3223  6067  2407  4512  84  7411  10  2758  15773  182844  30437  3684  40968  3226  6524  7317  
188  688  779  1110  10252  1769  84315  52085  7049  2671  1166  277  397  229  506  1394  1069  4515  922  3740  1609  2047  850  1866  653  153  353  739  1035  652  109  1198  70  455  20965  6735  6158  4120  702  3427  1842  436227  1.12979e+06  3352  1547  0  1.47062e+06  980091  94733  18562  48530  7734  221  183  616  13704  33379  8821  42579  7316  48807  6122  3537  49240  9103  18093  9161  26986  31498  18256  17009  4273  46365  811  271820  709508  490388  365089  196683  3726  102778  35903  184664  
433  1048  726  1170  11659  11765  115174  188453  68225  13261  2316  332  2071  546  470  3365  2129  6392  1300  5088  1256  1316  1917  1512  1222  264  669  1744  2284  1694  282  4301  134  2048  48676  12004  20228  7886  659  6047  3380  162908  291392  2999  1821  1.11962e+06  0  846128  385191  728386  1.51279e+06  8167  308  389  3139  8281  46297  35840  22037  24908  23500  2343  1388  35435  4329  11845  4551  9021  15126  47106  60442  12432  211053  3615  926498  207038  277806  145592  84351  4775  38594  11547  104393  
3423  7300  36280  19117  92782  20192  911069  511326  94984  12978  3111  1749  753  895  1403  4136  2806  11271  2464  9495  3555  4987  3756  5025  2734  578  1597  3654  5016  3623  673  6185  194  2755  100887  35039  35079  15563  1878  14280  7968  412230  455741  244230  18775  1.86673e+06  1.26904e+06  0  1.5177e+06  1.31557e+06  145994  15572  869  495  1850  22255  55464  9179  66070  22521  90214  10163  5725  94263  20209  38026  13655  25217  33064  68952  43937  3623  38636  675  34818  943771  1.06027e+06  336068  156591  33778  162749  42948  318613  
12597  12013  188583  340563  124620  94783  1.45552e+06  3.25048e+06  588776  198591  41045  193880  143776  90004  57246  15769  10080  33450  9905  93354  19231  8121  12919  10479  15263  10747  12746  14956  19042  14742  3220  28802  715  15031  356871  104342  160347  69853  4708  65475  26787  46160  35537  194826  1.06157e+06  86960  266014  2.50556e+06  0  2.28397e+06  506918  428561  1.05883e+06  937043  880435  464595  37693  5348  70639  40706  322894  13492  4520  47826  51349  47024  130528  63426  21570  27553  17295  2006  57860  852  56678  459008  627718  382265  222525  19102  126577  25634  360119  
643  1786  650  975  12992  27757  142324  415902  283938  122477  11724  279  421  1307  369  3557  3404  8415  3493  4702  838  718  2220  1145  1187  253  653  1908  3228  3319  1098  7328  198  5390  53103  10641  38273  15056  632  5152  3611  2735  8184  1914  1171  13891  920360  1.23026e+06  1.74445e+06  0  1.89646e+06  5400  125  143  1061  1412  28991  11937  45969  151181  9678  477  301  84543  1410  33648  1572  1554  3654  91049  66218  2015  18911  132  5749  35675  237514  44413  28573  3113  14965  4169  49978  
795  1169  1147  1562  5360  12745  31822  389921  217440  566659  99720  322  642  5933  481  15932  5756  14353  7354  7398  1056  914  2211  1079  2121  285  1125  2463  5701  3639  1146  6693  309  6396  50796  8032  55088  35571  1152  4756  6065  16148  22506  2811  2598  45078  1.24794e+06  266601  1.07178e+06  1.88958e+06  0  113059  368  366  2634  4668  2.08763e+06  106644  97379  126464  25272  1967  1072  62788  2969  21172  3390  7185  14626  73280  83420  12179  525232  82618  731742  177359  620889  306187  219860  6274  112084  26023  230369  
390  498  725  3361  1917  2451  6852  83898  18495  310815  260430  4241  2677  37710  2079  98934  23677  43157  5229  60482  4001  959  1064  642  1204  414  625  901  3205  2122  674  7396  1567  3583  28840  5224  21232  21660  428  4145  1736  2299  1058  930  11460  2206  3062  6654  461628  2724  183824  0  21930  21350  722578  28818  151801  5417  40380  829  628090  2572  416  1526  1146  845  1379  961  1245  909  817  908  6024  564  4556  52032  8163  27109  24206  437  12555  3607  72930  
2482  504  15301  317227  6300  904  69317  179263  2163  1277  4684  607137  208222  137962  56784  1283  1242  5739  1331  68751  9485  3265  1049  2801  2343  2507  4699  5852  2319  1516  115  1677  109  908  28308  12359  10348  4387  865  10625  4393  31984  506  10330  813695  745  1292  15835  1.10533e+06  2662  942  5818  0  595249  160835  294571  913  525  3807  905  137958  7751  1641  1501  20510  11830  49587  26259  4040  1319  1357  309  4239  26  1509  9198  14956  3872  2809  7294  22921  2394  11971  
1190  357  4843  43433  3260  2583  28981  223926  8843  2618  6671  99300  425396  146786  35034  1496  1272  5827  1352  73248  10397  3536  1097  2437  2529  2648  3771  3707  1865  1200  143  1976  128  950  24107  5640  9766  4750  638  8656  2800  9796  1372  6335  181031  3421  10404  24644  1.21914e+06  14924  3906  11154  593899  0  371684  241994  2664  780  5602  1115  157773  8414  1580  3388  19752  10810  39189  15983  3606  1890  1463  330  4964  66  5339  34379  10538  37070  22795  5224  15883  3016  25613  
1140  828  3071  33945  3249  9571  18130  156073  47286  66767  161445  47316  62159  640758  139755  42813  14510  38535  4788  362715  36111  8113  1739  4005  3198  3613  4285  3301  2551  2197  594  7285  1121  3819  32980  5104  19657  11443  713  10642  2577  17187  942  3040  179394  2146  5161  12003  830044  7655  12019  1.00196e+06  255141  380911  0  721202  18415  4564  35647  2847  906433  19682  3660  3724  17238  9936  32532  17162  2704  2576  1937  1199  6874  223  3717  30392  10048  21056  12844  2867  29873  3334  32285  
1073  742  3384  21793  2005  2424  10040  66957  9320  4444  25265  30649  18599  151760  377907  7274  15866  80314  20163  349861  47251  32945  6143  41098  5519  6482  4067  3456  5072  4508  1028  12081  1289  3935  36486  3967  16330  8457  1445  27546  4388  9604  1112  3203  56242  1663  2385  10987  207075  3757  2959  13637  107062  81627  400609  0  6173  5760  61576  18949  1.50865e+06  58924  91668  17872  672931  91421  268453  68435  8402  14468  6626  4417  11521  182  3177  61376  10398  25398  29290  1552  117106  11854  43870  
403  462  495  752  2320  1327  10165  80399  27086  217759  74879  171  225  3171  554  86615  32608  51056  7507  23807  1348  789  1460  979  1870  303  755  1237  4485  2454  821  9131  1718  3200  26361  3769  18008  14076  735  5477  2923  10905  12378  1571  1578  28814  53916  67857  75651  96750  2.22393e+06  120957  209  244  1532  7625  0  2.09552e+06  881216  69232  41630  2566  1075  27015  3231  9695  4858  5945  10880  28686  38790  14989  714910  423660  613781  269583  163526  351266  264822  2297  120723  33556  313921  
801  1168  711  988  4665  2384  12392  21272  7561  46403  96770  435  446  3285  3924  225965  138219  259527  34204  178066  6530  2393  3142  2457  3690  905  1868  3290  10977  9217  3487  38067  7432  9763  64130  7994  28055  17110  2184  16936  6876  10572  14028  2167  2072  29031  103347  85897  41807  93164  316920  44228  886  904  3975  31142  2.18829e+06  0  1.09146e+06  1.79282e+06  315893  8778  2037  70652  8146  23907  12540  7980  13372  121082  541219  474639  2.32691e+06  413600  299234  205503  170576  165978  79185  2843  49906  24494  116208  
1711  1744  1562  2248  3990  1313  13564  24838  6293  28009  18262  303  384  1128  7314  37037  69959  286727  88403  112051  44026  22639  42985  17518  13027  3801  3584  7150  17187  14350  3715  36463  3040  9657  114943  8479  40771  24388  4624  40559  12719  20081  14125  7211  5092  24232  14804  75947  123130  114309  149270  15440  298  344  1361  37669  876848  1.39471e+06  0  3.42349e+06  1.05762e+06  123200  56963  569101  74401  87820  30592  18279  20978  141521  107017  35940  249580  3489  73821  295998  47771  316833  164548  8659  104094  64336  240104  
1283  1361  1258  2336  3289  1465  11755  23439  8227  12032  11087  348  397  1257  11929  14691  48030  252690  73567  139372  41557  15234  51620  13296  14128  3911  2950  5368  13609  10841  2806  29078  2275  8293  84110  7678  32328  19441  4263  25946  10063  18009  11136  7582  6061  13713  48187  139837  68120  355261  123185  3893  535  551  1389  62303  29690  2.19162e+06  2.84522e+06  0  508354  28474  11184  1.99461e+06  37611  233000  49008  27277  33486  655384  1.54348e+06  575941  454550  1424  25553  282762  61502  189662  107326  11033  113295  75286  168637  
4786  5176  4657  11237  12073  7790  34129  120418  26958  81875  221548  13369  9049  45668  108935  227592  214864  910121  213491  1.25151e+06  421712  162193  138651  87512  44181  17872  13018  19468  51648  40994  10282  117928  12725  32145  277551  24993  119292  69082  10465  132344  34185  16021  7579  7453  30059  9632  8676  50782  399835  12888  45902  622560  66333  57213  719192  1.88865e+06  45685  50752  1.29788e+06  219425  0  1.56952e+06  812051  199690  861183  134464  224772  96485  36863  106894  53606  24001  99398  1859  20203  370116  52632  167879  141285  7733  253349  61301  272079  
564  502  395  483  812  213  2165  3595  289  850  885  126  118  338  5487  1322  4265  108377  25654  59245  185117  110653  43442  31885  8341  3584  1421  2182  6469  4247  553  9512  414  2797  36244  1785  11222  6284  1014  26749  3678  2435  1184  1251  1030  1003  404  7227  6137  374  1548  828  375  336  585  73205  1682  677  224680  17637  1.28183e+06  0  467138  100240  233424  17280  28780  13902  5326  7250  5053  1190  16484  79  2126  77279  6526  23893  21394  1562  38840  13230  34044  
385  378  311  388  397  95  1444  1776  127  256  338  96  65  209  1770  379  2581  38440  6980  21833  102188  154895  13957  103931  3224  3083  829  1189  2257  2054  249  4843  220  1121  24597  870  5362  2483  623  32007  1563  1659  485  783  820  293  182  3769  2326  159  458  181  270  195  269  70016  401  154  62564  3166  395412  328354  0  80443  746494  15543  25170  11443  4552  4526  2672  202  6827  19  792  37494  2868  9518  4438  1083  41030  7286  14344  
848  676  1407  4740  1571  505  7203  10341  1666  2433  1061  248  218  558  8021  2064  9508  103443  35652  60947  34613  51273  41767  64302  9427  2957  1786  2830  7670  5440  983  12791  928  4230  53534  4299  17043  9845  3945  16367  5074  42903  16784  20993  14802  11360  9799  119934  41149  44081  10383  1919  357  346  644  25729  5755  17720  542033  1.23034e+06  143524  98789  119203  0  289533  679321  48599  32645  53538  1.00382e+06  1.22841e+06  12838  311091  256  19589  299700  54014  250628  72445  19514  113674  135400  196936  
729  628  1226  3550  592  210  3536  4827  557  527  1162  623  389  766  3595  623  2686  40682  6669  33664  65643  171440  12391  415434  9498  10308  3409  2403  3693  3560  320  6753  247  1194  113722  1773  9054  3522  5199  113621  2633  15973  1749  6940  10205  945  1311  20260  13072  1807  1694  397  2538  1619  1422  675895  1213  813  62328  12886  519647  130365  543829  566584  0  1.81007e+06  583381  90948  48617  122456  43533  560  44445  51  4760  137711  17641  36938  9041  13603  384698  32874  51718  
380  291  910  2585  829  698  5518  12812  2795  1422  1593  789  633  1164  3259  939  4446  33787  7702  24258  16291  24354  6617  39896  6552  3571  1861  1402  2876  2376  386  4530  307  1247  60664  2144  7908  4280  4575  40680  2371  13730  4191  6618  7714  2921  5097  36580  39101  14913  4504  931  3272  2086  1958  172847  2318  1958  70353  90759  88551  20304  39057  1.18728e+06  1.76413e+06  0  1.97775e+06  1.01869e+06  252779  3.26456e+06  108098  1667  44823  104  6188  323964  55486  62473  25043  18496  1.00234e+06  88108  90398  
108  112  453  1141  366  926  2361  14729  3936  978  1283  1173  872  1167  1862  452  1216  9239  2134  7667  6313  7325  1631  11185  1477  1117  525  404  688  611  119  1440  141  512  17280  666  2546  1334  490  12988  591  1508  579  1039  2834  735  890  5076  44032  1282  889  414  5763  3615  2754  317955  747  657  15654  9746  74203  12374  31515  65590  552755  1.51843e+06  0  588010  33851  150910  7078  1145  6591  33  1619  37216  5117  13825  13332  1357  288899  10050  25565  
215  111  1053  2286  476  710  3940  13375  2790  1155  4529  1054  853  1880  1140  906  1460  9300  1379  8727  4427  4414  1451  5340  1233  1022  686  407  659  552  99  1231  129  410  22615  1397  2438  1314  660  11305  662  34250  2588  3078  7425  4576  2306  13286  45207  1234  3172  711  3763  2362  2820  124217  2652  766  13744  3891  39158  7664  13979  32066  48150  1.13254e+06  731910  0  221072  39374  6495  709  11272  154  24019  214693  32209  43145  17582  25022  646795  230697  42200  
805  127  5692  10338  593  249  9497  7971  1197  1261  594  897  225  335  730  600  929  5376  1119  3816  2407  8707  1548  10886  1190  683  381  1434  2542  2040  99  1233  46  250  9856  4424  5552  2469  8014  5197  2084  83036  6857  12055  44351  9160  6830  34520  26749  4493  11346  1636  2579  5571  5774  12343  13077  3897  28599  10112  21526  6722  8634  119150  50551  154910  12459  293941  0  317403  253485  1119  388232  755  75172  306811  84399  135177  27327  75369  275754  429561  95224  
474  369  782  2352  1211  662  6267  12016  5089  3235  1676  323  277  995  4256  2717  11138  59215  12831  35757  8861  14336  3936  16557  2674  1331  1041  2139  4082  3708  736  7585  819  2355  25252  2884  12589  6423  7141  12649  3440  14861  4587  6192  7285  6436  52407  91180  26685  116924  32997  1014  602  500  875  40245  3961  29937  142035  317746  87166  16886  18170  1.86409e+06  113358  3.24908e+06  195556  93145  547302  0  3.90906e+06  4550  110617  214  11829  207573  42742  63069  24626  14757  560398  53044  70842  
386  413  1098  3554  1812  1615  12067  23264  12292  5855  7406  191  210  663  2376  9764  19755  67945  11210  41801  6662  13686  3136  13383  1763  704  654  1671  3258  3352  939  8734  996  2269  22726  3545  11882  6394  5975  7587  3154  31977  21108  11158  13143  44569  298274  234802  48396  182676  120281  2117  396  405  1039  31655  14070  484083  242868  767318  124736  21390  17628  1.00281e+06  67028  73488  19793  15341  402205  3.3853e+06  0  1.14422e+06  4.34653e+06  1629  35994  176770  62390  118398  45682  13870  104804  46618  114215  
140  204  158  374  969  914  5183  12051  6852  3522  7699  83  129  522  1491  9646  16697  48946  7354  32420  2891  1405  779  1221  602  226  341  714  1626  1696  652  6244  890  1580  12319  1875  5694  3283  619  3142  1460  3677  6973  1091  1045  17413  167467  119424  21746  89251  79522  1265  172  147  713  27654  13817  783798  109243  781127  93915  9161  2586  69469  9625  25001  14218  4619  7825  99214  2.03291e+06  0  1.09409e+06  3909  13947  44947  29228  31512  16744  1088  16772  6090  26740  
952  747  3929  10984  3776  2917  23238  48526  14959  29483  50738  945  594  2327  4109  120783  64996  125819  18314  96503  11820  20836  5248  19277  3720  1538  1372  3411  7937  6922  1640  20050  3559  5436  46136  8377  26299  13978  15532  13939  6641  175406  52070  24552  47726  75989  501967  176389  109226  52763  561877  23120  2089  2839  5197  76810  477070  1.65344e+06  450385  205736  314308  52621  34612  550052  96402  45265  47709  35964  328364  149007  3.62028e+06  927449  0  663865  900599  288864  247897  384567  101965  43970  124029  145526  223761  
31  44  46  67  249  118  1075  1628  349  2719  4421  15  19  171  269  11324  4469  6258  771  6149  526  208  157  179  126  45  79  128  300  242  83  1159  286  327  2270  350  1056  682  98  514  245  2086  2584  240  182  5882  11826  5283  5219  655  54202  4202  54  62  223  7003  207532  282354  22841  3432  22189  1668  345  1811  1990  1975  3920  1546  1522  2618  7740  15793  561085  0  292122  15530  23183  32005  12147  260  5732  2997  11935  
357  452  1447  3429  4941  2294  40090  52383  9019  9120  6961  372  961  697  891  12066  8055  20634  3043  15221  2527  2800  1232  2009  860  243  471  1007  1672  1259  281  3504  437  1212  23590  6282  8502  4584  739  4168  2136  1.28918e+06  358206  32395  12531  859336  1.8006e+06  265898  227505  16478  1.46568e+06  21093  691  979  3345  23617  1.23636e+06  511551  215006  25973  101304  11716  6040  80696  11736  14987  14753  33139  48222  50877  82899  43281  1.43295e+06  676214  0  157954  165414  356611  73746  9052  34410  81402  77583  
2903  3127  6800  12390  23879  10854  198652  296026  42336  50858  17247  2128  7246  3761  8589  17073  11540  63498  13704  53948  34629  39414  14685  40750  10436  5272  6521  7691  10070  7490  1188  13191  846  5074  386318  53318  61144  55253  15048  61450  22763  216680  134175  105878  34995  110098  59638  831762  1.50629e+06  66305  771773  229608  2842  4273  15700  270896  572820  46735  810058  98989  979678  130344  64794  456309  203054  470791  233357  688416  774889  440760  197496  14677  178563  4999  74360  0  2.56044e+06  1.78642e+06  1.4608e+06  221000  2.95636e+06  1.59967e+06  4.3443e+06  
1518  323  10986  20547  2466  840  32364  30556  3962  5645  2967  295  551  510  1013  3104  2194  8615  1403  8240  2583  5788  1011  5676  777  281  405  896  1012  789  130  1557  158  609  18030  8599  6064  4578  2171  2984  1910  202173  143321  74882  73433  22828  28423  653694  98960  34455  107407  21998  750  1044  1872  20840  54613  16917  56897  11884  78916  8990  6759  96331  29970  39110  18117  35699  55176  54693  33255  7087  51313  1952  14068  1.08255e+06  0  891838  409693  520643  265237  67451  386870  
1075  773  5127  12190  6621  3023  61394  96025  19281  36213  11455  749  1310  1848  1641  5476  4709  18092  3529  16149  5455  5103  3155  4917  2013  779  816  2041  3181  2626  394  4025  332  1678  37529  12531  27450  18040  19619  7186  5167  347484  184461  87117  35420  267397  64385  703844  699458  47820  322228  90255  1686  2545  7045  40016  261447  22597  233442  29664  238441  20921  10698  142816  20702  25460  22188  26684  42803  48681  29687  5442  57417  1146  51192  720920  1.18141e+06  0  2.16062e+06  317992  187370  154811  463916  
152  255  628  1175  1838  1248  15397  32690  6972  16826  4716  195  840  643  839  2974  2019  7416  1437  6994  2335  1285  828  1037  949  215  293  555  1034  813  245  1487  111  511  15691  4883  10852  19019  655  2135  2762  43476  38439  11736  4550  118191  30647  104669  287764  27706  224087  44077  331  668  3608  19447  143954  10052  88957  15291  112310  8642  2740  29373  6363  12134  10709  11633  9714  22495  11686  2175  14650  454  9310  361881  396188  1.8073e+06  0  5952  380210  120340  696630  
1877  92  10079  20223  80  31  9791  2814  139  199  102  588  190  303  501  109  156  909  222  1330  577  964  292  1162  173  87  178  422  318  282  24  217  4  49  1763  9265  2450  988  3339  748  598  105805  4890  29288  70285  1044  2845  61540  7691  2157  3159  326  5334  9254  7517  6297  1527  552  3743  1619  6926  1038  847  13563  5850  3433  1668  34246  77368  11163  18289  165  48584  65  13042  53891  445395  159349  5972  0  13558  35791  7316  
767  371  1877  3852  1173  466  10270  13449  1855  3385  8876  1699  1061  3587  3526  2262  5976  37462  7123  29353  14567  18610  5260  28563  7154  5537  4440  2165  3083  2451  448  4594  362  1193  101566  3723  9310  7567  3624  64112  3953  13234  6672  4700  11521  3860  2751  43970  45563  5577  32778  4688  5870  3030  5934  118879  12362  2172  39585  12642  90291  20417  33965  79132  150191  524118  473296  1.19148e+06  318756  183886  36723  875  28127  204  15968  2.45022e+06  220191  144366  158118  99295  0  1.40503e+06  223674  
371  102  1169  2221  529  171  6244  6122  773  1822  1196  295  244  462  484  853  725  3739  725  2963  1956  3456  1005  3288  1036  650  727  772  1147  887  70  724  46  191  17660  2849  3369  3117  2326  7287  1568  16756  3705  3532  5900  3197  2353  22088  23105  2158  13290  1843  1125  1146  1492  13269  12253  2185  37213  5455  28851  7410  7057  103156  12066  18373  22823  530024  244085  27720  23162  601  49043  837  73166  1.07282e+06  88794  95536  86781  57310  1.37221e+06  0  235041  
28813  33245  20896  14435  65690  14194  274832  578462  32560  713116  169292  2404  5318  9239  30338  527758  70066  389365  70691  262083  60913  18757  86451  37885  123139  29202  53958  95698  91802  70564  18414  71508  4289  22551  3.03058e+06  1.09228e+06  1.22372e+06  3.0055e+06  86471  222513  543683  34470  33747  14057  16527  44341  27266  199101  544415  82800  772391  195772  1298  1955  6106  95212  400288  35992  322338  48418  486405  48862  17770  128503  44639  63026  59909  66319  76244  46199  30817  10113  60555  2543  32876  3.16039e+06  753614  1.46883e+06  3.4593e+06  11251  838477  395745  0  
