3604603  
2343471  
515544  
3482631  
3985865  
4276148  
7133086  
12779701  
3987238  
6174259  
2955514  
2482111  
2250702  
3902367  
3188484  
5425851  
7086829  
5980053  
7648432  
9140962  
1521590  
1157723  
3902348  
4013315  
8355525  
2271101  
2122976  
1830362  
8168673  
9540419  
2968890  
9031346  
797392  
6654676  
1902346  
1624498  
1360613  
1879397  
978995  
2430560  
1833540  
3800241  
5606569  
2498548  
725738  
2443092  
1555584  
80246  
488131  
700724  
1086528  
405511  
473217  
425822  
57586  
89135  
955767  
105918  
1022999  
3566099  
1130762  
4494189  
2213060  
488981  
2882486  
3488145  
4964724  
7151896  
12776190  
4486783  
7158798  
2092251  
2500244  
1971206  
3353592  
2875207  
5845732  
6851527  
6136985  
8078007  
9116688  
1665935  
1042189  
5110845  
3973259  
7261427  
1996176  
1992367  
1784850  
8829082  
10162906  
3514751  
8584331  
880867  
6698051  
1514969  
1656127  
1921052  
1698988  
1459985  
2409576  
1518240  
2808070  
5241170  
2786019  
685990  
2115741  
1634714  
67412  
517336  
666577  
1036389  
410221  
471210  
504638  
108582  
99669  
975566  
143286  
940720  
3300583  
1278645  
9436824  
11584330  
5313560  
215633  
