0  1.40546e+06  37907  722701  279222  16706  467805  16757  3178  11535  3928  4672  1584  1447  4234  15383  33626  49363  20354  25165  16849  39292  82878  108206  91103  14174  64941  139889  170313  104452  2945  161240  1258  1.18721e+06  104880  278131  858211  47973  361868  64181  260086  9433  776  3449  25432  739  368  3392  7487  877  1875  1219  807  276  773  1664  1551  1512  7870  2469  12472  3204  2954  3009  12282  2525  620  1081  1386  3055  2218  819  3260  137  1049  12594  25169  5420  2498  5745  4140  3107  63017  
939577  0  23418  5548  979871  23904  450801  32995  3016  9499  3665  715  553  609  2518  9141  23967  30237  12779  16609  10556  25381  43768  66929  34561  9957  13240  17634  51703  29547  3546  38468  655  79585  483583  672891  460040  82199  47802  59352  56321  1616  11262  8410  7420  13498  6396  50111  48580  11436  4814  1053  485  156  462  998  1873  1156  6046  1808  7919  2115  1909  2883  7947  2159  390  1138  1245  2238  1911  536  2439  93  1631  31655  9517  8380  5330  3421  4758  4248  228187  
53553  11392  0  152530  4088  587  275089  94168  960  1006  348  260  321  245  223  417  167  1354  410  1264  510  754  1285  1979  3183  590  3064  2386  3805  1408  33  955  22  283  33460  160110  30080  7814  57261  4332  9295  6487  5308  23648  31004  2259  1362  19962  31658  3107  1429  116  827  149  145  113  264  163  466  210  602  230  320  717  820  617  63  362  624  584  609  69  390  11  350  4495  18488  3312  880  2824  790  1218  18625  
806168  3637  286476  0  2997  798  28204  528564  1302  1213  1172  824415  11779  8280  3043  696  549  4019  2344  10965  3082  4801  5578  12342  46972  2165  63049  84482  30574  27947  170  15974  53  2574  20135  64592  36372  4543  93690  15545  56915  188714  16645  174353  1.67883e+06  4006  1860  56790  266044  4300  3198  711  136262  15323  10593  1856  1076  839  2823  1631  12542  3770  3285  7764  11676  8506  461  4570  13436  8991  10777  471  3956  48  1560  11904  342729  27943  3177  48515  6153  16027  10609  
236524  929203  8025  3199  0  1.3802e+06  1.15196e+06  162593  12182  43662  12552  549  1750  1576  4889  46968  123175  80276  69345  39898  15074  26921  74374  53721  29634  5200  18330  11464  31925  50442  20796  135609  3818  599418  581758  587260  462105  76520  4648  74355  37300  1109  8251  2727  1985  83238  32300  216070  173160  62644  12500  3325  704  1109  1343  2326  4705  3234  11826  4529  16036  3522  3666  10969  10895  6489  895  3391  3585  5457  6794  1497  8496  226  10461  94767  23574  22714  15360  2522  14301  9453  253218  
45041  165445  8969  4372  1.12334e+06  0  461993  257907  478339  1.24989e+06  8994  244  1935  1127  2149  62243  178504  42644  73050  12705  3223  3735  22678  6828  6835  994  2583  2726  21958  49814  22122  293209  5992  1.09558e+06  91204  72880  103596  22241  908  9218  5584  644  1771  1570  1246  36562  40336  103901  134144  99100  34307  2092  312  383  646  846  2957  1782  6562  2777  5955  1090  1061  4277  2357  2598  355  1488  1789  2568  2892  600  4319  137  8110  44383  8463  15386  9549  701  6184  3763  69189  
419255  484119  406867  28444  1.5853e+06  961541  0  2.31815e+06  1.25197e+06  71338  8875  896  2578  1915  4212  12726  13616  74051  143907  25177  9724  15421  64614  32936  31556  5804  17328  14977  85009  77415  4662  19891  728  8123  407263  722829  383226  70537  114443  56391  51471  5335  38352  29977  22223  193713  95265  570629  490444  213836  36165  2942  2010  1971  1315  2657  6139  3597  14274  6833  16743  4701  4865  19766  10738  11754  1164  6440  7034  9292  12104  2001  13904  303  23300  180939  60556  51563  27514  10039  25023  16104  230549  
18225  49813  249337  946376  391307  405508  2.19222e+06  0  2.08496e+06  578808  616543  768821  1.36351e+06  779805  116101  32456  18441  130359  35791  596152  105020  40895  60721  40650  26568  6490  19416  15779  23737  25578  6123  59671  1906  46175  523964  351324  652550  174738  13810  58897  35253  31533  50212  93656  221465  216825  152633  619688  2.6117e+06  607382  407263  37660  211296  194477  79961  17845  30671  13208  54192  21140  133934  23542  13093  51698  27234  26751  3920  14527  19868  21808  31512  4979  42588  961  84096  397925  171787  216886  110532  21466  60284  35367  488945  
2557  2765  8413  4006  28143  979686  964397  1.69012e+06  0  1.74918e+06  4641  122  120  123  287  12353  7689  175876  196663  4235  920  898  76668  1902  20827  716  2143  2338  89777  28173  1036  12835  490  6938  71125  64614  40023  27003  499  6702  4129  438  1798  1684  1106  7328  16209  25278  86873  90027  71794  2441  95  84  220  272  3112  645  5359  1865  3061  410  386  1321  765  880  126  542  835  1116  997  238  2223  75  4509  12806  4461  9251  5121  556  2886  1529  61059  
21868  49461  9598  5522  97871  1.1555e+06  204543  1.25503e+06  1.5628e+06  0  201336  517  869  1839  1681  2.05433e+06  385343  203670  125945  22262  4284  3165  33294  5297  16255  1419  9224  20046  43463  66250  24593  569792  48253  703863  392395  363686  408586  371673  2262  23202  19880  797  2738  2284  1802  4105  3740  12648  130843  22867  267373  35353  242  176  1884  856  38448  10847  15890  3978  10696  1072  898  3072  1817  2389  374  1496  2324  2107  2091  888  7864  613  7300  35719  14470  25242  21255  942  14415  9383  471391  
957  1347  3799  9260  4468  2894  5016  698989  2693  171663  0  12270  55478  989111  7265  76022  18263  27600  1576  915292  8554  2125  1806  1550  1537  432  1136  1588  2221  3063  688  21120  3967  13112  22476  7814  22752  10012  419  4246  1960  1103  1268  1315  3221  2892  3105  6039  129772  9568  226521  228440  5372  9288  58610  3941  68387  35189  51705  15487  59636  2117  1146  3504  2138  4212  1701  2696  3280  5096  5283  4320  21661  1644  11248  50597  10972  28326  18632  709  15638  5509  46071  
5303  2053  13785  666818  6365  1203  14606  1.14682e+06  551  1698  7612  0  547404  311388  60470  2108  1733  5110  856  232569  20587  6838  2040  4266  9509  1177  13375  9883  4815  2122  159  3083  204  1812  21701  9856  14508  4235  3751  10457  17676  27306  3692  16102  273837  7385  1891  27672  255654  3924  3491  7303  747311  210825  157061  17910  3503  2365  5559  2175  139050  28294  3230  7544  6506  5621  1475  3725  6852  4444  6488  838  5141  120  3111  56265  34021  19602  21354  9463  7687  6622  36688  
1878  2281  20437  135115  12692  3673  16985  1.35362e+06  1240  2599  28620  524496  0  714816  142864  2771  2626  6933  966  313670  38226  11201  2253  6602  6006  2219  8119  2768  2570  1639  231  3450  321  1752  36411  8890  20515  7702  1832  18827  6963  4599  2095  5288  43415  8327  4601  18006  236065  9060  6673  14196  115160  390984  104430  19558  6268  3863  7830  2540  103306  12548  2529  7240  5069  4397  1347  2785  3992  3606  5139  1055  6247  201  7460  54874  12032  25619  26862  7465  7515  5179  42348  
1588  1153  7424  124477  4362  2581  6277  791909  1721  15203  1.24583e+06  413394  722830  0  416610  8957  9921  19106  2085  840482  68159  17352  2363  9414  7985  3370  10830  2769  3657  3030  499  11564  1234  5194  38486  4800  14889  5468  1089  31791  6705  3481  1207  2627  35775  3043  3005  6590  147419  7295  64735  116063  67353  86634  812205  89611  33457  19890  36000  9303  243404  25533  3770  4293  10861  11416  12204  9496  4587  6505  5532  3052  15024  933  8356  42799  8606  21122  12433  5651  17349  5509  32727  
3481  2417  4809  44209  5098  1190  7530  120500  736  2461  7759  76462  116428  534535  0  3182  14105  63295  7261  1.98675e+06  321234  256941  11502  640795  124816  141934  155006  5647  16682  10919  1776  26618  1816  11337  176239  7767  31081  13513  2228  353556  29310  2869  1816  2747  14667  2492  1047  5611  44263  1119  6660  23121  18883  22696  256475  368631  5702  13210  78140  23308  391349  44225  14525  16301  24996  19580  13186  11278  8884  31121  22780  10384  27539  1190  7742  56039  7104  23114  11406  3767  43765  14846  71241  
17513  39713  3271  2870  81299  45963  30018  71610  69525  2.41982e+06  107204  804  1072  3399  2024  0  2.30891e+06  592209  111823  45819  2950  2129  32837  3732  13454  1042  5746  27119  55309  69191  25083  723944  186728  816861  213813  51545  495208  377203  1713  10507  10731  508  1057  876  944  2489  1775  6696  16757  3191  23979  28699  300  243  5936  1668  35376  26302  30689  9424  31464  1131  863  3126  1511  2527  768  1525  1639  3034  3194  2560  13808  1158  5180  31926  4928  11161  10678  579  11417  13045  317153  
42289  118397  4594  4513  231744  142588  102044  78038  74980  473940  101409  3737  4738  16049  26715  2.80294e+06  0  856496  1.86233e+06  255350  11402  5222  60263  7138  27949  7552  13947  23056  120036  356559  349786  2.4758e+06  547434  880437  137598  36602  390521  125323  3409  62828  18260  1461  2130  1892  2275  5555  4055  13828  32801  6984  23940  59878  1189  1055  28899  16171  64878  56597  130654  38301  166647  5080  3785  9118  5874  11968  6552  7153  6818  19683  17746  12724  44755  3109  13826  93805  10130  32636  21669  1632  35078  16762  144667  
27204  19724  7260  6130  35746  47787  71253  70704  326911  384079  24397  1345  1018  1850  5714  553332  681236  0  2.63665e+06  649022  72180  15467  790651  36756  180662  18937  19273  32275  299729  130351  11050  147262  5923  79625  133169  22064  194315  71822  7566  206837  33720  2197  2962  3190  3357  3050  1830  10085  21467  4379  12631  6930  392  305  2917  6358  9921  18434  110085  34083  131283  20058  57915  63883  61787  24449  3350  6061  9017  37071  24069  9425  31025  1280  8657  107846  6661  25894  12225  3186  48093  18279  97369  
22242  20774  5363  4656  63143  95513  207698  46837  621032  311255  8579  1096  1106  2319  19270  45336  1.68356e+06  3.1266e+06  0  113920  19415  9119  1.7688e+06  14199  134642  13456  22012  28140  748319  1.95794e+06  750568  358157  5643  89218  90265  20500  152545  51383  6106  184424  28865  1385  2010  2006  2140  3050  2202  9502  18909  6477  8943  3786  359  312  2514  6812  4791  9022  55954  14563  76112  9235  9042  11637  11420  9767  2374  3823  6025  23657  15317  6146  19047  816  5540  42662  4428  17641  8595  2345  25760  11920  68189  
30006  20159  32628  134425  31169  5430  49913  689383  4167  26716  670013  296778  418389  883065  2.37649e+06  43254  46154  786727  56342  0  2.0332e+06  963255  88002  891338  218737  347774  179272  41631  202142  118136  11436  123616  5615  41397  355909  36300  169642  54629  12720  701798  69090  11083  9993  14135  46892  11922  5193  30951  195379  9050  37548  59308  70529  49555  160014  173706  30893  55551  376033  123902  1.40333e+06  107861  176602  196259  191153  91518  17496  26510  37668  153586  98639  35749  119130  4602  33690  339764  29915  99193  45350  9395  178422  65090  205490  
3024  1926  1330  2877  2416  236  3212  21954  210  473  549  3559  6891  7737  134170  335  768  144924  2155  752773  0  605101  52466  220125  29201  46291  16671  3297  12327  7441  497  14225  227  6305  69476  2329  19447  6354  922  103058  6630  455  509  594  1228  521  176  1586  8111  223  674  1677  1461  2064  3461  9226  561  613  21537  6550  71539  101227  59378  29941  57237  11577  1644  1934  1774  6574  3897  816  4475  96  1265  39662  1183  4064  1491  517  19674  3553  12625  
8462  4630  1435  1770  4292  155  6340  9836  149  343  294  1302  2614  3843  82416  211  412  32647  1169  203360  556291  0  59085  661583  40839  85405  13367  5648  14139  11497  256  12378  116  3942  68567  2619  27492  5422  1309  93733  8091  290  557  528  732  404  102  1836  4059  141  478  1484  505  619  1362  4993  431  313  23395  1718  25041  79450  62481  17095  85822  7917  1092  1278  1158  3363  2357  298  2604  43  591  24044  837  2692  768  549  14954  2304  15137  
59235  35150  5142  4849  36662  8391  73178  32797  105695  11258  2733  862  870  1241  4996  5779  7074  1.20231e+06  1.22293e+06  88797  71638  50187  0  286320  1.14207e+06  35343  34430  37653  1.91549e+06  701420  15710  209538  1069  61238  162596  13865  233844  50234  5886  89778  46167  776  2108  1697  1730  1850  760  8278  12517  1838  1675  1550  245  116  580  3275  1700  1653  41541  17829  84098  19150  84627  89553  95010  24658  2537  3066  2902  10674  6989  1289  7566  169  2101  110967  2975  7933  2975  1861  42913  7546  56506  
54088  25600  9471  8486  19431  567  37770  25591  958  1276  1073  2426  4134  7695  588620  967  1037  164237  6691  741490  408180  1.19466e+06  599911  0  1.76911e+06  1.02193e+06  134260  45178  155966  80716  625  53524  265  7626  219111  13384  123414  20634  7722  457966  48205  958  2449  2108  2654  1292  286  7748  12665  490  1449  4135  680  731  2709  12395  1393  949  15311  5928  49556  22937  34641  56032  248105  24202  2914  3507  3182  10194  6100  755  4942  77  1274  56526  2923  7808  2310  2657  38154  6418  102653  
39030  15666  8993  18602  11256  1265  31554  30497  8056  3147  1794  4190  4492  6741  115552  2021  1786  277238  53056  221725  135893  176750  1.49808e+06  2.01165e+06  0  2.2222e+06  1.63517e+06  156262  3.9282e+06  83595  1195  52675  571  12163  266416  41505  114885  53918  16250  825697  272112  866  1438  1464  4037  1174  394  5054  12363  799  3536  10460  616  481  2158  4354  3664  2372  23848  10413  42854  10581  19616  24188  39601  13998  2327  2717  2531  8480  5578  1458  7084  201  2152  39362  3527  9655  4749  2974  17708  6439  144796  
5553  2583  1929  2458  1700  253  5854  9836  504  485  336  1001  1593  2409  136495  396  462  62069  4203  168598  83717  130817  95721  571046  2.01138e+06  0  673424  11804  137648  13711  227  11563  163  2609  32834  4677  19939  5824  2193  305642  37543  133  213  228  585  220  80  738  3293  125  808  3142  201  242  600  1150  795  411  3705  1490  8820  2356  4338  4396  9606  1909  425  465  404  1347  873  229  1139  38  371  6711  616  1607  772  464  2956  1042  62127  
35730  2923  5212  49554  2101  491  11900  14632  830  2095  1315  6439  3231  4530  49926  1717  1093  30336  4163  70772  21711  21372  40278  65691  1.33208e+06  622153  0  343560  64567  11165  295  10318  291  8877  270984  44859  88404  86931  28384  846807  732928  956  393  704  8848  448  188  1505  5558  385  2534  7715  783  360  1583  1699  2711  1500  5718  1682  9860  1469  1902  2600  4549  2505  994  1297  1168  2469  1729  581  2219  105  788  15734  2621  3714  1913  2111  7373  3672  90973  
189773  13009  21837  177795  5828  456  50536  11949  1187  4369  2309  13411  1336  1171  2586  3678  1710  24623  6088  14862  9603  13170  31803  31081  179427  9531  233159  0  220892  439802  378  312364  233  41660  127049  52586  265741  103209  57989  103939  583194  2098  502  971  23411  463  179  1884  4337  398  1791  678  1340  410  553  890  1142  1176  4749  1490  6414  1607  1687  2309  4955  2108  410  1024  1586  2238  1763  504  2038  82  659  8925  4700  9533  2024  7477  3582  5863  57357  
37363  15624  9390  14499  12302  11971  88374  20502  98418  17600  6973  1964  1075  1897  18621  25347  10259  401520  377356  102560  55758  67792  1.68035e+06  177021  3.6192e+06  104817  218809  359007  0  3.69653e+06  14153  90972  1964  20204  129892  26310  134918  47445  12594  331363  95547  1276  1881  1617  2977  1953  800  5830  11477  1699  3141  4456  339  265  2057  9472  5582  5734  54238  20822  84072  17778  17969  24778  30050  15604  4467  5491  5447  19563  12856  4905  22721  818  6493  40798  4346  19778  8947  3369  19113  13029  69940  
75840  30725  9486  21268  51988  39652  134549  44013  77799  33357  41996  4068  4468  12997  37430  79076  647207  353940  1.73924e+06  236188  77226  93428  681982  165084  140732  29578  60194  400166  3.13877e+06  0  2.06979e+06  3.63828e+06  6017  67027  174927  35075  249499  82778  8325  196914  52982  1898  2762  2591  3953  3607  2008  10737  22680  3464  10433  23625  1150  946  14907  15785  29033  28933  99729  29123  140119  14275  9831  13851  29724  14953  5692  7006  8194  28804  21779  11467  36487  1932  10399  71064  7685  29150  16480  3144  38865  17717  132478  
5123  5071  1627  1562  14228  10511  17070  8884  7517  6371  6576  762  902  2400  11807  12631  624679  119838  1.27743e+06  72559  22107  6500  80513  5818  16927  7739  10327  7991  66116  2.04853e+06  0  1.08452e+06  2373  12403  28169  5626  40396  13210  1924  80784  8243  716  795  911  938  1018  496  2807  5501  752  1928  3805  245  206  2432  3674  4418  6310  28615  8373  37131  3241  2207  3645  3136  4194  1142  1815  3044  12051  8690  3676  10365  472  2682  18288  2135  8563  4237  870  14687  5652  22217  
226027  135221  14232  70985  198223  198271  65863  106247  20634  271476  93846  10508  9827  29607  58579  569464  2.45124e+06  611927  458702  482005  135288  96614  371005  142763  107493  39585  42518  489101  147268  4.16326e+06  1.07398e+06  0  841680  1.67239e+06  286346  76470  814983  143127  26149  221100  143889  2961  3740  3681  9246  6546  3653  17101  42795  6679  19825  44346  2413  2000  32062  26090  50285  59887  183355  56092  242589  14791  13139  20683  31972  22665  9611  11545  12641  39312  33432  20685  63387  3572  18437  129973  13891  54955  28399  8382  62397  29200  220089  
4965  12156  313  278  16402  5927  2218  6475  1323  25039  10655  229  287  1097  1323  118584  357850  38672  7913  23310  1554  541  2447  546  1265  441  737  1797  1888  5742  3154  625191  0  389861  8873  3876  54035  5196  202  1795  1074  65  107  99  105  307  231  794  2192  409  1843  5564  93  94  2761  1243  6170  4078  7478  1886  11807  318  243  560  396  766  576  506  324  783  808  653  2825  214  910  6416  667  2080  1562  88  1902  859  9538  
1.24538e+06  468299  2535  7987  1.06057e+06  1.67281e+06  33936  153238  10399  1.23223e+06  53653  1301  2488  5335  9953  1.39066e+06  1.39582e+06  250055  76095  120816  21350  14965  64905  21669  19328  5576  13429  62841  26264  92044  35295  2.18078e+06  1.00828e+06  0  89754  54068  955313  35999  4547  23047  24693  537  961  679  1102  5626  3255  15107  32558  8090  10337  19426  481  453  8593  4994  19956  14626  29818  8321  45422  2495  2503  4360  5563  4107  2136  2400  2040  5169  4659  2983  11669  741  4555  33729  4601  11228  7701  773  10241  5112  68226  
91830  95680  126096  49583  145829  60629  426264  1.90868e+06  76375  795744  298166  19292  46719  43903  93400  442953  86679  774709  146026  405119  151147  111827  302483  173313  519495  61555  678776  203965  333575  206642  9195  277983  15250  112407  0  3.2067e+06  741345  627264  142977  2.36294e+06  1.36282e+06  5003  16348  13132  16350  43181  19173  138293  455397  61506  58999  26756  4984  3797  8771  16962  25713  13562  65235  17813  84562  17488  20910  42297  44843  33472  9689  18564  15826  23228  21056  5110  26627  978  21585  625848  53401  89551  70979  11199  136732  95771  5.11402e+06  
124805  78554  192517  34744  108899  9051  504823  275886  11453  78129  42332  774  3532  2966  4768  52059  15583  75968  11511  46088  12309  10595  26128  17594  83893  6853  94310  39283  60087  24423  1020  51225  5411  32727  2.02537e+06  0  307965  278306  744177  263609  197288  1439  5669  4639  5261  15267  4157  51921  86359  10611  7518  3784  842  421  1068  1606  4411  2182  8974  2362  10643  2160  2170  6083  4670  3892  698  2418  2264  2699  3193  717  4006  150  3471  109199  15209  19810  18164  4875  11748  12733  706322  
237099  206539  162441  53691  230029  12180  621948  887015  17900  344536  129502  10170  14228  13524  21705  273420  58054  344383  88885  189536  43142  41127  113393  77072  87777  19909  75958  164528  108122  73915  8725  193739  4661  147367  420466  1.06693e+06  0  1.87802e+06  550458  92379  193918  3150  11742  8258  11652  19884  6430  73426  166792  14786  27279  16488  2484  1479  6252  5968  16569  12029  29947  9264  44394  5455  5898  11322  14799  7724  2156  4055  4345  8325  7936  3170  13128  720  7342  68157  23777  49953  25594  27530  18161  16701  382034  
11267  17674  16798  7888  31126  4233  58994  315131  5747  167874  42578  2688  4340  4161  6321  156528  18238  150505  64025  59424  13589  6445  40538  6639  26608  3987  23321  13615  34677  22071  3548  32306  1844  15326  160101  213402  1.53604e+06  0  42945  27657  84994  777  1816  1594  2564  4820  1913  13565  49580  4845  9233  5181  680  431  1845  1855  5641  3731  10256  3179  13715  1961  1918  5024  3256  2876  729  1642  1541  2573  2697  1001  4268  187  2370  29669  8568  19323  22589  6948  13717  22223  595205  
217467  7967  78435  42656  2034  215  95036  4059  430  1213  483  1495  411  379  693  1039  497  6060  1381  3590  2244  2798  5469  6655  32754  3050  39409  23758  23589  5318  86  4457  73  1204  46124  441458  288217  31545  0  21178  111177  718  336  917  2555  238  125  1261  2047  235  674  206  119  32  120  273  568  324  1671  516  1947  577  743  1193  1572  780  146  380  583  658  528  126  614  23  195  4017  2663  13179  1939  14807  1236  3139  14225  
25557  9764  20835  37813  7917  1942  35337  35164  1709  3971  2950  24302  19989  33794  161038  3756  2160  66262  9721  206660  75206  78698  84326  191378  850562  291448  2.1106e+06  104170  213261  56592  512  44470  599  7266  2.30103e+06  97818  107507  67111  58422  0  1.59569e+06  3632  3652  7303  12665  1713  712  10405  23100  1117  6816  24444  2065  942  6545  14384  7876  6395  37103  9452  58291  10893  19336  27308  45937  26487  9028  10728  8075  19911  11608  3350  12397  514  3954  136188  10062  16157  8141  5696  96254  20477  185835  
10360  2857  5848  8181  2270  533  11941  15633  1056  3609  2136  5460  2539  2433  6998  3158  1653  30168  5088  19525  11593  9020  37260  13383  654007  33211  1.7825e+06  144010  60795  14644  418  16944  284  6717  716921  99139  109315  181666  62141  1.12561e+06  0  743  538  1013  2303  600  215  2353  5910  508  1447  1002  345  147  598  1263  1154  1155  4952  1549  6943  1470  1881  2958  3603  2392  736  1318  1205  2134  1525  515  1919  75  639  25397  2730  6186  2720  3477  11305  11825  159131  
2007  1245  5106  15539  2833  569  9744  14614  517  2105  1948  1893  828  422  1278  1335  1551  5566  1126  6456  1315  4978  1139  6705  1261  296  1216  1145  1679  1323  287  2436  135  936  11602  4844  4161  2052  1138  4085  1982  0  1.77114e+06  123345  842695  384662  96962  463088  89397  2286  11491  3349  5182  2297  1981  5649  10318  14226  15804  15609  19294  13060  21029  64801  73276  39672  2801  72051  314960  59926  175382  12363  269916  1184  1.34184e+06  119021  87868  301006  42728  99163  44569  71652  62125  
2118  5580  14190  6586  6507  961  29213  15909  1409  1868  1350  278  275  238  1090  1011  1250  4689  1031  5305  1258  5053  972  6748  905  257  743  569  1479  1144  217  2028  114  732  11633  5626  3730  2135  727  3700  1456  1.08729e+06  0  21400  8042  532037  24325  279011  48728  11575  12112  2980  593  388  616  5032  7247  7367  16599  13372  17833  13240  23051  73028  63960  36501  2767  14843  26544  32460  62797  6319  38500  233  43222  264135  280285  308797  62326  57990  59616  38884  107580  
4442  1678  42609  60854  774  147  12344  13578  202  296  293  362  165  116  327  203  338  1441  284  1585  397  1814  437  2521  601  101  677  519  648  369  79  653  39  229  3456  5403  1731  557  2451  1443  1229  64905  6813  0  146837  1969  878  200933  88724  1108  1469  399  419  205  214  1336  1200  1034  3745  2944  4353  4068  7737  17795  28589  10922  685  2191  8635  12478  16762  783  4753  25  2208  12098  46397  107968  6293  32515  10147  16402  6688  
54667  9002  192408  1.54028e+06  3843  512  58844  136791  559  890  933  324274  8347  5052  2242  749  725  3445  844  8404  1924  3413  1975  5347  17605  720  25160  25755  6873  3756  123  3132  69  2239  16353  36934  14553  2814  18861  6940  18726  916632  5806  198800  0  3706  1722  19277  761243  2237  2639  1125  1.03716e+06  44742  29354  4438  1605  1655  5435  4567  29803  9781  9728  24966  38354  24423  1371  10428  47151  32275  45654  1230  15356  54  3604  16153  243273  78246  4298  88386  16736  47465  10853  
1938  10281  14074  5568  78655  27783  151184  114198  9773  3836  2890  253  625  337  834  2331  1630  5483  1659  5440  1375  3051  2494  3914  1976  342  1766  1026  2346  2020  260  3037  162  1296  59970  36589  14752  5080  571  7604  4175  517757  711404  2933  2020  0  841185  958126  149748  45962  33730  6709  1085  2677  1088  5047  18656  19233  24022  16046  24508  8606  10684  52246  17715  31624  2559  17206  16318  43366  55949  17612  54725  1027  361438  384179  243494  122447  73060  6747  63157  30794  141914  
2116  3352  12625  6805  33344  50498  78579  132256  47273  16161  5738  392  2130  766  618  3636  1473  5238  2262  5067  1080  1440  2239  1761  1496  220  1344  1023  2031  1683  192  3963  156  2119  51402  15347  15015  5280  369  5288  3522  118708  83926  6488  3704  1.103e+06  0  879270  385525  806996  1.87123e+06  9160  584  1238  3665  5518  69942  92559  52731  123151  28046  6406  4874  62385  8803  25104  2425  8065  10575  144068  109771  30124  210017  14894  1.1954e+06  213242  279075  75693  45952  9910  36405  17219  123590  
10356  45690  82835  32633  270522  130522  530765  360382  50311  9923  3811  830  1453  677  1714  4282  3730  14143  5773  11099  3142  6706  7017  9451  5552  864  5082  2917  6576  5542  649  8144  347  3610  166325  116892  42942  12415  2040  20344  11443  395687  360282  179965  12488  1.61046e+06  1.28096e+06  0  2.32984e+06  1.61567e+06  213372  5878  2146  4614  2068  6489  17963  14960  49449  100991  30941  13578  20953  110845  55783  45189  3183  14289  21115  98724  99630  5880  35939  565  50139  278105  294626  257326  53793  39855  57597  32322  148613  
40202  59766  239915  328845  258367  204600  644576  2.60271e+06  354053  200161  83238  77705  53920  20592  17555  15184  8676  40293  14472  77459  16047  17644  18682  21335  13267  2265  11818  8932  15665  12330  1435  25684  863  14599  383235  194201  162856  52382  8773  40076  26733  50729  128246  189137  833623  326645  207187  2.16757e+06  0  2.34259e+06  633499  455042  998158  1.28129e+06  778453  41856  43792  22507  89977  41524  490864  83527  45086  173620  107685  71725  12344  32219  53408  64734  110528  13215  105877  2288  238015  592886  841577  781271  243415  119108  123901  68996  451208  
3390  3718  21367  12824  32272  77364  107402  163572  131543  26385  2306  140  629  216  254  1707  1007  4927  2963  2808  658  711  1890  987  1368  183  1113  833  1948  1444  147  5273  104  2519  40966  14408  15610  5138  382  4102  2669  4229  16772  11669  7133  50066  754189  937239  1.81868e+06  0  1.87329e+06  2578  547  489  1392  1781  15203  13876  116308  163695  12387  1943  1744  26847  3697  12486  875  3099  4736  27035  19780  1599  15600  351  35221  63637  174015  62570  28673  9569  15315  5816  54285  
3496  2674  19576  13744  11897  34188  31491  261186  106697  234495  40616  734  739  1845  698  11949  2464  8840  3598  7712  878  973  1824  1250  1511  221  1458  1362  2121  1471  197  6127  294  3214  32445  10950  19588  11447  601  3693  3471  16237  22448  13838  9069  55246  1.50888e+06  145372  1.02806e+06  1.617e+06  0  113310  930  681  5707  6411  2.42101e+06  233777  164457  138663  40192  5327  3591  24022  7483  18745  2914  14223  23843  52185  44061  20631  645852  80451  915952  246140  665852  332952  256216  11027  124529  27383  252869  
1126  910  3821  4460  3353  3591  6239  130507  19433  288661  220540  2326  2953  16680  2012  53056  6140  9817  1618  23636  896  448  962  554  1145  310  1123  1169  1440  1480  334  5667  744  4463  18802  8366  11971  7115  293  2963  1707  1139  2099  2284  2812  2745  2991  5776  537823  2425  289657  0  4596  21439  700587  4733  65072  9092  86021  1270  392425  3887  1096  2257  2888  3293  1956  1925  2397  2492  2547  2094  14708  1771  10697  19840  12008  20880  12272  1022  9180  2986  26125  
10157  3883  24602  343821  12407  1555  33846  377577  732  3509  7174  694332  91737  41391  15383  4897  2141  5765  1144  62748  11431  5506  1967  3069  7287  690  10207  8616  3914  2091  244  3262  186  1982  30034  20320  15351  4904  3078  7317  11435  28091  2877  11468  668025  7817  2032  24149  1.29286e+06  4766  2509  12692  0  662664  324504  26726  1392  1148  3470  1499  331108  64259  4532  5256  9497  6568  2652  4491  9782  5118  6256  660  4550  83  2630  31931  34282  15567  10702  16755  6691  5568  28846  
2548  1697  8045  40414  10483  9313  21331  273738  8262  6505  12337  47921  290726  89677  12225  6199  2470  6251  1326  67331  9652  4233  1818  2179  1901  406  1899  1650  2302  1856  245  3752  247  2163  43164  9220  16598  5808  635  5430  3132  7958  2469  2746  40059  10723  6206  17501  1.17526e+06  10956  4264  31853  255727  0  414347  24753  2714  1863  5379  1856  380098  48903  3729  5494  9457  5603  3581  3322  5924  4589  5665  937  6141  160  9500  31739  15895  25092  13645  8752  7209  3724  38399  
3652  1381  6773  55511  4476  6761  8919  226935  16475  52148  146244  75179  83243  724884  141460  38599  12050  21424  3469  197379  24135  8381  2305  4107  3768  1587  3944  2313  4326  3828  727  12855  1406  7012  36085  7688  18700  7977  848  12844  3663  7269  1946  2445  37372  4674  4433  7397  730827  4517  27138  909163  108758  331317  0  390457  13967  8678  28572  6432  1.21704e+06  117336  10105  4939  37880  21553  26072  17139  8862  10383  8080  2947  13194  749  10508  29743  12045  26123  13977  18176  21556  6515  34384  
4374  1444  5992  45615  2444  617  4482  33627  771  5826  25216  26450  14508  81418  503024  6708  13910  37191  7041  270295  48210  20159  6161  12009  7110  3292  6678  3141  8684  7115  1630  17706  1319  7185  41998  5810  17381  6920  1447  30418  5555  5504  1783  2825  28987  2816  1415  5297  78819  1087  3679  6523  66802  138373  750205  0  2910  9619  68372  19131  1.96206e+06  269885  135566  23513  681612  226419  360904  210988  17138  48508  22415  11192  35491  1298  11331  70581  9912  29282  17249  15729  170300  28313  38444  
836  739  2868  2682  2860  1452  5839  22043  4349  79215  37732  612  529  2021  894  34816  6304  8278  1054  13924  617  529  1044  694  978  222  900  739  1405  1279  253  5078  684  3165  16799  5943  7481  6512  435  2705  2058  11272  8142  2935  2776  22373  43804  17085  64299  36151  2.0762e+06  73972  670  834  5888  4755  0  1.99058e+06  701242  115902  38932  3653  2243  10679  4218  12854  2121  14580  34154  16630  24489  35110  1.08851e+06  535498  722320  208902  113488  406316  290329  2756  121911  35493  262456  
1734  1976  3252  3834  5388  2751  8964  25613  3979  82793  112504  1467  1345  7391  6646  112288  33034  48961  5680  84674  2669  1698  3956  1947  3924  1231  3064  2558  6385  6514  1452  28299  3525  14833  51582  12277  25291  12993  1084  11799  4891  16652  17058  4807  4878  80405  165373  56738  58655  88308  434942  81486  1748  2539  27681  31723  2.77605e+06  0  753489  1.75899e+06  195155  11478  5162  25815  11991  37675  12894  21720  37671  188150  657122  772195  2.34958e+06  416953  451059  198123  59831  245604  150031  3904  135941  46152  184029  
5483  3403  3447  4151  5334  1917  10354  21763  5531  16014  21900  985  787  1494  6730  22456  22789  97516  22970  75153  18617  11709  33699  10137  13929  2636  7168  7150  34029  21219  3586  36234  1859  12668  97950  8724  36616  14344  3181  64718  11921  9056  8122  9114  8987  14140  30166  35862  81128  188959  269867  38151  753  654  3218  18778  895128  629920  0  2.85964e+06  784744  121184  77083  680761  88692  169525  9466  22029  41258  156722  111020  19796  122855  5035  59038  143684  31977  171693  79068  4894  134491  54915  136694  
4149  2847  2779  3422  5969  3938  12684  21147  5493  11098  19742  812  824  1736  7807  17932  15074  74950  14649  68637  10716  5362  22223  6195  10556  2255  4725  4976  27949  15108  2058  25091  1619  9823  69849  8044  26966  11289  2838  35914  8521  10883  12027  11419  10750  66750  177636  182060  61960  337772  216254  10346  1017  956  5611  39526  72287  1.71361e+06  2.92016e+06  0  360567  44293  39923  1.75532e+06  62602  277094  22640  36555  54526  902535  1.49065e+06  775914  227062  3079  52410  155140  33263  130779  40862  5911  146266  79479  105137  
25857  13589  17426  91155  16814  4070  30436  122801  9703  41936  78939  49704  26049  71158  215369  61191  60383  374886  84055  1.07373e+06  175586  74914  124302  51551  58681  13693  27021  27412  146120  82672  12801  118945  6056  41649  305430  29635  132007  47394  10094  226726  40599  22495  12893  18175  65152  13199  5977  32514  340077  5848  26699  313445  133041  273868  846833  1.69974e+06  14743  23530  1.20114e+06  93080  0  1.81509e+06  862757  235849  1.02217e+06  292765  197507  113657  72812  260596  143467  32295  134918  3391  37664  245646  36959  115849  45844  23832  334414  94170  155509  
2919  1466  872  2369  1526  173  2765  4927  371  836  1150  942  599  1496  7006  701  1235  58551  7568  44735  102712  72100  36819  35285  10219  2617  2961  2554  19506  7365  516  8458  373  3596  43694  2543  12841  4783  1022  31560  4146  1899  1955  2129  2876  1846  449  4308  13299  418  1255  893  3067  5388  9608  91153  859  1204  211060  15220  1.00608e+06  0  584417  162862  407436  61344  23322  16785  10334  34232  21429  3780  30509  284  7369  54377  4431  21228  6289  1493  42636  18731  22229  
838  462  343  856  530  76  940  1804  99  549  1618  248  210  636  2047  555  516  21336  1854  13729  49775  39096  37112  35377  4842  1216  1352  746  4865  1676  99  2147  96  807  34564  804  3419  1299  728  32516  1511  2395  1744  2817  3070  942  245  3531  7059  174  627  344  554  729  2801  150125  432  492  66239  6011  382878  370743  0  140526  782671  138173  61941  27343  15667  41446  19087  1624  17358  97  3699  66634  3174  13430  2766  1582  89144  19508  10847  
5900  3638  2317  3431  5589  1090  11389  18135  1409  3728  4270  997  1280  2199  11122  4018  3279  133706  15927  74957  46297  35299  145554  75052  28939  5914  6841  5643  41489  15239  984  17519  846  7365  188465  7727  27648  10256  3218  100235  10185  10462  18197  11487  10790  45440  67982  95877  66117  33360  21297  3990  960  894  2707  53315  6259  15413  755430  1.92542e+06  428548  329746  516444  0  840211  1.34329e+06  25033  49536  62964  931371  1.09582e+06  24640  187401  414  37616  260419  30412  177275  15051  7028  114003  102079  87989  
2904  1432  1260  3750  1571  172  2817  5463  259  1364  4357  853  507  1507  4321  1230  1148  38652  3312  22525  37428  97589  86363  272005  11573  2937  3426  2156  10014  4379  220  4798  189  1691  92575  2117  9528  3404  3346  95031  4481  13215  6391  14631  15390  2553  755  14538  26441  597  1723  857  3008  4309  13952  729450  1310  1294  82628  21758  637806  356851  925749  582958  0  2.39189e+06  485765  167981  95988  284584  86060  3107  52011  226  7917  172388  11288  41541  7135  8315  403922  77313  32224  
2209  1278  1197  3062  1908  491  3770  9357  678  5041  13015  751  527  1868  4706  5176  3831  32219  5795  26463  11377  28203  25062  37914  7750  1726  3269  2401  12582  6163  528  8705  564  3689  62855  3688  11545  5090  2839  43038  4790  13422  5851  9605  11285  13717  17478  29026  31700  9174  7743  2756  2544  3354  16826  354644  5010  5240  92469  147903  189358  96406  207004  1.36985e+06  2.3155e+06  0  1.67734e+06  1.23572e+06  306022  3.44672e+06  197435  4080  53858  348  11041  371696  52816  58702  23528  12426  1.1206e+06  329179  65124  
304  121  292  1330  210  81  416  3263  137  1701  6221  454  145  862  1305  1124  625  2532  429  3253  1319  1903  1482  2823  690  192  392  253  996  484  77  871  89  426  5914  514  1215  594  377  3098  546  1087  393  834  1601  516  461  1159  9651  310  588  282  2015  3348  14293  378107  321  378  11305  6884  101217  32804  57265  36922  635857  1.43006e+06  0  651202  19922  155659  7747  947  8605  112  1964  28907  4056  6922  3433  1405  436673  34917  12580  
486  186  384  1637  435  130  919  4799  238  3610  12240  609  321  1590  1786  2609  1438  3530  633  5664  1267  1605  1289  2158  1008  272  887  575  1133  701  120  1793  187  869  8533  1109  2249  1364  1087  3682  1385  15685  1384  1678  5170  1749  749  2749  10253  539  3352  1393  2116  2227  16826  265802  4073  1763  16771  6418  53718  20193  25383  29641  132578  1.3152e+06  940726  0  274891  129248  7225  1344  13455  250  33960  147517  32406  42848  24188  9673  486970  418561  47181  
805  359  885  3789  1043  318  2657  6653  479  2292  2364  1550  752  509  877  1545  1269  4447  853  5377  1501  4106  1270  5548  1309  301  1230  1201  1766  1027  143  2036  101  747  8440  1897  3296  1972  3101  3820  2692  150404  14602  9533  29279  8301  2644  14117  24240  1562  11400  3563  6857  3183  2455  8268  14593  6172  25985  14129  25595  18072  23456  74274  69690  244295  5786  270917  0  398063  295482  3157  447047  677  143087  113838  25538  139322  27451  29462  87071  320132  42090  
4641  3404  2274  2865  5087  1412  9613  14106  1964  8497  13548  648  672  1629  15725  12569  14755  81997  19956  85170  12856  22464  12279  27092  10467  3073  6698  6477  32366  20539  3172  31529  1979  13225  63249  8522  34278  13659  2662  50427  9788  10826  15227  10638  10214  118588  98204  111216  43503  32265  22992  7183  1029  1164  6471  111404  12731  68101  156061  371751  229507  96228  101783  1.7276e+06  308127  4.24706e+06  129682  150185  344530  0  4.55721e+06  87385  72027  635  15062  132472  21257  59043  15708  5455  310749  55825  63715  
2225  2284  2444  2754  5288  2254  11302  16767  2521  6653  16537  666  733  1814  11413  13004  16649  55436  9874  66534  10559  18548  7543  21545  6038  2163  4462  3476  12109  9386  2246  23292  1524  8515  45863  7329  21426  9110  1949  26751  6418  16757  30993  14524  12718  220478  161110  140527  63467  31060  38300  6820  1025  1093  7258  66805  16900  745750  174850  1.02795e+06  190347  100690  93884  785193  171061  240917  31059  29260  353926  3.62254e+06  0  2.0345e+06  3.65211e+06  1323  31758  124012  25325  67893  17593  4860  139744  50489  75938  
434  446  483  482  1160  499  2265  3800  658  1986  7061  179  200  653  2759  5038  5619  14519  2289  20576  1842  1364  1323  1286  1217  471  991  796  2420  2225  573  6663  483  2578  10671  1637  5423  2220  342  5630  1393  1858  5937  1701  1408  48294  38917  20663  11200  4852  12090  2246  265  324  3102  25067  6585  1.00131e+06  43003  950417  68382  15562  7322  39373  11564  19528  11027  8348  8837  128043  2.76915e+06  0  1.18464e+06  1395  14410  28617  6189  16388  7482  795  29034  10072  16605  
2543  2743  3355  5538  8059  3109  16343  38415  3759  38342  81929  2200  2087  6987  11674  70909  34362  69216  9768  114848  12116  18575  7812  20286  6290  2200  4802  3948  11694  10523  2237  34607  3512  16147  66902  13580  31197  13652  3019  24099  8085  190102  70950  22562  27270  132633  206384  75831  113589  11893  449426  45619  4423  3765  27587  115273  542666  1.77652e+06  312255  299244  424272  137985  101819  426709  171941  135208  50520  51046  823895  130879  3.50562e+06  1.78348e+06  0  667886  1.3258e+06  203471  65080  302785  60731  14915  131435  148550  152552  
103  136  166  212  490  226  783  2160  228  5062  9137  118  106  749  518  9233  2741  3292  377  7131  230  124  247  132  249  92  200  173  458  430  110  2192  313  1355  4063  976  2047  878  49  688  312  6907  3432  195  242  8384  8704  1738  5340  646  65453  5290  128  192  2347  3481  304308  305712  28538  7619  28444  1311  440  1449  1358  2075  1473  1931  4455  3811  5919  21544  655263  0  482287  6415  2396  19314  3362  145  1924  1951  5615  
1016  2102  3427  3084  12063  6697  30487  76687  5756  27445  32170  1148  2900  2602  2487  27469  9414  15257  2110  27780  2373  2270  2445  2655  1894  457  1528  1240  2924  2712  475  8862  1093  4864  44327  13895  15153  6619  520  6254  3386  1.14555e+06  224124  14378  7105  816189  1.76325e+06  70037  282019  20116  1.58e+06  34203  1130  2578  11082  27239  1.50547e+06  696282  134430  55105  131515  23516  12454  49232  21620  45477  11601  102713  175912  57586  94757  93936  2.16568e+06  1.19747e+06  0  198386  126781  280686  53681  4842  39533  39053  126553  
6926  9749  17336  17489  39614  19433  108163  328078  23045  60523  48051  5971  14860  5894  8235  29269  12691  46754  8804  58292  20548  36169  26009  40857  19704  3560  18144  8311  17929  10991  1240  20507  1521  9468  513513  109450  63556  55726  15475  70554  54548  33837  71979  89195  42870  154318  73820  206265  1.54974e+06  81843  806499  253555  4714  12649  29703  128024  554986  108608  686703  159435  681841  208419  173999  662974  254424  966647  100834  780190  393791  329975  219566  23661  222433  8502  121340  0  1.99612e+06  1.11909e+06  1.00002e+06  167105  2.69461e+06  1.88355e+06  4.91313e+06  
2451  3780  7960  9128  13817  3550  36363  58685  3365  6675  5672  939  1607  763  780  3634  1575  4160  862  5471  1197  2712  1527  3426  1488  322  1385  1033  1595  1156  162  2215  189  1060  32742  15165  8938  6992  2221  4386  3785  23215  56397  35612  33511  49907  29603  125363  245115  47970  104509  20706  2309  1463  2420  6516  31956  10525  36997  11296  39106  10715  11725  41350  24980  108558  5917  72686  35402  34572  20020  2230  24477  1174  19211  1.02846e+06  0  610514  364628  651193  326507  135111  418438  
3668  3984  11455  19765  14935  5664  40364  108856  10784  67507  34493  3256  3875  2753  2500  14792  5474  13113  2424  20884  3821  5760  3346  7219  3317  872  2716  2785  4549  3150  394  6845  607  3282  43008  22042  22809  14904  15903  8982  7886  95622  93007  223412  87099  116727  25091  235521  862896  38512  505421  120944  7884  5576  9388  27079  352837  70659  227997  104459  174371  37920  27273  108500  56585  75500  11511  49008  89471  79307  74760  10885  95971  1299  68211  469505  881864  0  1.84564e+06  299536  159812  231606  393497  
642  1434  2855  2858  5507  1817  14887  46057  3450  17821  10204  810  1590  751  766  5728  2025  4902  943  7365  933  954  1337  1311  1142  226  793  534  1259  875  151  2318  231  1195  25111  11378  9987  17200  1003  4110  2983  5052  20616  37132  8824  60840  7468  46520  396350  13186  263692  39199  690  1889  3623  8226  150242  19399  76417  37939  59229  7188  3894  21846  8053  31204  3420  23200  24622  24094  15997  3875  26875  564  19981  253630  301755  1.57156e+06  0  8794  344413  122030  715953  
2100  1091  5504  17153  1720  221  6598  8635  256  426  375  1551  1971  870  360  302  270  1095  226  1677  407  981  425  1439  792  114  885  977  911  521  40  599  29  173  2848  3222  3264  1382  4805  1204  2167  73914  19265  66046  109723  2937  1847  45539  81149  2966  2265  614  13250  5317  2460  1547  1851  912  4785  2201  6208  3528  4331  10854  14191  28490  910  19034  45625  22079  16202  428  8002  48  2246  27618  412549  189922  10069  0  11614  100320  7035  
5505  1117  3533  10794  1693  386  4105  11103  737  7004  17726  1894  842  3299  5419  7352  6644  22580  4151  24597  7670  11496  25940  18288  13197  2659  10269  4602  10941  5100  778  9231  587  3373  144071  7072  14690  11148  9080  72126  15562  14012  4736  16766  23329  2962  1373  13060  35419  1414  17667  5743  2570  2509  22854  308459  13355  3953  36927  13330  112322  41796  64903  79933  207566  844003  844273  1.30819e+06  108925  233577  46217  2361  29481  319  7488  1.66974e+06  118754  68037  102570  17256  0  1.84528e+06  254683  
1419  334  964  2894  911  221  2365  5570  372  2893  3561  446  311  398  827  3167  1592  5592  903  6643  2153  2669  2311  3140  2051  412  2062  1375  2057  1285  150  2590  196  1020  23597  3914  5202  6545  4934  6417  10489  11954  2330  4617  8213  3424  1580  6574  17758  1277  10140  5003  717  457  1883  14789  14259  5796  44115  15147  41292  21005  15820  69476  25703  387828  29642  936613  302180  41624  25602  3085  30518  387  12171  755022  144902  139656  125599  52906  1.21622e+06  0  192642  
19950  24682  34040  11771  45814  25976  116137  756065  40433  580954  217308  2556  9810  9153  14353  407399  43159  345986  84626  167422  37470  23884  97436  56159  144717  24745  126308  49582  81499  47163  3842  84709  6140  48241  3.27243e+06  823555  633686  1.8678e+06  18190  176250  402725  8410  21037  23773  9994  55213  27420  77267  720426  47193  629635  165391  1920  3372  12537  38267  415054  65085  328729  84870  256024  63182  34261  138821  65261  150125  22171  121470  98134  61144  61015  14587  98014  3041  59626  3.43445e+06  565922  1.01184e+06  2.49346e+06  14825  626513  514509  0  
