4199392  
2670016  
679377  
3818090  
4047784  
4107911  
7578903  
13041450  
3940912  
6973338  
2801727  
2549513  
2352947  
3534616  
2730097  
5901985  
7526509  
6273213  
8760658  
8365148  
1467839  
1223053  
3718411  
3743503  
7498274  
1958686  
2162087  
2177198  
8418258  
9046399  
3037822  
9806177  
819596  
6435132  
10904727  
4466345  
5394101  
2345926  
708762  
4290475  
2304030  
4770601  
2161038  
538881  
3746380  
3430539  
4863695  
8420802  
13572367  
4883219  
6958602  
2481047  
2619265  
2062699  
3276110  
2659637  
5705486  
6975044  
6718733  
8267670  
8810247  
1734629  
1137118  
5052876  
3837329  
7024729  
2072467  
2089194  
2236720  
8826986  
11177588  
3872806  
9384027  
870577  
6715360  
11054639  
3103881  
5127808  
2567103  
677662  
4049134  
2150848  
11875681  
