0  1.59254e+06  44279  566737  237905  185717  406571  38761  2366  23741  3857  29185  390  405  2699  24717  43326  42238  19263  17299  6823  22601  60416  83038  75963  6177  44207  161467  55482  89149  6744  150151  2603  1.17176e+06  72446  238013  539156  69332  63583  42626  17745  2877  193  409  3551  196  344  1377  4879  166  1016  652  202  150  174  370  1094  478  6319  888  8621  848  1184  1763  1763  827  235  118  480  954  975  199  1112  25  398  11927  11664  3874  1923  3440  2560  927  50662  
835179  0  6385  4448  724116  102213  515128  39874  2403  7878  3949  447  206  192  1449  6212  15052  24558  11061  12271  4074  13999  29735  52186  33520  2996  2949  7300  19521  31781  3851  27994  399  41017  585196  678988  383581  119623  12690  28246  12305  3627  2063  5170  9601  493  486  15743  23622  189  2020  749  515  244  194  480  1006  275  3688  657  5284  716  1033  2201  2273  760  298  179  504  1334  1886  389  1058  13  936  43188  15842  9296  3455  1020  2983  2498  244408  
45161  4604  0  246820  358  58  211113  111092  91  282  350  136  48  47  215  338  75  2184  414  1503  375  1004  1917  3676  2718  278  380  851  936  935  7  1025  3  106  17452  139890  52256  14663  40037  2381  2164  7467  733  3608  23837  141  88  6023  7598  44  163  55  567  140  105  116  98  32  362  97  572  127  199  585  629  191  69  31  226  435  656  112  284  1  226  5531  21128  2678  531  3319  568  436  17362  
694568  3318  324275  0  310  189  17645  1.01488e+06  166  376  851  693110  2485  2631  3233  381  146  3364  884  5880  1209  1865  3524  6526  16271  1848  23630  61855  7608  4334  28  18919  16  367  16974  162931  51609  5216  46226  9029  22897  83062  8154  83413  874658  1560  840  80363  199929  312  950  272  85922  10713  9029  4849  512  294  1887  810  7648  1424  2004  5122  6664  1812  722  403  3765  4253  6840  1137  3103  6  2258  36957  214945  27480  3963  28455  5189  2731  11276  
622048  1.29271e+06  1169  1337  0  1.55246e+06  1.10646e+06  105388  19961  53649  13065  205  157  283  2065  41175  122082  56865  40279  26534  3961  14002  58356  54236  29794  3288  4354  7182  39689  111097  27432  101831  3399  283474  1.01507e+06  698011  696911  208367  3876  21470  17770  1287  724  1277  1344  1342  2305  7260  28978  915  5741  2120  170  353  289  699  3033  768  7400  941  9575  1033  1223  2925  2172  922  453  245  670  1110  1475  398  1713  36  2170  76653  18603  16765  9556  444  4727  3715  469636  
351737  364498  809  2509  1.30668e+06  0  727265  430236  540235  1.26876e+06  11896  306  876  1118  2921  56193  137825  50791  66981  28083  3869  8056  43795  25301  18402  2942  2396  4296  50044  112573  24263  179933  7338  1.03939e+06  247296  145157  477076  75684  1791  10926  5166  2364  1613  592  903  4163  12127  10492  105178  11136  15849  2884  221  2356  835  861  3733  1148  8686  1915  11033  1261  1178  4513  2451  1241  420  296  727  1752  2845  884  5674  55  17493  87200  45161  43506  20762  348  9045  2822  155414  
413340  825693  338147  19259  1.55707e+06  696569  0  1.80091e+06  790571  113568  19466  1044  1158  976  3770  19012  16527  104531  118807  56772  6217  16541  82232  54248  64940  6012  9619  13280  154049  104713  9044  35888  841  26945  1.35969e+06  1.43374e+06  546976  165014  62721  57986  31200  14921  13468  18273  30174  22023  52775  144698  343234  29830  19509  4444  1829  4024  1057  3436  6865  2178  17510  4297  25634  5006  5239  24492  15884  5032  1768  1092  3003  10358  18174  4531  16527  81  34074  427330  195565  167321  58411  3851  22702  12536  528731  
19771  54609  190369  964335  54009  163076  1.97786e+06  0  1.76153e+06  514106  429464  762379  1.61053e+06  741981  306409  32724  10099  133849  38680  341034  48359  25725  37700  53408  48063  26918  43800  14647  20125  25069  4745  34830  1378  49351  902491  1.0597e+06  606175  299379  33678  141532  29459  60772  39230  74241  288965  70942  88715  368267  2.37628e+06  50932  218091  77662  228314  224976  79027  43152  36369  6091  47177  15310  110499  16850  16554  77932  53141  17478  8418  5644  10252  33427  59200  14024  40976  247  92328  973556  718719  536536  230930  15128  105747  29266  758855  
2789  8421  667  863  26035  621166  706521  1.69332e+06  0  1.82771e+06  14207  146  557  698  692  16964  7650  97394  161003  11163  926  805  36092  1577  17641  1912  1364  1956  59019  20519  1131  10419  330  6758  111021  178220  98355  70991  2299  4983  2515  2353  1512  441  514  3424  12341  6221  114788  10950  48724  14381  118  2515  2151  711  6730  660  5567  1649  7640  1045  753  3439  1575  1013  374  269  682  1312  2241  634  5453  35  16560  78831  59625  44415  29982  305  13980  2343  142998  
36188  44311  839  1652  72232  1.20648e+06  119251  1.20482e+06  1.69442e+06  0  213024  199  405  1438  1233  2.2023e+06  276117  235695  160176  41263  1898  2432  40978  3911  22811  2868  2093  10131  75648  123324  38130  442625  88227  560381  304834  407788  319604  249419  1772  11986  4034  3188  1739  976  1093  3855  5947  5213  162956  5687  132075  45926  178  2812  4579  1420  49191  4912  19253  2736  22819  2035  1367  5404  2524  1829  729  503  1133  2160  3436  977  7784  237  16787  137768  126116  76589  64316  685  32940  3903  398953  
1548  2011  765  3784  1761  3156  7760  847024  2729  196517  0  1711  30422  862458  2609  104949  10797  92855  1228  1.0968e+06  13070  5294  1464  3943  1410  641  588  1233  1415  2656  510  14639  2392  6615  54270  48294  34042  21873  1065  3813  1635  3753  1684  1650  2805  3447  3528  6760  93713  1700  224557  177316  2247  7027  27945  3614  180226  22969  74557  3807  101720  3887  2212  6070  3130  2689  1561  957  1457  3051  4626  2064  18985  1135  9811  221739  183029  66144  65718  1455  36281  4981  138904  
5672  885  3139  848028  217  265  6934  1.03412e+06  359  494  4095  0  357562  129397  129312  407  169  4427  607  99142  20437  7173  2159  11138  10860  4523  14542  16574  3917  1906  24  4160  23  179  21381  8390  36436  3844  11368  30877  34912  30434  2588  15861  202971  7846  2651  32671  213670  1156  1914  884  484344  68025  26831  15879  977  419  3276  1043  24490  2820  2892  7711  8128  2236  2132  1225  5030  3374  6899  1363  3768  9  3413  59418  59576  41631  12956  31871  7147  3649  18531  
1622  750  1246  11502  571  1887  9235  1.12552e+06  3408  2056  21691  349183  0  541611  372340  927  480  10486  892  372014  73736  22482  2556  28150  17325  14435  22009  6770  3152  1841  77  2518  64  552  36094  11763  21011  5869  3982  60564  14593  5415  2306  2227  20370  10178  11277  16361  228376  6880  10466  4844  130468  521635  111981  41673  2854  815  7272  1546  71126  5611  3795  6961  7743  3538  5810  3647  2933  3010  5166  1242  5460  43  15720  97333  40175  56148  23046  5920  14342  4004  47100  
2144  1552  2634  21077  1348  3545  10538  853373  4760  6510  956749  165244  672709  0  574622  4231  3066  32096  1491  1.40773e+06  181538  51109  3543  38371  11556  8924  8763  5595  3905  3351  284  5966  417  1861  44685  25394  31667  11966  4457  27856  12505  7494  1757  3583  32799  4179  8128  12203  181360  4878  63802  59893  89275  198930  653253  69503  27477  6015  39796  3159  239966  13698  7761  6953  8431  4842  6212  4168  3626  3880  4969  1557  9086  310  11921  110902  71730  54642  36037  8081  27045  4604  74409  
4270  1666  1189  10832  826  646  4252  162226  540  1014  4416  103210  210300  513595  0  963  1969  70521  2735  1.88725e+06  169965  88413  11940  631360  59014  116873  116809  13121  7233  6278  343  8521  219  1858  105158  8832  23647  9323  4921  288158  26302  3840  520  2309  17337  1328  1725  5529  50264  853  1675  2092  33247  43535  131638  266514  1870  806  16707  2598  192099  12805  9415  6886  9118  3074  2145  1227  1377  3041  2905  633  2887  46  1708  26948  13388  12677  5097  4432  8787  2065  23509  
32669  33759  724  1107  37817  62276  43152  87175  93189  2.37488e+06  120383  116  134  911  647  0  2.28299e+06  984331  102322  50479  1316  1536  20584  2477  11279  1012  1345  22513  53379  124404  25543  594879  264164  659563  188841  94491  404650  163858  1497  9357  2986  1172  582  358  550  1224  1274  2246  20196  511  19918  29514  116  340  1128  1464  127985  19297  46681  2289  45454  1230  793  2288  941  1467  696  474  657  1528  2296  1431  14187  1104  4570  81362  29700  20891  17942  834  10490  2770  250126  
51568  95187  1071  1697  165392  154471  119227  73053  61837  267554  116534  314  407  2875  6685  2.84096e+06  0  1.26986e+06  1.88447e+06  389531  9188  8062  51908  8717  32268  5261  5740  20995  278946  796874  439393  2.56166e+06  779023  576925  98552  51868  384697  57338  4709  44670  10067  1964  892  802  1164  1740  2661  4340  32650  1101  14540  32485  267  680  3794  5674  92138  36706  194569  11482  206212  4326  2750  6273  2736  6908  2401  1801  1865  9017  10404  6014  30536  1804  6175  157796  38481  39166  36218  2098  24019  7087  124239  
45669  41939  3071  5522  18152  40615  110122  173494  260013  240177  114642  1220  727  2018  11158  638337  566381  0  2.64767e+06  851778  159872  103760  723150  97998  181120  37739  13885  38225  142865  141015  7010  233610  12667  77222  318845  70025  375513  157968  26690  224270  54050  2874  930  1405  2056  1994  3443  6755  35222  1868  13714  13025  422  768  1687  5814  101588  25851  207806  32115  232489  26213  45282  55930  30662  18602  3398  1690  2876  21266  19368  7065  35789  1656  6925  163326  38435  53771  34323  5807  35525  12774  277629  
62971  84348  3794  5937  66373  106622  511715  137017  489256  130607  8484  1120  407  505  3911  58228  2.13761e+06  2.8742e+06  0  61745  4359  6448  1.46067e+06  19420  289490  39572  20802  45922  875117  1.61687e+06  414937  537063  7279  109531  196443  78856  418291  144351  27088  207366  59195  1458  642  667  1236  1557  5602  8562  34699  3178  6119  2315  210  532  472  1649  5755  2270  49039  10705  68175  7631  9400  15666  7391  6393  1228  596  1200  8780  8000  1508  8590  138  4257  65485  19770  30127  14002  3775  12305  5840  165071  
25433  21686  3356  15167  7522  6549  30499  412011  4502  22762  781457  88485  237835  590020  1.86495e+06  24657  42610  1.23152e+06  28960  0  1.7883e+06  838371  43550  954815  107949  114010  76545  32215  104644  103722  7156  129762  5126  25214  322018  61634  179544  83593  25072  423158  58712  9414  2541  5126  17772  5882  9152  18969  149436  4177  37146  40252  32543  50863  173534  160459  71736  41172  428010  78223  1.54536e+06  117386  117420  126374  80133  47337  11908  6232  8086  63083  45606  13903  70899  2008  15320  319759  88503  131742  79703  12517  82384  28795  215717  
1737  1470  205  934  436  235  1736  19036  164  372  1187  4878  11978  13147  75389  337  533  251589  3112  795573  0  590166  95916  208320  16445  21670  5990  2336  6087  3616  138  5240  67  1083  30691  2996  12914  5365  1821  35918  4596  714  149  375  1133  331  421  1177  7101  171  632  510  1737  2115  2821  9200  769  384  28543  5414  90580  118423  69975  23723  26656  6264  1501  621  687  3824  2749  287  3513  37  790  20228  3437  8165  3763  897  8561  1853  9657  
3085  2520  280  829  708  162  2515  7272  70  212  340  818  1561  1727  38691  152  181  236882  2161  245581  595500  0  97534  644261  41570  59732  4934  4513  4496  4869  84  7505  30  1157  38733  3347  23775  8676  2882  45357  8598  547  67  263  543  128  104  639  2490  51  197  135  481  742  983  4736  202  91  11340  1112  29099  63779  57976  13848  64741  3973  1000  367  559  1159  1294  82  1613  7  295  16269  1542  4259  1100  657  7921  1189  7563  
41830  41475  2381  4935  15528  10461  78502  56590  29789  15296  3950  1226  641  563  8610  2714  7057  638819  1.08277e+06  25400  106687  72312  0  218544  1.38282e+06  121285  42121  38295  1.32645e+06  599357  9250  219616  1231  44852  161268  33835  240930  68663  19686  138068  51331  1022  211  404  1136  455  1194  2540  9884  650  1921  734  226  266  214  4029  1346  371  32287  5358  69641  21602  51021  50211  37600  11135  2386  789  1076  3865  4226  316  3875  38  1086  61215  6308  13287  4729  2586  21267  3629  62499  
23572  16862  2142  6179  3622  900  17878  41854  442  1224  1117  3946  6394  5004  557450  741  657  221527  14764  531585  223169  825988  351897  0  1.54288e+06  670071  87917  32435  29077  33743  421  46425  147  5659  206584  19413  132586  37666  18271  421233  49616  1148  208  540  2005  383  378  1712  9792  171  536  302  2708  3859  4138  19970  544  238  11965  2137  64975  11899  22316  34150  127959  9427  3285  1181  1316  3096  3654  190  2823  20  504  51573  4040  10851  2865  2692  29533  3240  43059  
33580  17202  2276  10170  3880  1900  25189  46594  3434  3412  1674  4320  5598  3169  63677  1248  1103  119684  80526  66544  34210  92008  938791  1.55225e+06  0  1.70163e+06  1.18776e+06  148889  3.18361e+06  126639  683  59099  274  8466  264778  32202  149100  57525  33649  868898  164731  1059  167  434  1541  282  388  1565  7959  272  838  393  875  1075  411  2389  737  231  13935  3029  27032  7624  15506  18791  16794  9258  3142  1090  1292  4247  5198  209  3409  19  533  49802  4355  15517  5028  4312  27403  4916  87137  
5749  1807  344  2446  509  493  3361  10710  695  976  363  1303  2327  1150  48602  297  265  36296  29786  37069  20072  53918  80352  322264  1.63111e+06  0  446687  25304  47291  14435  188  11747  85  2001  37801  6020  24176  9896  9128  515558  36162  172  34  68  322  82  108  318  2330  75  193  90  320  427  157  627  177  61  2976  709  5384  1414  2385  3314  2645  1576  552  170  272  1102  1430  50  853  8  116  7444  993  4014  1054  1144  4312  1320  38450  
40249  443  285  23184  116  92  1152  10983  99  270  363  8531  2127  1153  67359  273  99  7532  1798  22389  4745  4449  7618  38535  1.11307e+06  389759  0  321384  18172  3140  33  4677  19  995  114225  12007  25601  21831  13253  540544  359956  486  32  55  1360  47  92  246  2532  80  161  51  313  333  87  194  104  42  1115  233  2008  384  689  1097  924  602  245  82  258  452  595  34  382  1  117  5022  1365  2872  1373  1193  2268  950  28632  
217420  5700  1492  73907  711  305  7694  9810  310  1927  1725  24651  1048  824  4408  2988  738  14170  4433  7602  2328  6972  23375  23533  170641  8215  388477  0  325263  211632  242  491538  124  31089  168034  33827  143465  113120  72929  150729  529483  1926  53  97  3947  67  52  314  1385  41  342  196  345  207  133  391  292  136  2593  478  3483  820  1439  3158  3694  1771  584  194  1016  2898  4079  79  1997  6  144  8539  4083  16066  6665  6501  4872  5486  50256  
57556  52159  2329  5035  8695  7010  145207  32284  42665  5501  2069  1065  761  660  7719  1860  9856  115759  258952  54281  11318  22703  1.1278e+06  70671  3.48454e+06  33666  58065  327755  0  3.94085e+06  6027  120960  491  16961  117709  33048  100479  31444  20040  284477  65941  1018  283  552  949  620  1340  3138  10793  821  1768  620  230  319  409  1354  1291  1210  44453  10109  66272  7796  7794  13097  6951  6834  1225  539  1076  9103  8117  1412  7607  110  1713  32520  7552  21087  9797  3211  10448  5160  33344  
106218  156806  2945  6070  158556  95868  232061  78094  34989  73837  28941  946  671  1513  9781  64432  934598  256851  853244  209271  15299  35933  529681  107990  246110  27701  17774  349095  3.49456e+06  0  1.37501e+06  3.48743e+06  6428  70768  141229  45792  316781  113106  22763  207672  51675  1567  492  760  1384  1068  1822  3729  20015  873  6345  7721  262  472  1605  2836  19669  14369  132274  11791  149659  5089  4688  8408  6240  6319  1520  974  1635  11253  12265  4617  17854  642  2907  86777  20143  31646  20809  3780  17782  7595  109298  
5324  36073  228  349  78864  45637  88403  16495  12530  40687  4777  58  69  281  2044  24680  817844  60460  648722  46126  2530  3875  37627  4390  21674  4874  2284  2744  57326  1.8772e+06  0  1.28978e+06  5164  10128  19328  8189  64981  31366  779  7572  1634  290  99  161  224  210  419  849  4448  191  1298  1459  31  91  312  480  3588  2544  27262  2472  30220  706  531  1082  543  866  227  147  258  2227  2272  1053  3348  92  640  15783  4056  5184  3617  310  2893  1041  24265  
209977  151299  3486  20341  184422  217549  93161  150669  21996  350037  122428  5233  976  4068  12992  533471  2.33758e+06  621175  390089  433045  28271  63203  417338  132309  204174  40112  22480  532442  193940  3.90417e+06  996674  0  1.01309e+06  1.11908e+06  164360  85647  792393  125850  47143  104179  113343  2995  977  1099  2449  2041  3327  5622  45512  1718  17151  23083  439  1034  4369  6878  62385  44337  267656  16786  262590  7446  6840  13353  9643  12473  3353  2191  2972  15613  18673  8551  41364  1849  7011  190926  46994  64651  49339  7404  35171  13827  182348  
6770  8497  89  151  11822  13284  1995  10317  683  54419  14233  18  40  351  215  124676  375593  37013  4574  26975  581  523  2733  600  1346  281  215  3107  1524  10588  4576  631294  0  327446  4047  3742  74835  4009  164  712  306  125  68  59  83  131  233  308  3369  113  1296  2828  19  68  403  593  8112  3201  13755  603  13969  247  141  404  177  538  221  181  131  425  521  370  2427  169  533  12440  3294  2892  2917  108  1848  449  8774  
1.58107e+06  505840  1091  4054  910461  2.1093e+06  56087  235008  9385  1.26204e+06  39931  424  231  838  2498  1.49049e+06  1.29583e+06  171961  65080  68920  4204  8862  62798  20417  25846  4828  3874  57570  49301  192193  52782  1.82589e+06  1.18077e+06  0  49703  47741  1.23519e+06  25774  2305  11418  5151  792  386  323  920  1064  1879  3503  22641  933  5949  8311  137  282  794  1180  19874  7265  33399  2000  34919  1156  1041  2424  1423  1537  502  345  434  1663  2130  1088  6370  358  2722  45047  14906  14133  9892  545  5695  1670  48799  
46792  106986  49380  39405  55589  24614  552057  2.01474e+06  23729  482592  437166  10157  7605  8094  69836  487354  25124  1.03184e+06  112742  464279  35755  73429  241353  156351  351078  49325  295536  256667  177091  129587  4360  181099  6707  35928  0  3.35697e+06  442851  386017  199011  2.19269e+06  1.03216e+06  8785  4581  6330  10037  8123  12637  37484  210930  7925  62069  25134  2517  4094  2803  5926  27023  4750  46745  7055  70216  8845  11214  26013  21119  14365  7056  3154  6657  12385  17039  2197  14833  196  14538  677770  136900  126379  61733  20477  72138  33805  4.24427e+06  
118041  54465  130292  51114  11542  8209  426339  534703  11509  67983  91380  803  489  1032  4137  61362  6827  146494  9807  128996  4295  7219  19566  13948  39716  4105  30345  36267  29770  22481  716  39126  3133  14548  2.68586e+06  0  295403  260320  595081  236090  138206  5655  2244  2873  6047  2815  3032  14723  89423  2541  38802  15159  410  1689  1984  1383  13326  2616  15216  2079  22150  1992  2515  7350  5344  2702  1069  614  2127  3746  5608  899  5304  126  7658  220826  67563  51333  28955  15573  17100  10506  717860  
310119  265779  105467  88639  235036  46760  500105  1.74112e+06  25609  314325  237600  8022  2773  3638  20288  370302  43525  513730  140181  248317  19906  42146  162463  104178  106582  17965  21569  82081  92656  126107  15490  223042  8945  197993  228590  1.55274e+06  0  1.8543e+06  287538  75530  86029  5817  2543  2834  11242  5371  4620  21713  101739  2194  42873  24650  1410  1399  1673  2392  32622  6794  32150  3979  43771  4147  4968  12466  9931  4609  1379  664  1939  6705  9764  1719  10080  334  7014  126092  71254  67267  34029  11652  19217  8196  233311  
25526  48911  14859  12991  65125  11330  95415  650797  12570  170938  71159  1379  722  1050  10000  127694  8651  225854  73983  129862  7691  10990  56580  14401  34274  6571  12161  15784  44020  34797  3436  19379  753  4612  172256  421360  1.9241e+06  0  45720  37116  83945  1451  811  876  2492  1777  1737  6602  38901  913  15929  7029  344  549  530  874  9606  1666  10617  1581  15568  1798  2013  5192  3603  1809  648  310  637  2186  3002  524  3090  73  2498  45858  25442  31721  27848  5991  13429  3825  657388  
171671  2752  60103  77357  214  84  26091  16810  144  449  800  1498  376  294  1506  812  204  9583  2313  5689  1382  3722  10265  12204  33829  4477  17939  39424  16317  7263  46  10329  31  281  86578  527198  195314  58492  0  32178  128967  1336  81  171  1776  61  57  557  1562  20  281  144  199  118  96  346  262  87  1787  333  2413  819  1494  3346  3803  1388  414  148  733  1693  2561  64  1380  1  116  13399  4265  22055  4206  16336  3176  3297  23376  
32092  6439  2969  18746  754  662  13246  84457  784  2464  2612  14786  16295  10607  250130  2619  1008  67378  16732  127473  29384  34185  73386  192400  441451  265545  879251  169032  119803  69189  194  52325  126  2175  1.97851e+06  142400  126353  71088  111608  0  1.59446e+06  2792  378  1191  4486  642  751  3375  21477  667  1955  1050  3064  2540  1032  3724  1627  1180  33348  6385  49658  5715  11760  19596  23270  18906  7315  2740  4539  14050  17585  1110  10429  46  1387  129528  11232  51604  12239  17712  84032  20472  142417  
9177  1058  1119  5803  320  180  3260  10665  166  909  1495  4956  2142  1746  29456  1058  243  13276  2766  13387  2909  5575  18341  23003  123632  40232  834005  336924  36887  10563  59  26056  78  1781  719323  73414  78659  117534  75094  1.25095e+06  0  534  52  181  715  69  72  456  2597  56  461  244  494  350  202  428  306  146  2676  447  3733  730  1185  2678  2652  1567  674  274  891  2178  2865  76  1564  5  153  16363  2863  13642  6606  6347  6480  5923  95321  
5659  2353  6664  26938  601  625  24521  52831  1396  2520  3654  2944  437  528  467  2925  786  9873  830  10067  816  3644  832  6094  1240  208  485  1281  1139  1062  116  1902  89  438  14641  24731  8139  3325  4119  1980  1547  0  1.48809e+06  130486  706726  460252  270817  468946  133125  1331  18911  2904  6687  4525  3240  7375  14239  11331  14588  7731  18677  8065  16745  55232  64601  17249  7550  2996  58689  40288  95711  28405  334436  605  1.21561e+06  116934  180869  240630  30017  33710  31214  14764  37615  
678  2877  5256  12268  646  465  28180  54589  1027  1370  3115  382  129  192  216  1752  740  8609  674  9287  588  2623  647  4306  665  109  161  285  859  783  95  1353  72  378  14232  7760  4516  2661  901  1512  811  1.05234e+06  0  15752  3332  491800  69698  438432  63476  2137  7956  1463  457  806  513  3169  4672  3277  11749  6535  17014  6058  10458  42081  41412  9843  1506  1280  4098  34219  62222  15458  135580  73  81499  317821  279202  191735  31228  1658  29428  11026  52037  
474  835  3616  19881  104  13  6572  13148  31  161  371  924  13  24  34  128  53  841  57  865  51  420  69  688  74  9  20  27  66  62  7  126  8  28  1156  1910  437  210  238  161  89  33453  1339  0  218779  457  300  111565  76087  95  874  192  110  106  93  330  729  178  1326  537  1612  835  1855  5659  7014  1403  127  74  531  2942  4111  606  2128  3  2821  15336  35683  34203  2473  2226  1775  786  4179  
13397  6199  56946  872423  605  114  42050  254407  132  310  693  158508  4251  5206  4493  303  148  2036  244  5346  896  1223  796  2521  2116  392  2175  3574  929  598  23  1238  12  105  6284  51101  14163  1247  6148  2291  3416  711889  2073  236018  0  1217  689  19503  668747  241  1210  333  705367  17632  8051  3909  992  280  2660  1075  7419  2265  4500  8952  14837  4129  2867  1059  9520  5821  9296  787  7367  4  3322  25525  160682  48052  3553  59540  9993  5765  6938  
592  2669  1202  5212  3259  3372  78942  228502  4940  3913  4848  1220  960  547  628  4125  921  9666  1782  9273  910  2238  2773  4206  1757  304  506  611  1706  1613  228  2032  99  1530  87274  46497  41430  16960  823  2880  1848  585117  739230  3123  2856  0  1.34316e+06  958583  341677  95874  69940  3230  777  2613  793  6262  20245  11682  13940  14336  17413  4708  5518  50663  20650  23449  2405  1596  2298  49349  76794  41653  74047  585  373261  221781  81169  221087  69185  568  13747  5823  82563  
790  2111  775  3162  3203  13600  130360  347654  30986  10254  6824  1097  2271  1940  866  4581  1153  10263  3207  13034  1309  1418  3001  2436  1961  372  576  803  2371  2108  323  2862  145  2392  108264  44602  50098  25325  887  3004  2103  267531  174127  2038  2274  1.48739e+06  0  912042  766000  620223  1.31254e+06  9158  588  12228  2345  6838  47354  36218  15640  43242  22897  3623  3259  45537  9045  25900  3287  1874  1971  137686  205160  65398  210380  2938  921113  76214  37604  126430  47047  614  10217  2973  79204  
3042  14712  23093  60504  7243  6881  267203  610990  10133  5398  7638  3420  1599  972  1350  4810  1864  22669  4935  21930  1804  4954  5766  9345  3948  618  1168  1405  3844  3282  447  4350  171  2694  199713  124193  70613  30133  2848  6925  4160  295838  442447  166129  12573  1.93213e+06  1.19753e+06  0  2.69228e+06  1.16876e+06  250461  4713  1912  4881  1973  15070  57725  9541  28620  112625  36516  10090  16002  119781  61892  123497  6027  4789  7421  211940  150727  28787  40903  78  65768  389233  347173  321675  55558  4706  47364  14611  137762  
8711  23299  46208  321140  10300  40000  345881  2.90271e+06  101319  80062  127775  106050  59878  47278  63221  21085  4442  52316  10891  133393  18256  14355  10483  28010  17821  10022  16819  4971  8320  7014  785  11296  655  7486  327939  232901  126296  68176  8388  49801  11044  70077  60008  117686  920954  222839  449607  2.14723e+06  0  2.00098e+06  622426  708133  1.38092e+06  1.48117e+06  929275  220390  48010  12076  125940  35358  535726  58029  44464  165115  125270  44028  39210  25162  26710  77928  133770  31818  137182  461  268279  1.81366e+06  1.94292e+06  1.1566e+06  449039  18615  230525  60224  721643  
513  928  310  1116  1045  9829  56529  234840  23941  9865  4847  348  2253  2762  572  1410  461  4673  1812  9569  1139  652  1429  861  997  234  358  431  1251  1013  136  1630  69  1395  50115  22283  24487  13825  587  1594  1034  3928  9083  1341  1096  86676  750286  1.16316e+06  2.23788e+06  0  1.85883e+06  7494  232  10536  2736  4430  26039  14377  20622  86865  19058  1798  1193  33992  2519  33993  2756  1772  1473  99858  72114  11917  37286  71  23672  64497  75292  47460  28085  377  16781  2558  64982  
1205  1870  464  1464  1996  10173  27738  474481  30205  67131  85408  406  2076  4763  627  18246  1861  19315  6017  25570  1747  1243  3554  1628  2207  510  517  957  1830  1532  169  3816  300  3209  69954  68447  42321  27875  1320  2780  1683  23884  19284  4508  4101  80406  1.49193e+06  376314  1.33102e+06  1.56635e+06  0  131825  462  5548  4749  3528  2.30852e+06  169534  97072  114611  44773  5239  3168  46023  5679  39952  2570  2124  4129  131469  145352  54029  441630  64367  737796  262756  419821  234963  200155  2208  94300  8299  245269  
736  945  240  1052  734  1508  4753  146123  9228  156240  322506  652  1566  12068  908  93432  4223  30680  3238  48911  2172  928  1788  865  1079  259  299  693  1076  1243  177  4683  598  2180  37335  41523  16921  14192  414  2157  774  1258  717  633  1590  2306  5376  4550  714432  1184  274415  0  5530  55581  711587  3358  130603  4925  73401  771  478038  7453  2996  2534  2401  986  878  529  720  1524  2197  778  5149  220  6082  54479  60455  32830  20830  548  10379  1979  53358  
4268  1851  16095  232691  411  372  17377  410543  485  640  2698  717815  102329  48500  51264  606  194  3585  393  46769  9229  3806  949  7709  3741  2088  5057  3059  1131  691  33  1300  36  196  16527  12140  11511  2269  2871  14408  5523  23383  3196  8054  733351  8621  2750  24847  1.21249e+06  1007  1661  2100  0  358016  140711  83289  963  436  4061  1217  106727  10911  8284  8849  20326  5965  10764  6354  10733  4909  9077  1567  5441  9  3897  52601  33014  43200  12400  94418  20434  8110  17756  
2214  986  5012  37138  687  5556  22539  310317  13653  4737  9050  67501  402507  140072  69774  1267  376  6246  893  113686  21418  7191  1389  11689  6833  5083  8994  1850  1522  1169  83  1585  61  651  33307  12814  13083  6490  1409  24839  3383  8282  2156  2038  48602  13144  13634  17684  927790  4415  6271  11811  338219  0  521830  141517  2085  607  5952  1148  237052  20880  12006  6896  23108  8921  19962  12153  8515  3802  5943  1218  6390  30  10402  78273  44718  48785  18855  17886  29624  5904  41364  
3691  1494  8763  64488  772  2998  12018  190373  7276  36304  109456  40619  56809  481833  112776  30962  3188  30944  2214  321940  42859  13339  2184  15816  3317  1673  1839  1411  2532  2621  250  5336  528  1751  30414  22519  16498  9567  1452  8010  2451  10030  1257  1964  68517  4142  8741  9175  856854  2263  11633  864937  360394  717241  0  486501  16280  1694  26154  1779  1.17998e+06  62371  29163  5757  31150  5758  10081  5726  6246  4292  5327  1152  6233  86  7558  61692  51026  43624  17788  22203  21075  5297  41228  
2411  1298  5275  43107  409  565  8742  56020  1096  1421  7661  30234  25642  83780  348604  1953  1191  22339  1992  240348  35734  14981  2659  34447  4019  1944  1141  1349  3176  3350  211  3831  143  756  15406  6211  8627  4460  2148  8412  2756  7356  1744  2433  29807  8603  6509  13328  179048  1044  2163  3426  132512  239483  563404  0  1549  994  31119  2862  1.7679e+06  142208  87758  8713  616319  79700  229983  126676  60266  13735  11566  1279  10164  281  5826  66058  30966  51304  20831  15173  267775  28006  27122  
744  993  337  1193  765  1046  7102  88820  5490  67061  70996  246  236  955  267  87170  7713  40577  2137  25998  857  879  1665  1113  1237  282  259  636  979  1299  261  6426  1145  2473  30296  22951  14208  9930  810  2339  979  19694  9912  6702  7068  27361  51485  53204  115649  41909  2.22938e+06  112668  628  1392  2044  3062  0  1.94449e+06  703971  99436  45729  4305  2803  24352  4637  37444  2081  1574  6015  57882  71826  35118  643078  331901  690281  279846  184993  317793  166937  4226  76236  8723  265056  
2061  2157  402  1145  1676  1823  10834  42161  3065  56600  164879  268  366  2388  804  188738  32544  220049  3633  219698  3422  2280  2845  2235  2591  511  677  1868  3622  6661  1300  32601  5830  9840  61796  22891  27596  13107  3423  7071  3557  17430  18125  3839  4301  52601  144386  122276  71814  145636  390310  32000  674  1404  1323  8703  2.09374e+06  0  921566  1.87911e+06  218395  12451  5913  49153  7956  40976  4570  2738  6877  129130  514571  808844  2.08107e+06  259860  326709  169204  80493  177825  58628  5916  52442  17404  92367  
5961  5803  827  2341  2050  1646  12787  44022  2927  9971  34233  519  359  1164  2549  36501  15810  243078  30400  166570  19269  25003  33510  14577  27954  5516  3503  6192  29187  21761  1924  34335  2188  7342  106810  20778  46209  25442  10162  34963  12712  15056  4836  7077  8272  16066  24017  55354  161448  110202  226859  36354  1166  1746  2655  11393  974784  976529  0  3.16644e+06  1.10191e+06  144017  94771  622806  55357  109174  7946  4120  10119  116527  63020  15356  134751  2331  47740  251558  86977  286840  120614  13235  80649  33588  188679  
5085  4896  1087  3358  1824  1959  18110  69298  4111  5106  15028  652  608  1157  2389  6949  7001  160836  23663  143504  6410  6957  12782  7496  16777  2759  2877  5834  24275  17831  1352  22614  778  4540  72197  24251  42928  27276  17997  27371  13975  25629  11727  13395  14609  58280  145613  293164  159033  252360  231695  4526  1706  2756  1964  12224  71159  2.1613e+06  2.51377e+06  0  240553  11410  13347  1.7184e+06  36167  464338  20445  12117  20841  814248  1.09754e+06  1.16411e+06  426780  2268  73319  354354  121569  388234  143319  25690  130155  73778  172508  
23642  22828  4489  20975  7232  4666  34633  141318  7151  45413  167225  15409  22019  79073  123458  94023  38295  802748  134780  1.80164e+06  202778  104166  109070  87248  108195  22417  15283  23341  125456  82122  5888  104657  4412  20609  283036  51813  160589  82798  22962  136410  41740  16652  4378  8650  27024  12726  21381  33329  443738  7099  48654  428921  82693  170917  585308  1.7227e+06  38611  17961  1.14305e+06  48409  0  2.05995e+06  933746  115844  960467  120466  212988  76871  46989  115537  77965  16013  92275  1732  27484  323862  129382  237859  103833  19290  321845  55538  195965  
2700  2576  348  1036  629  336  3075  7629  272  789  2314  429  483  840  4032  954  738  94269  22438  65520  132397  90327  41985  22736  27122  5956  2224  2799  15606  5747  157  6488  136  1337  48642  4129  15864  7360  3789  25176  4725  4567  529  2154  3328  1030  605  4739  13218  181  966  704  1386  2210  3376  94419  647  574  228033  4292  1.02572e+06  0  615461  136947  298332  29900  35064  14918  10183  16069  13085  822  18475  164  3060  57258  12094  37400  12193  4056  77367  13332  19285  
780  638  222  890  138  80  1635  4538  101  228  785  254  213  337  1534  336  231  26135  4154  17355  43513  73783  20700  20878  10834  2299  780  1039  3184  1560  48  1739  31  300  27326  2742  4965  2997  3424  14776  2270  7142  647  3635  4830  841  361  7307  12308  99  686  312  975  1286  1810  93356  383  302  104582  1886  458846  472454  0  103679  513845  33239  33242  11621  10492  9998  14483  471  19417  112  2249  52324  15125  42555  7354  4866  67711  14466  13189  
4011  3877  816  2334  1081  749  11257  35186  1065  2003  3820  543  359  460  3256  1988  1097  126099  31076  60780  28577  79030  57751  82251  42981  9458  4040  5233  20617  8090  198  9278  168  1835  111040  13842  26748  14693  13475  34757  10427  16594  5309  8373  8804  20956  15455  64189  81863  14863  16740  1764  1221  1454  1067  23897  10001  18997  402225  1.5363e+06  187571  173224  332954  0  530241  737555  21700  11659  18474  1.12167e+06  906585  69284  266046  394  39112  252494  75374  253642  61761  17688  108319  62363  98509  
1724  1168  955  4320  327  157  5779  16966  279  454  1614  1215  561  823  3625  644  385  28273  4531  21468  17274  90297  24607  190979  19181  3108  1770  2560  4621  2602  73  2961  50  429  62099  9311  11090  8722  12932  41977  6740  33858  3332  17916  23527  3191  1539  36047  58205  505  2238  739  5937  7715  9402  830398  1080  928  88539  15426  664281  239902  500788  528931  0  1.70083e+06  476447  90538  60388  56916  89020  1790  97008  190  6887  152954  59765  156272  20286  18432  391337  58189  43474  
1221  927  511  2387  272  239  4470  15075  492  733  2323  559  292  423  1352  833  754  22769  3996  17711  4094  9440  10586  14376  12438  1708  1558  2639  4775  2612  97  3422  100  579  46936  7089  9388  8354  11402  30091  7673  19626  2611  10005  13254  8650  6284  51750  43030  8605  6546  717  2141  2491  2556  110017  5948  3306  46561  110742  70407  22285  39139  680903  1.58335e+06  0  1.58262e+06  1.00353e+06  147822  2.97839e+06  302528  5797  87586  207  7686  170164  51522  103066  22838  12851  778506  82340  42422  
233  111  113  678  20  47  646  2493  119  127  356  245  131  144  330  145  81  2486  367  3158  772  1246  1125  2065  1714  295  268  617  773  436  11  492  13  69  5812  1229  1511  1719  2651  3959  1948  3788  196  707  2100  632  867  1977  8886  233  535  119  1480  1780  1796  149884  355  260  7145  4535  49051  13360  15949  13308  297499  1.46962e+06  0  750886  161597  82937  37121  304  14369  66  1505  27299  6568  10612  5614  3014  754979  53643  22073  
93  35  50  519  17  34  360  1499  81  64  230  255  68  69  124  79  44  689  80  943  214  287  245  421  329  64  82  89  123  77  6  128  8  31  1977  481  415  339  306  944  267  2677  106  169  762  543  441  805  5722  63  210  78  1111  972  1076  48907  163  74  2723  479  11999  2723  3008  2785  24193  927446  703276  0  387526  9166  2699  73  1608  12  1264  20916  4457  5169  2813  1427  318283  143906  23544  
1255  131  461  3306  44  58  919  2938  98  420  1241  400  101  156  194  603  236  2867  292  2889  408  1412  864  2644  3108  584  833  2288  1938  986  23  1265  39  100  5846  5396  2732  2371  6307  4698  7304  51835  871  3373  16402  762  387  5636  8206  149  1635  568  1263  928  770  13657  2660  852  7939  1809  9055  4030  6079  21607  21184  132529  54990  208819  0  124520  189662  652  406029  41  25231  141390  43158  50418  16989  22798  202986  313594  20772  
3086  3021  756  2286  1113  680  7829  24380  958  1720  5791  387  250  677  2051  4063  4228  109446  16829  98095  5220  6398  6115  8429  10585  1601  2126  4656  17074  9842  731  13749  416  2969  34755  10124  25431  17893  12452  16420  12925  17837  9391  10716  10789  23526  30672  97597  57808  18412  18730  1207  1065  1248  1509  30466  8797  17643  56499  221848  84343  22761  29462  1.1183e+06  98756  3.2879e+06  60469  28573  233321  0  4.27413e+06  69475  158143  247  12000  140775  48639  98568  27834  9792  334498  49314  41199  
2296  2639  901  3003  1278  1193  17714  52838  2073  3774  26213  537  362  1054  1513  26023  9756  120254  10031  113987  5035  9629  5487  13765  8910  1473  1935  4502  11199  9149  978  17710  1342  3956  45528  15833  25414  16481  12301  15823  12809  21663  66905  10211  9000  152189  336696  372951  132762  60040  137839  2869  1316  1735  1831  32210  23786  403651  103325  447907  140967  41264  43079  638236  138116  135606  24281  8147  166040  3.50281e+06  0  2.2821e+06  3.47721e+06  753  41199  154629  50424  149674  34493  10592  170949  57179  47863  
550  724  180  550  429  566  7835  21477  1077  1500  10775  119  126  367  347  10986  3676  37772  2073  38428  1132  1091  1166  969  1274  167  272  597  2164  2780  410  5597  514  1327  15732  5396  7817  4014  936  3607  1412  3902  36003  1436  1206  88819  248951  202392  44402  36077  100485  1160  174  458  390  8384  11694  747765  34779  752039  55445  10372  4828  64793  7653  24146  4590  1901  2510  116492  2.18356e+06  0  945420  465  13861  25375  11067  34937  7096  1050  13348  3306  12581  
3226  2958  1261  4770  2030  2292  19568  65269  4183  32335  144111  788  579  2597  1594  146237  29145  227095  6058  230946  8080  15161  6438  20079  8953  1619  1887  4787  8240  9976  1426  34078  5282  9490  75438  28776  35482  20690  17205  18032  13341  132302  77953  20023  28123  130520  226677  121304  166103  10996  371204  23638  2183  3934  2738  32837  450108  1.68056e+06  289776  157461  255038  79503  69060  420500  188980  117358  21809  8368  386845  160058  3.70331e+06  1.37022e+06  0  645843  843898  197646  101083  427448  59439  20060  126993  72263  91258  
141  152  36  101  159  166  1016  3481  175  3798  18431  31  52  247  78  16109  3305  23101  221  21406  384  228  212  199  172  29  50  124  170  404  89  2959  646  968  5012  1813  2188  895  131  422  198  4676  3673  303  362  8336  5879  1692  7065  153  70232  2739  82  120  109  1065  183053  283457  19093  3794  17085  1727  718  3315  1033  1745  550  271  1001  2575  7090  6055  497570  0  459655  5329  4374  37160  3136  459  1942  986  5012  
748  1763  1350  4344  1473  4492  37602  126543  9949  18965  39710  763  1235  1627  693  37356  6731  48162  1703  46792  2129  2723  2025  3444  1537  301  383  665  1413  1814  331  7050  1158  2548  45563  20604  21392  10071  1314  3080  1437  1.48934e+06  324649  42816  14684  898812  1.93724e+06  150341  444039  4194  1.5122e+06  17960  1393  7038  2410  12002  1.36427e+06  753079  125430  38772  67840  15044  10927  87978  22409  27082  5928  3096  17041  77853  192635  109373  1.62506e+06  744124  0  61816  58555  393538  33359  3030  17881  15545  51113  
5021  13437  9789  25019  8632  11096  183905  693175  22361  64286  143430  5599  6850  8959  5078  51582  9804  87671  9192  124091  17037  33116  15440  46520  19255  3309  7258  10290  10743  8259  764  16133  1579  5834  626268  214621  98318  66255  38063  50983  37169  100952  59499  109993  59746  63076  26520  359596  1.90629e+06  10002  593844  153213  14514  35413  20725  149389  451311  23866  589873  50289  703040  179836  145684  460404  277634  155856  93308  87502  260164  292733  385365  9783  226573  352  25745  0  2.67755e+06  775118  557308  137764  2.01641e+06  1.21224e+06  4.02012e+06  
8211  9333  18582  49547  3257  9067  122805  375346  23889  37497  77244  2908  1519  3159  1238  21244  4591  30639  3647  47217  2846  3210  3322  5046  3089  586  913  1557  2475  2263  273  5792  742  2797  98023  92435  38035  22307  10332  5171  4385  101198  17058  105659  175308  6409  3484  208938  505389  1493  36341  27706  7124  16515  9867  19856  20647  5277  74273  5431  129762  19665  12402  35985  23792  20451  8075  10298  33365  48977  50560  1714  20779  65  4682  1.70836e+06  0  292520  262936  297451  267797  119951  306333  
4486  5841  7315  24866  3274  4908  77133  314088  11447  90055  158132  4001  2669  6292  2322  46286  7110  54644  5002  63231  4866  9887  6640  16606  9309  1542  2591  5769  5745  4215  397  10061  1153  3637  106288  87773  55988  41997  47511  15428  17277  199654  84440  177143  145709  113339  31099  385790  1.23446e+06  7015  471551  149774  14823  21794  16526  41731  346536  19073  280666  42832  279657  45884  33915  191882  87608  45071  14923  7846  22080  45094  47388  9470  56744  414  60114  382003  1.68416e+06  0  1.69164e+06  235322  91367  90781  291248  
567  1451  1078  3199  1084  1807  19270  100530  4985  27106  50070  653  711  1608  662  10629  1612  13822  1753  19844  1427  1584  1646  2453  2257  400  623  1272  1569  1045  92  2429  316  1048  36472  23677  17393  23945  3036  3479  3951  19936  34431  16034  7020  72458  18526  57648  393092  2729  244843  47130  1621  4812  3048  15520  120177  5308  90472  13414  109766  14962  7553  31775  11051  16343  5936  3906  4586  15272  10666  1930  9367  80  7771  245598  455193  1.61873e+06  0  15846  313895  37057  818399  
6073  247  3281  15313  58  37  1842  4589  64  417  1515  1628  403  912  419  768  292  3208  216  3934  463  1230  481  2001  927  139  500  1225  485  405  21  881  50  120  4244  26578  3389  1139  14245  1924  2040  113179  425  14771  136259  354  230  8027  18449  99  853  352  14340  10674  6900  4308  1087  429  8000  1523  12968  4904  9087  14650  23414  9660  4913  2652  25108  13299  19779  344  12600  17  1204  61210  471924  122356  12409  0  32333  71937  6563  
2191  867  1251  6217  356  407  5018  18330  941  3783  15083  2381  796  2059  1734  3416  2500  34255  2371  35581  3437  6105  8395  10332  14295  2087  3188  5357  5704  4157  257  6933  390  1064  59629  14811  15114  20830  27456  40427  17342  19055  1304  4788  13038  2578  3343  12479  43330  655  13230  3403  7946  7016  9853  285916  11000  1573  38538  9303  98876  26280  32708  39671  134729  258748  511143  431944  194681  207829  183248  1095  81024  164  6358  1.44229e+06  110493  96748  110165  46497  0  1.54858e+06  172306  
638  263  448  1542  123  131  1962  6845  236  604  3000  374  115  366  268  1106  438  4900  369  5653  884  2646  1255  4203  2589  408  798  1585  1330  744  30  1211  82  199  16563  5349  2452  1974  4172  5794  4906  6407  527  1043  2638  490  382  3998  15034  130  2380  877  1238  1130  1352  26159  1198  649  18594  2550  19008  9209  11118  45031  31899  40925  38349  228820  268584  27841  36079  399  27033  26  3557  851685  96273  79015  43135  49861  1.53005e+06  0  93970  
15168  42149  20681  15696  43942  17764  168024  1.23219e+06  30642  723501  493801  1613  2536  5891  18783  614483  22682  765165  123586  385284  22535  34039  119756  63164  84555  27216  42570  39653  48245  38280  3197  67480  4830  19280  3.90573e+06  1.3092e+06  934110  2.56138e+06  26783  167266  197368  18987  31469  19422  10398  30571  16152  68555  780979  7840  621189  141077  2948  9815  6727  35312  429143  20431  371609  38218  402499  72553  40380  131319  48833  40922  53109  25044  36564  29932  28426  4333  36975  364  17059  3.1226e+06  819080  950558  2.63338e+06  10780  607453  313730  0  
