4013296  
2513871  
625473  
3249512  
4366146  
4306187  
8230682  
13174226  
4382591  
6984302  
2979730  
2346573  
2310015  
3669771  
3003757  
5736860  
8373448  
6639222  
8562452  
8525615  
1496147  
1366111  
4502207  
3686077  
7692428  
2118240  
1958342  
1853555  
8409868  
9355272  
2823194  
9651813  
885266  
7562133  
10861924  
3939101  
5733709  
2635649  
761651  
4229235  
2034278  
4296513  
2164370  
442137  
3027309  
3528536  
4809301  
8378096  
14952472  
5151937  
7268125  
2300086  
2610895  
2016801  
3374486  
2912863  
5829115  
7397430  
6892389  
8896224  
8995305  
1792582  
1214171  
4931967  
3883272  
7180193  
2234193  
1757589  
1357218  
8510435  
9355812  
3290560  
8864924  
939739  
7167172  
10881604  
3123624  
5548843  
2532351  
686171  
3853714  
2000616  
12761095  
