4041395  
2279271  
609417  
3678543  
4011523  
3939377  
7095787  
12169356  
4193652  
6919824  
2821328  
2230128  
2023787  
3281604  
2753978  
5519083  
7703775  
6530922  
8102364  
9034944  
1607220  
1390027  
4908209  
3721767  
7936899  
2088706  
2345186  
1896384  
8208458  
9888296  
2936152  
9758325  
836400  
7256802  
10110381  
2849547  
4950007  
2209865  
736838  
4572380  
2422603  
4752969  
2272837  
497549  
3735383  
3049849  
4499803  
6538753  
13169198  
4694824  
6861439  
2391431  
2760748  
2155589  
3338397  
2796598  
5690889  
7056650  
6228622  
8366893  
8492377  
1825176  
1241144  
5227209  
4202572  
7753202  
2253566  
2344866  
2416379  
9113084  
9578351  
2899060  
9650521  
944153  
6718443  
10357392  
2728715  
4878101  
2243890  
597835  
4412585  
2336078  
9987177  
