469652  
486001  
589168  
465892  
723863  
662072  
399846  
256671  
245220  
167563  
512934  
680118  
621186  
888984  
237543  
550724  
177285  
829794  
679121  
641571  
672417  
228125  
373546  
643316  
371339  
463748  
494627  
511795  
613491  
299980  
221365  
303014  
616376  
467825  
388780  
457453  
514876  
570247  
549470  
613822  
816575  
610249  
430443  
414421  
517991  
406041  
789113  
669066  
473717  
576660  
448226  
760088  
562966  
503540  
701249  
865243  
817045  
565788  
713132  
504712  
820716  
507879  
679884  
544848  
562484  
525917  
610004  
634359  
534770  
662413  
462830  
640483  
506557  
386998  
476800  
316274  
346910  
547263  
436819  
671502  
777454  
491358  
710186  
559806  
457866  
427654  
413832  
480933  
774839  
437040  
822984  
490853  
390340  
486346  
429807  
412073  
460940  
671102  
437466  
481904  
375811  
481835  
636323  
315110  
352653  
779176  
433809  
757896  
392404  
367948  
709741  
501056  
308844  
259815  
281602  
742215  
836070  
234581  
224506  
247464  
603593  
344775  
247055  
548057  
332895  
418710  
484532  
498866  
696952  
387939  
567033  
328550  
433520  
454368  
369897  
503565  
365859  
156213  
395527  
354547  
526047  
264231  
183069  
162318  
169352  
236813  
214008  
179275  
216633  
183980  
408239  
169408  
128039  
200380  
210266  
149623  
193512  
398271  
391109  
249439  
65119  
100412  
105636  
118383  
168451  
95079  
78751  
124251  
159424  
268326  
221800  
780044  
279879  
243882  
210143  
390590  
376715  
500046  
344834  
858125  
763643  
483500  
622643  
335922  
410830  
514866  
599457  
245177  
509730  
582688  
204881  
736785  
688000  
215072  
427564  
214474  
733959  
306209  
387614  
543324  
798144  
477442  
568431  
320339  
440049  
577214  
532502  
317395  
407191  
157172  
429207  
331251  
157202  
184178  
267380  
302196  
213047  
157817  
200714  
137843  
165507  
214422  
274731  
127838  
134998  
137757  
129526  
248975  
260452  
123426  
103329  
175940  
115975  
170427  
324696  
452197  
376592  
321484  
363575  
522281  
642669  
329847  
423599  
812027  
396404  
694389  
952396  
316498  
445839  
535828  
635607  
732515  
635479  
436780  
319986  
606120  
554903  
401202  
130861  
254508  
344658  
326225  
294113  
291591  
213191  
265427  
365603  
284299  
335232  
603733  
355825  
331186  
253025  
350677  
311235  
457918  
230028  
199491  
158470  
139438  
249607  
340494  
371365  
595773  
466110  
315366  
311621  
490116  
544320  
683207  
408253  
242515  
183738  
412200  
415156  
355400  
277786  
415091  
464450  
436925  
880740  
572354  
506657  
457109  
715374  
444742  
334188  
388604  
416289  
341939  
305882  
383956  
546686  
461890  
523994  
431502  
651581  
537597  
724420  
625650  
336542  
421182  
449189  
394128  
821109  
714564  
545529  
587519  
499714  
912657  
408035  
245750  
296936  
175011  
203907  
205180  
283634  
238081  
145476  
121989  
293369  
172716  
203187  
176410  
253528  
172586  
181076  
51855  
267608  
98956  
138201  
99688  
130856  
283010  
365944  
103452  
357253  
450397  
472276  
436855  
159733  
149302  
128079  
272514  
191022  
179960  
403246  
516761  
512342  
601685  
369183  
180009  
254667  
130257  
499725  
145111  
194069  
216287  
236717  
347686  
499773  
224506  
246710  
252762  
240317  
229081  
287639  
324805  
428514  
535633  
298367  
341630  
550029  
458752  
399473  
338740  
418671  
407478  
1011819  
550563  
948033  
854127  
781717  
809101  
1028389  
334985  
264700  
335697  
274383  
535719  
515409  
1349295  
613500  
701586  
870341  
877064  
532466  
973190  
967148  
835298  
545989  
577491  
503595  
399827  
765891  
571785  
878871  
817740  
562684  
697870  
673247  
1110017  
670768  
583081  
448291  
779368  
694202  
529125  
580593  
448861  
576910  
794697  
676706  
782200  
842894  
978353  
410260  
790736  
848200  
824539  
762762  
537273  
416316  
481669  
514501  
742326  
701687  
460730  
369392  
338769  
363763  
597646  
686536  
569192  
586414  
708459  
499979  
428969  
516888  
548807  
407988  
356785  
438691  
334753  
797806  
597729  
492234  
717439  
370545  
530527  
765893  
934262  
393651  
255512  
186023  
280532  
358566  
397471  
430937  
275515  
573794  
655682  
413694  
425217  
514164  
512512  
776239  
452745  
491778  
499971  
1060469  
7864187  
3387343  
4523966  
1896361  
623174  
3333018  
2085213  
400738  
375071  
446821  
427711  
1003469  
633114  
440942  
293420  
237958  
202446  
555013  
789473  
600179  
853850  
201253  
522850  
251455  
840545  
709667  
416270  
484036  
129911  
352221  
762562  
498947  
380494  
553514  
339871  
516746  
288011  
200708  
285625  
414542  
357570  
344007  
395551  
420532  
380697  
644492  
697392  
518701  
217628  
680208  
468484  
765835  
400341  
843389  
501745  
513545  
548011  
411813  
783496  
576678  
439266  
459586  
731408  
955394  
459400  
608341  
393376  
700681  
468406  
488989  
734600  
499043  
633306  
511996  
764810  
517547  
658260  
311464  
428175  
461507  
290729  
238080  
222958  
236366  
399414  
346025  
616111  
719541  
605928  
768309  
422226  
384240  
427910  
504498  
420427  
895330  
498593  
882663  
501415  
298103  
405401  
423117  
462797  
456296  
629588  
523971  
445723  
417031  
347300  
651546  
306859  
379825  
600302  
489034  
845278  
407556  
373529  
561015  
501427  
372217  
211031  
213434  
858000  
1201199  
334525  
157724  
299858  
802061  
276978  
195044  
527377  
309884  
372662  
483162  
482731  
942569  
554803  
654284  
321124  
419182  
399103  
346295  
360843  
539022  
143981  
262247  
247052  
604344  
264665  
205932  
198553  
149913  
217158  
220860  
168145  
237397  
167755  
332447  
116839  
61913  
144508  
110785  
117393  
132490  
356845  
211953  
152899  
99856  
97005  
100573  
95269  
199855  
58908  
147642  
253281  
132991  
239352  
94504  
366316  
314576  
310595  
257035  
214153  
458432  
355421  
286989  
871164  
809762  
736559  
633391  
197844  
288288  
400484  
478985  
256944  
507217  
414001  
279595  
648757  
499050  
278495  
324934  
182304  
802196  
303847  
285828  
477788  
742837  
427855  
536991  
395516  
213463  
742798  
662670  
380767  
397260  
114371  
324591  
266217  
195642  
201382  
192396  
358300  
191537  
120143  
179897  
147217  
104182  
302969  
314618  
132780  
91733  
152925  
104710  
179340  
250634  
133076  
112930  
119279  
150637  
127695  
301989  
488930  
258367  
479883  
293437  
495662  
693924  
519265  
378011  
640503  
380366  
675003  
773181  
142144  
319987  
509272  
669967  
606758  
267446  
164453  
456606  
663043  
409527  
351375  
93607  
97316  
294588  
229755  
113703  
324325  
289625  
324117  
236659  
392544  
319870  
621151  
290085  
251760  
232493  
321724  
277922  
401348  
194409  
200564  
115138  
181081  
365171  
346538  
277278  
434013  
390622  
301923  
288380  
353323  
660683  
938327  
471715  
178368  
202609  
353713  
353286  
245668  
380020  
304466  
364789  
829925  
1087532  
331022  
183653  
277028  
242331  
494557  
308650  
630646  
447439  
290682  
333159  
291143  
666177  
524210  
471126  
484814  
653289  
554812  
599741  
560826  
395221  
433740  
369523  
416347  
766559  
721354  
643490  
430052  
494692  
808907  
462451  
100931  
320455  
213104  
297509  
291913  
225806  
192258  
124157  
225333  
396109  
156230  
134884  
192415  
214704  
39773  
73727  
119044  
162840  
238980  
260897  
232526  
618471  
415204  
372873  
161034  
366051  
353310  
478252  
436744  
225117  
226088  
326922  
188919  
274307  
321724  
419811  
548082  
733853  
706690  
464904  
354607  
131828  
156810  
481787  
144844  
160525  
297771  
216750  
329499  
488130  
271391  
247810  
328349  
282305  
250786  
314299  
504649  
281753  
608063  
284802  
392927  
594046  
519895  
364279  
312848  
440159  
461595  
878010  
538795  
868177  
649113  
441909  
657893  
942559  
213046  
237175  
445459  
246094  
511607  
720695  
1182731  
694026  
1200019  
746725  
747430  
517037  
905196  
832198  
556267  
451745  
519699  
519962  
680416  
768780  
988171  
902367  
1185682  
751744  
573910  
629171  
816814  
521116  
486115  
449595  
763813  
789306  
645516  
495439  
600545  
511833  
823815  
717813  
487180  
926240  
878367  
465795  
686595  
897911  
897303  
694404  
855341  
407501  
623263  
598652  
818698  
827206  
641563  
364599  
317915  
295034  
357234  
270953  
475283  
491746  
682311  
380551  
392249  
451167  
449189  
331996  
384978  
313111  
410747  
733034  
482671  
520983  
655637  
191200  
426062  
863343  
1062731  
496617  
260068  
149169  
308101  
408417  
383560  
433494  
309236  
474163  
