448530  
459098  
681627  
474771  
962246  
651600  
388901  
316513  
260067  
150905  
581402  
659333  
657446  
869753  
231020  
639357  
207322  
1121105  
718488  
768348  
699971  
211070  
454824  
638464  
368770  
429662  
599754  
563676  
654481  
317199  
240902  
352058  
646303  
474100  
407518  
492884  
505556  
682083  
877138  
763904  
912431  
592822  
422337  
419796  
591976  
426876  
847621  
691832  
488240  
624719  
460922  
719463  
555778  
449219  
534868  
629437  
591854  
513883  
660313  
544706  
779753  
412494  
611051  
415632  
385525  
503364  
578597  
691215  
509669  
689435  
302053  
561379  
567777  
449268  
518732  
330318  
384141  
574345  
475211  
684700  
789482  
511375  
742669  
358553  
357028  
402428  
317155  
460679  
758558  
497836  
835307  
400096  
402491  
557205  
403835  
397833  
488147  
676129  
482905  
498349  
321538  
352701  
688055  
309998  
314569  
707778  
436705  
763548  
401089  
331231  
619356  
521822  
305299  
209626  
278160  
702532  
862179  
245462  
190645  
261641  
625201  
332985  
161327  
486829  
270649  
417630  
445207  
504392  
713230  
395161  
620479  
352801  
422828  
446306  
373503  
477082  
390829  
181186  
387426  
349697  
571683  
281370  
170041  
176223  
159993  
202437  
241445  
140840  
128558  
161528  
455997  
126627  
116831  
204696  
189010  
125387  
198977  
364369  
453581  
246554  
48827  
126211  
95297  
131145  
201941  
85007  
70146  
160549  
152581  
303357  
249586  
723653  
232713  
291434  
230636  
427199  
392753  
504552  
373850  
806727  
762949  
538067  
607028  
333436  
450909  
550469  
533001  
234519  
469103  
552122  
189036  
725246  
656572  
205544  
435740  
198309  
863708  
328288  
400010  
637805  
882974  
510630  
628610  
326176  
442813  
622729  
557409  
390841  
417838  
120932  
503643  
272820  
178592  
168354  
232929  
313166  
237295  
150763  
186183  
135741  
135477  
241890  
276531  
109609  
117782  
139678  
105975  
202465  
181826  
80499  
112001  
169995  
88096  
93053  
342897  
398509  
371502  
317909  
352129  
459362  
738077  
269049  
310909  
754730  
389612  
597467  
880970  
316156  
467541  
668243  
637142  
748240  
679143  
412724  
324892  
589665  
489203  
408563  
167463  
133039  
299283  
228262  
206001  
245309  
142904  
213232  
331731  
206583  
302470  
579866  
274409  
250491  
187876  
288029  
316210  
455226  
211800  
169901  
164669  
98283  
204779  
367131  
367175  
630845  
465985  
248046  
245241  
470067  
505597  
683957  
420748  
161136  
117276  
398289  
420081  
318285  
224553  
338882  
391037  
469739  
865370  
648936  
563823  
395112  
678983  
380578  
324151  
379127  
380356  
325115  
277384  
414700  
603953  
459533  
523412  
456517  
643680  
604574  
800422  
719282  
338895  
563303  
485808  
384456  
895625  
746296  
645319  
629003  
564676  
980644  
431941  
198288  
305308  
199898  
242434  
215814  
285480  
243903  
150652  
118144  
342649  
212492  
211162  
181562  
293229  
185615  
201611  
97244  
256696  
94606  
134796  
160803  
219725  
292713  
300824  
97797  
357403  
405205  
474177  
368641  
145535  
168577  
131169  
279563  
175070  
162726  
391316  
483288  
518217  
652401  
316035  
212255  
287668  
136264  
583403  
188933  
248705  
234697  
318016  
413134  
540753  
263133  
256937  
280437  
305058  
276063  
262886  
415953  
455665  
591345  
318587  
330975  
555186  
488305  
433224  
368510  
466594  
421093  
1046228  
582180  
970660  
779692  
812746  
824454  
934763  
332042  
304048  
402688  
306994  
607086  
513546  
1449556  
691716  
914877  
1011962  
958187  
634963  
1060308  
1016043  
866931  
578088  
528439  
603474  
574727  
737953  
501285  
818666  
768800  
537523  
754492  
710357  
1226066  
630317  
574116  
412421  
809804  
711963  
514878  
574940  
447816  
625999  
831188  
604595  
759314  
948132  
1024792  
452737  
805024  
989077  
861833  
758495  
589432  
434351  
499955  
561206  
719538  
693272  
402772  
351561  
355381  
402482  
541216  
701517  
518290  
592803  
649023  
496321  
445854  
499510  
596752  
431893  
351303  
438359  
380562  
837382  
652582  
522192  
803310  
394530  
550743  
863149  
948966  
412115  
240130  
190202  
309012  
385376  
439348  
512294  
335325  
667391  
683356  
410210  
425185  
518686  
548271  
839299  
504050  
518587  
539794  
1192855  
9600516  
3728303  
6605542  
2549816  
808314  
4602945  
2112031  
392033  
471913  
526679  
580959  
1010558  
623807  
440433  
309160  
266637  
205504  
545063  
817055  
644163  
957512  
244962  
611305  
214518  
817874  
701891  
444492  
387833  
92391  
278828  
682291  
325763  
357389  
601905  
439348  
547279  
281780  
258074  
323193  
480697  
368097  
329610  
458095  
439195  
425986  
778205  
720125  
478165  
225389  
614863  
495576  
713146  
383289  
820706  
553684  
556065  
547536  
430765  
696650  
615143  
460414  
405143  
748292  
860259  
409332  
523337  
492934  
609600  
328769  
498208  
623175  
393977  
609688  
550394  
642352  
448794  
704966  
274113  
406496  
442691  
277014  
260149  
199082  
242820  
408285  
277380  
508244  
694486  
661370  
678375  
339157  
349070  
390615  
449199  
458589  
817587  
503192  
832359  
505819  
283671  
371868  
381516  
413789  
418582  
547094  
493556  
454939  
419782  
278940  
635504  
273166  
350446  
546608  
502881  
720017  
420192  
385997  
557739  
518386  
298740  
160022  
235519  
802102  
1230901  
371171  
222042  
290356  
748808  
296044  
198260  
496603  
359513  
377408  
431556  
514568  
904000  
559460  
727443  
353584  
439194  
386983  
369656  
384581  
549072  
169536  
265529  
294068  
568997  
345727  
197138  
204452  
151168  
242137  
242910  
213363  
277810  
182465  
325895  
139872  
83507  
151486  
140158  
145428  
120053  
405892  
264127  
136355  
124821  
109774  
136598  
86954  
237682  
92278  
126679  
285247  
151537  
231695  
80287  
390692  
314470  
305680  
224238  
238940  
445369  
337564  
306060  
827711  
853820  
710941  
579504  
195286  
293663  
396949  
481049  
259911  
626090  
362635  
241581  
652869  
474146  
222661  
324116  
195238  
928412  
331410  
321677  
549918  
854345  
498860  
603442  
419997  
226393  
722462  
637915  
408787  
466862  
115939  
370605  
242622  
203873  
189690  
195794  
341878  
167735  
106216  
151612  
147007  
126970  
246345  
370417  
183318  
138816  
163307  
104362  
177686  
179389  
91217  
113235  
120218  
141632  
125595  
321342  
490099  
259102  
429062  
305118  
446637  
860185  
547943  
432883  
762227  
383608  
708199  
823884  
151531  
420097  
478079  
724835  
655322  
293854  
178207  
481431  
769705  
480310  
434978  
93165  
124683  
299615  
181556  
228750  
315814  
306787  
400622  
358541  
454929  
295592  
628236  
313764  
281895  
298984  
320338  
316902  
441378  
175989  
198666  
98911  
132668  
413579  
325477  
286329  
435008  
387166  
393105  
279945  
425896  
861548  
918220  
499901  
218374  
237463  
395290  
363161  
280918  
374271  
285420  
350983  
785083  
1173547  
352947  
203426  
302429  
275580  
525614  
343872  
650859  
482163  
304307  
338632  
300706  
688254  
536924  
520428  
493658  
698505  
594053  
725596  
675876  
435118  
517120  
360160  
451325  
851921  
755519  
695703  
457942  
483703  
884264  
450513  
101420  
344935  
191567  
322858  
307168  
227291  
185519  
129472  
193281  
451421  
201727  
128851  
157010  
249798  
40666  
70139  
134752  
241372  
262915  
287059  
301981  
795023  
425303  
420936  
204709  
376323  
356401  
431063  
434329  
301323  
282588  
405657  
216011  
292177  
372706  
441238  
612759  
819149  
776406  
517657  
339908  
147055  
141289  
560077  
170815  
184088  
360820  
278144  
366678  
536936  
356071  
275802  
344717  
332950  
285723  
324179  
680686  
378900  
624454  
328354  
419992  
667412  
517402  
425567  
314623  
441175  
540587  
899372  
565360  
916185  
668798  
470565  
651982  
1037230  
211203  
246130  
445502  
272707  
546548  
683205  
1285044  
773707  
1012363  
893821  
735308  
604478  
1025415  
900764  
564259  
590006  
455276  
538109  
595340  
823558  
1037983  
971455  
1502768  
768116  
690111  
683633  
930829  
551931  
560016  
504575  
763788  
760436  
659847  
546101  
604839  
554237  
866614  
685701  
477930  
997033  
1028703  
514924  
743388  
940058  
898619  
843392  
849424  
413332  
653639  
628125  
848680  
862363  
722626  
389255  
320834  
369856  
413369  
261810  
523122  
582248  
737954  
395538  
409549  
520601  
525468  
388936  
359581  
334148  
452718  
683495  
642255  
594965  
711010  
277212  
474847  
980288  
1259006  
542091  
295363  
185375  
323432  
443628  
404104  
443419  
368989  
558166  
