0  1.1932e+06  43017  643832  426884  76502  327074  55569  2336  27841  15481  4567  771  3176  4670  34423  70119  59112  59589  34892  13816  39399  87061  183577  98760  8657  23886  151331  128007  222481  12733  194730  3651  1.31374e+06  213979  341425  579124  109149  19300  142031  56958  3871  1101  1013  2932  1459  1618  5320  9849  1282  3592  5861  127  109  878  611  7139  1944  20875  3416  21992  3445  2142  3530  9466  1293  539  788  669  2194  1492  397  1301  96  628  10985  8426  3642  2295  2134  3867  1135  84567  
972943  0  5417  3470  943425  47427  329131  52225  2848  17575  10600  529  377  964  1264  22439  25974  39174  24473  24455  2478  3913  17283  21166  19573  1814  18456  8101  11698  14420  1255  11483  1543  63049  455167  618700  190228  62851  7111  75841  44061  22944  36606  10533  2623  33176  1674  80560  53656  1253  2220  1907  140  47  304  182  1910  563  4657  844  5894  634  420  1086  1068  501  133  385  383  702  474  101  325  13  243  10131  47237  2778  2012  622  1477  792  86793  
26079  2374  0  101287  207  57  131250  58061  147  2390  1437  35  170  95  181  2742  389  2746  849  1904  214  377  1184  1886  1585  228  1787  991  907  787  36  391  82  146  43453  127181  33246  15352  17967  5820  3966  9053  2267  4352  2573  586  78  5868  7110  53  463  187  13  8  21  19  173  45  316  69  409  63  53  103  105  45  20  58  118  81  56  5  41  1  43  1613  20977  392  177  2524  177  157  16223  
667537  3268  158640  0  1513  660  7990  581622  967  7146  3107  1.29353e+06  19688  14123  11968  5692  2542  9906  5106  15798  4831  8429  11731  29352  19787  3193  68981  126788  78256  58528  466  3089  219  643  45508  96678  174643  23901  48088  42633  108893  238405  37815  134451  1.17018e+06  6098  1475  103153  446867  365  3432  1820  211931  13779  13817  8025  1563  543  3710  670  23829  2655  1428  1229  2766  765  365  3222  9112  1347  1269  126  3355  22  4027  8580  301978  4104  1845  152457  3200  2513  9739  
369682  1.05802e+06  2276  2078  0  1.35079e+06  1.18344e+06  381849  26309  79126  13336  379  3355  5895  6271  40895  95453  87709  96641  35970  4969  5569  44926  22779  27743  4008  20512  11117  18145  28991  3803  41038  5827  638098  559128  490591  434857  85051  4432  70113  45816  4742  10186  2847  812  56969  57658  169101  113170  15353  7473  4947  228  245  923  550  6078  1847  11057  2628  13156  1496  966  3123  1649  1459  277  798  622  2194  1486  407  1164  45  1929  23143  12638  12121  11290  486  5335  1752  178078  
80029  211727  1134  1430  1.38632e+06  0  605738  605122  1.11436e+06  1.69865e+06  16246  364  2240  7019  3874  98101  135162  108142  155196  25317  2034  1948  33933  7407  10969  2046  5949  5062  8868  16464  1825  159284  10787  1.05775e+06  171570  102288  238110  45092  1600  17384  11621  1376  1546  567  370  17936  53962  72630  181103  59490  32216  5749  173  240  1023  298  7624  2268  9059  5320  8507  783  477  5917  676  3405  181  662  615  4999  1447  320  1354  48  3366  20199  6187  19001  17086  416  6803  1670  96660  
275910  998843  235530  7076  1.99273e+06  962792  0  1.60946e+06  1.08369e+06  342933  27783  1171  2104  4248  5000  57249  28629  193783  126634  82333  7096  9320  56685  45059  46201  5171  45917  28288  37231  39410  1773  20089  3750  13499  1.42087e+06  1.49243e+06  366938  160675  20084  167764  103051  28086  65546  15527  4795  298703  283835  810047  412846  89343  34441  6552  916  257  1267  767  6943  2908  16875  9569  18909  2506  1549  11428  3071  5974  580  2612  1975  9008  5023  1211  3710  103  8954  79917  72921  54583  48310  1105  19098  5902  475993  
18128  81824  156006  1.01678e+06  169785  182470  2.35571e+06  0  1.59191e+06  533960  682243  972485  1.77452e+06  877738  353986  49657  25949  129536  59758  548542  65501  14829  30183  35262  73835  67120  100063  41443  35343  30539  1492  27108  5095  30643  1.34511e+06  1.19837e+06  524537  270114  20183  219310  101115  90232  124506  60125  195868  416970  350306  1.21001e+06  4.97991e+06  416887  474739  99841  259185  56036  58568  49544  55285  9184  69530  45366  142658  15841  8481  39091  10228  24549  3695  14098  8484  31979  12105  2193  11827  310  31055  269340  300341  162332  144700  35451  66318  18873  682440  
3742  11585  877  1169  44139  1.37285e+06  1.1007e+06  1.46996e+06  0  1.70456e+06  4468  576  364  860  542  9221  3776  66729  50226  10814  397  280  13948  936  2570  430  2738  2814  3337  4689  196  6587  747  9084  117785  50685  89394  45034  1074  6310  6485  1950  1252  729  468  6648  50007  34749  167186  123230  146262  4248  192  121  1023  125  10717  1111  10619  12304  2958  304  166  9514  233  6303  148  558  751  9340  1275  149  1337  32  4398  12366  10041  19031  15730  760  7178  1359  93842  
44061  61480  5669  13255  131143  1.68697e+06  262418  892258  2.2099e+06  0  141986  4313  2552  5719  2701  2.27592e+06  179981  123333  79905  35648  1969  1156  12218  4365  5884  1409  10237  28423  11018  20498  3642  447095  96647  616239  255543  279836  543342  321089  9307  18437  18822  4516  1538  1048  1870  6066  16234  22684  222259  36260  335920  29465  1000  708  3463  479  62900  5790  19090  12224  9975  713  495  5755  776  2735  361  1605  2856  3993  1461  302  1779  74  3136  17057  22766  17019  12150  3389  7843  3214  271376  
2508  2036  1047  4606  3261  3430  8306  746365  5883  198659  0  6229  83515  1.22972e+06  5407  84868  16196  47105  4696  876438  1703  453  1965  981  1819  541  4319  4738  3877  5309  1195  14092  3006  4695  66239  21514  32186  23092  2084  8081  7940  2823  638  326  1470  2119  8094  8444  194319  26545  382536  429220  2773  12940  58316  1799  184897  43045  81391  24988  90628  1001  536  23136  594  7253  1163  2910  2247  9569  3595  1707  5550  472  3862  20535  22906  13789  8319  2726  9251  3060  51309  
1889  2184  2987  1.01765e+06  3048  1301  18782  1.26078e+06  683  2127  2651  0  458364  318174  213952  1339  1001  10331  2820  189353  43014  9640  3650  14792  11409  9032  53429  63541  25213  14617  108  1114  141  444  28946  9080  64721  5453  6906  32684  62022  53912  4601  13861  230279  11657  2712  34086  421465  494  1465  4529  560856  54377  42792  44674  1270  503  5570  778  86484  12187  6083  1285  6301  1266  1467  5540  7121  1257  1012  122  1841  34  2217  11778  29281  4053  2296  30735  7059  2181  7309  
1058  1615  2523  35685  6670  4536  37510  1.21689e+06  4433  4146  46271  461839  0  675562  356216  3288  1811  23986  3867  450234  64228  10538  2176  12645  18637  23564  28985  12282  6804  4257  133  1612  242  602  44486  16319  19545  4403  2673  52334  16480  10745  3267  2835  20900  10657  6806  34157  630901  6513  6509  29701  159590  573510  124354  48765  4821  1654  17415  2116  137472  14159  6873  2164  7119  2288  3102  5778  1799  1892  1424  349  1518  65  2196  21938  19918  10402  9002  10384  9961  2324  20366  
1988  1280  997  17571  3277  3174  9673  861349  4676  19757  1.30947e+06  184655  724470  0  569753  19587  12034  57753  9320  1.06276e+06  85564  13349  3155  13773  13237  16187  25218  11802  7665  6949  878  9637  1605  2999  69318  9782  27995  9393  2887  67495  15761  10660  873  835  11020  2733  6741  9709  264645  18664  110730  196899  40097  228449  644758  98305  81810  18832  79261  12209  302371  18419  8196  9455  7062  5359  4413  9824  2058  6056  3509  1457  4204  313  2660  21664  11758  10352  7455  6256  21790  3879  28550  
3832  1354  871  13746  2096  860  6284  121694  443  1470  6607  102927  154620  621422  0  1821  2582  131475  30206  1.8425e+06  232035  131834  15799  661982  66807  137157  109871  10894  10517  8850  403  7391  1348  2939  120761  4953  25622  8474  3294  243129  18237  8435  812  571  8063  1542  980  4854  63783  1073  1940  24048  17218  13820  118681  466776  9682  2436  70847  9685  422398  45468  24048  9771  27560  6126  6739  12905  2342  6468  4606  1088  3884  270  1857  28805  5642  8103  4829  4617  30596  4536  40599  
69113  60343  7475  18568  82631  115008  71858  186728  30612  2.23845e+06  139524  1716  2979  13886  3358  0  2.32503e+06  736461  203841  81859  3741  1516  22186  4867  7981  2354  10735  77903  20098  49490  12050  740498  284388  642755  244471  96138  866194  322379  16158  17301  12369  1946  815  284  920  3170  5426  10229  28659  5584  36108  47200  435  521  5586  521  72205  45347  60901  23728  45979  1145  746  19344  1007  6071  617  1441  1599  8303  3553  1746  5349  569  2563  15971  5118  12100  5943  2783  6834  2422  284544  
115489  126311  3711  11678  175960  78067  55271  146502  8340  193076  134359  2614  9156  43868  18001  2.52495e+06  0  692198  1.68003e+06  454710  22325  5613  80712  12556  35759  9254  22680  68654  288233  838255  410857  2.08023e+06  673936  534909  171072  54842  682144  112270  14966  69747  24688  4823  1751  390  864  3874  5582  12896  31397  5852  39760  104375  885  1341  21739  4835  115769  37673  383515  31771  395925  8258  3370  19187  3335  7662  3116  6128  5468  20302  16622  5551  13568  988  5483  55779  8032  31089  18279  3491  21471  9094  158674  
68437  38839  6624  26766  47489  80998  132018  122808  71301  118205  55640  3687  2972  9644  20797  623590  317758  0  2.93586e+06  897504  270884  79667  1.01193e+06  80105  91822  24703  38251  80222  110989  148742  6620  141178  13967  65777  251230  46300  453235  179699  39678  269271  67228  6106  2104  425  1143  4167  5556  14347  27428  7226  18564  22499  614  435  6073  4922  30247  37494  348799  74764  247770  61503  36232  84405  21193  24706  9277  12615  8033  32605  21767  6255  18230  1206  6411  166925  7428  38332  16077  5014  74797  11723  202106  
106050  53788  8413  39324  51754  92138  138038  154063  42537  68354  18134  5109  3958  10296  30718  86771  1.71291e+06  3.13744e+06  0  277384  29380  8205  1.89088e+06  29373  267801  32955  65287  136004  1.10023e+06  1.60828e+06  507622  261451  13246  95828  230337  44398  511084  186074  48054  502567  98018  8038  2794  494  1409  5071  5329  17475  31592  5387  11314  20379  712  468  6119  6777  16332  14838  342409  78509  303479  36878  15910  52050  10385  18297  7879  12986  10363  37872  26608  5531  23202  1711  9610  142748  8646  49563  24546  5800  54171  16018  196459  
43995  10803  5191  32505  6881  3369  23417  300665  2810  22341  821085  105709  268647  786035  2.67616e+06  26178  33545  1.84103e+06  180714  0  2.41686e+06  877312  72855  888098  212124  335805  233463  61544  95328  99990  4687  67125  10149  21193  377767  31719  191901  88174  29705  789032  66826  18472  5203  1297  7366  6487  6028  23743  144370  9681  38789  153827  21302  23755  94635  148010  76239  53937  851709  159563  1.86932e+06  308367  146173  190970  82829  59105  28847  40028  19188  79447  55558  14356  45961  3167  17211  350043  18897  79241  41141  10078  187596  29596  220160  
7957  2064  795  4145  884  200  2792  13801  78  431  447  7792  9919  15895  144368  453  1114  328879  27325  921993  0  586246  89984  208885  25176  29955  20780  9734  12132  12992  471  10576  626  3441  47166  3581  35040  15878  4824  86336  14030  1641  441  106  494  480  194  1804  5432  311  451  574  1200  641  1136  10013  515  388  55303  18743  77071  174114  66504  34745  44285  9101  3723  3563  1665  7103  3899  319  3256  219  1232  34917  938  6452  1915  832  25679  2098  21899  
6220  1532  555  2675  588  96  1968  6136  36  185  198  2130  2310  4165  63449  208  325  95741  4654  232335  523809  0  130010  619353  47472  51297  16582  8593  10761  9254  284  6995  178  1785  37761  2182  25988  11967  2899  70088  11392  711  229  46  199  189  70  776  1872  66  127  215  351  153  290  3642  208  133  12623  2127  26599  113119  96091  17086  161983  6150  2827  1946  702  2075  1636  53  882  37  330  19086  347  2495  449  346  18478  665  17700  
45398  26446  4068  14156  12707  12033  26188  60211  1867  8718  7813  2665  1402  4089  6631  4586  32776  828884  1.00538e+06  47600  102553  208169  0  532696  1.16754e+06  83499  49463  57007  1.03858e+06  766447  8944  113458  2785  38696  134810  19121  293309  109945  23057  152213  88945  1405  474  146  653  798  769  2784  6535  669  2988  5811  267  138  733  3012  8303  2568  50505  5427  94140  47109  35595  40358  20055  9303  4527  4021  1552  5182  3002  302  2009  131  907  52996  1711  8752  1871  1611  39011  1794  78430  
52380  15901  5430  16604  4994  605  20525  43420  159  784  655  5820  4459  10393  628256  879  1485  160818  21444  614869  225676  904004  487724  0  2.0549e+06  807952  144709  58036  83179  68989  898  24777  454  3101  162809  13691  167402  36885  16920  424687  60322  1547  427  152  852  556  290  1757  5394  167  430  735  741  206  544  9861  792  332  15320  2487  28815  26109  27557  20972  384708  13038  7883  5308  1266  4199  2375  108  973  49  368  53118  1442  6914  753  1508  52580  1202  129899  
51525  14553  4996  16557  4669  2968  21611  53953  581  2854  2727  5335  10036  11753  45609  2233  5673  75412  89604  77649  24967  66998  1.30427e+06  1.5726e+06  0  2.29142e+06  876360  106818  2.94904e+06  155833  1749  28780  740  5700  205131  17766  148290  42502  19010  893801  89516  1508  418  147  857  674  407  2133  11049  321  1307  2512  637  268  545  2067  3355  1229  16440  1997  25829  10964  9871  13752  51031  36766  5844  5182  1288  4632  2106  218  949  37  373  52424  1896  8482  1514  1990  45229  1579  227779  
5657  1030  527  3748  558  434  2278  16022  90  853  623  2760  6508  7589  49152  1054  1149  22879  15739  54024  15952  25240  88950  435189  2.10694e+06  0  416844  42196  153221  37020  302  3922  184  843  43591  3012  19172  5939  5356  587716  16431  392  94  49  258  171  130  614  5525  92  273  413  334  181  163  875  473  186  2948  516  3788  1916  1708  2915  11392  3057  1799  1566  319  1076  543  37  210  7  96  14922  582  2317  499  460  13146  405  269890  
19163  953  1449  28521  1123  505  4258  49934  314  1731  2007  15612  17560  19331  74885  2963  1706  37696  11141  74595  19253  16840  32589  66876  929542  713683  0  272314  35940  13590  323  5489  423  1385  239806  15296  100478  95978  26784  792636  428252  2365  274  134  2339  538  364  1766  18019  252  783  1256  1375  417  523  1902  1250  713  8853  1369  11150  2757  2268  4446  4350  4587  3568  4173  1541  3144  1614  153  773  38  406  36098  2901  7519  1298  3334  27688  1747  147806  
347306  4816  2339  128178  2223  942  7015  13121  453  6584  3377  15862  1363  2277  3361  20960  15187  34879  27986  16930  7356  19420  44781  77605  67445  7737  164506  0  424287  436125  2901  330861  2596  94348  88590  12968  306537  57244  55252  130236  269956  3230  171  63  3868  204  225  734  2522  222  1061  2034  881  165  490  519  2516  824  11696  1934  11409  2111  1809  3602  5750  1546  631  1030  1948  3918  2434  203  1017  47  490  7339  4331  14503  1218  5574  3339  1603  21774  
66311  19120  4471  26357  7529  6888  22426  45440  1774  12930  30974  3225  3124  14775  11537  12928  127832  131026  356939  78582  19242  39651  1.58876e+06  184112  3.05182e+06  81910  139749  692378  0  3.89961e+06  32283  68306  1905  11278  162625  21430  200438  70986  31443  422856  95434  2284  629  142  897  916  1024  2939  7608  1365  10972  28841  427  490  3385  1864  41167  10000  74603  13138  79996  11600  6345  15344  13543  5673  2022  3020  2606  8624  5791  1242  4859  382  1972  26528  3285  16589  4912  2755  13349  3351  73081  
163570  33161  7000  44888  11588  4774  36695  63034  1233  10115  39621  3537  4590  19621  22525  21088  1.04043e+06  258873  853839  167547  50143  71960  722743  330596  251527  33183  45489  636158  3.86169e+06  0  1.49772e+06  3.59082e+06  6734  28213  183672  29076  289442  67074  31190  436874  92033  3561  1087  236  1024  1407  1507  4886  12029  2000  13377  37615  520  602  6365  3661  50901  14072  152660  20962  167415  17260  9538  19981  20876  6738  3012  4561  3917  13778  10224  2400  8261  656  3561  38542  4559  22891  9071  3347  17770  5526  88207  
13849  6008  625  2281  2560  890  4330  11583  270  2642  13247  369  1391  6407  4714  8824  1.28144e+06  64078  605479  52599  12607  5722  66613  17279  17755  4170  4879  12239  94624  2.15913e+06  0  1.06512e+06  4289  7522  24486  5048  36245  12574  2067  21510  4902  564  191  36  125  257  441  974  2894  571  4823  12513  109  204  2194  742  16323  4566  37338  3943  44892  2516  1171  3287  1505  1130  410  712  609  2221  1640  521  1519  125  633  6374  867  3454  1858  452  2533  985  20859  
294664  86133  6350  25800  83789  139315  41081  140776  7529  319904  59556  3320  6863  27588  31392  517036  1.96221e+06  567459  447020  396917  88933  68352  534836  224555  200774  33258  45717  570239  250103  4.4244e+06  749364  0  1.09268e+06  1.4157e+06  261430  51864  1.03871e+06  107791  24910  209757  72007  3098  1151  287  891  2232  2989  7350  29398  4923  19153  52474  705  904  12965  4223  61345  19253  207630  22010  242055  17713  9922  20541  16585  6694  2568  4186  3573  12213  9024  2799  8117  593  3437  40589  5201  21834  10651  2637  16572  5593  170914  
18231  18082  381  1134  24857  7130  4049  15910  551  51652  12656  188  456  2391  1657  104362  409051  47801  21177  42303  3459  830  10529  1989  3695  1199  2080  10481  6742  15880  5859  621010  0  346781  18732  10596  161174  10720  1498  4032  1834  199  79  33  84  237  416  798  2235  448  4372  6256  49  78  936  157  7369  2075  9277  1450  11396  492  230  1271  252  399  92  188  192  683  422  124  416  33  197  2167  473  1198  602  199  717  297  15761  
1.17803e+06  354687  1414  3083  1.19469e+06  1.63887e+06  52594  157799  13639  1.03302e+06  24290  816  1819  7918  5904  1.33511e+06  1.23076e+06  178937  192810  94392  11608  7736  78933  28954  32082  4946  10354  84127  47070  117075  20783  1.8911e+06  860549  0  151273  89015  1.81095e+06  61664  4090  28780  16547  943  632  224  302  3216  5638  11254  25461  6197  9808  14630  174  253  2086  677  19418  6034  28604  4952  32803  2411  1359  4715  2054  1649  407  743  667  2586  1427  449  1529  125  896  10225  2310  5469  3972  608  3578  1156  86545  
113551  125777  162187  63398  43495  18088  476663  2.71838e+06  72731  488110  330371  15342  27326  61572  91039  445884  83729  848229  183991  630799  76254  65149  273672  241581  389984  77072  732196  419717  368920  327823  8387  167574  23842  49686  0  3.27073e+06  715346  748347  358538  2.50704e+06  1.53728e+06  12102  6518  2508  7093  21050  34077  74214  370785  42095  79947  40812  2589  1939  7211  7072  27201  8779  96370  20716  125397  17893  11830  30271  21371  18150  8833  15648  10902  18570  10463  1644  7616  448  6351  344022  29920  80948  48853  15484  81908  24807  4.4549e+06  
106254  257388  350757  57296  36348  10197  647535  1.02987e+06  7895  76318  115414  2652  6077  6156  7936  171973  34256  190473  29461  186422  7151  5377  23804  17090  43300  6998  87748  46519  39162  31589  2251  55218  18684  28194  2.61974e+06  0  481240  571715  504699  295268  203013  5126  4885  2136  4618  12582  10668  37930  100861  5345  21202  14337  937  329  1686  880  5759  1611  16237  3347  26657  1910  1252  4020  2289  1949  602  1375  1433  2778  1753  265  1188  70  1198  48629  15021  17491  12769  5313  7182  3350  729186  
443873  361591  272866  263421  212154  48755  553266  1.81998e+06  51077  549784  214292  17208  18255  22367  30392  488492  143397  531291  248057  244881  35679  32410  212274  118337  110423  19453  68248  185612  92427  126675  10222  301561  44306  301448  620088  2.30981e+06  0  1.96137e+06  355838  126182  138614  11556  7094  3131  10055  17692  18060  55100  258865  16359  61668  29962  2322  1222  5547  2877  18812  5561  51575  12326  58443  8012  5284  12787  9747  4827  1335  2678  3783  8502  5016  804  3681  203  3382  38489  30141  35144  14455  16001  12738  4515  331917  
55013  57997  45642  53480  39639  9587  94547  410890  15947  255577  86656  5996  3906  5575  7890  163803  15816  202617  79444  100309  13972  5394  43436  9141  18445  5161  33806  21193  12394  16025  1232  18731  2521  9035  237559  655916  1.63704e+06  0  163284  38972  113585  3363  1831  731  2504  3619  3432  10939  49619  3214  22500  10276  686  262  1644  798  5285  1708  16377  4212  18713  2799  2115  6020  3467  2376  793  1235  2352  5393  3334  277  1352  80  852  16761  8140  28118  9407  6522  6487  2702  398116  
48478  1498  67793  106029  248  139  26937  9292  216  3987  3920  1892  640  835  1266  7670  1915  20361  6527  12033  3040  4950  15989  15284  20249  2006  48739  47444  29150  18105  245  3194  352  861  139556  426988  236377  90769  0  36222  131068  2007  231  141  2536  144  110  819  1302  100  1052  863  144  38  147  190  832  304  4078  836  4036  1100  1309  3391  2854  1296  295  741  1653  2967  1929  74  531  12  225  10422  1890  23017  1058  9039  1574  2077  21337  
24792  3282  4703  26580  1616  686  10832  61317  464  3320  2839  23190  22955  44031  114620  3001  3484  49302  17556  120616  32933  36678  54441  172869  669362  505146  1.50449e+06  202434  306749  139789  936  12700  428  1450  2.35e+06  37976  72757  28748  34446  0  1.06345e+06  13142  1455  431  4615  1175  931  5425  23653  754  6973  6270  3226  1353  3103  6227  8093  5788  80137  10584  64214  13224  12297  33813  21114  28752  18487  23942  12357  22588  13008  1722  5902  269  2277  197434  9483  90416  9691  26279  159929  16475  355984  
15486  2519  3873  13811  777  403  5984  24437  694  6738  7798  7989  3355  5846  10187  12844  4332  70831  22027  37908  12153  14857  75132  43464  86584  9888  1.19895e+06  257152  42472  34929  739  14886  704  3843  915730  50946  199495  325013  67921  1.14076e+06  0  2733  256  125  1745  312  350  1256  4519  395  2378  2165  934  275  721  925  2307  887  12663  1905  15070  3115  2602  4501  4521  1893  803  1678  2789  4230  2378  189  948  46  421  23308  2839  17464  2012  5423  5378  3140  168250  
1922  7887  8035  18507  1858  839  9541  18923  771  1622  2429  1114  416  728  958  3339  1620  18327  8516  16044  3530  7695  3153  3649  1369  353  1332  1774  2070  2079  121  1654  300  562  13364  6207  6888  3966  4213  5085  3236  0  1.73254e+06  32099  659453  348309  50141  456542  64769  1876  23193  11784  936  252  1245  2981  29084  23239  71092  41871  51049  18537  36226  144924  68231  49733  5586  39719  151895  168486  338851  34872  198575  1306  1.45899e+06  608071  562518  702367  137422  96415  91228  46825  159539  
1545  50143  10169  5674  10592  991  53831  87588  582  782  842  582  488  266  397  863  344  3067  1403  3268  634  1091  735  729  476  156  448  312  359  360  24  337  65  129  8626  8605  2502  1629  812  1703  962  985524  0  1517  905  829602  15158  516922  65662  1616  11964  9951  260  84  390  1358  14499  9372  29069  7667  27622  4978  5592  22614  9126  23157  2226  23846  13568  15954  23140  4305  23627  251  52190  455325  556469  224596  73472  4788  83430  30049  76863  
618  5838  14565  22553  912  117  6834  13424  229  212  44  749  94  32  37  56  27  87  57  94  17  9  34  36  46  22  93  68  52  40  0  28  8  12  979  1534  348  162  95  263  168  32333  255  0  111637  203  124  97189  70834  168  340  139  108  25  73  38  155  66  211  53  268  33  28  127  52  164  22  179  135  103  81  12  42  0  88  3397  44915  2356  1097  1541  634  252  1055  
5237  27303  57709  1.09215e+06  3819  470  25180  119038  520  1648  630  299848  6796  5660  4704  991  481  1516  670  4725  1019  852  1183  2492  2219  563  10670  16287  7985  5274  56  427  59  135  10879  20921  20450  3038  7515  6111  14691  790898  3595  185841  0  1675  474  14375  612563  258  1784  909  748647  7734  8151  4866  687  205  914  243  14081  1148  666  517  791  419  252  3016  10733  879  1071  58  3538  4  3893  3614  240901  2057  708  66333  1572  1493  2756  
582  29132  2454  3127  40560  18747  161165  212966  4114  3339  2112  567  1077  768  689  2548  1217  4953  3653  4961  740  861  1187  907  1025  282  1218  803  939  888  41  570  105  331  31222  25705  5589  3426  810  4107  2391  459708  696062  870  933  0  1.0409e+06  1.01627e+06  202260  10215  42906  16180  584  241  1540  1631  40316  23211  50822  18451  43045  7943  4919  35428  4716  16775  1690  14663  7752  22363  51169  32379  76173  2011  715295  377827  304890  171721  102968  1068  58331  19694  105390  
607  3102  535  584  30432  48260  125804  176847  52194  12169  4786  152  742  1076  388  6001  1719  8054  5017  5159  395  340  1274  615  907  209  1228  1050  1295  1194  51  1010  141  1012  47861  22562  10823  6006  730  3981  2794  105456  70258  890  348  1.03922e+06  0  954854  365027  880067  1.48941e+06  11085  191  182  2078  657  77774  84341  91936  182397  18404  2649  1200  61888  1366  23486  829  3890  3340  99519  106698  68762  185201  15749  1.27971e+06  110970  274786  94597  64124  901  28425  7620  74819  
5379  123204  30481  18600  300626  135712  955527  956797  35370  18990  4830  2020  2938  1967  2423  7352  5829  20358  18063  14634  1976  2022  4601  3339  4801  1163  6685  4241  5192  4772  196  2708  501  1939  197084  165051  28480  15990  2874  21805  13591  170135  492002  143671  4154  1.81534e+06  1.79838e+06  0  1.55223e+06  1.5061e+06  93069  27420  1975  296  1888  2622  38904  21847  90290  128078  65683  10403  7791  124463  9214  50180  3012  23358  14062  72043  41274  6680  26471  715  64142  757454  684075  301174  209471  4790  138068  39921  307659  
16477  126969  178121  495538  215566  162107  939806  5.15267e+06  546852  257433  165605  197877  411387  137818  76768  24211  10348  60904  28198  170805  17020  5453  10945  10235  19772  15662  27349  12933  12810  11589  581  8870  1691  8837  496637  335215  125023  74084  6587  65300  35028  65245  95963  167336  690025  288141  368243  2.08427e+06  0  2.02752e+06  791012  707514  1.14685e+06  907540  881339  222121  76763  20243  176685  53777  534612  53573  30550  59808  41988  38434  26338  72871  19825  35254  32000  5796  42558  1006  151186  896895  932397  815050  689122  28129  353385  65661  731266  
810  1567  381  407  11903  36950  92326  342870  159484  26378  4696  133  656  1121  238  3706  1333  10713  5295  4668  296  208  1282  458  742  138  1130  1023  1132  1169  50  1265  174  1920  52413  13005  16242  7499  595  3071  2622  2357  2609  659  292  33449  791700  1.51926e+06  2.17608e+06  0  1.61851e+06  3414  133  109  920  171  52892  8022  194414  191631  11314  571  251  56555  373  16236  411  1276  1359  27839  6557  814  5423  105  10675  29931  79593  38742  31135  1485  16420  2865  52473  
1519  2539  1203  3977  4098  13851  24131  315621  186902  282602  81911  2706  1290  4674  804  19560  4713  11835  4134  8547  571  479  2289  906  1424  256  1818  2072  2858  2413  233  2771  539  1451  42091  14042  25551  19446  1421  4395  3753  51251  26885  1825  3444  97880  1.55255e+06  186337  934563  1.99524e+06  0  77131  2321  1719  8289  1168  2.58778e+06  176044  189119  224341  27843  3661  1485  56188  2047  19952  1130  7686  14768  50878  40641  24715  515818  150078  1.06724e+06  183066  766334  449848  322170  35821  141407  28126  224719  
1591  1400  759  3398  2336  4176  8702  184387  29136  281272  491628  3215  16127  56196  6243  142070  16381  36835  8736  71486  1134  401  3629  805  2468  1112  2306  2129  4813  4397  671  7426  1488  2443  29264  14696  17074  12657  1197  6803  2744  3479  1293  780  4694  4159  3099  8911  684326  3018  210235  0  20151  34102  919246  3439  93407  8800  44092  3118  687164  2179  928  2508  1167  2168  1526  3420  3045  3105  2790  1191  6196  482  7222  51552  23222  29966  21407  6473  13970  4930  50819  
2035  4055  5266  360340  9315  3639  45387  395841  990  3319  6035  643513  172409  102526  75513  2469  1031  9487  3098  85911  15149  3620  1718  5462  3896  3251  12643  14724  7460  4913  97  869  132  338  25243  16111  17753  2907  1940  11971  15703  17763  6158  11178  836624  11167  2610  31049  1.15228e+06  712  2685  19927  0  318426  211388  134446  1704  678  6466  921  315970  30839  15806  1682  18027  3158  6659  18514  9055  2377  1420  151  1608  45  1876  12342  27240  5309  2963  87600  23755  5811  9776  
735  1348  1615  16979  5304  5046  42780  294939  8787  8316  30493  66183  713027  233123  130881  4550  1556  17281  4089  232013  30270  4446  1594  4866  9756  12337  11014  2408  2448  1927  120  1369  236  674  37160  15867  9557  3854  715  20459  3790  2811  1262  1846  19602  4756  2742  13053  1.19696e+06  1521  6359  85237  346379  0  557275  140799  4553  1307  14661  1387  355126  30192  15231  1880  18552  5205  12896  22439  2497  1964  1335  253  1376  51  2104  16246  11474  9473  8475  20953  27086  4008  21456  
2078  1769  1255  16872  3251  4031  13488  179828  19568  88485  192137  25770  113256  660254  180529  70925  8692  56996  15254  283368  24460  4456  3316  4423  4366  4132  5352  3111  4067  4250  433  5427  904  2100  34996  10109  19487  12267  1664  16121  4432  3354  1227  1632  25782  4441  3501  11738  958932  3156  31278  1.18926e+06  158194  395946  0  506672  29702  8101  65873  5684  1.41131e+06  59235  27108  4380  23733  7795  14634  24857  3442  5580  4208  1506  5133  410  5197  31042  12923  20890  16198  19914  42421  7136  34026  
2272  1281  1126  17016  1025  509  3741  58136  836  937  8026  28475  30451  131178  529959  3224  2560  57338  27699  239022  41864  11301  6501  14330  5868  5613  7828  3952  4536  4895  298  4519  853  1690  33139  3255  13068  6577  2273  33225  6273  3338  1148  826  29108  2204  902  6022  187697  475  1248  7110  80305  59916  530610  0  1553  1473  56471  5706  2.02703e+06  190010  190484  15642  759874  64571  255844  210145  4733  12655  4859  1138  8459  922  4433  28377  7768  12371  9013  11542  229591  23143  19548  
953  1316  640  2048  2248  3902  9343  52649  14285  109608  75494  1306  1090  7696  799  135179  16786  20618  6716  18147  599  558  7031  983  3332  416  1198  1547  7361  5723  479  5229  1002  1613  21163  7142  9865  7351  2245  4157  2307  52128  24542  1366  1895  67230  137043  132448  148620  177513  2.16515e+06  99954  1448  1066  7810  1537  0  2.34168e+06  671977  68478  57941  6718  2124  22369  2555  9775  2214  9124  16430  28005  46900  37164  811191  451576  1.05749e+06  320962  326266  731100  403944  19256  183395  32464  397471  
2606  2180  691  2153  4784  8138  16827  30439  4790  36251  100640  1257  3383  24306  3773  243653  34663  112106  30865  107485  1807  968  9986  1837  4470  801  2652  3458  9057  9277  1209  14209  2653  4625  41061  8371  22353  12675  5468  10444  4982  45248  29148  1406  1621  127076  275435  118815  108923  93691  223916  61080  2697  1910  26541  7556  2.44352e+06  0  849384  1.80497e+06  249084  14742  3917  105118  5853  23517  7265  19000  22318  135738  445608  545325  2.16462e+06  635368  616456  432735  172982  367234  178818  11653  124286  38806  307507  
14177  4445  1874  6575  3661  6210  15292  33573  7698  13143  31487  1521  1466  9272  6796  86314  34167  279468  182414  146096  21349  10782  74126  12961  17995  3114  11444  17035  26971  34759  2184  29580  4268  9490  137578  13101  77836  39332  24873  71169  24934  41886  13051  1358  1272  24887  156005  182402  79742  491894  172197  20285  887  651  6326  7607  784303  1.17057e+06  0  3.04224e+06  812613  121804  35552  1.07882e+06  32538  94857  15411  27883  45846  182943  141192  18901  244202  9675  128516  196826  32504  289706  89891  19752  139219  45825  147066  
13368  4432  1861  6365  7075  6769  23994  38337  5481  8516  25594  1508  1944  9709  12612  57691  23100  267345  176998  181230  20905  6396  46350  9220  13127  2906  11056  16480  24779  30758  1882  27287  4458  9761  120636  16855  80978  42522  36543  65944  25913  79439  24511  2294  1241  95611  389866  345093  101629  287821  79094  17912  1195  884  13107  18778  29339  2.93969e+06  2.71528e+06  0  341905  35197  10288  2.6522e+06  16027  233150  24693  56384  80536  1.23033e+06  2.0728e+06  1.89324e+06  753029  22950  130918  293721  44390  341470  98892  27337  163958  70395  156742  
40841  11847  5285  35484  6592  4838  23537  130628  6353  23202  92152  31666  41546  110027  303058  116004  48882  834452  502456  1.68854e+06  200474  63307  256417  58374  60428  15971  37842  48467  76035  97840  4731  69423  10251  23440  295345  27524  192763  92569  35410  240642  63956  29768  8677  2246  37679  10068  4661  34622  369648  9646  17473  438015  107784  75594  595092  1.93293e+06  19360  21998  973339  91097  0  2.24682e+06  1.03257e+06  89450  875685  162205  361848  308212  36791  136325  83421  12612  92035  7493  38783  312530  24658  156235  78962  23544  523192  65447  201414  
4712  1244  547  2489  524  162  1953  7118  116  344  695  2078  2693  4430  20442  685  1285  92799  57801  115526  144028  68872  66546  24613  15172  3020  4850  5496  10074  13150  267  5801  568  1821  34488  2409  21393  9003  4038  40003  7952  4012  1243  188  883  1206  273  4426  11899  473  836  912  2425  1124  3596  79648  802  809  185965  12251  1.17649e+06  0  560436  136187  262519  28444  40083  28272  5475  16179  10745  963  13033  588  4860  46668  1848  20899  7030  1968  83984  8422  16426  
1537  510  185  928  236  78  747  3215  51  127  414  874  1032  1748  8480  317  402  27917  15520  43969  41629  62137  27260  23365  7808  1767  2122  1963  3294  4358  102  2255  150  632  15797  988  8380  3881  1938  22400  3348  3252  1054  162  486  855  122  3443  7525  117  300  337  1434  566  1708  113240  254  239  56665  4898  559394  558258  0  151990  607606  58441  76924  42304  4358  13212  8683  232  4546  149  1847  39578  1053  11894  2209  1280  108076  6880  7356  
5591  1870  908  2711  2505  2314  10416  17728  1938  3594  5485  635  519  1327  3456  11454  3302  154758  70108  44688  44882  43736  175122  38230  37028  4413  5874  7067  16868  22730  454  6216  618  1861  56749  6412  30628  13297  16380  51872  11451  39374  16007  1593  844  47325  130456  191143  71130  47267  12078  3453  669  273  1180  22334  7869  56122  930918  1.67749e+06  255507  165191  226709  0  290545  859307  57462  47912  57146  1.21976e+06  871311  199031  343864  3877  96834  170309  17927  272600  59016  14935  114601  61153  77602  
2029  531  317  1431  263  92  1118  4667  121  285  1119  900  984  1643  7349  907  478  27047  12293  27632  30921  90613  31239  218167  21839  9483  3280  3046  5212  5363  91  1893  150  501  33090  2229  12581  5733  10356  38467  4991  23734  5524  875  957  2435  536  17714  19445  220  950  636  2411  780  1915  824221  752  745  84490  4317  681161  268331  750844  462263  0  2.00309e+06  1.03312e+06  198384  23030  111742  54545  758  16912  395  5983  97954  3919  56749  5920  8158  342304  21800  27906  
1853  573  415  1497  617  785  2820  9679  830  1642  4189  692  936  1683  2544  6267  1915  37829  19128  23867  12600  14927  32260  29192  29387  3101  3690  3225  6121  6179  175  2600  336  766  48084  3124  13919  6769  11493  37287  6662  28712  6683  1016  1268  7551  22059  50660  41203  11015  4647  2623  3159  1039  2449  123627  2929  3110  96136  73784  135512  61990  118656  1.81297e+06  1.84882e+06  0  1.48734e+06  1.12244e+06  79395  3.40502e+06  76386  3198  31956  666  9101  381000  21444  100345  21475  13877  695081  69134  115264  
489  138  121  712  157  98  631  6028  177  186  705  556  1106  691  1278  752  442  10123  5048  10203  4511  4456  8606  9826  4699  1092  1009  835  1503  1625  48  659  89  193  15560  723  3115  1529  2137  13126  1289  2518  649  119  1031  673  592  2875  23890  205  594  694  4269  1218  1717  301041  710  624  29613  2789  187009  59245  112686  123871  497007  1.38867e+06  0  578205  5850  171017  7706  462  6094  340  2192  57161  2576  12072  4319  2078  366576  18747  31562  
582  259  220  1337  358  256  1335  13742  381  435  1812  1090  2170  1263  1556  1830  715  11277  5409  11234  2397  2578  6426  5858  4824  1151  1835  1222  1757  1707  69  873  111  267  25972  1389  4316  2135  3372  15242  2490  21348  1611  381  2367  1421  926  6445  52950  322  2350  1861  6734  2226  2614  130337  1998  1755  30884  4082  118235  30392  45235  34314  71393  861606  613402  0  307278  125257  5489  601  4862  333  4043  221902  18155  57220  26097  12453  579004  301201  70939  
361  188  362  1258  145  103  863  2942  177  708  1104  837  263  518  530  1454  525  5627  2512  5268  1535  2316  2744  3155  2255  331  1311  2254  2591  1989  43  632  74  151  7101  3135  12956  6858  19801  5026  8557  256576  18650  816  4418  5992  1701  28677  17766  431  6464  3250  969  532  987  2788  7630  4763  47374  9732  32344  13113  11054  56508  17290  54503  2692  236338  0  182776  146746  1841  330942  228  107787  187323  39081  239603  66823  40995  65107  420319  80451  
3993  1588  650  1991  3427  3088  11350  17649  2203  4956  9788  569  622  2382  5028  19237  6445  98172  58086  65770  14587  12521  26671  9397  10614  1566  4426  6179  9640  11209  556  8255  1450  2999  38764  6656  30390  16484  19938  24207  13341  62184  12474  1076  639  49270  137182  189061  44945  36217  13337  6509  626  369  2734  13562  6211  48797  159222  377239  122216  39869  59676  2.02867e+06  115381  3.75911e+06  85357  149514  193332  0  3.99343e+06  64078  67175  958  20866  224547  31585  150531  37100  14855  166087  33908  111386  
2608  2270  790  1845  7588  4370  22392  31735  1461  3970  18015  596  1314  6164  4026  33263  10060  95703  39501  84233  13076  19128  13695  9809  4768  1049  3103  4043  5948  7189  589  8105  1535  2734  38371  9461  24478  14337  16956  16037  9132  110095  51090  2677  917  166579  147778  209016  98674  10181  20840  17069  983  699  7178  11909  12875  518881  369109  731273  225879  107670  110968  1.29202e+06  132418  129501  19212  29443  196496  3.52506e+06  0  2.06239e+06  3.58314e+06  2297  98042  346259  75883  212595  66070  13656  81423  49356  171116  
555  713  139  393  2780  1398  7524  9204  372  934  5406  165  430  2012  933  9398  2954  25298  9174  25144  1099  547  1966  589  691  144  558  739  1026  1345  164  2151  420  696  9308  2471  4354  2667  1655  2775  1360  10255  13133  368  169  69508  64925  58170  21786  3679  5663  4909  257  178  2265  3946  4325  495664  81271  1.00208e+06  73637  22397  3597  380649  4527  26431  4832  7409  6867  188162  2.49557e+06  0  883302  2301  21075  67568  18436  33359  16941  1516  19427  8971  29718  
1557  1487  596  1519  2546  2086  9579  24786  1882  5017  29086  753  1916  10344  3103  57532  9151  65475  20482  71739  7776  9301  8838  5041  3038  695  1819  2333  3431  4203  442  6202  1131  1892  24587  5526  15254  8848  9886  9184  4741  300317  81334  2144  1874  165099  226687  114115  132350  5330  300396  30970  1570  1013  11054  11823  346115  1.71059e+06  549209  202653  392854  118071  59424  552051  64290  84902  17312  24897  353832  132388  3.6069e+06  1.20077e+06  0  932254  1.41662e+06  300384  91222  412169  87731  13412  65149  50143  174460  
56  55  25  79  77  118  405  1261  113  370  2584  57  155  705  172  5099  347  1834  457  3226  160  64  262  80  118  40  90  66  116  128  20  168  28  49  896  237  454  281  213  326  137  6625  4076  44  109  14465  14883  3987  7394  292  80704  2957  160  84  809  664  224967  321863  36286  6919  35002  2988  470  5233  678  2243  589  893  1255  4560  12504  22939  496978  0  465413  16665  6175  23639  6693  473  3654  1749  12125  
329  818  262  545  1870  2647  9681  28527  3219  3657  9942  253  905  2987  833  18336  1660  10288  3213  14830  1430  1219  2002  800  661  181  455  472  801  875  60  980  178  369  7510  2604  3018  2055  1075  2091  938  1.22003e+06  253458  665  560  999857  1.66038e+06  104470  239258  7746  1.23316e+06  22462  560  467  4101  3651  1.33637e+06  804984  231668  86662  162010  24370  8577  94759  8888  22403  3798  9030  38060  74198  182717  165749  2.51804e+06  974577  0  143163  60610  258420  69377  2424  25453  14924  73908  
3741  5634  4481  6760  10911  7767  56827  211893  9402  16478  21223  2612  6234  7407  7454  17150  5268  52328  21705  72993  14420  16796  20936  20718  24666  8421  22956  9470  10469  9580  418  6852  980  2210  318669  36904  32048  25361  23760  110010  30418  341224  214523  32576  9136  188694  71309  739767  2.00451e+06  17832  604643  334339  5903  4470  17790  61137  532815  189540  903397  134842  825251  167463  102599  461679  115636  649466  73883  759807  489627  431228  242644  18545  143411  5792  134772  0  1.29701e+06  1.50164e+06  996628  123968  2.70514e+06  1.5483e+06  3.69214e+06  
1270  10416  9958  11963  2566  820  17803  45710  1054  4296  5966  885  660  1227  720  4943  864  5808  2311  9074  587  376  795  511  631  182  811  780  840  789  49  686  118  234  9285  10486  3167  2700  1516  2689  1675  545582  324620  143207  11104  188810  36986  946145  619411  11193  187575  79285  1288  359  1785  3320  127869  67575  102126  24743  135285  6649  2528  16717  3280  37376  5255  40692  20349  21732  11437  6039  29616  2317  22353  803589  0  346129  404760  399870  173850  51601  141575  
1893  3756  2807  3800  3385  2344  23149  91528  6493  17436  22645  1375  1506  2857  1432  11421  2175  18393  7059  17917  3459  4721  9515  8680  6818  1025  3723  4795  5961  5493  202  2341  309  615  30868  29681  55482  35987  92582  15960  16641  591575  397877  29426  4408  332836  28600  762433  934051  17513  632297  170306  1934  1263  5372  4461  346316  75422  296356  156646  215226  36706  18556  174590  21558  49433  6438  59808  137267  120839  61221  9238  65170  1754  125467  681394  676622  0  2.26236e+06  282519  282685  142912  500394  
214  1216  682  835  1508  1333  9469  31615  2827  5378  4675  251  764  875  448  3743  561  4248  1651  5990  720  578  1228  719  963  247  549  461  625  598  31  475  72  173  10669  5682  4522  8171  3822  2230  1862  63898  122007  7708  798  128205  12762  201324  430887  8992  265108  57026  349  371  2496  1960  143907  34666  114555  52014  102156  11589  3980  48764  3340  18451  2806  20239  22420  28083  13709  2904  15749  560  27923  362922  469039  1.90004e+06  0  8666  507405  97457  766677  
674  187  1615  6757  58  37  559  1985  68  470  345  2307  565  636  1034  377  157  1301  526  2153  434  467  653  835  593  123  622  872  930  695  18  188  20  39  2459  4504  4591  1870  8274  1607  1783  219696  2159  1480  18525  449  328  8549  4281  296  7828  1534  16269  13348  11974  4321  3485  1135  5741  1932  14656  2322  2277  8525  5074  9563  1197  25679  66684  35743  10452  217  7739  28  7603  54332  310554  108025  7126  0  11678  91662  4297  
2782  1129  947  8950  694  1059  3091  25221  839  4102  18269  5334  3745  10636  11555  20897  5602  34725  15049  37602  7837  10655  25106  29592  30380  9591  15337  5701  9200  7212  315  3963  596  1194  170842  4055  14057  7167  7823  119854  7006  22716  4376  1206  13750  3039  1625  15804  115711  870  25447  10873  22735  6897  16755  227109  13790  6380  65304  8697  153050  49459  67895  99148  82878  523725  318682  1.05159e+06  112831  152199  28314  930  9385  448  4813  1.89342e+06  54535  173787  153124  81425  0  1.39998e+06  266231  
284  217  227  1411  200  150  886  7581  195  858  2275  1000  987  1539  1708  1880  509  3873  1621  5376  996  920  1520  1396  1723  675  1395  604  771  641  23  450  64  138  14176  1318  1801  1162  1180  7140  1531  6342  2436  577  2768  2062  865  8722  39596  358  6353  3011  5035  1360  2665  45245  4280  3505  36961  5440  40731  12927  8712  32753  9780  141356  22013  570589  362755  13573  7568  742  7475  154  2595  583074  44434  67054  71694  23544  1.22493e+06  0  176537  
28538  39391  37593  13717  23502  13250  133814  898741  46605  648456  310095  2090  6433  16126  24686  436710  41566  457553  110274  330025  39088  20474  122715  68106  152991  139698  121624  58687  54687  52613  3103  57889  8102  18849  3.72915e+06  1.36279e+06  549315  2.0223e+06  52627  250144  303257  49853  71191  6394  4172  83222  32684  192762  894547  27398  705078  252129  1238  1070  9048  13397  421414  98339  368861  81244  373701  48020  18852  128543  59354  110807  55038  101847  95130  59788  36346  7115  46298  2259  53911  2.63808e+06  328670  1.59027e+06  3.03288e+06  8456  1.19965e+06  406389  0  
