4246894  
2434045  
412232  
3748006  
4289030  
4702805  
8953616  
15221278  
4581461  
7370384  
3074897  
2531144  
2564811  
3778963  
3088931  
6059103  
8227942  
6458042  
8551901  
10056100  
1695582  
1350227  
4507183  
4307009  
7534495  
2449615  
2058505  
1670689  
8139146  
9932035  
2996146  
9971344  
903493  
7194147  
11505601  
4404601  
6812509  
2481931  
794017  
4847658  
2319715  
5301724  
2224918  
356117  
3033332  
3379345  
4903740  
9096468  
15939409  
5356363  
8056129  
2610975  
2663841  
2185180  
3700490  
3022308  
6530299  
8014382  
7110920  
10184673  
9062776  
1872456  
1309825  
5184316  
4282757  
7757463  
2107597  
1826290  
1484590  
9106174  
10143449  
3372745  
9059183  
965484  
7461407  
11238896  
3700055  
5834126  
2805882  
632954  
4233297  
1809277  
12514810  
