0  1.30539e+06  21290  633839  269905  135166  495061  44568  8763  21763  6362  3477  1135  1200  3937  37869  89439  110014  66514  52939  20534  44017  143907  84307  47462  2412  41364  292314  52027  90788  11004  274841  12444  1.73691e+06  178720  353197  551909  122889  100277  71376  94029  1027  208  311  7107  226  1488  5901  10144  2418  2443  1912  998  491  442  1229  2261  1124  11502  2435  12648  2337  4634  6185  4231  2916  410  1563  675  2849  1166  109  1253  152  516  9850  4191  1808  1361  1139  2137  2151  91978  
818950  0  3153  4362  701737  122991  419777  52151  4053  7565  3928  395  511  441  1010  11911  18326  24586  11818  19378  3410  5397  14832  8762  22044  672  29430  13697  7156  9952  3032  18392  989  25085  481136  714114  175961  78240  33853  74587  54546  2041  2779  896  2302  844  2215  37191  21227  3070  1284  622  655  157  126  328  665  234  2766  711  2894  388  633  1434  733  746  95  677  397  762  387  26  412  41  306  12859  8962  3766  2353  1885  1471  1868  133640  
23434  1095  0  201341  827  250  218999  88921  215  659  405  492  157  154  174  1137  273  2131  658  1796  324  546  1128  915  2071  99  3582  3502  1161  467  50  485  32  428  26709  349231  51156  15188  127872  4695  9595  13020  945  8350  19778  142  168  18494  9864  248  379  112  1471  489  244  238  238  60  389  149  766  68  84  428  240  537  108  1200  766  372  177  3  231  11  256  4697  40716  1100  389  18050  1794  5015  7840  
785141  1984  225939  0  1592  694  43232  514170  592  965  874  1.01609e+06  5572  4251  3380  1175  855  7043  2099  14294  1436  1611  3120  2915  21518  722  74016  174256  5856  2356  276  6064  114  8067  21123  246074  40340  10269  93259  9280  31715  136394  2105  185347  1.55778e+06  494  751  97215  359030  1124  1341  608  265489  33647  17413  11308  909  269  1858  774  25686  605  407  3220  2046  3485  879  10974  7088  3357  1627  45  1820  35  2189  14874  493068  9866  2182  129095  6397  26040  7744  
418413  981046  2170  2374  0  1.51401e+06  1.13902e+06  142929  20122  32928  9396  557  3144  1986  3063  42468  135833  63423  86914  50579  6379  5454  27919  6382  31749  988  38658  21631  15404  65280  33337  79350  5341  279886  825875  716821  262926  161846  6830  87708  74319  534  618  254  828  5060  33101  109898  110940  36661  5368  1844  664  619  303  854  1887  854  8851  3010  8068  796  887  3424  1131  1885  240  1765  1274  2209  1447  122  1797  117  1929  30195  7775  9634  8690  587  4254  2993  319469  
234428  212587  900  1125  947181  0  537564  371455  611833  1.44481e+06  6192  360  2252  1617  1820  80787  171818  38293  78283  21452  2091  1533  8392  1827  5663  281  6727  6087  8665  45576  13039  189398  13754  910654  224223  144942  107997  57638  1518  13295  14595  461  413  106  423  1997  57506  56378  224145  124808  57059  5841  461  637  445  745  4750  983  8330  7070  6365  361  296  3330  462  2324  184  1933  1933  3144  1471  121  3055  101  7243  18826  24608  14313  10868  321  3799  1724  115078  
344045  480242  280289  44714  2.25305e+06  996813  0  1.49723e+06  898472  73844  17007  2325  3285  1808  3868  55731  83007  92591  280901  77154  9536  12336  37812  19386  48137  1629  56976  31767  39104  173945  111035  23176  2142  21438  1.10724e+06  1.55118e+06  326184  145121  108265  138162  101796  13997  21151  7202  16270  26654  123531  675234  549379  166194  26319  4111  5119  1991  752  2234  5032  1519  17340  10800  15606  1698  1790  10351  3334  6677  710  7192  5201  7057  4617  260  5544  212  8247  112262  91931  49170  29953  11918  15210  11706  332639  
33161  64641  203438  918393  250168  273993  2.14193e+06  0  2.12181e+06  425421  538308  725240  978523  831948  116130  40571  19974  115507  95917  527095  16417  10346  34588  15503  22859  5854  38703  27611  14094  21255  8121  37836  4513  84416  608380  778078  484660  249892  47241  81510  56326  67218  34283  71616  265856  45524  232785  1.09139e+06  4.17293e+06  623516  510760  122106  160362  199106  55234  43903  53506  4577  41704  43872  141788  4359  2600  30188  7011  21424  5604  26193  20640  24562  12612  643  23378  627  54095  227182  491170  142837  82318  59415  40492  27584  395089  
6287  5872  910  906  22453  692272  976835  1.53529e+06  0  1.5578e+06  8563  178  450  482  588  8934  14189  113705  307993  22991  755  514  33204  816  13838  220  4022  4108  39654  28114  4351  12612  959  14334  130966  68560  71675  37438  966  5709  7279  563  476  88  322  1657  34730  18389  272131  149650  128883  14763  438  722  573  568  9952  567  6121  9981  4375  213  140  4347  301  3171  197  2335  2612  4608  1696  59  3721  68  11577  13291  58730  14871  9381  303  3749  1460  86364  
56666  18060  1842  2233  40549  1.07633e+06  107070  668148  1.76508e+06  0  136610  432  1240  4423  1978  2.4757e+06  216692  175589  164939  31400  1753  878  9696  1271  5217  625  7421  15546  11988  22560  6583  406238  183740  709499  264269  253090  384517  342741  2061  17546  16301  1085  939  152  797  2219  10155  10314  251073  52993  434087  119518  661  1723  2495  758  103725  9752  33845  13993  16097  376  268  4042  495  3105  260  3807  5451  4824  3129  765  12577  1185  20583  28544  86318  26212  22473  684  10849  4633  317136  
2819  1066  467  1238  2589  2942  5827  710674  4142  157414  0  1697  21127  1.02887e+06  4033  132020  26403  26917  4362  869657  1924  682  1553  862  2051  372  2736  3238  2379  5981  667  29537  6171  9098  43761  11164  26491  19547  1190  8802  5704  1233  812  158  673  1661  4481  6558  141215  15640  350394  371612  1279  7336  19298  3532  190389  47938  130934  22442  86438  836  441  8108  878  9607  1086  5732  4564  15142  11866  2973  30144  4152  14087  43648  56813  21902  19227  1138  13683  6075  46852  
13607  1230  16503  789222  3003  1302  23650  893887  944  999  2582  0  302926  137510  73622  972  845  6358  1885  163186  4166  1366  1885  2269  6098  2019  32425  44207  2008  804  155  1736  114  5460  16614  38410  16129  6335  11071  15320  18565  40860  3997  60616  422197  3948  6379  162851  325940  12657  3136  3896  639267  74618  26177  21805  1416  403  3876  2105  61229  1281  634  5809  2665  4711  1371  13485  7834  3972  2080  81  2911  100  3279  44267  135937  31661  14249  67176  6935  17780  19829  
3392  1507  4891  17023  8685  8627  28404  1.06597e+06  6303  4105  30053  369047  0  897419  328488  3705  2966  16880  5045  746597  13969  2918  3124  4439  5110  5702  17449  9249  3173  2386  536  3023  409  3478  36687  13494  21162  11358  3006  36329  11836  3444  967  3678  28518  3676  15863  76071  322137  28397  11730  22192  202737  790451  128987  70217  4617  1681  10633  4082  249915  3214  1316  7224  2415  6769  3584  12000  5416  6115  2743  246  4233  286  4636  34671  19008  17487  10444  26835  9822  9400  24680  
3301  1070  1915  9030  4263  4910  12568  808523  5016  20650  1.05914e+06  123187  719518  0  836280  12387  8085  36158  7522  1.66465e+06  22758  4498  4205  6522  7890  13684  40295  8116  5282  3767  393  7399  1071  4301  81787  7672  19619  10968  2299  120316  19158  2418  513  2416  16145  962  5368  11451  253388  22126  70015  131888  77477  272671  544539  93138  32326  12100  60297  11258  396862  4059  2011  10846  2763  10918  4698  13160  4513  11704  6018  965  9869  1234  6147  27570  19930  10456  6427  14038  14248  7554  22651  
5850  1314  1248  5538  1893  1087  6902  109577  939  1833  6340  44627  119148  427044  0  2647  2760  41578  12293  1.84288e+06  69802  67079  12269  558459  31685  135628  119327  15444  10911  5075  230  8987  1575  7186  149086  6725  25484  17690  2968  362867  47986  2111  359  1187  6251  367  908  4894  35127  1870  2194  9692  23394  33966  133972  298728  3951  1257  28430  6816  307336  16909  19355  38006  19494  16437  7221  16444  3141  12629  4268  473  4484  641  2499  55032  5111  5246  2750  5668  30694  6919  37261  
70956  22311  1404  2029  49712  104766  32833  105884  63868  2.54648e+06  180440  453  1191  5597  1679  0  2.40477e+06  776156  191055  72546  1441  895  6085  1279  4596  894  9795  22800  17311  60741  23642  551208  345504  908127  239931  61900  425005  423185  2535  19598  17700  709  378  129  748  858  2365  6997  25324  4879  53187  54448  461  408  3026  956  82091  32745  97604  14803  49627  502  307  5945  668  6976  574  2915  1960  10337  8900  2245  20557  2958  5236  26168  11180  6472  6165  732  7145  4192  320932  
127690  63962  1956  3609  156480  220808  111164  123826  124247  394572  132805  1027  2232  16478  8488  2.71e+06  0  793438  2.12134e+06  373181  4849  2575  15149  3974  17048  1045  16432  47057  70314  747699  664761  2.49571e+06  599963  671040  178425  56419  399171  113121  6844  36664  32348  1802  706  204  1494  1389  4633  13246  36899  10199  25786  61086  1087  1005  7175  4878  99550  55469  312152  39832  177796  1633  861  15193  1919  17084  1685  8417  4696  27897  22505  4468  37911  5423  8205  67420  12504  12343  8325  2224  16212  9812  114831  
92358  24063  6062  11816  25100  40779  76314  167400  326141  352246  50223  2827  3107  4790  27288  584373  550068  0  3.04017e+06  912213  172957  50585  827400  64591  330699  31378  75372  110731  257762  127515  5743  219879  26379  155585  274403  54726  553267  197351  21832  205370  115400  7392  1485  566  4625  1203  2898  14900  38852  7778  14817  9169  1993  1456  3174  17101  13292  12535  195015  54172  187978  23376  28191  107308  26179  68923  8856  31423  12348  73878  27754  1935  20306  2240  6682  156168  12465  19646  9228  4484  48586  26629  222184  
74238  24064  5131  11440  49511  145456  318354  178249  773837  213277  15440  2898  2664  3941  24276  57450  2.34593e+06  3.11153e+06  0  259194  20125  9903  1.15012e+06  16746  339792  13453  74872  101940  600596  1.69764e+06  1.19121e+06  675713  35975  229607  239873  57701  434971  175797  23531  193510  124929  4100  844  430  4092  1124  5201  17079  49247  14000  17587  7391  1702  1203  2289  10275  9175  6825  122042  27778  116775  8343  8044  40631  9959  33989  4027  16490  6669  38053  15110  1162  11221  1163  4158  73101  13510  12585  6403  3461  22973  17386  166071  
46162  12190  6370  18129  11977  6240  47053  372309  8852  20406  580361  82835  233128  656530  2.19006e+06  44266  48920  992075  127114  0  1.6738e+06  641114  156083  948949  154053  202369  225601  92143  147188  87463  3648  111006  11757  58654  499174  49297  251801  124212  21336  796313  164346  15072  3139  2331  15105  2488  5325  24782  125378  14561  24077  55699  47469  82289  174525  331153  34309  23915  411805  120528  1.56393e+06  143503  176224  485181  170707  171184  42055  89055  26656  136800  51489  4614  48447  6591  20014  440786  24197  44922  22336  14417  177779  53761  222006  
5601  1406  786  1677  610  193  4762  7340  182  360  346  1091  1604  4241  37145  410  398  146629  7487  843849  0  532885  102125  268437  25501  46297  27455  12691  14962  7945  186  8159  380  4389  85055  3466  20057  9066  2509  147707  20058  922  190  83  721  121  157  970  2708  204  283  463  632  615  925  11329  321  216  27362  5052  105180  221653  92036  50950  56626  10952  6213  7478  1486  4954  1838  164  2215  383  1332  53880  859  2404  1049  570  33812  3575  15328  
7084  1755  1324  2123  342  119  6730  6704  146  209  169  1187  1637  4488  42691  267  215  65632  2778  240822  590638  0  61733  695540  34733  80877  27221  17510  12187  7157  214  6103  108  2397  95922  3891  20122  7604  3648  179134  22824  1072  205  107  920  81  108  1001  2323  157  228  411  493  397  444  5963  310  130  16450  1595  36920  138995  194813  52133  110028  8228  5199  6051  1374  4186  1842  79  1464  147  654  43284  979  2376  509  688  35441  3683  14212  
49341  18326  4579  8458  8135  2864  45120  57573  26698  3195  1723  2251  1153  1368  26490  3460  4217  982703  1.1507e+06  90773  153064  95760  0  247069  1.21796e+06  62435  104382  86946  1.61964e+06  755588  5855  114361  1062  45281  147069  26499  290400  118968  16400  135777  143390  1966  394  309  3032  356  716  4684  13832  1374  1062  795  1060  553  563  6243  1151  1058  30976  14548  47858  22815  28884  93439  22459  22407  3683  8131  3515  13387  4488  476  5767  1002  3131  45575  4109  6523  3507  1915  11076  9591  150249  
40654  10024  6179  8693  1241  468  35268  24732  477  628  455  3169  3510  8779  490796  725  629  132183  10806  601591  307050  993357  451963  0  1.51018e+06  672571  116956  92190  64157  33335  977  32078  271  8250  166346  15547  77410  26490  14155  536972  86791  3347  713  353  3075  297  272  3744  7534  435  586  833  1325  893  825  18753  636  272  13913  2948  53161  37366  90581  67385  301949  18989  7718  10673  3851  9131  5926  121  4227  290  1457  63426  2909  7615  1075  2373  51930  10217  61773  
36419  7523  6509  11019  1951  1425  35502  27449  6154  1621  941  2987  1793  2549  31862  1716  1542  373588  179949  75760  50400  90450  1.1944e+06  1.66148e+06  0  1.56939e+06  1.78205e+06  266492  2.74568e+06  81423  2486  34929  495  11883  218308  36331  96862  60546  28943  696851  214174  1309  215  257  3129  172  371  2831  7366  827  806  687  1017  650  537  3334  846  520  12116  4899  20751  7636  9798  22845  18193  10711  1730  5572  2345  8539  2670  180  1928  234  915  19982  3195  3596  1585  3323  9307  9773  80849  
9552  989  1303  5567  340  214  5636  8701  362  603  413  1945  1301  2423  47044  1007  421  89126  20642  44698  38685  57514  130214  446680  1.64917e+06  0  607669  40897  33392  6542  330  6563  165  5209  48723  6690  24160  24951  6867  345724  80004  402  53  78  1664  45  98  528  2247  216  339  368  579  413  311  1542  329  118  3122  1401  7246  3828  4566  8512  5006  2721  770  1556  560  1885  556  31  518  60  308  8347  1072  876  395  845  5262  2292  74394  
66797  2493  2444  39481  1338  707  9347  17964  1793  3117  1616  13028  3072  5606  43474  5170  2727  51195  26873  40943  12915  13405  46259  36947  884559  515542  0  363838  73497  6755  402  10802  1176  53498  272203  26853  77502  118531  21971  570740  515112  1226  65  315  10062  65  292  1400  5215  644  1133  1344  2894  1285  869  1776  1268  454  5507  1390  9055  1306  1639  4326  1957  2907  825  2607  927  2349  790  62  708  73  361  12640  4499  1077  757  1661  7078  3562  105565  
402843  7441  7731  98694  3333  2140  36940  27725  3707  4638  2436  8748  1413  1414  3746  6821  8664  58334  32096  31653  13196  26967  67579  52873  349417  5577  282142  0  250945  549056  4594  423159  2082  104880  223644  50649  196260  138990  44851  183584  436146  1286  154  374  12375  105  477  2692  7621  1072  1576  939  1981  778  494  1071  1121  529  7237  1730  9085  1504  2512  4757  3744  6755  453  5733  3062  7384  1940  84  871  86  335  9207  5128  2667  904  5154  4277  14618  86114  
23984  6980  3868  5785  3848  9177  35858  30417  46287  6160  3752  1557  1114  1711  30289  5771  11282  300134  500935  121008  31540  31310  1.60156e+06  59175  3.18427e+06  20763  195712  315838  0  3.28826e+06  53824  46092  1313  16768  136235  31184  135244  69795  22205  246766  111165  1746  353  214  2083  280  688  3677  9484  1731  1615  2363  766  546  938  6355  3815  2691  34935  10790  50479  6710  7548  30470  8287  19456  2233  8761  3604  17125  5727  498  4970  645  1856  27410  3500  5285  2397  2950  8650  11235  76540  
38372  14794  3523  5159  22834  55552  93325  62885  64567  24724  41444  1193  1465  5945  21707  32833  875336  341109  1.14202e+06  257435  44137  58741  654167  94978  165621  5933  32005  423871  3.1379e+06  0  1.65204e+06  2.95552e+06  5190  39420  140768  35484  215293  129013  9584  138624  49999  1932  524  211  1774  684  2581  8168  21485  5760  8137  19675  882  691  2805  6470  32938  18893  127709  21179  100875  6681  9437  28606  8646  18178  2162  8042  3436  20514  10931  1717  14890  1998  3660  40674  6533  7560  4394  1852  11141  8254  101506  
6522  3075  359  586  11829  32326  51721  21017  20236  10767  11789  134  298  1423  1194  8852  1.03027e+06  31113  1.01763e+06  34656  2759  1395  29674  1772  8391  297  2449  7746  48728  1.88441e+06  0  969672  2184  14571  24436  7877  73451  57985  859  7406  5007  210  83  30  173  274  1712  4473  8024  2685  3431  7629  119  106  626  582  12487  6052  25400  3685  16697  306  299  1911  396  1852  185  953  525  2887  2097  434  3764  487  897  6777  1644  1443  1018  220  1766  1164  27724  
538451  78005  4171  10310  93497  180243  62267  133035  21448  226774  128370  1682  2571  14167  19148  560524  2.44197e+06  583909  457669  698221  65481  44391  210344  69598  61373  5308  25079  604027  82858  3.73552e+06  587792  0  1.09714e+06  1.33953e+06  196998  52789  455374  115665  15167  79046  68756  1667  596  270  2345  904  2984  10229  32438  7163  12545  33417  1232  1054  5706  5999  51053  31688  239056  29527  152832  4525  6517  19870  6313  14995  1728  8032  4004  22155  15960  2747  23495  3447  5368  55067  9718  10298  6654  3062  13617  11012  119587  
30417  9193  226  385  16488  9702  6178  17494  1005  85509  12036  96  230  1380  1139  185530  353956  31792  7774  38422  735  234  1382  325  907  142  1678  8456  1337  3418  757  609187  0  358299  10954  3772  79870  7570  364  1439  1692  67  30  18  125  94  308  1073  3032  592  1917  4273  72  69  378  304  7579  3289  10098  1327  7192  98  84  684  101  745  85  366  162  1057  819  212  1933  317  399  2539  640  508  359  80  631  334  6160  
1.91214e+06  327085  1609  5105  915646  1.67855e+06  60252  195655  16403  1.16125e+06  33068  1698  1711  3283  5154  1.59459e+06  1.174e+06  206223  104896  142433  12651  9915  48463  12145  13108  1138  31197  111796  19163  96477  32269  1.79195e+06  1.05416e+06  0  127018  89014  725040  71565  4359  19162  25290  463  189  163  1342  728  4829  13467  30521  8001  12430  11020  567  419  953  1209  14993  5815  29510  4392  21711  947  1596  4111  1321  2631  370  1547  829  3342  2345  458  4262  551  1547  11845  4630  3106  2621  559  2627  1724  71447  
84337  111940  77348  58832  153574  98505  821560  1.8142e+06  114940  652328  211727  13048  41901  52824  98999  441287  75618  825262  259484  727494  91944  79568  266657  99637  686476  27215  1.09797e+06  434775  193278  100126  10166  158887  18255  82528  0  3.44835e+06  541745  682572  475349  2.62436e+06  2.00294e+06  5408  4550  2800  15166  6115  32398  154342  426923  73009  70320  30610  6879  7088  4472  11621  17682  4548  59738  16098  69307  8213  10693  32146  16624  19512  10307  22828  7257  16218  7565  573  8799  669  8627  355938  46737  38192  45107  9110  113270  45473  4.48865e+06  
61417  145010  222217  74053  55134  18755  1.13148e+06  497792  11967  123057  81650  3558  2092  2244  3349  174846  20492  84240  19568  91697  4649  3430  13360  5255  54143  1915  86432  33959  12511  8116  1398  23745  8238  27804  2.13601e+06  0  471252  492225  500830  200545  150854  2734  3879  2520  12241  1543  2668  63464  92281  4883  10883  10788  2717  627  485  919  3403  867  6205  1685  6500  580  539  2813  1228  1557  245  1405  771  1683  897  87  1081  86  744  51978  15380  12481  8698  3297  3707  4207  647539  
175375  144356  160940  120581  180016  34035  822422  1.71327e+06  65606  522996  175279  19424  17138  18524  20142  315057  67624  420612  161331  306677  21907  16325  87340  20508  45205  2916  63136  102097  37796  61767  26068  104144  10976  128061  304891  2.18106e+06  0  1.83096e+06  341791  50084  145373  8965  6475  5149  36270  5216  12650  143634  348324  25496  117500  45020  11693  5177  3322  3876  27804  3726  28577  7219  28402  1896  2582  9095  4294  6599  692  6120  4450  8582  4045  397  5367  481  6433  48898  63134  28180  16681  8428  10019  14600  198070  
12427  21374  20939  17974  38645  9942  122822  428542  23203  215637  47369  4309  3710  3650  6062  176882  26173  174667  118988  125881  6222  2406  17282  3288  17080  1493  27338  16236  18471  39656  17389  25344  2261  16123  145292  524130  1.49907e+06  0  59358  29762  118536  2345  1084  1140  7515  863  2575  23010  66781  5491  13710  7073  2624  1247  883  1196  6288  1404  9434  1921  9120  538  626  2821  1426  3860  222  3467  2031  4308  1480  125  1451  174  952  12622  13104  7022  8245  4480  4997  10593  369822  
69268  6624  112768  110291  434  139  149225  17309  222  2550  1773  1770  421  317  434  5743  813  8162  2597  6927  1208  2040  3620  3505  8914  531  14868  13036  4829  1339  117  2019  124  940  144873  545942  184204  85011  0  20353  39303  999  84  582  15316  29  80  1387  3677  189  288  175  739  399  198  234  188  93  1059  381  1262  280  338  2253  2103  2077  106  1588  997  3640  1141  7  228  5  58  9978  4101  3507  417  6604  2381  5477  29174  
27785  3153  6881  20458  2073  1468  23452  68662  1982  9528  5206  17543  25845  70958  268968  8103  2828  101254  25970  253671  121977  96400  54324  168175  334592  279519  2.46499e+06  154538  69756  19696  1168  19747  1356  18070  2.11284e+06  56288  95396  207772  47666  0  2.4951e+06  3758  507  871  7867  426  872  4820  20086  2179  4217  9169  5054  4896  5334  15459  6992  2493  49128  10919  79080  8412  10007  26667  22903  27348  15162  27045  5464  21604  7428  382  4285  304  1972  155567  7974  7182  4219  6317  145943  25992  255034  
22132  2118  3955  10354  1532  827  14385  19272  1476  5340  2875  5599  3779  6279  19399  5803  2029  45141  20257  37170  9972  10986  35490  16081  129325  31623  1.29326e+06  164440  18966  6430  403  13966  460  14400  997069  54991  126052  292366  52945  1.58998e+06  0  1262  103  399  4004  107  400  2035  5611  735  1330  1102  1470  794  704  1583  1084  390  6813  1310  8390  1037  1530  3451  2244  3989  1323  4749  1696  3451  1099  55  653  48  326  25240  4470  2426  3254  3198  15447  9665  245036  
683  810  8178  14570  959  806  14424  16502  1292  2448  2032  1845  715  487  707  833  621  4197  1045  6601  1508  3143  1197  14613  790  141  927  916  597  381  47  528  62  290  7518  6107  1924  1429  902  1766  1233  0  1.31729e+06  29332  675445  579708  114793  291129  45454  7939  31548  3853  4388  2090  1592  7400  23788  11867  33346  22313  26851  7875  5796  116975  75093  167818  3953  391277  458940  194416  106860  3022  344624  1625  1.45499e+06  313273  359699  563490  75126  150160  43549  74892  102148  
195  1566  2300  1403  1081  504  21253  16991  437  639  748  431  128  109  262  358  275  1559  354  2822  408  723  382  3422  257  26  340  189  204  144  25  219  25  120  6748  2808  1132  912  303  812  781  904076  0  546  1505  695439  53058  280910  14886  1617  8242  2597  507  170  234  3016  8886  3811  15769  7774  13372  3024  1632  32077  14580  21455  1553  26558  16353  21340  20015  1553  138341  491  25321  433807  702005  190922  52357  11169  51739  28037  90018  
1608  896  40656  65372  303  81  20710  12872  60  34  24  3198  51  34  39  38  22  156  49  227  27  65  57  185  129  14  412  454  43  35  7  42  5  48  877  20181  646  281  1694  245  568  33031  524  0  145871  194  126  145073  114244  116  177  74  764  116  81  192  210  72  441  267  571  94  74  1244  801  575  66  759  598  897  623  6  213  5  234  6931  183179  10317  966  29985  1033  1532  2018  
51268  2289  141636  1.52756e+06  1245  409  57685  93036  315  584  664  210997  5283  3485  2396  680  671  5364  1165  10490  795  896  1530  1798  9964  554  46157  80722  2053  711  72  2050  113  4002  9009  83082  22794  5202  55504  4963  16515  886844  891  181760  0  344  529  28709  586979  831  1033  417  950410  17968  7752  5445  675  262  1820  1027  13378  607  418  5070  3618  6687  1596  25548  16276  6042  2333  34  3257  58  3891  13498  509541  12291  1903  136985  5556  34937  4515  
314  1389  1079  958  8922  5142  36495  43540  3755  3956  3133  614  832  350  822  1244  973  4612  1555  8896  1174  1419  1117  5984  760  115  858  510  588  734  266  765  90  548  15229  5606  3822  3012  557  2116  1759  353086  1.05051e+06  391  1032  0  1.1821e+06  890649  69602  8897  51716  8018  646  428  640  10494  41198  25643  53631  24672  45193  9207  3109  72490  21515  55109  4196  71552  71216  90785  120673  8598  107083  2077  385811  808486  615669  331417  138289  5797  133755  55087  170503  
1044  1732  511  675  37228  59018  86907  217155  83288  45045  5844  1091  3941  844  582  2285  1507  4761  4342  7076  735  636  1234  2131  1207  85  1524  1038  1223  2864  1044  1471  154  2117  34238  10341  12303  8661  408  3078  3016  127206  131133  331  743  921594  0  739179  503295  779729  1.7603e+06  13636  497  818  913  6083  104665  55068  33310  38028  25317  3793  1125  29735  6823  32105  1683  31280  46737  91700  100360  5625  182876  6091  1.14384e+06  295146  458560  175051  85502  1920  47236  17737  128853  
4548  27659  71759  37775  150798  66175  678501  530427  22198  8771  3717  12691  4305  986  1351  3057  3700  10304  9858  13519  1612  1830  3831  5314  3216  220  3950  2610  2183  6467  3840  2459  216  3230  86747  70104  32562  17654  2347  8926  8071  249288  308759  191250  25588  1.28494e+06  1.5896e+06  0  1.49309e+06  1.39094e+06  131118  8822  4914  1663  1007  7893  55489  35486  95076  127053  52889  6840  2375  65048  18160  60105  3169  52472  32319  199702  221603  8075  39101  1362  46411  630156  1.37917e+06  226418  100129  59486  111458  38843  203008  
33476  49586  243954  446916  279957  432779  1.31134e+06  3.86304e+06  581316  264442  97245  131281  114221  81624  26135  16881  11560  41459  35253  146246  19417  6110  13784  9232  14771  1684  28471  36463  11791  22882  7869  13412  1387  20739  316580  245525  160189  96138  27358  34182  32589  35805  21712  131368  874811  40895  246812  1.99697e+06  0  2.11266e+06  518511  672121  975507  899721  748308  350238  35404  6723  123350  100520  591755  15124  3813  57481  16123  35765  38165  86268  49320  35935  19665  1582  58573  1312  123804  399896  1.19847e+06  377695  237155  58418  111794  36375  382285  
1063  2529  366  459  38789  112780  116763  181020  80795  28730  2335  709  5756  322  212  1256  1010  3315  2581  3743  327  273  862  550  869  48  1114  807  848  1510  454  1111  107  2161  28965  7768  10414  7060  328  2194  2386  2541  2274  147  378  8558  1.14022e+06  1.17877e+06  1.89769e+06  0  1.63695e+06  3490  294  331  222  1377  25700  4298  49214  167849  7979  783  286  58704  1803  103247  1434  32619  12676  184856  43632  540  16421  172  38781  80443  271390  73000  47170  636  23048  5732  69271  
2808  1335  1439  1152  5365  35929  23522  413867  120038  309259  131782  712  2287  3840  573  12499  2921  10468  10743  14085  453  368  1133  720  933  102  1614  1952  1486  2249  462  3388  779  5428  41543  14442  30593  19007  484  2893  3565  18641  11084  201  1152  33183  2.07e+06  140808  1.1233e+06  1.6378e+06  0  185485  756  1198  2166  2878  2.71888e+06  203844  154343  129324  19898  1748  380  23696  2005  46094  1146  33490  31639  135726  90042  7073  475768  63568  729868  140186  901737  208261  167504  2679  73625  28701  167387  
2196  833  1468  3031  2169  5127  8345  175438  19312  263451  441507  3103  11375  65319  6836  59363  12517  19861  9497  108010  1291  365  1128  552  1503  706  2687  2055  2409  2108  309  7869  2292  5124  30500  11261  21744  14485  582  6622  3145  761  290  260  3518  603  1950  4288  698168  3615  193461  0  17133  31510  825061  9496  155260  7959  96863  2596  659267  1093  265  1985  547  2388  1415  3690  2213  2929  2718  918  9703  1007  4845  20751  13895  7519  7170  2677  6367  5556  33346  
15407  2782  56990  281139  7607  2059  71654  304925  1687  1430  2638  794316  142598  58102  30161  1274  1099  6483  2159  96489  5814  1396  1714  2007  4548  897  20576  31905  1668  1001  222  1604  116  3037  18909  32597  14291  5804  8848  7741  8606  20349  2103  24801  848364  1904  3289  74340  1.10893e+06  6106  2024  6102  0  339437  100004  82110  1248  525  4976  2055  154038  3104  930  7089  4059  9001  4279  34836  17903  7001  2764  125  4536  136  5073  32807  100450  23663  9281  179370  13625  40594  17208  
3514  1039  3104  19263  9684  10524  32761  265122  11804  6040  7404  53462  429391  159498  58856  2205  1837  10249  3619  201128  10481  1788  1732  2294  2493  1339  7180  8021  1910  1711  434  1819  189  1928  20440  9588  11278  6107  2043  9787  4125  4428  467  1499  37788  1601  7830  25974  1.06753e+06  22878  7442  23902  408105  0  384856  208653  1986  823  8328  3329  291967  5673  1327  6851  3716  10266  10589  35418  13285  7887  2886  282  5388  326  6577  27245  20772  16372  8710  124104  23744  28919  18070  
6300  908  6384  34345  2864  5438  11973  134938  10505  51513  127309  33053  78904  507820  278695  24818  10655  33615  9039  548056  20831  3542  3207  3804  5245  3150  13679  13157  5240  3622  407  6876  1046  3987  28689  8677  16132  8714  3188  25093  7146  5540  456  1293  51153  592  2946  7452  832677  9579  12363  924872  393755  624408  0  685142  10953  4955  41853  6316  1.17103e+06  12336  2738  11374  5954  18403  20482  71998  16923  15228  6360  951  10243  1216  6884  32388  21453  11490  5466  140787  66723  38929  22148  
4546  980  5342  18182  1182  1476  7195  38452  1455  1694  10066  13072  17398  79699  371177  2824  3781  56418  13505  417543  62061  16351  13899  36191  9916  5293  12539  9248  9528  5149  266  6658  611  3447  30827  5623  16832  7467  2528  39099  9457  5667  1018  919  18642  1192  1559  6493  91770  2006  1794  3816  119513  149133  468321  0  1265  2699  42687  15076  1.72441e+06  69923  34467  40426  596208  68616  276401  220424  15634  25872  10592  2798  27854  6589  19773  75613  13682  21354  12910  48908  246425  40344  54735  
1313  786  1673  1262  2175  2979  11448  84516  10386  123594  128015  509  732  9758  530  46453  6708  9005  3812  29804  380  234  598  641  715  78  1233  1263  871  920  156  4600  1590  3140  15743  7155  11634  8439  363  1907  2582  14508  11821  253  1576  30049  125125  32201  82292  43014  2.56028e+06  138134  911  752  2451  2722  0  1.85149e+06  845843  110028  23354  1372  327  17892  1749  32488  988  35284  48568  89435  59146  10427  542680  495587  784772  339600  319674  472048  468601  4433  216562  67695  462086  
2288  1072  1620  1482  3428  4051  13277  29631  7267  105507  224649  706  1215  33697  5030  168757  40406  74008  13147  209225  1845  732  3332  1342  3370  398  2863  2875  7460  6333  841  19400  4513  6176  25590  7934  15707  8332  1072  7266  5065  12552  17296  301  2161  54688  204324  96988  61911  81350  489520  53644  1970  1999  12565  10504  2.29957e+06  0  833173  1.7203e+06  261929  6353  877  21932  3918  55255  2043  40958  43950  295710  840311  662517  1.86577e+06  294614  500282  381878  211758  156264  128472  13156  77526  53511  231431  
6014  2582  2202  2813  4827  5606  21249  43039  9203  42861  87247  1116  1241  8581  8667  83952  70031  209811  47828  256482  26366  17541  39942  18193  21902  1950  10030  9955  28207  18532  1865  35923  4912  11413  87683  12431  40644  19694  4065  39694  16046  26078  9908  928  4919  13472  18659  70442  182564  187017  175256  31251  2632  2120  5459  45056  821234  772587  0  3.17769e+06  887534  119958  27246  723497  34469  157674  20696  94340  69402  198585  92423  6081  147072  10811  146740  345422  46361  259227  133751  11392  143875  124205  266617  
3287  1526  1201  1815  4460  5884  19498  34179  6530  17164  39084  942  1251  4739  6524  34131  25472  113715  24217  154310  13225  5385  23476  7271  13404  1350  5782  5437  13980  9210  837  15936  1981  5837  43451  7945  22642  11019  2749  19689  9026  22104  9273  693  4061  13692  59611  106571  135346  359630  184987  5541  2595  2139  4950  45169  44535  1.90362e+06  2.56812e+06  0  345919  39518  6116  1.3921e+06  18137  398301  20998  157897  71840  1.08723e+06  1.64395e+06  1.01352e+06  379460  21423  91746  312861  49731  167301  76894  11424  105786  104761  188686  
23029  7285  10890  32453  7740  7719  35236  137959  12528  52587  169658  24211  33819  106930  299377  96685  77025  556628  127542  2.05106e+06  424540  117751  178583  144927  95872  28371  58389  43396  102820  54206  3042  69231  7842  29294  231633  27543  125192  53320  12136  227552  59786  22746  4755  2251  36930  3889  5668  30468  354866  9946  16835  434447  171498  186204  694565  1.82514e+06  26081  18897  1.00932e+06  148845  0  2.2178e+06  633984  486060  663847  234432  141889  228020  47217  188364  71413  6818  81066  11506  42804  302716  39974  77306  42286  47958  299686  94734  182385  
2640  862  384  620  564  219  3116  4836  227  369  379  244  273  595  9370  507  479  114859  9487  91533  307765  143042  81954  63830  21012  6459  7720  4634  13907  5738  111  5571  507  3355  38927  1924  13040  5155  1037  43232  7537  2233  643  87  586  488  325  2777  4682  321  476  220  458  459  679  52084  321  646  232863  15002  976721  0  297091  193468  144810  25220  20114  30279  4764  10295  4614  596  12118  1460  5565  55599  2127  14002  9685  1231  61939  18604  30474  
1103  326  211  336  188  108  1390  2027  99  138  470  130  114  267  4518  168  188  27551  3069  30082  85870  195322  20318  138009  6272  3757  3209  2025  4448  1867  37  1765  147  938  24199  868  4698  1903  596  31777  3148  2496  439  83  504  222  145  1482  2454  162  189  81  428  416  918  45444  78  148  36328  3229  415787  257843  0  151888  674571  17996  33296  25748  3681  11119  4757  127  2854  237  1252  32657  709  4447  747  834  71714  7810  7083  
4379  3046  2553  3658  5057  3318  36238  51180  2632  3344  3817  2061  1611  1237  17077  3553  3061  100934  21472  94791  40734  61805  68330  155548  28937  2974  10412  7922  25297  11082  368  10838  1096  6342  61201  11497  26861  12047  3928  38088  11961  52712  24266  2298  9957  14337  12855  110739  111004  135781  30046  1467  4599  2476  3031  74207  5425  5329  470737  1.22752e+06  121369  165266  227109  0  547576  1.89674e+06  80575  223724  100159  1.47656e+06  868293  4096  201098  1521  41547  211766  23403  317279  36248  13200  136364  159373  182869  
1875  963  1080  1708  713  377  7828  10848  342  387  1362  752  518  752  6477  399  395  39960  4544  40715  62665  135034  21269  444320  10778  4677  5110  3775  6253  2751  77  2721  207  1443  53481  3038  8787  3755  3123  62910  5662  42910  7525  1172  6469  2589  1048  23926  23461  1556  1871  375  2944  2433  3620  656530  585  737  55882  7331  565619  128467  517504  562013  0  1.77799e+06  521390  231989  63130  172867  83292  450  34906  337  7450  117211  7217  50272  3618  8520  314160  72612  63981  
1267  703  956  1235  1129  1245  7170  11425  1116  1715  2673  544  555  726  5690  2152  1391  24996  6606  32052  10652  12141  9872  28203  8553  1652  3434  2708  6471  2963  111  2944  273  1525  26540  3031  7930  4877  3823  23169  5183  31081  5359  850  4338  2966  6218  26997  29182  67942  22293  761  2285  1878  2445  66588  2153  3058  72283  158677  55907  19308  18459  1.68073e+06  1.65377e+06  0  1.77494e+06  1.93128e+06  312663  3.63864e+06  86022  567  25570  729  10468  221975  18315  47804  12783  12919  411697  89710  94086  
204  97  170  307  174  279  984  3083  255  215  494  146  184  254  1569  232  150  4406  912  6686  4594  4422  2240  7855  1376  407  671  430  923  442  10  468  43  248  5939  409  1154  634  330  6287  737  4356  626  63  659  628  530  2054  10736  2828  1152  167  729  1040  1800  132075  288  298  14796  13019  39331  9216  12076  156865  413113  1.66238e+06  0  1.1554e+06  17850  71738  6246  130  3650  390  4046  22092  1873  6409  2336  1610  173042  22219  32869  
436  325  1084  1543  1102  1474  5861  14936  1500  1871  3438  776  858  1144  2856  769  682  6956  1692  13414  3977  3283  1778  6533  1687  492  1814  1195  1283  654  86  805  87  446  15512  1964  2812  2787  2797  12678  3247  52495  7068  498  4894  9892  5340  12047  50665  9087  10229  1789  4123  4691  7654  141898  4403  2093  20857  22429  60746  13082  13886  120406  106532  1.11032e+06  907545  0  318582  153310  11002  399  19046  882  80448  206276  20616  54875  19529  18730  518752  274214  55333  
425  638  1924  2315  3038  2250  16298  28668  1935  2828  1880  1301  1366  511  689  703  552  3681  1205  6140  1287  2333  1242  8517  1372  160  955  1442  1376  589  129  597  48  393  8372  4226  4122  5245  6609  3733  4654  145842  21740  2036  11621  21870  11014  40444  82658  5483  13906  2803  4567  3001  2172  9209  8931  4343  25317  17125  20917  6502  4469  79784  37443  244353  5912  555119  0  284401  216649  1465  500788  887  135446  139964  27045  135388  26880  32286  97526  325547  70816  
1454  727  795  1176  1883  3377  9229  16943  4531  4342  6484  523  668  1183  5885  4551  4212  40826  10984  59002  4647  5375  5266  16691  4143  522  2715  3100  5629  3578  248  4581  432  1952  16718  3419  10706  5602  3919  12026  5397  25936  6742  773  3894  13186  74086  107430  40309  235644  140255  1718  2462  2379  4025  45543  9648  45389  98869  412143  94713  17075  10218  1.64465e+06  101345  4.10439e+06  49895  493001  292301  0  4.2184e+06  15544  222187  1079  13043  196426  32470  40898  16388  10279  241863  52590  71216  
1362  875  777  1041  5557  7486  17299  30976  9489  13110  28160  573  841  3474  4042  19779  12030  49812  10454  94126  5024  7310  5059  31972  3332  405  2179  2298  4706  3730  462  6841  897  2338  18758  4508  10234  5295  2078  8364  3940  26614  35580  856  3158  155114  416885  407830  61771  271753  333768  6705  1858  1617  4845  25113  64545  867442  170014  961508  148294  37939  16836  889957  125377  130548  7382  46101  350128  3.99648e+06  0  1.86762e+06  4.08824e+06  3127  105112  193047  83806  51833  21567  7319  71538  41420  83077  
159  91  73  73  884  950  2183  3559  971  2399  5477  44  97  732  454  4202  2088  5624  1107  12898  386  153  366  393  309  32  205  205  555  442  62  997  171  325  1992  535  1180  596  100  683  384  1417  6707  41  148  30485  75592  61131  6575  14276  48861  1333  146  141  755  3022  20667  698155  12893  778649  27133  2663  311  8858  1197  5861  546  3973  3155  72759  2.49049e+06  0  1.30177e+06  1383  25698  24800  13013  5606  3212  669  3972  2758  8041  
1753  1353  2106  2542  6561  5202  26831  48298  6639  39515  79778  1459  1796  8834  4841  51900  20136  54411  10385  126385  6088  7191  5764  30547  3936  615  2702  2630  5741  4343  598  10480  2039  3694  24069  8229  13111  7629  3277  8714  5173  198741  133583  1840  7990  150873  276112  230689  126736  21470  421004  26439  4056  2870  8901  41676  261722  1.85073e+06  266354  342062  290118  60737  17536  462680  113970  65225  12307  77635  895689  572820  3.78339e+06  1.33719e+06  0  853074  1.06562e+06  247565  120000  228878  59621  21038  66966  160707  143923  
61  28  58  52  161  151  587  1294  228  2599  4475  26  45  480  227  2786  900  1765  293  4906  191  65  169  139  114  25  95  92  226  167  34  452  93  185  666  222  395  233  33  249  145  1941  2123  21  121  5155  7069  4770  3166  491  46182  2565  84  74  440  2062  250562  214285  18921  6975  18898  2203  159  2412  373  2569  546  4161  8608  6487  10029  6117  515732  0  409626  7153  5547  10950  3935  350  2283  3851  5265  
608  666  1211  1402  5657  9503  20053  68032  14427  28852  24037  924  1771  1979  1170  8704  2960  7987  2360  18909  1457  906  1158  3323  823  139  893  736  1011  919  225  1787  369  1179  12967  4754  5696  4088  385  2105  1583  1.21856e+06  275501  678  2550  1.09281e+06  2.27859e+06  89813  295451  31275  1.6218e+06  36098  2066  1560  2691  15098  1.34167e+06  718552  209465  60674  86535  13001  2169  53751  11691  40578  3855  132595  258899  98347  115931  33652  1.72486e+06  725322  0  195412  171641  234065  80748  6059  36793  85482  105825  
4023  8561  9925  12308  35804  23992  201433  314140  23583  20539  24073  8800  10825  4281  12504  12199  9429  59866  15664  111893  19551  19010  15455  50019  12634  2601  24229  9756  7882  6091  1368  8451  929  5078  393692  69845  37323  43408  17417  100520  47557  102060  62696  9476  28873  69572  108088  478872  1.46066e+06  96208  511167  142421  17982  11371  18434  175165  422405  115122  728991  246003  650859  135092  34070  473413  150533  922023  92669  1.21434e+06  357994  485286  189850  6094  166117  20546  81507  0  1.89346e+06  755875  898463  466786  2.89137e+06  1.60402e+06  4.29737e+06  
1270  5093  14341  11817  4461  1970  74609  74873  2480  5883  8591  2718  848  981  2130  3492  2336  8498  1996  23006  1007  777  1078  2219  1071  181  1605  1152  931  747  150  1314  179  616  24165  15565  5785  4999  1923  3436  2982  244598  145550  34175  66763  34570  37970  701866  226477  16302  114155  69629  5269  1491  2833  11046  117129  40540  73727  18418  92679  5545  1492  20983  7537  67578  5244  90835  33989  31244  12609  2288  35504  5145  47796  1.56277e+06  0  415180  249988  493671  257886  120833  386085  
1808  10861  14309  18612  16983  10029  168418  255109  14778  23217  12954  11335  7242  3171  3134  4135  2073  10045  3455  22170  3538  2361  2739  6689  2252  293  2702  2401  1666  1478  437  1730  242  1432  42650  40086  18162  13744  5327  6131  5492  325927  123865  25380  47958  89603  60399  530245  873386  44549  220644  58692  32147  13259  15807  47725  265791  49747  230067  83299  166728  23485  4833  94835  18626  62871  8575  66379  41884  90431  36065  2795  46058  2412  63462  315329  825726  0  1.89616e+06  111047  83329  230981  328035  
512  1980  3130  4348  5207  4897  35843  70086  6406  6946  4813  2059  1756  713  950  2083  785  3646  1198  7474  1138  513  944  1352  814  140  886  589  514  487  123  619  72  545  14490  10103  5312  11688  657  2144  1969  16113  20962  3810  6684  26455  42758  96659  470432  29137  190461  26538  4956  2227  3578  16425  203885  24865  121327  41190  64301  8584  872  18123  3243  33721  3263  23199  9697  54212  13724  957  13894  1015  21492  262779  227525  1.76271e+06  0  16397  304345  143989  770976  
976  360  8661  12585  122  61  7613  5424  76  153  459  5412  3177  2422  1945  256  205  1294  322  7283  571  417  341  1313  426  67  961  1344  305  137  12  226  16  158  2857  6566  1605  1283  4240  1094  1272  181978  1977  16797  123537  358  353  52818  9670  592  1444  960  38950  27332  12909  8403  2907  1298  6511  3247  21186  1728  735  10772  5773  19365  1715  35628  19987  10059  3164  81  3303  167  2357  156217  545162  70246  9930  0  27165  81157  17820  
2697  1132  8433  7726  1170  1942  15588  22703  2094  3855  30628  2709  1881  6133  14997  4913  3812  33121  6292  79517  21658  22765  9208  24346  8842  3642  21149  6091  4149  2388  197  3559  408  1745  226263  9114  9016  9433  4297  199109  21747  31561  3465  619  11428  3933  3598  12100  65370  5668  27531  6338  16929  19456  38680  285335  22832  4374  49895  21225  142353  44107  41662  87779  168911  539998  473263  2.10826e+06  139444  154985  24989  670  18506  1757  29285  2.11558e+06  105745  72217  163344  87687  0  2.25272e+06  285527  
1021  498  5839  5834  456  534  8172  8763  619  1157  6016  2337  1728  2093  3535  1499  1195  8920  1979  19750  3874  5106  2766  10660  3536  841  5517  3226  2713  928  68  1205  114  507  49056  6626  4562  7290  7523  40025  11166  15725  1142  503  14351  1203  2077  6862  20855  3322  8675  2138  15976  12495  10313  54272  8508  4620  51666  32965  56600  18563  9688  112948  42943  142308  76346  877844  227975  40323  18215  535  38206  1318  36607  840762  65900  196473  135506  132013  1.34738e+06  0  263111  
15902  18446  15749  10672  36381  26053  161447  494697  38710  536689  170084  2326  5620  6610  15253  313676  36074  298763  119465  279810  19743  13150  60587  54926  72519  20578  139509  50268  30057  27423  4807  50075  6422  24811  2.66826e+06  952684  308158  1.82888e+06  63516  169018  424936  15438  9969  1847  5980  13628  37827  92713  453153  45459  355340  100983  3162  2449  3977  45823  367971  62156  385324  124168  290448  49969  11291  206741  57537  110062  27149  123321  55929  68040  39105  2641  50548  3834  32459  2.60458e+06  398993  589316  2.12875e+06  38576  927912  501936  0  
