4932119  
2302269  
729753  
3820623  
4040391  
4015271  
8701195  
14138533  
4283136  
7056075  
3004149  
2381596  
2551212  
3854333  
2894605  
6210634  
8479034  
6867492  
9273401  
9148605  
1648858  
1493826  
4734536  
4165229  
7734336  
2228449  
2102348  
2317960  
7652257  
8958528  
3052924  
9324881  
891587  
7246971  
11561279  
3994888  
6361251  
2442389  
773614  
5367437  
2397780  
5311157  
2320998  
575041  
3803881  
3553212  
5010155  
8363571  
14469568  
5215130  
8004683  
2642525  
2686540  
2048903  
3483702  
2835964  
6341044  
7851306  
6825977  
8503988  
9351240  
1765480  
1285163  
6207897  
4182498  
8407773  
2271632  
2244279  
1946360  
9631839  
10550136  
3362327  
9379517  
948107  
7425125  
11275376  
3589992  
4998221  
2605617  
796985  
5083469  
2201329  
10317035  
