0  1.34074e+06  27543  628743  207266  60337  503827  22471  744  16908  1060  10370  1728  1953  3483  12008  10682  24654  9458  9908  3988  34593  46888  66287  59882  15255  10931  75737  58177  202725  427  437581  1678  1.25453e+06  93634  226486  531826  67339  28554  44106  22470  15832  1913  670  4312  1195  1011  6333  8011  260  1232  1877  1163  181  138  788  1480  489  4052  521  5769  1794  4170  1932  4285  564  343  678  1883  897  596  303  787  40  3584  5439  18839  1831  1350  954  3222  784  61579  
1.0869e+06  0  5037  7058  694302  7244  628537  21232  529  8266  1863  391  193  285  1825  8898  3611  19970  7399  8648  3871  33862  37714  60892  47614  7855  4384  5734  28033  57180  234  44159  371  33697  536729  672284  346583  85921  8081  52308  12099  8159  16805  3241  2212  3198  610  31174  22576  332  1508  1358  188  131  123  670  1208  486  2956  492  4548  1655  3906  2094  4115  507  258  334  1401  900  550  295  527  29  474  12018  9907  4117  1981  1885  2817  1951  194773  
40350  3262  0  164404  336  465  266153  73291  182  945  263  179  93  127  448  1021  187  1883  688  1318  496  3942  3260  8130  9168  2383  871  2178  5739  9709  14  2248  34  757  64268  145600  87223  17197  18245  10407  4675  4254  3022  14909  17882  729  345  6768  6612  77  268  147  97  90  69  164  137  68  397  97  657  223  445  358  611  152  62  104  582  278  168  53  152  3  236  2565  3827  1085  648  1255  706  711  33239  
653923  2858  129566  0  1219  1405  39363  678743  188  1539  866  1.18525e+06  10820  9837  10023  1824  563  2743  835  8334  752  3108  3757  5505  6253  2041  7192  41470  5266  19418  23  29017  88  23784  91559  223184  59497  12241  27441  13159  9205  338624  13525  111682  1.51046e+06  3508  1513  47219  283144  329  687  521  137001  24437  16624  9510  558  427  956  388  12811  1395  631  1665  1871  571  102  3467  9888  1520  1578  560  2353  23  18176  12892  145551  8064  2474  9657  2759  3363  37100  
318265  747729  2825  4156  0  1.32544e+06  1.11507e+06  117894  3367  122626  4962  427  367  288  2687  42017  47985  39926  32705  16867  3688  23898  41979  36428  20276  2324  4651  5094  29069  49868  2009  58059  2078  459595  879984  783144  460862  174355  2395  35029  11791  1829  5552  753  1398  25505  16656  82037  71611  4318  5948  3963  170  155  216  842  3756  1434  5512  1513  7039  1421  2835  2894  2859  739  148  344  1477  1861  1279  699  1085  72  839  43605  25120  11536  7789  601  3200  1707  408147  
64015  28930  2359  3640  1.28224e+06  0  671786  286636  447903  1.9449e+06  2634  205  587  224  1375  46946  50378  23182  47018  9501  1287  6621  20952  8778  10049  492  1862  4655  40387  39107  1753  101502  3120  1.09021e+06  161672  99281  324049  77836  933  4925  2434  3224  6380  909  1348  40655  86568  117489  194923  71763  31696  3224  87  207  260  551  4495  2110  6803  6858  5331  723  831  4956  926  1775  81  396  1230  4188  2771  649  3755  182  2305  63989  25554  23591  15720  139  3266  1234  129349  
400458  466725  299959  80737  1.75521e+06  785155  0  1.71818e+06  839836  186777  9136  2658  1609  1084  5812  42799  39217  58876  130099  30319  7605  52871  79765  91209  109819  13982  12799  12849  167529  162496  2693  37479  1125  38806  1.28757e+06  1.52222e+06  635411  170471  24792  109063  32878  30789  79493  16660  20693  133005  109632  537172  416728  50528  21073  6209  1155  1026  802  2608  8826  5541  14934  9845  15166  3905  6327  13483  7596  4038  584  2437  9873  9604  6765  3412  5786  253  5304  243950  173471  79537  38974  8702  15968  11362  571425  
12560  13397  195569  1.24167e+06  56858  379370  1.68354e+06  0  1.74623e+06  734146  471053  617727  1.13366e+06  543491  212316  66922  19389  137383  83238  522142  16311  44779  98395  68023  66424  20542  25194  12491  54954  64325  927  45439  2026  43367  1.55485e+06  1.54048e+06  845933  413009  20744  123674  31175  168186  77673  89103  478527  182521  252341  644974  3.79025e+06  452557  443459  71725  98915  181547  166185  53618  65457  12566  40644  33034  161757  10368  6431  30029  9887  9513  696  6899  17410  22909  15956  5976  18456  871  25146  431521  338755  185849  107636  12534  41428  15493  986903  
1049  399  854  583  2022  769557  1.17419e+06  1.58513e+06  0  2.01854e+06  1783  36  215  61  142  11819  6497  46530  154208  6036  176  788  46860  1189  27512  463  2408  771  100963  47989  1190  6080  221  1503  28439  12906  46075  36971  329  1361  667  1619  3466  226  223  6334  67022  13400  161527  157663  90063  2430  21  51  40  160  9336  1872  8759  11787  2436  234  132  7331  250  2580  69  298  996  4882  3181  539  5582  265  3279  38185  12256  27221  15849  62  3439  714  63957  
17830  6634  1779  2602  59177  1.50574e+06  391769  862543  1.68481e+06  0  77507  186  358  773  1655  2.36393e+06  220114  74655  109677  15433  1216  2830  24359  4291  13183  589  2736  11246  74590  73621  3024  335017  50484  732826  144639  100859  545864  314855  989  4546  2353  1949  3035  334  655  7620  39858  20312  237370  167231  392502  25322  69  113  327  442  72038  5009  14703  11920  7846  491  344  7458  547  2454  85  530  1913  5034  3405  874  5675  390  8757  44498  21864  39238  28376  115  12220  1860  336751  
283  109  667  2324  425  1981  3431  782219  1397  283466  0  2627  29612  1.09429e+06  6663  81778  1820  56440  1176  1.01283e+06  1586  351  1382  363  524  153  361  353  661  1189  46  3731  761  1369  26208  10386  10255  11074  293  1667  533  1585  937  318  1284  2404  5385  5354  247091  10859  315438  269392  2241  10407  72974  2898  99043  9418  25740  5149  107911  1036  161  3039  263  1098  38  636  1375  2125  1558  1063  5784  661  5941  24322  7300  17704  15190  113  8701  847  46688  
35603  600  3584  963492  783  817  10955  550287  91  536  5878  0  310860  230919  190802  714  670  2239  500  71618  2498  1842  1177  2712  11640  13286  41621  19477  3299  3726  19  11960  152  15693  39817  31567  16603  3388  5149  75942  5814  221209  4670  27640  415489  5810  1266  41811  227737  208  801  1162  569651  61746  30428  30199  888  583  2149  697  42288  3134  757  2224  1904  483  116  3313  6299  1172  1357  804  1397  34  10717  21151  72284  11887  4118  5377  5024  2242  12371  
7451  425  2343  24529  2335  8478  27154  1.02084e+06  662  2336  37139  462109  0  810019  422632  1523  1601  7199  1184  469848  9749  6102  1850  4153  8153  8388  27122  9104  2971  4213  56  7292  317  5055  63839  25900  19925  7051  4443  63763  5134  47315  2580  3050  33589  10015  5936  37542  332914  2296  2970  7713  178382  520557  114326  74198  2240  968  6125  1037  144418  7679  2033  2505  3419  662  259  4255  4571  1746  1494  921  1511  62  4003  35634  28184  18101  10888  2135  14508  2781  27456  
6516  249  1872  18619  917  2556  9017  833843  619  4587  1.03001e+06  181713  884506  0  715115  5434  2659  27530  1788  1.20355e+06  10949  5270  1916  2890  4678  3845  21015  6761  2424  4082  71  8283  522  4999  51871  18764  16385  7051  2308  51066  4385  40386  1174  1426  21155  3482  5085  11314  188732  4576  34178  82418  60854  204514  665554  72828  11234  1393  12155  1287  311890  10447  1872  2104  1946  559  224  2638  2848  1509  1224  848  1882  104  3715  18432  21015  11167  7788  883  8780  1647  22222  
6058  636  1567  12034  1297  1076  7496  112086  152  1598  5728  104491  183921  446753  0  1627  8706  33659  6603  1.73334e+06  62183  48866  6464  472504  17143  64850  42800  7344  6584  12429  288  24972  2439  8489  91741  11561  36051  17748  2341  111960  9592  35227  794  1196  15986  1632  1057  6636  65171  660  5268  16586  27972  22449  110798  431498  8069  1681  21218  2160  328464  18455  5018  6149  7148  1474  642  2402  3243  3334  2356  1490  2769  159  3083  13592  17678  6444  4668  698  10539  1767  27635  
22647  4601  1896  2841  24648  56169  81059  115091  69852  2.48357e+06  112226  283  271  2578  2176  0  2.50355e+06  588955  146335  34800  1262  2039  16462  3308  15130  785  3416  18843  59958  79659  4308  608236  339837  783421  199398  47598  464881  313399  1461  7750  2366  925  1062  339  711  2395  4068  6595  30595  7348  66892  40887  86  96  510  615  65774  15454  33801  11865  18922  468  306  7991  507  2877  109  450  1438  4744  3304  2137  9882  1806  2727  14792  4735  7892  6899  143  5295  2245  353545  
27393  9394  2613  3980  40083  88410  94940  116574  43368  475877  18688  995  1314  2319  24324  3.23058e+06  0  532757  1.57058e+06  187957  6804  4196  25143  6099  9905  2492  8106  20351  102696  643379  277567  2.25578e+06  696563  559254  160403  44382  573069  137678  2779  19365  6025  3638  2021  1074  1724  4843  8248  14207  34849  6155  63248  150135  399  520  2268  5906  211894  43463  168493  37563  147005  2459  780  26000  1473  9668  319  1610  5807  19120  14087  10174  30463  4126  5060  39538  8613  18525  13943  573  17127  3267  177355  
11557  5783  7092  5509  9754  22375  73009  156748  145260  140642  68105  561  545  4736  7002  900901  1.04938e+06  0  3.07735e+06  640594  127784  8659  976355  18859  145805  30109  22040  21210  115317  120643  2356  178034  16234  60586  178312  32987  255534  126737  7757  136837  27494  3593  1470  1227  1952  1806  4117  7199  19944  6312  21432  48616  274  215  877  9579  43483  21890  99145  16559  107836  21847  14384  65923  17488  8536  2701  1879  6401  14618  11227  11339  22616  2090  2885  26781  5465  14260  9982  952  23279  3228  159344  
13684  9792  8211  6048  20226  122456  329924  222006  407286  127943  6543  1138  1387  2187  32490  58453  1.63286e+06  2.7668e+06  0  146720  8033  7178  1.7729e+06  14041  342435  29847  35667  22231  765859  2.10146e+06  395843  298513  7114  74411  135567  29807  231614  100365  6676  81154  28015  3301  1558  1238  2116  2291  9213  8760  28683  16787  13975  18021  462  509  1451  8321  13907  5784  60767  7759  67698  5236  2771  18335  3775  3825  540  1074  4143  8913  7005  4869  7989  569  1493  21511  6056  11913  7070  728  12557  2584  124335  
12612  6572  14123  21089  7780  6990  56894  605611  5876  19774  624084  29717  175800  551330  1.7839e+06  28344  57691  1.12374e+06  81000  0  1.76829e+06  695253  94699  967847  85645  204319  98831  38282  60812  142100  2882  174170  11649  38433  379859  83036  300271  142735  15405  464168  64143  21999  4916  6276  13140  7941  10104  33410  241331  9946  94822  299929  13049  33967  103148  190973  181945  37416  365837  37186  1.46949e+06  81460  35429  130301  52079  23979  10138  10987  25749  48037  36864  26946  44714  2913  7839  115610  26757  57463  37864  3266  98166  11031  259153  
987  584  1025  791  467  131  3918  5813  44  294  156  281  302  465  60893  291  1010  112280  5065  753248  0  522291  77815  162394  11966  26697  9362  2709  3962  9422  122  9904  282  2224  40684  3060  20378  8432  1026  59577  4708  739  204  246  396  170  90  1119  2036  31  272  345  165  177  433  16405  260  242  21789  2283  92861  130548  38045  55644  37334  5698  5793  1972  2805  3049  1304  399  1363  79  366  15816  738  2851  1908  147  20170  1119  14262  
2749  2453  3246  1866  1161  127  12376  13322  32  172  73  378  379  663  34306  186  310  14369  803  240352  373197  0  170474  655091  33946  39996  5197  4895  5123  17994  29  9918  83  1755  60455  4056  36554  7446  1658  98282  5493  819  248  265  505  189  101  1256  2281  29  218  191  140  120  216  21786  172  294  13929  3319  103127  95951  93850  34024  76760  7571  9449  3575  4389  4101  1606  455  1291  131  404  27217  941  2367  2209  214  43213  1524  10727  
19424  13595  11697  8483  12772  8625  79025  123022  28992  15516  4382  630  501  684  5253  6287  10013  964791  1.21643e+06  56006  64810  257711  0  532031  760341  63925  44117  34358  1.31594e+06  647263  3273  404060  3062  106731  166431  31239  323723  127097  8829  86067  48992  1697  1133  801  1813  1067  1090  5380  12545  1630  3473  4214  204  146  212  9742  4404  1638  25244  4310  66742  25404  18241  84227  22224  6462  3305  1394  2784  4009  2119  996  2445  165  623  15492  3430  4981  3299  575  15322  2730  129451  
10602  9747  11157  6414  4134  364  43084  44924  118  539  131  1233  1313  2157  466933  424  755  32869  3422  534912  178885  806195  453288  0  1.49047e+06  680672  20752  14328  35767  74993  61  36851  189  6462  91168  12861  110135  18071  4034  175028  13538  1288  599  532  1442  419  184  2422  5165  54  278  386  369  212  279  15520  273  193  6745  1359  37738  21528  37798  23189  173412  11019  8331  2423  3867  3710  1441  232  1026  61  335  26396  1669  2225  1251  396  46319  1197  35234  
8747  6526  8933  5458  3215  3943  49462  39178  12722  4540  507  2835  3044  5394  18004  1511  1577  113561  78351  29623  12798  53366  817415  1.4375e+06  0  1.91429e+06  995584  124613  3.0052e+06  154054  367  54809  523  12339  113230  15533  108836  58538  14366  281990  85535  1335  509  452  1285  385  455  2155  5615  515  739  1077  829  318  169  4965  935  346  5206  951  14743  7807  9369  18219  25822  13081  5001  1530  6920  6798  3603  399  1669  29  260  23830  1572  7051  6568  456  36488  1323  93870  
2134  694  2399  1940  446  177  6705  12036  194  420  130  3656  4351  7358  40236  337  719  43324  11917  32672  13222  34339  90927  356932  1.94739e+06  0  371766  9834  67390  48812  135  17336  295  3749  58433  5066  34278  8920  2698  366161  21883  1129  180  199  733  86  40  826  2935  34  303  715  1137  409  214  3452  437  90  1973  320  6856  3879  4929  6462  12605  3739  3437  1136  2003  1986  815  132  500  11  201  18642  821  1139  523  258  26121  649  72080  
8576  125  554  4041  113  99  1487  5023  109  260  132  5451  4128  6903  11230  273  402  6299  1913  6998  2434  2950  11153  7319  970145  413131  0  198809  8960  2498  26  2515  135  1663  53036  8426  33454  37298  16889  360461  302267  3412  61  106  770  51  34  365  1824  27  250  853  1159  265  137  795  580  102  1272  133  2404  629  574  1045  1845  882  766  591  2792  1322  774  142  608  4  1481  5203  5599  1256  1443  1642  5937  1475  46043  
192745  5374  17809  163418  1938  1278  47260  23322  361  3429  474  24371  8693  9150  8544  3862  2735  14610  4560  7817  3151  22371  36758  40643  162671  13419  182810  0  215302  156510  130  373886  368  55230  50655  33295  390900  233682  171845  52819  697402  50084  428  561  7331  394  335  1689  4423  84  548  652  2700  439  321  1239  665  790  2830  690  4489  1459  2620  2951  5410  3376  2401  4401  48921  30190  18505  1439  9052  21  22758  5544  81009  31963  29298  16365  7258  6211  63876  
12200  8255  9485  7009  7216  36906  142716  53459  47301  41209  1167  1825  1794  3044  11152  13448  21558  90084  285293  31498  9416  49585  1.20581e+06  113514  2.8479e+06  183301  41320  294949  0  4.01863e+06  6035  111136  1760  23080  99949  26518  201209  113820  38641  227726  83180  1512  713  490  1363  837  1534  3687  8121  1818  2363  4519  540  224  310  2974  4413  1465  11580  1913  17167  4487  7013  8645  10189  3591  2062  813  7751  8486  5536  1273  3424  136  581  15464  2826  17939  11249  3372  15656  1702  74329  
52438  22429  23967  21188  30006  73449  209093  123473  49013  110036  4284  2528  2215  3691  21964  52139  709570  201709  1.14975e+06  102280  25650  108618  631058  193267  258201  98381  18859  271278  3.71209e+06  0  995266  3.65117e+06  6868  68769  185485  63865  641068  208174  64897  221851  136544  3939  1730  1382  3346  2550  3962  10497  22921  3769  9795  35256  748  510  1305  6520  29023  8332  71762  7664  84352  8100  13440  13894  16166  5814  2177  1473  12300  16184  11523  5426  10855  687  1802  27989  7204  30521  18674  5978  22131  3258  135337  
2312  3045  543  667  13396  22217  25675  22135  3313  44781  789  164  190  310  4213  16071  858782  27512  809447  20093  3341  1820  15827  2328  2649  596  1391  1956  31860  1.80581e+06  0  1.0728e+06  1266  8952  12571  5215  98458  27724  305  3919  904  563  303  217  317  792  1379  2560  5484  1364  2050  5027  64  83  256  969  4292  1385  15295  1268  16585  591  274  1251  327  530  43  164  765  1736  1435  1076  1490  102  287  3472  1080  1878  1095  108  2067  282  16280  
606767  53881  17305  92905  43430  107543  94392  130023  5549  494758  13459  5125  3019  4513  37735  455972  1.69592e+06  457709  242698  263503  42208  56976  527138  87577  67609  14702  17908  346941  187501  3.94735e+06  780643  0  696351  1.35495e+06  158111  63440  998312  162334  26625  52580  89387  14038  2117  1547  4399  3601  6439  12518  33600  6154  31936  174773  944  666  3033  8093  132615  33593  224295  26307  253438  7391  6336  22340  7380  7635  901  2435  11571  19784  15861  14432  31004  2723  7458  40195  21955  26112  21242  3574  27966  3868  152646  
3349  512  205  321  2653  4002  3089  10287  432  84310  2056  41  64  114  919  182718  322298  25019  2949  17840  589  244  3743  358  729  147  408  2052  2706  9546  840  532697  0  271242  4854  2635  74060  7458  162  784  283  166  150  55  108  385  516  1109  2960  523  6364  19232  21  14  119  199  24510  3655  13909  3437  10441  165  60  2309  100  767  21  113  360  1311  925  694  2649  371  369  3745  668  1301  1153  30  1106  166  7706  
1.39376e+06  134654  9083  26692  984094  1.46737e+06  108490  234386  2568  1.74878e+06  5596  2588  1037  1071  6813  1.6094e+06  976247  109272  30693  56861  4679  13710  65777  20889  12199  1741  6617  73064  60000  155233  6726  1.35879e+06  842626  0  44827  32166  1.41367e+06  52689  3795  7705  8362  4902  2114  745  2350  7228  8313  24275  47592  2971  13115  32754  408  223  540  1246  33977  6507  28910  5708  30324  1202  1605  4642  1634  1539  86  504  1681  3011  2208  1968  5231  626  1914  17485  11552  5875  4323  478  3709  801  42993  
31386  38824  149304  171902  44272  49001  681322  2.0279e+06  28882  477239  198191  28898  17902  31879  70599  628770  52754  670425  101986  410709  62209  62396  336573  91519  223321  113295  192025  89760  224727  270977  1230  134958  9749  26389  0  4.0761e+06  318170  348110  116495  1.75607e+06  592563  20962  20929  13586  42868  44648  44126  167542  467392  30382  65501  45527  5487  2696  3331  11577  33545  9239  47963  8745  72408  10246  9539  21954  19715  14255  13429  5142  15779  16927  9385  3647  8707  495  4791  362137  71408  48491  36873  4538  104188  28426  5.29915e+06  
44425  46875  246204  293668  25985  13732  581736  845380  4015  88037  52874  26592  4041  4046  13339  147199  10498  74594  10599  75537  6264  8266  31790  12861  38688  8952  37611  20931  41325  46872  198  47027  17460  31280  3.07298e+06  0  175930  273913  387787  301326  123456  16480  15286  18351  65541  33545  12903  129301  188983  3877  24653  17920  2595  1836  1822  2769  11879  2845  11041  2528  16560  1347  1130  4567  1700  1326  246  708  3617  3354  2409  1267  2122  146  1852  94204  62478  23695  16131  3427  8100  8637  1.01344e+06  
137313  47659  244907  212691  148826  103940  729042  2.2495e+06  27298  509293  63153  11069  7472  7956  32507  467579  133339  395474  115324  161166  19387  59231  186645  109080  145975  38554  35369  121294  242982  257584  6081  285408  14673  256910  187724  1.07894e+06  0  2.22409e+06  360896  115086  113419  16467  13407  9362  38897  21396  15735  85396  355551  20354  108759  40955  2918  1881  1970  5236  32385  5958  28033  5768  37895  4660  6960  9306  8459  2760  816  1721  7999  5363  3923  2302  5773  409  6636  63884  63810  29812  18516  7013  14157  4893  174602  
5542  5841  26104  26239  18344  15200  118092  606323  10509  172056  28697  2214  1571  1571  10034  165069  21213  152790  41264  76463  7694  4699  58301  6734  37910  4407  27753  60911  84541  63995  1378  23947  1571  7002  102273  389623  1.64303e+06  0  63372  20682  127397  2644  3072  1966  6166  5602  4943  21295  96707  5840  35202  12599  496  408  537  1603  10265  2087  8681  1914  11965  1006  689  3246  1942  1775  904  408  12329  11738  7049  1109  3668  136  1079  19335  12984  23466  29265  2356  9543  10359  524642  
23922  667  13750  66910  111  152  11978  12976  107  1267  567  3484  1078  1077  1392  3184  575  5896  1173  3036  668  2073  6395  5473  13044  5653  13241  40720  15448  18939  21  5414  71  1034  82585  340734  317807  94707  0  17487  68363  6685  266  1497  10763  196  171  1044  2114  54  656  341  571  151  91  283  457  321  933  278  1272  299  350  1130  1309  840  377  994  11568  4656  3041  428  2475  10  4590  3619  21203  15649  9967  13557  3035  4429  41948  
9612  2673  10201  11004  1283  558  27597  62520  274  1255  847  49347  46240  85854  137290  1324  3438  60470  8948  114500  44886  51852  39657  102071  271899  639535  1.28252e+06  45836  143205  179833  159  42985  1289  5377  1.90836e+06  97349  132164  33631  26832  0  1.40419e+06  17504  1331  2112  7975  925  411  6396  21743  224  3338  11837  12372  2820  2052  22551  7291  2076  40197  4069  64774  18060  14701  30887  56262  28414  26959  9400  21306  22408  11072  3294  7364  224  3271  176395  10143  12753  6745  3881  206116  15663  89436  
4820  398  1549  3780  340  279  4189  7575  152  1263  434  3864  2740  5197  7266  1659  914  19056  4017  9191  3921  3994  41455  6152  125710  20222  544152  315064  21990  16760  65  8874  186  6784  498748  91673  74706  210812  91201  1.1455e+06  0  1505  162  203  963  225  193  798  2112  80  671  1307  753  157  117  892  1032  531  4481  535  5865  791  574  2013  1742  1260  1037  389  10256  8713  5243  558  2264  23  594  6729  2676  10039  11388  2422  8759  15215  189375  
11856  3562  8660  69910  930  5493  26813  33490  2182  3573  1054  31193  6666  3879  3431  1578  1535  7356  1246  7209  1341  2070  2450  2585  1823  772  2110  24702  1675  3570  41  14752  380  8874  18443  21628  16762  4309  6104  4769  4141  0  1.34622e+06  100760  813153  300813  229965  444242  62084  2306  22389  3405  44675  24141  9320  5962  20534  25678  22681  19829  18168  7421  3783  99909  62016  22159  1248  23173  122833  41357  77706  33031  337410  1400  1.12958e+06  408385  381407  487718  94752  60850  24586  14269  118310  
2677  11810  15548  22097  4432  8262  116354  80673  3926  4776  575  2226  479  302  655  1422  635  3330  778  2559  558  1792  2166  2770  1996  361  398  423  1489  2209  19  1659  165  1216  37092  45515  14382  4859  890  3265  1032  894668  0  4392  7057  677891  107003  352637  35245  3552  11865  2839  390  388  302  1886  8463  10760  9584  8708  7354  2412  752  31728  10243  8760  331  3572  19663  28357  24052  9875  23115  286  23850  390842  424379  178699  52850  3930  24293  13432  75934  
1616  2606  24284  68202  385  291  16041  22838  34  141  61  2123  306  152  297  185  88  431  110  564  89  354  336  594  494  106  148  244  253  424  2  259  10  155  7008  22391  3030  838  1029  911  339  70879  924  0  169320  641  340  131660  178522  86  398  191  479  316  236  422  357  429  592  473  979  302  235  3215  2612  889  66  337  4333  1721  1886  716  2115  8  3354  21540  58905  17366  2832  10198  1767  966  6363  
11256  7713  43350  1.22805e+06  1347  1030  56011  287469  131  832  888  320252  18070  14362  13656  1034  353  1959  516  12244  931  2242  2006  3253  3572  1356  3244  4529  1867  3053  13  3221  59  2806  52545  121237  25047  6625  11488  9887  2786  907007  5130  124060  0  2721  1086  20500  598483  230  619  657  887620  64045  38904  20857  498  645  1169  544  32711  2929  875  2517  3046  891  128  2923  12896  2401  2749  993  4490  26  16037  13542  83826  11269  2742  17074  4477  2506  21371  
789  2549  2825  4722  17585  57041  196983  164060  14922  20884  1752  742  780  189  588  4597  1873  6434  2351  5200  703  1188  2757  1574  1818  265  586  527  2845  2864  65  2965  296  1507  103597  94692  26351  15783  630  4415  1732  501408  904281  2116  2211  0  1.39726e+06  818707  124884  19333  49196  7679  363  493  395  3673  26513  35414  22696  19888  15868  3885  569  28885  3860  13516  456  5656  20084  59606  42536  15883  30970  839  198232  582011  500895  231219  115151  850  37857  14788  146395  
505  548  930  1429  6832  152877  124042  207099  78158  89766  2411  191  2001  260  397  4936  2485  5779  4902  5045  427  429  2664  553  2689  137  427  405  5327  3510  94  4832  386  1522  77212  37696  27895  19536  482  1866  984  210877  195209  1111  958  1.29038e+06  0  878123  230217  696544  1.69692e+06  4414  119  531  371  2506  62921  64207  22748  63484  8533  1638  240  37501  1992  17179  256  4009  13400  81233  62696  13332  167635  7090  963919  193373  274412  171883  67771  298  18389  5031  124512  
6512  26941  34341  62683  62617  125750  785818  610814  16289  35988  4114  7189  3648  1262  3094  13178  5549  17121  7154  14297  2119  6433  10708  9237  7612  1305  2311  2012  10351  12373  232  8424  631  5767  352238  360213  106787  54631  3017  18097  6223  338056  326341  206741  27042  1.67846e+06  1.1345e+06  0  2.16815e+06  1.23033e+06  210973  14472  2796  4086  3280  10499  37407  59051  93305  228961  31823  6895  2080  137479  21910  45326  1308  10864  39893  140815  96331  21081  24774  877  26631  985583  1.15285e+06  399299  166791  15892  70478  29949  338856  
16018  35224  65658  425225  61376  456360  917024  3.69211e+06  333171  465518  150835  269580  183227  58215  64049  35619  11484  40900  23010  163639  8328  14067  22533  17274  23143  5852  10423  6701  27738  25304  441  23156  1480  11964  674059  553917  269345  169411  8066  43791  12169  188693  55656  272569  1.14817e+06  203131  267521  1.80388e+06  0  1.5275e+06  405710  534745  872679  979617  771074  210273  56940  23955  125758  64428  472147  25003  6554  53992  21309  14308  1396  27984  42695  33382  29371  17461  32808  1263  53991  847921  1.28362e+06  600563  350465  8496  150097  33018  725442  
251  265  352  532  2016  131463  73496  162597  107638  132469  2799  82  471  102  134  3499  1289  3353  4291  2490  226  215  2115  308  2669  104  286  230  4245  2105  50  3831  180  850  35037  11644  21592  16762  284  1145  529  3273  7443  549  472  42128  643687  1.1813e+06  1.58904e+06  0  1.80404e+06  5503  61  132  130  403  22072  10875  83828  146446  7430  461  70  51142  525  13723  255  1100  2766  40853  35163  2929  7208  334  5873  36607  136295  58034  33104  131  7603  1125  63147  
434  277  402  821  1334  36726  23065  261302  99254  287557  30409  209  1074  849  264  27446  3304  12067  5953  8690  386  257  2840  406  1513  117  262  528  2538  1700  44  4373  891  1883  35137  19123  30832  27862  377  919  794  18614  20225  1037  884  59146  1.43935e+06  272684  780282  1.53399e+06  0  134581  181  449  797  1586  2.41892e+06  245699  107784  86106  13392  2189  180  33250  1066  15504  307  4745  15517  66903  50862  13506  466875  140984  796036  237263  422336  349931  301767  432  126165  8974  369234  
1133  378  406  985  1177  2485  5924  77071  4415  259027  276657  664  4305  9146  1718  97185  15815  73571  5420  98294  571  346  3109  429  1268  203  467  1308  2403  3952  176  20047  6740  8485  51437  34050  27236  26582  385  2086  1055  1091  719  659  1045  2765  1902  9013  535585  2673  300280  0  3550  26438  756491  6343  211197  3943  59495  1358  615676  1851  198  1333  364  427  74  1886  1820  1393  1246  1236  4026  288  2359  16853  6466  20666  18761  146  12233  1724  64334  
9393  437  7490  397438  1428  1708  16878  305279  153  859  4839  980606  190100  134822  112073  903  706  2929  609  64524  3402  2957  1519  2429  6831  7424  22598  6082  2132  2723  24  4287  137  3751  38014  36340  16924  5730  3315  43474  3244  175324  4431  11955  954267  7106  1530  54010  873868  312  1197  3010  0  384644  103181  94521  1271  1094  3379  1162  144602  10792  2621  4175  6488  753  267  7812  11148  1938  2461  1637  2572  46  13971  28104  53969  20202  6561  21127  19966  5419  18619  
2405  303  1921  46152  1854  9287  25638  295263  1878  4270  14571  58718  369576  120805  70203  1551  1203  5404  1009  123529  4451  3397  1403  1586  1822  1638  3054  2265  1192  1869  45  3378  217  1751  31664  20195  15271  8948  1248  7828  1111  43973  2056  2715  53510  7910  6573  28265  1.07092e+06  3880  3453  37656  269484  0  325159  155548  2540  1147  5695  1131  243574  14147  3462  2831  9818  784  419  15039  11084  1971  1682  1036  2183  81  5574  36672  23379  29994  19072  10839  45915  7034  34556  
2483  310  1966  48337  924  2035  8539  188570  1051  20331  112800  23655  88845  601138  180294  9135  5020  32644  2754  394383  9249  6072  2640  1779  1571  883  1826  2049  1752  4112  118  9447  1162  2575  30417  19443  16092  12605  1392  8042  1801  20235  1053  1993  31633  4092  2895  15183  709944  3290  24910  995730  57798  447255  0  360209  23902  1520  21214  1250  1.07218e+06  38606  5632  3812  7061  851  434  8231  5381  2092  1655  1127  2526  160  3504  16626  20775  11439  7190  1348  20687  3530  27740  
2663  566  1751  26971  1092  1288  7450  53018  213  1660  4176  29086  31216  68340  523556  1878  7639  20313  4689  237134  19486  17695  5630  7930  2983  1584  3941  3201  3368  8935  253  18251  1759  4751  31610  11986  27255  14312  1720  20412  3693  16002  1526  2288  36192  4415  2152  15358  150830  366  2755  6800  65259  96154  418555  0  3049  4942  62474  5610  1.74674e+06  118871  95393  19763  713137  13141  98215  83173  42460  13157  6866  3852  7620  715  4958  47371  18492  21026  17173  762  134986  25456  40616  
432  240  253  560  768  4403  7891  43435  12688  93665  37072  242  424  430  258  103402  18115  26043  3635  18885  269  198  1960  348  798  116  254  555  1537  2270  100  14758  3859  3987  19227  10033  11919  9279  360  979  797  15945  14930  886  690  31740  118056  49883  92850  53792  2.3916e+06  128381  251  501  1276  1413  0  2.25878e+06  819423  73346  21904  1056  129  21377  883  14140  297  5713  21298  47822  39500  18152  714740  401409  826312  270687  120441  427453  366492  487  151876  13180  416365  
1084  645  727  1161  1733  9484  14970  33010  9258  45248  54016  426  635  723  1801  146927  48867  144423  13644  98738  1912  1333  7527  926  3025  388  905  1729  5372  10640  507  58794  22105  19426  46779  15821  25154  16206  1455  4492  2885  26033  35939  1974  1788  80674  221965  106898  55629  54766  427915  34077  467  741  1223  24485  2.40766e+06  0  1.01506e+06  1.63204e+06  178540  11396  2008  48210  6360  38510  1223  13620  41747  321807  596124  758257  2.04346e+06  452529  389178  277661  71060  281397  218448  1309  132475  16522  286702  
3170  1900  2772  3639  3125  12015  21932  45072  9928  29748  15675  884  938  910  4719  62100  53967  177880  31064  82372  18727  8402  35920  10487  10403  3668  5406  9369  15552  36824  1115  85675  12169  18504  109118  24494  79457  48672  6925  51323  15837  32657  11632  10306  9032  13691  25467  120706  112066  105928  184264  59763  774  994  1194  25932  895441  975618  0  2.96634e+06  934809  126945  4857  802860  13913  67639  4467  17433  59004  135694  127359  57910  124024  11508  48972  184878  33112  275044  184681  4980  169011  31238  256486  
979  916  1405  2880  1839  14475  25892  41072  10276  15593  8244  1411  1252  597  2004  26015  16846  58903  8287  33054  4896  3125  11545  3552  3991  1521  1618  3186  5322  9640  263  26476  7563  7956  39241  15512  23960  16105  4098  12560  5696  38601  27172  11633  8964  38310  116177  444226  109808  229046  151367  8651  1771  2470  2435  21459  54791  1.66755e+06  2.87526e+06  0  169404  17211  2767  2.04944e+06  18187  240038  6661  21321  84580  696182  1.39042e+06  879675  267611  14115  97757  185083  46498  406577  142837  4744  115902  32992  212434  
8732  4724  7266  17835  7242  9212  43773  168854  5709  36218  102301  16824  30466  60181  155455  54952  81919  463466  60909  1.54356e+06  141135  145294  122220  56047  29783  12485  16710  21801  33588  85602  2392  164111  17118  35326  277139  58662  207393  117803  10321  165858  33519  32492  7511  10742  25265  13978  8081  60052  429660  3624  34996  531545  51892  110413  821711  1.83243e+06  72401  38261  1.21122e+06  57272  0  1.93659e+06  883587  249322  859036  49098  121478  127924  89068  71025  44496  25667  68473  4927  17988  215542  42456  139753  112204  4032  290902  52614  291206  
554  367  577  718  297  232  2610  4555  167  600  597  418  500  687  4016  666  1153  48734  2880  26734  134024  98420  64104  31243  10785  5437  2781  1719  3299  5606  59  5867  310  1329  37444  2281  12057  5347  939  45984  2583  3776  903  1270  1308  684  324  4557  8751  69  992  821  519  824  1764  100547  479  1287  249928  5893  1.06861e+06  0  311762  184231  164064  13408  26487  30403  19343  10284  5656  2017  9400  652  2643  44034  2932  19066  15395  593  66761  12413  30862  
351  269  398  496  156  56  1532  2002  36  96  81  250  245  321  1988  99  195  13789  723  9268  26016  82649  24765  41470  11022  5751  2135  753  1974  3135  9  1823  43  354  41505  880  5081  1534  436  42147  979  2188  354  666  930  251  102  1888  2744  27  226  163  444  398  843  97281  123  351  28174  2914  444967  261879  0  170233  650594  7153  52809  12986  9998  5472  2968  463  2674  121  646  29836  1209  4673  2498  325  69551  4724  8759  
1092  991  1672  3011  1206  3409  16412  23605  2120  3242  996  1377  1116  567  2809  3073  2548  94659  6808  34036  54961  40630  153480  40540  15661  7341  3999  4026  7091  9937  87  10542  724  2468  52047  10547  23114  13542  4201  45699  7029  39315  21273  14188  9920  20695  21633  136978  81734  22038  25606  2415  1680  2157  1929  18293  9163  10317  456095  1.22206e+06  226018  125771  146822  0  365457  616670  11368  23428  79777  862253  750291  33998  179595  5994  61001  155996  25303  366184  89202  4730  94031  36127  149907  
851  635  1085  2036  315  183  4073  5913  85  284  193  663  492  496  3252  255  308  13827  1120  10227  17704  102768  23537  144310  22576  13014  4079  2213  4727  7864  17  3703  67  679  75316  2705  12071  4491  2356  73299  3118  19847  3187  6593  6753  1690  561  17409  15555  91  773  404  1888  1566  3541  743523  535  1307  51009  4914  680304  192347  627032  331343  0  1.44919e+06  586320  74261  72440  56292  27671  1669  24414  409  3882  84680  6922  36876  7623  2234  199770  18563  33598  
620  370  905  1540  353  1387  4671  6913  1047  1453  524  311  270  234  1018  1604  1622  17025  2332  8830  9547  11765  22148  18959  17768  12296  3478  2194  5134  7315  47  5365  474  1063  59356  3709  11415  6673  3322  52314  4043  22695  9177  7231  6524  13518  21634  41669  17357  5756  14110  704  476  406  460  33114  6596  14746  31463  59472  42309  25829  16675  669573  1.67666e+06  0  1.49678e+06  1.06236e+06  349353  2.70956e+06  171531  10732  40191  957  7977  131852  17870  59049  17509  2971  305274  26147  45737  
95  42  120  162  29  51  467  650  28  61  24  27  29  23  113  62  63  1230  175  750  1201  2142  1811  3131  3072  2946  723  483  1060  1381  6  518  20  73  10671  395  1565  1337  962  9819  1024  1616  376  482  516  350  282  1665  1892  55  281  73  71  50  62  78608  159  427  6738  1776  33352  14593  16064  17159  337329  1.48971e+06  0  477815  185149  107011  22785  465  4788  114  730  26492  1312  5174  2402  568  333352  26778  42235  
516  35  89  502  56  141  551  1431  71  168  115  327  231  131  172  184  440  1743  320  1100  488  801  676  1166  1168  1067  409  1762  462  839  6  1497  88  589  4899  581  2106  796  687  3763  512  12545  844  233  488  1263  1249  2176  6177  176  980  185  950  962  571  57008  895  1692  8783  2410  29708  9648  7276  10246  41572  852088  384044  0  334941  21030  4125  867  1929  156  14134  32780  10207  4108  2507  1316  286020  160636  18076  
1905  202  903  6219  263  906  3701  7783  626  1604  622  1157  757  375  543  906  1140  5463  827  3549  877  967  1373  1614  4621  1964  2901  20146  9879  8237  31  5442  262  1918  10626  6735  12394  27999  28588  6893  25931  126629  22221  17038  27535  14500  10190  41420  38999  1243  10273  2190  3854  2993  1896  12564  13553  31202  21022  16870  13405  6235  2642  48597  29173  197295  39660  255741  0  547087  317211  43052  453835  778  189486  361453  106859  168880  64649  41004  358416  396708  71825  
806  545  850  1566  1071  6194  11033  18039  4341  5951  2417  412  435  336  1875  6825  7571  31252  5607  19607  5172  4195  9372  5078  5081  2824  2011  5449  7065  10420  216  14830  1857  3432  30687  8146  20639  20766  10732  16866  11849  22736  33309  5412  4863  63156  98619  103958  30825  18537  62571  2827  525  585  702  19186  27585  247399  78955  261104  56776  22305  7125  1.20799e+06  96968  3.68297e+06  41978  57911  685990  0  4.15248e+06  495974  121709  2329  19920  168346  29725  89721  42551  4508  152564  16467  78928  
1180  1058  1562  3422  2057  10815  24144  38399  7040  10521  6124  1396  1629  836  3267  14770  15190  64413  9188  39668  6802  4251  8545  4398  4862  1965  2174  7240  10688  15352  342  25285  4027  6093  43803  16769  30901  32362  16678  15781  17300  67677  81627  14210  12181  135401  180937  202533  102259  37729  127232  6590  2323  2809  2786  34887  54371  798298  225405  889432  108437  51016  7553  847813  89354  150368  15803  18530  467139  3.96044e+06  0  3.37123e+06  4.00161e+06  6736  113109  195712  56591  183965  75659  8683  117836  18160  157324  
661  418  557  823  853  4790  8462  14401  3363  5153  3380  274  369  294  1828  8812  8793  34527  5274  21609  3432  1329  3218  992  1555  457  791  1545  2684  6480  203  15224  2484  3770  20434  6144  16013  9732  1166  7393  2500  11558  25441  1772  1672  51693  82057  63682  22299  17605  65056  3525  260  362  493  22051  29208  720505  169451  1.01524e+06  67366  28904  2354  164267  8028  20629  1540  9399  24874  199044  2.56124e+06  0  758332  4987  24573  83648  24029  45740  36559  889  42986  7251  67575  
1340  874  1716  5769  1908  16801  23477  43725  9899  24113  30122  1354  1565  892  2235  59223  24497  131720  11584  89759  7965  3370  8903  3209  5956  1764  2519  12510  15054  16806  338  33751  7957  8964  47879  18890  28981  42043  26878  10509  26444  272394  84682  24925  28586  106397  317261  118274  113820  8302  363796  22316  2505  2574  2529  25772  305725  1.89618e+06  279037  206969  125199  68585  6210  402539  57425  65321  9791  16002  502206  180356  3.56577e+06  1.82498e+06  0  937227  1.1152e+06  241329  109284  461937  138765  19380  115449  45800  209999  
37  26  25  38  64  321  567  1131  281  1447  2593  19  27  48  52  5587  1535  8389  501  5819  137  57  314  41  101  7  16  55  192  334  13  1853  648  604  1756  572  776  515  33  106  65  1780  1471  72  50  2846  10289  1262  2546  187  134542  2204  25  39  52  668  157597  223848  16371  5820  5802  1256  77  4781  324  1198  66  782  2697  2979  3181  8305  599527  0  387081  7615  3112  17705  4944  70  2242  655  5678  
1673  356  688  3502  1653  14054  23566  45016  6741  17394  11025  1529  1867  560  780  18762  6426  38514  2817  26094  1167  654  2182  624  1012  203  594  5240  1617  2541  89  10499  2539  3875  22569  12669  11236  6520  1668  1784  1629  1.48783e+06  310728  6408  10073  753027  2.18749e+06  67940  174114  12169  1.50536e+06  17123  3268  2757  2107  8180  1.50897e+06  767508  113286  55762  38124  9087  854  68916  7060  21674  795  33954  128458  72379  81994  68796  1.66742e+06  837502  0  125068  72955  454494  93291  3409  23885  31242  79752  
2349  2875  7799  16752  14421  53027  207738  392420  27419  45083  14244  7890  19088  3422  6923  24252  8945  46611  8369  47411  15268  9854  15288  12429  18449  15102  6537  5046  11311  14425  221  15915  2231  5139  403632  136934  67150  60999  11197  63623  16825  157901  94069  95989  41035  146278  90738  630465  1.57498e+06  29191  715016  256827  6865  15686  11524  110610  626207  218365  634875  219792  432812  126823  16340  560097  126826  207864  50537  155582  721110  523130  168213  42176  118584  11333  40256  0  1.92766e+06  909281  742672  51853  1.6902e+06  682089  4.52136e+06  
1955  4185  7075  19290  5601  4750  81703  88584  1619  5087  1929  1782  993  395  814  3647  1498  7164  1135  6211  672  1192  1987  1736  1745  449  962  6321  2118  2930  19  3897  419  1451  45277  47439  20706  9689  9466  3267  4262  209458  132426  181623  87740  65561  17330  632138  878060  4629  59954  14609  1104  1320  1324  5657  24778  11996  23041  7890  23855  4348  768  13941  4762  30043  1522  26416  108567  53039  18052  3641  16153  982  19504  1.17448e+06  0  132089  120719  287360  227890  60096  233073  
1391  2934  5026  12917  7610  23094  119304  220868  19122  49622  9780  9127  11808  2864  4106  7833  2871  17877  2996  17942  2269  2834  4832  4287  5945  2171  2021  8532  13350  13919  62  5992  891  2292  81002  76311  46858  53963  35681  9166  22899  166449  139932  71098  37515  262148  108835  589059  1.3104e+06  107617  575957  75958  8659  16895  13465  24394  571318  195625  197523  109742  72172  13448  2553  187258  23956  47086  2824  14312  121334  132440  94656  25341  107145  3777  126722  312061  421985  0  2.2536e+06  293680  192339  46989  614442  
281  525  983  2165  1506  8622  24464  55192  6474  17783  3566  1436  2455  579  814  3567  931  6431  1320  5642  686  530  2365  1353  1588  398  525  1385  2818  2372  29  1640  256  549  23165  20058  15162  37121  8042  2299  5757  20577  20050  12151  4334  40362  27996  126289  432558  34819  232165  33631  1171  2661  2212  7234  160835  41214  69577  36628  34425  4377  564  40392  2931  12148  1062  3363  28281  38437  18945  4640  13229  1027  4650  215007  123479  1.68915e+06  0  4070  436737  69682  1.14214e+06  
788  179  1079  4805  87  59  1870  3205  32  150  115  1933  2118  852  644  95  212  811  155  899  151  291  365  549  1277  532  1164  6772  1755  2056  9  1706  34  621  2979  5267  7464  5065  15636  1870  5426  36787  1320  16210  20716  559  595  8859  6549  97  1300  185  23905  16428  2179  990  1870  2071  1402  1108  1661  698  509  4483  6142  3404  871  23828  190085  24161  11740  2000  25061  93  31777  28487  231433  225006  8127  0  10881  72244  3138  
1560  612  1746  5838  611  1228  8437  23038  348  1578  1016  4087  2309  1583  3808  1482  3491  15332  2804  11690  4423  9421  8871  18871  38813  37918  9912  4771  11703  16377  99  9848  759  1821  144751  9337  22109  17369  8821  127470  9618  9572  2381  3025  9690  5963  3875  19005  99757  816  11038  2767  16480  7154  15746  317843  8546  6710  36525  7905  107188  44601  36216  33875  92478  203742  396308  706127  526986  261012  78073  2994  24039  471  15467  1.58935e+06  124345  67316  91179  16371  0  1.42275e+06  231510  
348  70  188  913  83  147  1081  2259  76  341  187  398  207  113  225  451  244  1507  235  949  334  281  876  390  1102  635  739  1946  659  757  2  824  67  319  6956  2192  2042  6154  2947  2878  4276  5206  790  930  956  816  739  3826  7118  133  2147  638  1362  709  754  12785  2764  2974  7115  4520  6292  3028  1121  18715  3311  9707  7201  259078  555707  45283  5720  903  20781  272  48778  449004  71144  31931  44463  21594  1.11876e+06  0  97604  
8178  6478  38085  49252  15297  39696  176242  1.0666e+06  40160  637148  179054  3444  5520  4009  23318  649221  47842  417423  93986  241256  25691  12057  189863  57377  81713  28276  62128  54149  82279  59841  979  47065  4541  11465  3.40666e+06  1.13849e+06  626428  2.41076e+06  48530  110890  168959  39904  19105  19175  17985  45696  55348  171152  913479  53545  710659  212992  1425  2771  3292  31020  583876  173010  357067  119428  239112  39266  4763  154649  33398  38994  23265  30839  135551  94098  50206  19025  45810  2581  24738  2.9724e+06  337021  1.25529e+06  2.64217e+06  5941  552170  371081  0  
