532294  
432208  
634988  
494195  
971701  
723418  
417586  
376699  
306123  
204545  
651322  
708149  
621113  
846297  
266153  
491073  
190497  
1034146  
730046  
764047  
820141  
315892  
537169  
702674  
441010  
414789  
527843  
529145  
634169  
289420  
205119  
329628  
684458  
466215  
399650  
434073  
567710  
674619  
769472  
627142  
910540  
666449  
388926  
417584  
612310  
435067  
869377  
674419  
393926  
646553  
435812  
759233  
640089  
559935  
623188  
757948  
660933  
647832  
772383  
553659  
848507  
545554  
680697  
523521  
549550  
575647  
605659  
741386  
583398  
674282  
513072  
569012  
610989  
465780  
550373  
343250  
380614  
579322  
487361  
733418  
799423  
515877  
823060  
507943  
487708  
490757  
415116  
482990  
810965  
500865  
844655  
440034  
439502  
580514  
407884  
493096  
557875  
686085  
499023  
552324  
387540  
426906  
595613  
334746  
359637  
693782  
426833  
706850  
432178  
315660  
654501  
497515  
268394  
225969  
268755  
756706  
983538  
212119  
214973  
204908  
618795  
286400  
160160  
487886  
325500  
431973  
454070  
457836  
690187  
433477  
623544  
348904  
427749  
485717  
364324  
494225  
415485  
135798  
436188  
364912  
545403  
304346  
193618  
183813  
159665  
233196  
218662  
190962  
205569  
177617  
373885  
142426  
169190  
198438  
176788  
138070  
132860  
390238  
436885  
255653  
54245  
110071  
98767  
121079  
230118  
130053  
65476  
142497  
196000  
336021  
279498  
731192  
219217  
236867  
247134  
434776  
365223  
525854  
372491  
880763  
728345  
520157  
612783  
348152  
454902  
528318  
528682  
265740  
546841  
618710  
192862  
745749  
678178  
194452  
418607  
187540  
815256  
348179  
411012  
576492  
881503  
493988  
610393  
303219  
457543  
613050  
545622  
382070  
464436  
197658  
505254  
329235  
179173  
195150  
272886  
301157  
219063  
160488  
205966  
150515  
145661  
192328  
291222  
96349  
90535  
116146  
87593  
244267  
186899  
110606  
124083  
179476  
146301  
167451  
362135  
532967  
424175  
309205  
411550  
490441  
747936  
299634  
321890  
651115  
424569  
625002  
914194  
289087  
453309  
665033  
631046  
704490  
622927  
451964  
317889  
575371  
524978  
423579  
167037  
222300  
315684  
280797  
232818  
231842  
205645  
174396  
261473  
184350  
301806  
621467  
203177  
289986  
182825  
339467  
368699  
513705  
208022  
99137  
173047  
135125  
255264  
353485  
404278  
700771  
446777  
325102  
194715  
496582  
461261  
662382  
439440  
156337  
125569  
386749  
435262  
289494  
216325  
399085  
411519  
449195  
769407  
671261  
564367  
436682  
702822  
358944  
326224  
403173  
383277  
377948  
309367  
416184  
565522  
452299  
576235  
451003  
666794  
520329  
698634  
668408  
337151  
472522  
453287  
438789  
779339  
708148  
620476  
592723  
555892  
915885  
405813  
230924  
279851  
198370  
218413  
253767  
286050  
256764  
159206  
105073  
295654  
194627  
194820  
170064  
293511  
198160  
259996  
53304  
201141  
53256  
159935  
86259  
188570  
350026  
353734  
109020  
339044  
445747  
497987  
396112  
178688  
154291  
168661  
275898  
189327  
255595  
427514  
482796  
480319  
624448  
347611  
188528  
283041  
129156  
548761  
193822  
233251  
218434  
298395  
417264  
543332  
249467  
283883  
240516  
253588  
219558  
263302  
409451  
386465  
583553  
270918  
335856  
591264  
451079  
427241  
393746  
462978  
465368  
941771  
606134  
986621  
845885  
917652  
924376  
1097570  
384682  
292422  
360144  
289567  
487329  
468712  
1530669  
727071  
802896  
1029791  
911751  
543158  
1240878  
1018322  
905355  
683987  
682250  
555344  
545986  
880097  
458208  
880579  
672245  
504836  
762585  
675141  
1177523  
681362  
559247  
422524  
753058  
580405  
493361  
582681  
481944  
627314  
793111  
649747  
696713  
921675  
958321  
451284  
767046  
948574  
876287  
850020  
547915  
412505  
495113  
610191  
719656  
662154  
448471  
350198  
356802  
393829  
597591  
695339  
616553  
622720  
756670  
525822  
453252  
495399  
550134  
404558  
359919  
452453  
402546  
850969  
677682  
525040  
806621  
393699  
540793  
859224  
920329  
419666  
265650  
193634  
291340  
371623  
443519  
450143  
329393  
644856  
685118  
427628  
417951  
523017  
451578  
812799  
473591  
488582  
510606  
1130077  
9415009  
4307739  
5506582  
1851291  
659226  
4471767  
2228404  
342037  
453950  
534711  
545280  
1025189  
800938  
469970  
268069  
251097  
220480  
577980  
747832  
614936  
913143  
237615  
609448  
408023  
893090  
746578  
503718  
559647  
139572  
535777  
740212  
431631  
462903  
546415  
353630  
567460  
353932  
212937  
308019  
408575  
316225  
344408  
426773  
447982  
428949  
711749  
723666  
582975  
268058  
782366  
566504  
756524  
412844  
861312  
525831  
563304  
546578  
403537  
878894  
696388  
550752  
574199  
853884  
926548  
432183  
725489  
567675  
769292  
490667  
537902  
688833  
448185  
623802  
575668  
803568  
523651  
687804  
304922  
470888  
515123  
363368  
343779  
284187  
259724  
406759  
385494  
574813  
686072  
662495  
722304  
430617  
400329  
462825  
554287  
389111  
854119  
451911  
787148  
546984  
308514  
402714  
373421  
428983  
469760  
590698  
469894  
500918  
461780  
379759  
697009  
269990  
359359  
542210  
479485  
736555  
458633  
418895  
544098  
515342  
343590  
242931  
202244  
750754  
1185066  
360859  
249044  
321701  
759954  
248224  
175653  
503488  
291748  
367237  
439290  
461283  
959362  
524187  
766078  
320933  
444153  
391314  
365672  
396434  
604541  
132134  
271770  
269754  
532185  
296806  
161560  
215451  
218885  
246804  
240756  
195046  
241473  
125367  
300686  
125117  
74597  
147241  
136400  
121331  
142104  
410176  
274791  
168180  
104566  
98742  
122897  
68908  
232012  
106930  
141376  
290606  
123524  
259833  
95434  
361913  
283729  
295580  
264902  
250291  
428314  
352023  
281474  
709451  
764882  
711990  
626769  
175300  
298340  
381368  
468084  
267024  
595619  
418920  
257603  
645931  
496318  
270169  
315720  
194757  
886510  
322732  
295854  
451048  
818185  
522945  
600654  
397902  
215699  
771004  
604296  
396332  
457931  
133272  
369090  
245612  
225316  
184110  
191544  
335512  
194419  
120625  
196097  
150249  
100658  
281334  
359745  
153884  
124349  
131217  
138883  
212472  
270375  
140387  
102158  
119832  
144428  
114239  
316155  
482070  
288280  
444059  
270466  
459877  
830421  
503196  
332776  
726397  
377020  
680215  
797305  
161018  
384434  
473006  
691223  
649448  
303306  
181089  
470382  
787553  
462179  
398499  
95694  
119341  
375155  
194026  
172669  
308185  
240337  
238182  
164791  
278039  
300295  
630472  
197587  
199020  
161804  
296719  
298058  
420621  
179782  
167155  
108723  
141662  
311152  
374720  
285404  
418645  
398111  
261049  
335372  
279947  
772434  
960168  
577648  
207277  
239645  
383473  
334830  
292026  
345251  
315621  
335838  
816464  
1139794  
351105  
197082  
293941  
261408  
524270  
321995  
607624  
457412  
304363  
326167  
289542  
632908  
510845  
509012  
495791  
710330  
547600  
631132  
661009  
450990  
446154  
363762  
497751  
760221  
795394  
706264  
442249  
541481  
778968  
415293  
107735  
346338  
210227  
338540  
262669  
217998  
182786  
93049  
126206  
437453  
176380  
127649  
165922  
248383  
38392  
84317  
127246  
187854  
188687  
242986  
219308  
523040  
425475  
452134  
225512  
327908  
357635  
425662  
462432  
279104  
273113  
338726  
188449  
291064  
319281  
423599  
576426  
787275  
716153  
302569  
369674  
114789  
126584  
601604  
194602  
199713  
332569  
298036  
362934  
500167  
293191  
283259  
328553  
316179  
253785  
370113  
623661  
365090  
608214  
265239  
394504  
600779  
447438  
443417  
312090  
442745  
563860  
855199  
629931  
872290  
662376  
506046  
747114  
1237631  
226844  
234163  
423456  
236015  
498291  
673065  
1203254  
729668  
1045289  
822603  
745245  
606093  
1241775  
906266  
743569  
637480  
514414  
540991  
615879  
809070  
879005  
953376  
1473340  
722996  
690388  
703986  
841968  
548514  
507192  
461609  
746995  
786838  
691126  
535672  
632755  
569251  
965316  
729477  
479668  
1038231  
941663  
510533  
781685  
954311  
1033945  
775888  
865132  
421537  
622040  
611622  
868714  
788425  
699018  
357941  
381687  
315403  
382255  
248123  
502205  
590462  
760260  
399009  
410814  
531650  
504061  
384980  
323366  
318839  
415224  
749971  
655137  
603815  
666298  
250531  
430964  
896085  
1072530  
557116  
289864  
173077  
323102  
438634  
412754  
524036  
374491  
529298  
