4028534  
2365352  
729398  
3822213  
4025431  
4247757  
8774564  
13345588  
4462356  
7063866  
2926145  
2609708  
2086311  
3478969  
2890267  
5866566  
7598334  
6009124  
8516967  
8940965  
1408709  
1358137  
4092559  
4042628  
8540083  
2106485  
1996506  
2271048  
9036915  
9983921  
2831472  
10114215  
832500  
6540367  
11425330  
4007511  
5624930  
2232876  
795522  
1576757  
2318905  
85696  
484759  
686876  
1112186  
412427  
471468  
423718  
59376  
87794  
951285  
106391  
999746  
5641711  
1435347  
4676562  
2199611  
573604  
3979348  
3446591  
4626266  
9004934  
13932361  
5163285  
7783493  
2332368  
2686631  
2048763  
3259192  
2797020  
5729137  
7899421  
6698885  
8682091  
8875188  
1648901  
1198415  
5578796  
4325249  
8317166  
2206808  
1910906  
2109303  
9618277  
9860769  
3543614  
9132027  
928760  
6792997  
11584881  
3307114  
5022547  
2238564  
747631  
1691716  
2259415  
69318  
523330  
664562  
1039456  
413409  
472573  
500072  
108466  
99777  
981295  
145948  
970003  
5622525  
1630184  
16172561  
