4648346  
2662662  
813183  
3853496  
4227623  
4350886  
8720397  
13658533  
3839078  
6718509  
3009169  
2463001  
2430229  
3664302  
2744751  
5615420  
7128977  
5852504  
7541347  
7953706  
1434760  
1339717  
3769282  
3724371  
7915863  
1966956  
2158615  
2224598  
8459629  
9731113  
2693207  
10088834  
825556  
7234989  
1884649  
1619804  
1348025  
1887119  
957460  
2443554  
1825601  
4398263  
5534034  
2188775  
698438  
2355284  
1569717  
84056  
486156  
696535  
1114884  
411072  
468292  
424020  
58804  
89117  
959876  
106983  
971971  
3545959  
1119119  
4998964  
2461554  
674080  
3640858  
3518400  
5111654  
7562678  
13359423  
4742861  
7283588  
2375617  
2592564  
1936036  
3270732  
2592640  
5640629  
7053824  
6015616  
8192677  
8153495  
1497952  
1135139  
4328107  
3922021  
7623082  
2030984  
1886305  
2061093  
8834184  
9915613  
3441680  
9379659  
984131  
7029879  
1502117  
1626566  
1911787  
1710121  
1438092  
2446012  
1521115  
3776967  
4562559  
2347363  
729144  
2071144  
1676577  
68424  
527338  
651489  
1037328  
413331  
469655  
501362  
108845  
99223  
976012  
145137  
943425  
3265779  
1224361  
9269709  
11955318  
5461282  
222430  
