0  1.82159e+06  34290  934143  267489  65305  578883  20311  5053  19756  2590  5934  791  461  3991  27550  30810  29402  15772  28750  4690  31260  18289  41673  38364  8665  64926  180987  43973  128850  16852  240421  2635  1.33073e+06  102910  286388  489699  103606  46532  48529  20189  23850  440  583  35861  120  136  2996  6082  454  740  582  2182  932  279  638  699  1231  3814  1978  6417  579  1035  2027  1353  848  153  419  968  1510  230  94  567  70  319  7839  56566  1943  1682  5379  2222  2196  61016  
1.0247e+06  0  7440  49472  665984  21859  386222  19523  3671  7905  3148  224  361  289  4061  12291  27455  19576  9866  25759  4029  41801  9581  49054  19476  3138  7768  25780  22571  56689  15932  35250  529  57414  445316  727277  398564  153530  6814  73922  24674  1437  1241  746  1259  199  164  6611  7200  706  1040  760  114  158  124  640  737  1116  3337  1857  6263  642  1010  2026  1340  815  91  165  411  1462  224  102  581  89  266  13315  4876  2284  2527  528  2441  2651  156938  
57186  550  0  161565  529  405  193543  117144  938  388  266  108  72  32  310  589  404  1425  608  2108  357  3894  720  4775  1383  196  669  1091  1214  2028  442  693  6  123  43019  79529  26350  14247  3928  5914  2089  4796  2971  5491  9157  273  179  18440  11133  349  250  119  287  308  105  133  256  211  409  240  888  93  170  456  262  214  39  167  421  372  44  16  120  4  141  8000  12017  1523  1008  1478  1442  1253  18290  
805567  7469  274859  0  1695  1364  53177  951746  757  840  1163  688941  8985  3080  5384  1936  1190  4822  1391  11771  1022  3406  1791  5480  10988  3626  18362  21100  4339  2771  509  3575  93  3688  70921  261868  90118  27692  135001  20145  14238  198345  17550  71163  934344  1089  1554  88853  236861  6455  1386  703  173082  16622  4438  3584  932  649  1496  760  10947  859  699  2353  2071  1701  483  1574  4329  2624  368  52  1064  19  1363  34625  250714  11751  4853  33493  6202  5964  26444  
411025  956553  4688  6175  0  1.28467e+06  1.10599e+06  115069  26581  75130  3789  285  795  312  5049  51245  178011  26190  32425  33384  7792  78731  20459  46416  14031  2160  5139  14021  27476  99685  56216  90580  1979  316231  565237  580531  417289  117679  5761  56138  18429  1156  712  522  872  1854  4054  26448  58336  16994  6545  1632  210  240  216  873  2219  2231  6267  3203  9329  1054  1468  3537  1879  1406  113  241  1005  2434  424  169  1061  94  896  35775  21859  8717  8840  320  5796  4651  242785  
122611  119856  3815  5514  1.24518e+06  0  791449  168608  446153  1.58894e+06  9064  243  962  362  4517  145240  223110  32564  68105  34526  4640  21820  16340  11041  10500  1708  4705  10797  60682  103737  81312  223735  10356  876632  288704  239526  373063  112697  3982  15352  7763  847  483  303  761  1363  4972  18860  71942  27956  18076  4019  276  211  233  625  3534  2485  6694  2633  7556  548  833  2255  1124  1081  67  161  727  2396  491  169  958  61  831  27049  18603  7413  6894  220  5347  3281  224219  
597420  678736  399974  126090  1.81456e+06  918578  0  1.08718e+06  862298  129511  9702  1093  2346  859  12768  21909  194845  49589  43606  79418  10394  69091  20799  63056  49374  5645  16866  41518  116784  199258  144028  77341  676  7449  1.30983e+06  1.6302e+06  620369  267568  20435  157189  64117  8465  16291  7687  8491  17629  25812  276819  385438  97896  29050  4695  1074  1171  880  2873  9204  7016  15940  8101  22672  2256  2961  12354  5115  5762  501  1537  7432  11282  1837  604  4134  193  5552  227035  188070  47914  42287  3428  29872  16891  497290  
23862  13791  224842  842683  167925  163015  1.32716e+06  0  1.89082e+06  402385  523327  767555  1.68846e+06  544458  278799  24099  21170  70169  71626  524392  29811  41555  18856  35038  68867  29862  42624  30527  75725  38486  13054  17848  618  9680  779650  877030  433493  238857  27360  159337  44799  62117  45829  42557  154917  28276  55070  555833  2.47812e+06  301235  409093  143712  98106  34303  20967  23226  51335  14836  34850  20201  99738  7196  6073  23239  11503  10414  1153  3066  14568  22045  3828  1207  9220  305  14554  455590  423139  147451  117485  10116  71321  25853  452967  
2888  4804  3402  2049  88282  796168  1.10085e+06  1.43298e+06  0  1.59777e+06  5554  85  262  104  1106  11026  35246  9339  68177  10418  708  1254  2833  1011  21624  523  1068  2892  90927  56173  52255  5524  198  1554  146153  183795  73927  88532  2353  8312  3659  535  452  197  283  1053  5720  13688  99131  45860  53709  9422  60  50  124  303  5069  1856  3530  2638  3402  242  270  1419  590  846  45  127  629  2270  520  119  1005  30  1206  27759  20554  10496  8544  111  5709  2158  153172  
48679  39308  4753  5903  126419  1.2644e+06  360746  894082  1.68313e+06  0  135683  231  501  546  3417  2.17883e+06  208391  52277  70682  34217  2583  6018  6848  3694  12082  1535  6797  16117  83811  101017  81584  263658  38268  578188  338152  645688  484299  452955  6858  27524  11287  865  419  227  663  622  1711  6895  31888  10985  134868  26465  167  153  262  512  65717  3516  8101  2108  6660  358  581  1580  1012  1017  78  159  413  1651  312  132  1024  64  1241  19043  12877  9998  10281  358  8559  6982  458877  
585  251  442  4460  759  1028  2970  647022  1658  134953  0  6269  79456  900332  3968  90926  5741  18281  927  961127  2920  694  562  429  850  364  551  449  1023  656  189  2191  346  492  35252  25229  6935  13261  1347  4690  975  1641  490  336  2791  675  1275  3535  43135  4091  220687  344263  2369  2926  30320  1831  158576  15984  59814  3424  82566  675  653  2241  830  1772  162  289  503  4169  733  457  3344  252  1574  25772  12219  8459  10158  653  6162  2404  38495  
16996  879  6186  841646  481  336  13447  1.01815e+06  320  216  1614  0  359251  58948  106821  297  337  2154  673  127742  5356  2995  727  3607  5304  5387  8869  5738  1851  795  105  972  96  656  19754  47932  18929  3179  52097  19330  9600  94753  2173  9694  324363  877  1075  18598  235110  4071  965  1176  499362  58778  15683  18519  605  536  1257  723  44790  3450  1447  1853  2757  1109  448  1146  2594  1822  249  51  709  24  911  18161  121147  8037  4503  21794  3594  3830  9134  
6294  624  1995  31709  1364  1020  20402  1.07994e+06  1502  557  15532  380053  0  642227  315908  585  638  5883  1305  471658  18196  6356  1055  5591  6944  9309  13164  5977  2944  1310  213  1461  244  847  32002  21193  20976  6250  27725  33400  11710  21625  747  2356  71387  1178  2155  14824  274403  10975  4077  5584  88966  245677  32089  37246  1074  1230  2827  1657  97227  6491  3026  2331  5051  1016  578  1006  1440  1711  287  101  740  49  857  21356  46897  7361  5725  11923  4246  2856  16726  
5168  580  983  16356  661  585  4865  629969  1390  6749  995120  134045  707221  0  656579  4509  2203  24609  2519  1.5344e+06  66270  13590  1557  7833  7220  6509  8902  4843  5477  2102  290  2628  431  1068  36614  9443  19786  6577  22993  29956  11880  7676  433  774  36218  354  653  3589  90004  3438  15197  74036  30246  82554  554655  137392  9508  4007  14750  3880  255936  14128  8852  5107  11883  1688  1146  1571  1071  2637  444  220  1301  143  791  14402  19911  5592  5268  8471  5999  2643  18663  
7874  1556  1713  19715  1580  1111  7959  135601  988  972  3977  174010  370539  659505  0  1531  3952  45072  8852  1.62465e+06  82618  119988  6076  557913  22676  72054  53706  12461  15251  6946  882  10863  2930  6475  73057  16733  44590  22829  25026  111158  16952  16097  748  1389  48748  310  414  3455  42138  1803  1122  2912  29521  42478  93891  295232  1648  6301  14480  9041  183817  13573  8691  7344  12061  2975  1065  1527  1426  5084  941  459  1850  268  917  15400  28503  6283  6021  9281  7098  4260  48636  
52863  42078  3954  5776  88073  143164  68145  100008  114672  2.2815e+06  132646  275  480  823  3242  0  2.01072e+06  478094  99761  48862  2682  4374  5932  2959  15510  2282  11861  28475  87312  71247  50782  356744  166402  655382  222776  132810  496437  360739  4231  39137  10773  1140  500  205  929  614  1249  4320  14941  3012  21720  30048  265  314  536  655  75831  24610  64564  5070  31161  463  1008  3599  1232  2642  117  304  665  6161  1186  647  3811  319  1119  26571  7231  5060  6961  970  8480  8099  293532  
58229  91045  6017  9388  198081  241730  171954  108389  103364  319643  80642  960  1764  4324  16220  2.10693e+06  0  613413  1.54359e+06  283517  12534  9119  12179  6975  40284  4936  16008  46370  189210  520139  752661  2.07996e+06  509090  495401  213080  112258  427356  132346  11911  50011  21425  5393  1560  503  2837  1061  2218  9151  28595  6671  12241  20308  626  836  1686  2905  83703  66764  230318  34143  164660  1784  3088  11097  3600  7513  325  889  2422  17718  3815  3551  11300  1219  2484  83485  16188  16209  30594  2148  26548  14300  148357  
17517  8536  8322  10492  10934  10979  42498  108297  38738  96831  16643  845  1354  1308  10711  561987  479711  0  2.71967e+06  595694  152609  24836  519563  37025  113535  30444  11935  21536  109653  52323  6932  61394  4254  23672  193950  51674  204567  122904  18938  123109  26573  9333  2610  614  4176  978  1148  8054  20078  3205  6549  3808  666  898  588  3011  24189  39498  125098  52221  149822  20284  65875  67005  53054  12440  1313  1343  3478  22923  4713  2877  9831  1120  3235  88115  11611  22624  20206  2858  22874  13603  131069  
34628  21812  13704  17759  44768  51173  100222  174361  125197  97961  3626  1286  1953  1416  15616  84836  1.52809e+06  2.21967e+06  0  124886  11061  9175  955411  14177  488784  25018  23413  42716  889554  1.4007e+06  805108  198125  8183  74174  204226  83969  369576  159684  31771  194245  41033  6904  1648  449  4235  740  1031  7299  22429  4017  5606  1657  607  743  370  2658  4873  14615  48030  31893  76039  7169  20694  38080  14958  8816  725  774  2197  14979  2835  1332  6199  985  2192  45162  10810  21803  15548  2481  13640  9995  127023  
22553  9262  15134  41675  8623  5255  55229  752404  5780  12031  752688  169511  461046  704389  1.55205e+06  33634  31134  1.0523e+06  77888  0  1.46762e+06  760025  70396  1.01865e+06  212096  381901  112994  52058  224138  68048  7113  57349  5652  18121  370455  79075  167818  85516  30788  485546  44248  39173  6737  3530  52616  3090  3664  24429  161933  12867  22489  45423  46672  42656  88478  113576  65805  90554  344817  134261  1.10686e+06  96657  197940  194324  204216  47822  5951  5899  8966  76395  13471  6702  24926  2810  8520  195046  56266  49275  50343  9090  67883  28429  191311  
2400  1153  1963  1849  1087  381  6570  14588  225  177  231  763  2024  1176  36343  218  450  179861  6596  782950  0  546955  17675  200567  19913  53984  5238  3844  19301  6030  322  4856  205  1766  44443  6336  22970  7112  2193  62450  4755  1503  424  110  759  181  111  1247  4059  308  224  184  305  347  267  3820  367  705  18604  6972  59329  103361  103495  34224  69129  4792  960  515  605  3993  710  120  1273  161  536  18857  1263  3108  1610  339  8321  1409  8075  
4196  2743  4019  2735  3245  844  15115  18228  270  208  108  449  953  605  56487  210  330  56925  3265  259817  499567  0  8148  610528  16651  65348  5460  5764  12410  5824  265  6664  78  2132  45070  11026  48692  7448  3145  64297  7050  1012  258  84  654  99  68  1083  2865  213  107  77  138  120  62  1243  98  230  4263  2297  13020  52185  38706  11763  35596  2770  696  319  372  1639  284  30  488  69  216  10937  1155  2206  1050  277  8384  755  6829  
15747  8148  6639  9103  10318  4186  36430  48427  2440  1610  627  587  868  495  7803  1594  7280  502467  1.02226e+06  52602  16289  9918  0  179364  872855  36645  19539  23378  1.35988e+06  612495  6625  96031  582  38471  118602  41366  189328  74216  23311  69292  44859  5223  1443  333  2565  792  578  5165  15567  1326  1007  304  372  421  158  2264  874  2620  49140  62990  130250  16136  51154  96351  31242  15797  1551  1130  2099  18306  3063  748  7665  1870  3243  51643  5259  20267  13030  1883  14510  8733  55951  
15127  7223  11296  8939  3611  901  34219  28823  639  404  190  1564  2369  1714  537321  425  714  101778  13897  553742  245666  755462  259755  0  1.4176e+06  680720  69441  43632  81984  22785  476  15657  226  2592  91435  26169  87789  13856  8024  261164  20022  1947  372  114  1750  98  81  1532  4192  346  193  145  349  247  93  1060  187  361  4398  2917  11406  6915  11699  22036  78992  4249  1120  504  616  1893  299  44  677  57  260  16021  2825  6135  2037  649  14388  1272  20118  
45507  12167  9520  28516  6300  3705  47970  61821  16655  4063  764  3835  5730  2605  23898  3128  10698  100469  278200  73412  16870  69941  972175  1.65703e+06  0  1.74448e+06  1.1268e+06  458018  3.63014e+06  162878  10125  35382  1830  10823  305927  67535  149323  69535  33192  1.03236e+06  196693  5589  948  304  5283  417  439  3887  13128  1699  1514  543  897  871  246  1742  1001  3678  15274  16602  36159  4584  10893  26561  17380  8744  1207  809  1988  8780  1406  435  3458  635  1307  37650  9465  18272  9372  2104  18306  8341  85161  
13757  2884  1784  8286  491  321  7705  7625  640  359  141  1530  2298  1166  25188  558  776  29871  14902  38905  21228  55903  58861  503946  1.50765e+06  0  382197  96427  87149  11053  389  7635  220  3347  47514  8836  27536  10807  7058  660921  45412  1455  172  62  1673  58  64  516  1876  229  154  81  284  260  67  378  135  688  2896  2323  5768  1393  2990  6442  6628  2036  481  227  435  1241  203  53  466  56  202  8415  2560  4700  1430  615  6351  1132  24937  
65732  2288  815  26831  1417  1386  3561  14074  528  2004  285  4564  6767  3419  33649  3456  4392  6857  3636  29373  7350  10584  4737  24034  1.06095e+06  494958  0  263480  28795  3479  652  8207  1085  30739  96441  15903  25042  11065  15029  597764  246642  4327  128  111  6019  31  70  504  3120  451  238  132  850  651  123  465  184  443  1379  758  2829  506  1114  2375  2692  927  259  240  476  695  111  46  263  14  147  8337  9963  1399  642  2062  4052  1398  28966  
225898  34000  4740  122191  7232  8097  31679  24926  5010  8078  1275  5685  7777  4422  7477  12765  16622  19984  12673  24513  4371  18301  14574  38250  302372  24389  238328  0  256837  306234  11328  538363  2544  95851  355460  81268  172126  94986  66158  353797  600835  10316  225  242  14538  113  170  1449  5540  646  799  466  1639  1923  373  1029  621  1458  4226  2365  6978  729  1384  4734  3639  1604  277  427  1526  2601  423  123  977  54  310  12424  24597  10852  4173  5529  5757  5627  68092  
47333  23167  12593  22375  23512  52195  176392  84666  194179  30581  1665  1727  2662  1817  35205  11706  101639  156807  615675  158224  19778  72365  1.28607e+06  149887  3.65125e+06  76480  98645  519929  0  4.20324e+06  441649  143966  3318  30706  215034  76573  238967  93531  33611  500409  94469  9924  2363  539  5956  1181  1440  9084  29458  6674  4530  1174  789  872  480  4970  2370  11154  39663  44223  98594  7870  18095  48336  17020  14593  1059  1138  3451  23414  3644  1245  9565  1841  3773  55309  14156  36459  21980  2765  17862  13917  84072  
57854  70119  19220  18527  86477  185843  454381  111223  231608  54255  7302  1320  2103  2062  31076  30459  707692  140695  802426  172866  22621  97509  449989  104665  191526  24529  23406  418790  3.8837e+06  0  2.22283e+06  4.02568e+06  11855  91579  174888  81075  304708  94021  24673  207977  44425  7849  1977  523  4496  945  1622  9225  29151  8042  5187  1927  692  767  719  4295  7356  17442  54529  28018  74888  4453  8908  22925  9965  8779  598  836  2539  16180  2801  1279  6748  977  2574  48256  12927  25928  18749  2204  15051  10314  93088  
8488  17075  2332  2369  35690  109406  216607  28181  135452  32043  1532  320  618  666  10897  11726  862210  41971  483237  66156  5266  4077  9128  3987  19116  3601  4793  14666  219893  1.68064e+06  0  880466  3347  20187  33669  19472  51744  20173  2898  24429  4694  1720  541  116  780  303  748  3022  10037  3957  2232  670  123  152  222  1196  1572  6674  16763  9305  19480  903  1666  3462  1631  1756  120  189  633  3896  835  502  1448  151  608  13200  3660  4150  3921  368  3960  2294  23418  
270596  154804  15655  56306  124967  358867  258235  139586  69014  321792  38494  2285  3647  5087  61938  358974  1.70762e+06  263518  287325  439433  46781  107188  183243  103169  92298  24370  38594  653789  190314  4.88656e+06  927806  0  791342  1.2986e+06  263803  92148  572780  147817  25430  142032  86621  8839  1955  555  6056  870  1497  9073  28691  5207  6746  5368  963  1236  1771  7639  20247  41285  143793  42949  143613  4495  8095  18938  10334  8698  612  956  2822  17939  3577  2784  7991  765  2269  68129  17198  23716  26285  2617  26308  12688  159610  
6890  5177  414  799  7150  11262  6270  9229  937  21926  4599  194  330  433  5935  78891  205406  16690  7987  40911  3256  874  1819  800  3819  989  2708  6643  4193  17963  6460  498906  0  245738  9526  4793  60216  10859  405  3202  1628  275  73  33  201  39  73  451  1329  207  429  695  58  109  155  762  2072  2109  7762  1558  8033  250  450  670  473  346  26  57  115  794  157  150  393  41  111  3182  666  684  1163  91  1095  635  8585  
1.73991e+06  554934  4117  28849  836816  1.40105e+06  83575  88955  11539  984526  9271  671  1297  1170  17066  1.3124e+06  1.033e+06  84173  50350  108301  12920  34984  32541  20858  21865  6063  28850  96487  35865  112205  35425  1.36891e+06  645515  0  47181  31483  748856  41175  2624  22741  26673  1477  363  203  1445  464  503  6142  17669  1444  2215  2189  343  406  393  2133  5058  5440  19231  4921  21070  1019  1888  3102  1903  1244  102  149  470  2508  493  334  1216  124  451  13075  5750  3628  4543  463  3688  2109  35776  
387955  70571  232479  364029  90280  93936  1.06065e+06  2.07394e+06  149530  218626  180964  14943  25906  14424  103850  303269  46672  421371  126361  726179  69801  111923  155800  91764  347085  50175  293030  357823  180181  135786  11540  112019  1843  15501  0  4.65549e+06  282103  302006  590671  2.16444e+06  1.14793e+06  16414  5329  5677  21209  5459  8369  93783  383978  44258  49811  33504  5077  4321  3054  12409  20668  17204  56649  20010  86417  8389  13232  28730  24278  11240  2358  3087  6502  12958  2440  1179  5786  407  3894  414173  87560  52957  45629  10512  87620  88423  3.77512e+06  
593553  62746  218155  703937  15860  11359  698466  838083  21450  78242  99876  3264  3632  2304  25484  100255  15292  76392  14554  186143  12468  11835  16022  11686  70040  8397  52744  68369  29301  15237  1838  13546  592  2397  3.10975e+06  0  192893  286153  596954  346843  208138  8988  4267  5738  14980  2639  1931  63632  133251  4906  14175  18181  2508  1021  1313  3235  11826  6143  20753  4986  24925  1476  2101  5106  3531  2501  278  696  2248  3935  665  344  1637  109  1057  75629  45651  14085  13692  3858  13663  13581  681549  
784188  153644  191982  430521  197223  97099  1.25095e+06  1.96565e+06  170793  491382  157118  6071  9150  6102  44557  452929  153699  464970  145091  447945  39169  84026  91788  56724  79708  14436  29797  74756  152964  155109  69316  128517  7715  97832  188700  2.09533e+06  0  2.29898e+06  327488  98813  101557  16572  2874  2494  20997  1950  2608  38462  129861  11147  74110  64430  3078  3470  2374  5511  15072  8196  26370  11204  39164  3086  5707  14519  8859  4301  488  986  3082  7167  1182  574  2909  228  1833  47584  50864  39466  26887  11315  15182  10829  152486  
71487  18005  38730  48703  31470  13039  209869  476318  33470  175449  53382  1443  2567  1716  18741  184167  33548  166279  47911  171340  13487  9688  37095  5917  25000  4169  5549  9407  54702  45016  22959  20340  940  6595  96303  390491  1.55274e+06  0  61037  42582  60693  2551  644  591  3218  483  662  7837  30102  2941  13178  11643  590  816  668  2317  4182  2566  8346  3458  12927  1126  2001  4103  2939  1487  164  252  957  2343  409  190  860  48  440  17543  8320  10700  12684  1752  15543  18436  473340  
198702  876  4481  295206  257  306  10081  5948  608  1246  1795  3703  2010  1187  2120  3094  1092  8667  4602  10294  1820  4585  7394  3682  15154  2974  14554  16802  4655  3040  367  2987  76  1540  186655  503393  156855  70927  0  27367  72812  8847  123  184  8051  30  54  666  1858  136  385  311  760  910  284  450  432  503  1556  763  2593  326  517  2700  1541  605  186  564  1364  868  131  38  356  16  290  8927  24265  7473  2468  15690  3245  4887  47107  
78897  10796  8615  53663  2105  1958  34950  43112  2250  3061  1944  11299  18411  12251  61302  5216  5935  55204  23743  135709  46431  77562  28172  111295  298884  334407  1.6172e+06  233496  146902  41315  1494  31526  1368  25764  1.88119e+06  129798  115740  63584  67542  0  1.70977e+06  15421  2226  565  14474  554  559  5698  15100  1939  1784  1429  2272  2290  818  3678  2038  17135  44199  25069  57416  8455  20083  44115  55197  16937  4349  2890  4420  13194  2793  1450  4870  298  2033  122020  24125  39097  14830  6859  72229  20071  117421  
20729  1406  2735  22132  1018  1057  10128  17779  1534  1914  1659  7957  10904  6252  11597  3783  3126  20326  10280  28803  5619  12550  19329  9769  103475  48074  1.0951e+06  186212  18481  7216  757  14720  580  12459  894493  139037  49056  167059  105127  1.36974e+06  0  2851  179  107  5584  59  107  1185  4278  467  937  443  1376  1807  371  873  767  1374  3961  1766  5827  552  847  1936  1607  795  185  303  803  1390  251  92  503  27  196  14515  8842  2622  2442  3962  6958  8523  151885  
13221  813  6255  30633  389  336  9752  11264  820  453  1894  1160  280  207  862  1118  1351  7887  1445  10299  1001  943  1065  857  1809  453  1117  1267  1619  784  163  1029  88  425  15974  18811  6570  3440  17520  4357  1284  0  1.83368e+06  45046  969560  333080  56839  502882  58357  14265  22451  2259  9570  3417  983  7432  18551  35429  25664  25212  23051  8033  14014  172011  143946  98199  9523  42160  134029  81885  55626  11692  150950  1837  1.40461e+06  230946  201660  432367  106776  93993  53222  21278  103005  
4080  1942  7956  7183  750  365  22891  19883  736  372  890  135  143  44  311  613  466  2518  494  3566  480  436  506  313  537  99  158  180  616  274  72  295  27  71  10460  6775  2086  3025  618  1393  498  1.08421e+06  0  13103  22111  459327  81873  304169  52676  5746  10161  2716  266  327  346  2233  13502  11076  18213  11216  12585  3427  6184  104004  45676  24421  1200  3398  15563  15990  7155  2084  13647  240  50240  376440  326003  302006  163305  9553  34245  15002  130431  
15032  1568  22800  38336  101  57  15592  18178  90  35  58  571  39  12  51  51  40  144  43  257  24  117  36  128  91  13  50  82  73  73  18  42  2  7  2565  4908  1018  645  491  359  150  57093  923  0  113591  170  111  145626  135178  103  126  151  335  212  158  130  331  183  387  164  689  100  121  1142  658  486  58  180  836  553  84  23  194  2  316  15592  22317  5148  2558  1976  1875  902  3589  
93334  5220  74785  799978  434  335  50448  116651  401  237  544  149350  7979  3666  2426  374  436  2053  621  7732  591  1274  740  2051  3475  1179  4945  5283  1849  1113  185  941  34  839  17699  63109  18329  3517  35418  6856  5182  845746  3721  192301  0  455  610  41541  595889  1436  994  871  880288  88240  14059  13231  1055  993  2441  1151  36862  3579  3142  9461  14912  13442  4844  17741  41490  19685  2849  108  9746  38  14694  90524  332315  61622  13539  129740  20920  18481  36024  
1230  1214  3272  2906  6521  3831  86302  62482  6225  1545  1608  203  1001  105  790  1582  1113  3367  1032  5297  661  1049  922  599  1204  177  300  612  1809  1082  481  646  39  225  31633  25632  9961  6207  483  2811  1263  306456  848776  4420  3233  0  1.47095e+06  995365  422568  70952  129903  4920  433  370  1219  1992  35553  54198  26477  25572  17831  4013  5724  113125  32273  19205  719  1466  8069  32045  19111  13326  54776  2395  320403  175790  84739  252962  153149  779  16291  7091  94249  
715  610  1966  1928  9112  10838  92279  158449  29611  3609  2246  218  1278  139  594  2240  1589  3397  1579  5415  365  621  672  370  1558  154  280  456  3760  1571  803  691  34  170  27790  14735  10207  6236  559  1984  1007  88542  161777  1446  1627  1.16389e+06  0  848680  634679  583577  1.73305e+06  6739  421  346  1158  1655  80200  152424  22961  39720  18887  2490  2340  36796  10291  21494  621  1968  9536  122322  42098  23474  255415  12318  1.07071e+06  87378  69533  84294  41565  535  17480  4949  54111  
33049  17557  74607  55592  13230  10871  385237  266422  20404  3402  2615  620  1044  238  1426  2138  2285  6559  1934  11099  1167  2367  1596  1660  3207  447  1164  1999  4421  2781  1300  1571  68  441  91475  86673  20990  13873  2164  9123  4402  343986  331289  205308  50260  1.34007e+06  1.0077e+06  0  1.29833e+06  1.43289e+06  206081  7991  1019  1326  1776  4955  41548  30152  35807  37123  34877  5004  6419  112187  37021  51304  1665  4517  28364  127250  24271  5090  20995  428  52728  688476  623476  282761  169531  7356  87987  34598  180057  
90750  38939  171638  304921  60723  71463  1.04865e+06  2.14598e+06  269781  27991  26690  112580  242432  40275  35686  8102  7652  19544  11001  83470  5307  10085  5906  6650  13517  3417  6114  7235  23990  11946  5586  5377  222  1966  357263  281608  127470  76420  19847  32028  13827  92237  27042  171713  782201  53248  130919  1.81015e+06  0  1.63394e+06  511999  462593  1.01058e+06  769204  658098  80225  60047  43057  92739  87579  319458  22334  13277  106289  41431  33968  6754  12365  54219  57603  12088  4427  35682  869  73934  1.36724e+06  1.73818e+06  552333  356539  29311  221530  71881  561095  
746  540  1252  1450  14280  22099  119406  169554  69236  5701  1219  105  972  91  543  981  1321  2876  1873  4596  330  497  610  316  2001  149  256  418  5492  1965  1038  697  29  195  33995  13535  9483  6883  634  1760  1012  3765  6088  822  1116  25408  598333  1.17793e+06  1.43726e+06  0  1.6016e+06  3237  156  251  311  2077  21826  44591  29105  67510  20735  2058  1726  28631  4240  28100  618  1056  7614  135176  32870  4686  16471  288  11755  246025  253180  76533  52487  481  35646  8798  111601  
944  576  1082  1398  6304  12533  45538  307738  89623  30842  11739  116  900  324  528  5918  1991  5246  3126  8737  414  398  787  311  2077  150  276  403  4627  1573  598  816  63  300  38285  9249  10522  11464  812  1849  1891  72417  45230  1330  1829  113270  1.29728e+06  250683  890126  1.48725e+06  0  84187  289  383  704  2080  2.47478e+06  353418  98022  74888  27933  2882  2097  29489  5706  24053  763  7603  18757  113631  32075  18387  508674  98201  1.10554e+06  238380  319431  422536  339826  1292  132566  23753  288104  
1204  485  821  2848  1548  2299  9085  293358  29126  162302  309864  3629  5456  22970  2844  76529  4528  7695  2907  32570  808  442  804  290  1545  286  501  556  2460  1043  344  1142  132  689  39035  17577  10726  17554  890  2884  1105  1259  540  435  4612  789  1081  4523  539624  1704  104349  0  19117  20325  710872  6841  60530  2171  49532  1141  411056  2189  800  1195  1566  598  570  666  612  879  176  83  1002  52  1124  36082  20604  15578  19042  693  10349  3298  60823  
32595  2488  22964  323934  1091  586  56299  253012  654  473  1307  815700  119977  27954  48161  476  431  2167  778  63526  2802  2350  736  2195  3068  2396  4413  3110  1593  899  168  797  84  543  29000  62619  15229  5367  31152  10249  4468  56810  1395  6853  869907  650  611  12764  1.09561e+06  1776  747  3592  0  543294  129803  99257  661  658  1926  861  202962  17003  4736  2058  6135  1628  934  1914  4374  2762  367  61  1045  34  994  21669  147786  7185  4346  53385  5657  5440  14052  
14047  939  4532  66650  2723  1407  48307  118660  1401  959  3350  103061  276196  83461  33593  701  651  3086  1227  82202  3823  2610  970  2168  3008  1758  3443  2896  2187  1183  256  952  74  635  28873  30554  24312  9195  9560  7468  3260  13815  549  2138  217801  533  498  6771  1.15852e+06  1175  888  8304  608239  0  387163  178715  804  756  2516  1063  310492  22873  6146  2207  9405  1588  1788  2738  3402  2460  349  61  798  45  793  19022  65804  6568  4431  50168  6707  4888  18783  
11103  717  2179  38389  1353  1464  14010  107421  6310  31289  160903  20588  74303  573486  121355  15941  3578  12336  2305  259357  12135  3651  1206  2934  4327  2201  4221  3830  3826  1613  310  1960  223  899  22784  14267  17372  6814  8182  10151  4075  7588  613  1450  155206  515  691  5612  790617  1083  2952  771800  122244  537137  0  695120  2787  1865  15722  2510  1.16273e+06  48538  12946  3568  18843  2752  4463  6355  3778  3218  476  124  1252  99  1141  21183  45307  8873  6788  44996  16853  5934  20563  
10658  764  2212  35394  922  668  9172  37127  897  1129  13731  36048  45651  95278  311630  3082  2647  18680  5266  131526  7341  4306  2015  2716  6300  2533  4481  3902  6723  2600  401  3671  659  1667  25881  11515  18849  7966  8874  14090  4606  13269  1557  1402  114004  965  775  6051  179273  1207  1273  5446  141648  342961  596782  0  1434  10666  20163  17651  1.79605e+06  138648  74268  9540  718917  24652  115456  130380  18447  13533  1504  1104  9906  2846  7391  40731  39254  23816  24924  27742  154688  42094  38894  
638  286  804  1165  758  1187  6542  32644  6612  23988  20563  134  292  177  298  33957  5548  6395  1166  8727  342  314  805  210  866  115  245  269  1262  640  188  1246  142  224  14626  6178  3041  4637  686  1944  1995  33562  21007  1627  2224  40310  90078  46864  111660  61829  2.296e+06  54987  333  430  436  1512  0  1.88781e+06  681377  34526  18127  2094  1502  16409  3281  10539  620  8113  18503  42099  15413  13670  631643  263915  583403  226052  124179  509633  397061  1937  131785  35208  274522  
1963  897  1661  3082  2011  2575  13173  31623  6736  18038  68847  553  914  1465  2779  103390  44367  80590  8483  116542  1615  1102  1796  969  3350  744  1278  1575  6297  4099  1620  11428  1110  1567  60859  17021  13308  12360  4144  9127  3956  49648  34530  2884  10031  84431  274473  104542  122090  123821  498323  16128  1477  2625  2469  15484  1.8504e+06  0  611737  1.47482e+06  107709  6895  4452  34120  8548  19014  2145  8314  26667  178585  341605  442672  1.70201e+06  198575  303923  453742  161134  193332  163712  10357  92414  51214  204281  
3145  1296  2013  3805  1752  1767  10542  28989  5288  6052  28760  535  744  996  4096  37583  29950  122043  25900  121863  14635  6519  32843  4141  30851  4127  2579  3714  29956  10788  2249  14693  1247  3207  72419  16506  26627  18545  6618  20373  6712  47795  14257  2290  14339  9197  14320  42815  96711  58969  119186  17071  1376  1264  1558  12697  705343  690714  0  2.67595e+06  858861  83459  79917  597568  41420  43321  4754  6461  14198  89236  16047  3947  42320  2482  36028  195910  35021  172386  130626  5536  94996  43638  179849  
3932  1796  2782  4653  2340  1649  14515  27271  4157  1609  8419  576  855  706  5553  7544  10703  92489  27942  87004  14021  10748  66313  6721  90071  9435  4417  5374  77620  20603  1489  13121  763  3961  54250  13763  34818  18852  9833  22991  7459  92074  29079  4350  24327  17654  24470  105415  156554  125639  86416  2585  2112  1912  1578  35147  25738  1.74767e+06  2.13794e+06  0  441637  27856  18203  1.59747e+06  26220  231480  11163  13836  32191  720688  601159  556127  106279  3756  50669  282781  49566  183642  56232  8698  86487  58612  133535  
22081  6049  9531  60428  7909  6478  51116  200610  13233  34616  261128  60212  61099  59648  163110  117040  88441  439013  94242  1.23145e+06  88977  38405  84443  24488  109568  22881  21318  20974  119567  43266  7453  54244  6109  15381  295757  70323  127644  77414  24394  154304  27514  55515  14008  4545  142312  7363  6249  44049  557417  10609  16759  407285  289984  396685  746272  2.00784e+06  13986  41924  886953  256149  0  1.93586e+06  1.17885e+06  171272  1.46119e+06  109635  168520  130958  43861  126708  16230  7518  66696  12454  32387  289526  95579  158375  109996  21384  398606  85795  265587  
866  396  563  1152  394  206  2371  4625  241  153  1640  534  914  500  2953  334  402  43569  11207  45085  88511  31316  35629  10255  18779  4687  2143  1732  14693  3910  185  2064  137  743  23028  2294  6752  3409  2098  44549  1603  12693  3012  489  5384  1098  774  5649  21985  1174  951  361  1703  2222  1270  138497  827  2898  152068  30923  1.08588e+06  0  810457  106419  483686  35001  46726  28094  11704  24117  3339  1061  13393  2141  5872  44986  6055  26355  15158  1778  137708  15393  21757  
580  196  320  727  183  98  1234  2060  112  60  1007  205  333  213  1262  159  177  19325  5296  17400  54944  21263  17320  10706  8271  2141  1292  1065  6686  1817  110  902  58  317  15784  1168  3592  1802  1371  29067  880  9550  2327  329  3840  841  451  4208  11971  659  450  173  652  790  577  103313  390  1218  63254  11074  574877  636820  0  192604  643086  30364  50016  24210  9520  14612  1942  516  7959  989  3489  25206  3881  14689  7084  1227  115958  9443  10088  
4401  2278  3433  4143  2335  1113  14621  18867  1835  943  2776  401  691  389  7471  2142  2228  86840  38696  54028  28353  18967  93818  22981  114594  12151  6172  7251  101316  25422  1150  11799  636  4266  52267  10837  38496  16521  8917  38461  7551  67980  30930  4668  13340  20701  9857  95556  135608  52071  25300  1522  1300  1287  987  35025  4121  14514  527985  1.38829e+06  199603  158003  266510  0  628294  557826  16088  14780  23395  704173  646920  18514  86669  695  41128  193214  30301  115863  25142  5829  103912  37172  75273  
1249  330  824  2560  251  185  2844  5539  320  238  2917  836  1430  575  3241  486  416  14605  4325  22538  18120  25874  10459  70158  9064  2455  2384  2001  6688  2144  169  1490  137  440  41640  3015  7040  5290  4517  46475  1837  57946  16232  1617  18284  2840  1264  22443  41420  2076  1307  492  3483  4452  2073  872803  859  3101  48213  11914  700352  287387  591572  617870  0  1.41562e+06  484186  167777  59146  86728  9218  807  29264  1601  13240  70923  15823  35344  12697  5127  321766  44978  36730  
1612  441  1046  3287  478  338  3952  6577  775  460  4344  435  567  382  2720  1461  1822  14861  5371  17301  4329  5651  7872  5136  13371  1959  1972  2020  11690  3475  327  2478  211  778  35409  4261  10093  8168  6407  27098  2451  100565  30089  2777  25230  5639  6523  55360  45149  21231  8479  740  2323  2157  1336  87680  1932  5008  24027  37016  52529  29606  60370  1.10327e+06  2.08909e+06  0  1.71758e+06  946587  358334  2.94218e+06  43181  656  41351  285  24887  173061  32999  49864  13548  10246  611026  81469  54196  
351  31  144  989  50  34  515  1221  62  36  593  207  493  115  451  88  108  1315  378  1886  1040  672  620  622  721  189  202  179  583  220  27  172  18  49  3329  840  946  764  957  2548  236  11422  2189  162  4555  419  311  1589  9737  443  383  116  1189  1420  378  159283  439  1120  5928  2210  39773  19266  35370  20562  594084  1.44077e+06  0  676341  205936  95328  2430  189  3508  278  10298  15041  3976  3044  2491  2364  500815  53920  25894  
1333  74  289  3405  105  99  1162  2977  172  88  1915  465  936  352  822  324  296  1884  488  3637  507  484  457  398  625  230  407  322  571  217  34  267  31  110  4854  2800  1625  861  2782  2353  407  43589  4195  273  18176  1417  1396  2358  18626  627  3119  361  2481  3596  1357  128572  5313  8892  6701  4838  47227  10692  15425  10700  92133  946148  844982  0  268631  15170  1349  950  12724  2036  121014  50453  13473  4906  5475  14242  428665  251117  43304  
1910  132  518  5126  141  139  1677  3138  403  152  1027  547  435  247  416  549  719  2960  522  4136  361  408  459  584  922  243  367  654  805  325  57  427  41  110  6687  4498  2677  4488  4930  2686  2020  57621  10023  1047  29262  4122  6535  12934  16569  6707  7975  552  3185  2823  938  9358  10230  18547  8918  8388  12834  3563  5176  30145  27478  143200  40555  220965  0  303323  238200  2657  169513  3605  146591  236601  42347  10582  17483  40698  306002  408341  52700  
2779  1183  1709  3456  1803  1846  12070  22881  6120  1972  8157  575  829  801  13719  7717  8598  61896  16883  81948  4426  3957  9256  3646  19369  3541  3918  4217  22026  7973  1313  9462  1386  3321  57937  11184  27778  22391  7008  26585  7182  65600  32923  2357  17482  45799  288724  411882  73033  386823  166418  1562  1789  1776  1408  31648  10439  150980  63699  329021  101056  22605  27187  1.00701e+06  182966  3.06947e+06  54203  43551  432091  0  3.84352e+06  92241  261257  534  31160  238946  44053  68817  41281  7843  244107  35419  87759  
1178  555  961  1578  1075  1265  8546  15828  4456  1212  6623  250  491  484  4139  7199  6451  34403  6541  54410  2386  1669  3490  1343  6268  1282  1375  1557  7185  3089  703  4575  488  1252  30175  6555  11019  9274  2653  9861  3039  66299  43950  2135  6703  67315  450807  462739  92819  305180  181781  1538  772  941  878  13125  11309  579872  61098  582429  68485  19276  21769  531372  79461  80123  4515  4371  780054  4.45678e+06  0  1.73906e+06  4.4493e+06  1297  76338  156422  32488  51398  31832  3572  68158  19289  56938  
258  128  258  402  301  356  2711  5239  1172  379  3564  68  158  161  585  3329  2885  9424  1163  14363  708  355  508  243  690  164  194  227  925  502  167  1112  117  179  7625  1914  1912  1743  550  1760  568  20878  15516  721  1433  27381  128462  92125  36415  46640  55471  817  196  270  282  4858  7926  800767  21567  500741  29294  8058  8345  38918  8618  4485  1157  1419  14591  113147  2.32268e+06  0  1.37814e+06  3655  31501  86255  16547  16327  12607  1479  15031  8717  22699  
1353  484  1125  2889  1271  1680  12161  31676  5799  4718  20797  375  606  564  2130  24969  10809  27983  4066  41697  3360  2177  3281  2319  4826  1066  890  1607  5131  2240  565  3643  362  627  28484  8294  9243  13451  5575  10690  4744  136443  74139  2737  17472  130564  613572  225823  168603  101262  399358  9588  1949  1577  1291  18007  343689  1.70218e+06  149475  224026  155026  41560  38759  349901  167539  101698  5748  11609  276961  220152  3.74904e+06  1.37565e+06  0  747287  850912  315682  91137  190894  126179  10459  105776  59761  145434  
85  38  86  150  80  92  686  1517  251  422  2172  31  71  50  205  2143  1031  2101  244  3466  182  78  204  68  185  51  54  52  311  152  42  275  24  43  1663  511  518  486  269  417  163  7920  5717  200  483  12880  21897  4933  15722  1724  58785  2105  82  160  156  2446  218360  282049  24783  12880  30755  4234  1777  3124  2046  1636  434  3198  7241  4668  2840  15801  485404  0  328935  13452  4970  32301  14907  366  5113  3624  10534  
1412  260  971  3852  589  593  7146  11805  1857  1372  6841  334  360  262  855  7603  3460  8108  1265  12668  902  490  995  337  1282  237  319  381  1507  660  169  1082  95  233  8867  4646  2816  1992  2195  2069  710  1.36164e+06  382645  3246  44130  774253  1.33684e+06  88181  130128  22119  1.6172e+06  6179  2141  1408  890  11680  1.26013e+06  975395  98160  72955  84818  13272  9368  95764  41202  45161  13598  133740  251463  95649  61400  74010  1.45877e+06  623292  0  61870  29170  111320  40689  7816  36982  70653  32968  
19215  5160  20431  36233  12813  14429  156441  331371  48594  12445  25857  3842  7717  2462  8463  16532  8916  43037  9176  75686  9943  7604  10676  5899  12516  2715  5075  4673  12685  5506  1296  5410  402  1386  585279  202293  34258  45260  28415  42580  30008  283483  63532  114006  181874  10171  24259  749349  1.98508e+06  130323  381765  172133  15669  17701  12991  97866  424250  180944  520459  139711  725848  127533  107499  422940  202717  205525  44346  121271  462878  367461  38801  8773  131842  2182  32278  0  2.35976e+06  436464  467567  312050  2.07979e+06  1.20896e+06  3.819e+06  
25664  4511  17445  69939  3833  4400  96070  107410  15683  4257  9477  7254  1282  463  1438  7157  2787  8466  1409  16789  750  927  783  776  1730  360  1085  1230  2130  1158  437  1256  96  377  42602  61492  9292  6196  14864  4299  2428  158847  35912  72050  198910  3328  5054  409237  538205  33602  53704  36813  28605  11302  5340  11509  97680  43988  61812  14562  83744  6378  5492  19620  13772  26599  3647  13762  66723  43325  3644  1656  16858  365  6369  1.76628e+06  0  75676  88454  473237  241396  113641  235707  
8557  2895  12669  21571  2658  3355  54536  176288  24024  8776  12663  1613  3725  878  2642  5305  2867  11145  3818  16806  2406  5161  4421  5626  4181  1113  875  1464  3851  2503  477  1945  111  562  41693  21539  36162  36591  39158  16000  5972  622073  120009  122947  216835  42330  27857  763603  1.73591e+06  50083  474121  93255  7344  5954  5735  13713  626320  218828  365819  94908  163630  22961  21089  120810  39367  48144  2636  3422  11838  123632  16436  8440  67788  2837  126075  225722  313750  0  2.17423e+06  84713  150046  56609  360047  
1752  732  2834  3744  1124  1406  14446  44952  8140  2853  3826  366  1077  327  1290  2048  943  3726  1132  6116  739  725  1196  537  976  208  231  325  1167  652  168  597  49  166  16448  9495  6518  17568  3631  2844  4469  93235  25606  20826  22107  9307  8559  163388  561987  19466  239293  35979  958  1284  2128  8261  183402  62651  130107  30771  90269  10199  6554  20673  8018  16323  1164  2775  3443  42091  5399  2329  16862  937  43041  147537  107536  1.75827e+06  0  4002  392063  90697  700929  
8579  314  2845  36093  96  76  3353  7818  111  92  552  8932  4678  2700  840  359  252  1203  289  4054  245  355  366  440  680  215  767  853  442  240  40  256  12  171  4729  14849  4586  1264  15898  1590  1030  107913  1624  4661  159679  81  217  3898  33321  340  678  529  42602  46432  15588  10365  1546  1439  2525  1368  20430  2043  2098  6142  6038  7079  2792  11022  31702  16854  1997  139  5611  44  3219  177350  542242  58179  3883  0  34098  73154  22167  
3874  576  2796  7865  430  410  6686  12183  1526  914  30281  1307  2298  1717  4178  5327  3604  16242  2411  38714  3746  5425  3649  4262  4879  1656  2877  1921  3155  1355  226  1760  197  500  51899  8650  6932  7681  6962  32808  4218  21520  4205  1280  12351  894  1498  11431  46335  3319  29846  6119  4578  10201  5787  151226  17792  13224  41378  14034  106475  34370  61746  49624  148473  286848  568218  962937  269616  209719  9498  879  21174  814  16802  1.14254e+06  50240  52253  134207  40890  0  1.72477e+06  211673  
2159  225  1217  4250  298  309  4141  7448  723  427  1980  714  936  469  629  856  626  3226  821  4877  738  675  1218  492  1186  252  509  588  1128  525  97  548  33  144  24421  9444  2530  4118  4183  3582  5093  7996  1056  1038  7680  367  860  7241  23804  1624  4616  1371  2187  4305  1406  31733  3609  4158  15435  10458  27167  7501  9760  43108  22288  36725  53519  483513  261887  48362  3087  500  14299  284  31022  786962  62688  20663  38091  86966  1.47616e+06  0  193312  
101109  21169  54460  82534  52981  62486  361312  1.3041e+06  165074  417087  237537  2326  6881  3290  27400  433373  37221  202601  39779  344922  18498  13720  43885  17925  40285  10421  16072  19571  48666  29197  10413  19934  999  4677  3.33818e+06  1.714e+06  405416  2.34465e+06  112290  180079  180277  80462  19586  26401  35553  8076  17035  206933  1.03548e+06  79856  504506  172231  2930  3732  5146  41566  366151  119836  331298  73498  317467  38361  30183  75394  87252  76679  11559  19406  28597  52618  7989  5095  33564  2282  22800  2.47211e+06  485980  889351  2.56005e+06  13513  781490  368018  0  
