4860097  
2513539  
527205  
3489282  
3833258  
4334506  
8039447  
12501417  
4051340  
6601792  
2728049  
2383084  
2223728  
3611755  
2791824  
5418569  
7468164  
5224654  
6827761  
8329178  
1364093  
1202306  
3797925  
3256336  
8319901  
2131126  
1904931  
2248088  
9201558  
10035482  
2729509  
9920148  
745294  
6400176  
10798266  
4417137  
6944699  
2402252  
750906  
4672239  
2257261  
5006470  
2092311  
453329  
3253485  
3379416  
4754907  
6753323  
12538636  
4344942  
7088913  
2181038  
2608943  
2013666  
3357155  
2903813  
5411025  
6413762  
5413945  
6893155  
8965123  
1753565  
1345753  
4450300  
3540711  
7516126  
2221705  
1991009  
1415707  
8600769  
10723522  
3463807  
8387731  
880675  
6543330  
10437791  
3009748  
5926421  
2490367  
759625  
3931856  
2130917  
11683738  
