4024395  
2670070  
591880  
3146797  
4326617  
4273529  
8624097  
14390328  
4431052  
7002784  
2786896  
2597069  
2524946  
3573663  
2759493  
6014384  
7192389  
6617475  
8409958  
8395160  
1376129  
1139917  
3492234  
3472898  
7848838  
1990591  
1868577  
1982606  
8885217  
10290459  
2614972  
9438909  
820164  
6343117  
1812467  
1608009  
1359649  
1719061  
931307  
2412919  
1829053  
4189779  
6414416  
2755860  
694020  
2336680  
1548308  
85232  
481690  
695281  
1084173  
412908  
464769  
422007  
58811  
89609  
948811  
105006  
990881  
3519105  
1080477  
5080494  
2356422  
545022  
3427459  
3353505  
4652337  
8102743  
14725301  
4914926  
7881903  
2305521  
2668329  
2064481  
3237154  
2595038  
5902434  
7097240  
6366799  
7436923  
8481493  
1587464  
1003317  
5218956  
3652432  
7355648  
2045688  
1757134  
2323758  
9048105  
9945781  
3221004  
9020967  
879418  
6730819  
1504661  
1615401  
1933126  
1659107  
1389008  
2423164  
1517903  
3366399  
5718153  
2767220  
570306  
1980834  
1603012  
68383  
485636  
644492  
1020333  
401810  
469486  
501674  
108443  
99511  
962976  
145660  
913407  
3281847  
1246256  
9254716  
11753822  
4325437  
222313  
