0  1.64995e+06  43214  765818  192589  59832  811870  9455  1804  33737  857  3570  1590  783  1538  50070  83632  29605  28419  16252  2724  14564  86063  95269  41922  1966  21911  101916  76065  336344  36368  237183  5224  1.21878e+06  111011  152702  341515  39715  53272  43953  19670  9204  248  909  38267  360  340  1742  5644  384  1158  1095  1012  402  444  647  3553  4543  13010  6406  8656  879  753  2288  2535  683  272  238  485  1356  896  1214  2339  172  541  6354  14940  2750  1551  1050  1803  837  60116  
915535  0  4511  9259  820049  13417  519220  11880  771  8413  1928  521  283  236  1248  16200  24885  19295  15962  14333  2912  10394  24495  49862  26292  1775  9727  11235  36597  68817  7040  23065  594  21202  714933  779025  319453  126043  14502  69655  34625  192  1523  496  483  1661  625  7322  7471  717  1209  538  83  35  111  449  1548  1687  7143  3356  5535  690  600  1823  1806  654  240  197  264  1176  499  687  1137  65  126  10871  3993  4257  3117  825  2090  1277  282653  
45988  1167  0  118084  1186  298  397153  91228  166  1071  576  200  116  90  236  2308  613  2279  1204  2097  291  918  1988  4019  3602  242  1530  2859  6767  11366  646  1277  13  289  66995  242537  57709  9378  95920  9165  7856  663  2058  10671  10567  1121  503  13046  12163  480  463  136  162  185  202  234  321  293  925  456  1056  112  136  385  337  264  103  162  224  375  116  108  206  14  36  4974  5540  1395  657  760  941  725  29821  
803716  2243  162261  0  2191  823  30481  604868  447  1742  2300  702631  24673  11409  19846  3162  1657  3315  1625  36623  3886  2837  2275  5294  8304  3953  37491  89960  17285  23859  496  34557  240  13269  47336  462667  43087  7684  234516  15660  13970  86197  7548  139955  1.27616e+06  3420  1625  62916  215313  1578  1758  1122  121071  15901  14665  7865  951  703  2324  969  18006  2046  891  1791  2312  1599  1062  2053  5100  2732  1429  216  2160  20  1946  21009  226148  7535  2813  17967  5007  4941  20009  
268424  870336  3277  3164  0  986134  1.41055e+06  105840  16586  65833  4803  420  343  219  2797  70700  123259  52551  89458  38837  4303  9781  31946  48064  22579  2350  9550  7683  21383  39068  9444  69524  3709  372472  810003  819238  394442  149140  3879  58994  32686  269  1412  678  911  17464  30124  95808  76406  16414  8269  1716  118  106  305  1024  3971  3485  15374  6689  11727  1321  1025  4172  2648  2429  486  484  630  3450  1348  1596  2603  143  688  48894  25854  15689  12775  908  5589  2398  267445  
102280  148409  1032  2754  1.17036e+06  0  526175  167204  366156  1.35133e+06  2363  185  105  153  1080  92610  136920  51748  114427  14113  1291  3516  19194  22374  10547  958  3164  8674  12980  35209  10813  127292  7575  794337  102114  135656  435650  99642  999  9504  4786  382  789  344  705  9160  84608  151013  194957  141948  50861  2374  76  50  293  802  4176  3324  9329  6698  7089  994  561  3834  1349  4273  417  402  508  4253  1292  895  2329  96  968  37646  28196  18100  13628  293  4936  1383  82485  
526552  418414  265309  54612  2.29115e+06  670999  0  1.89108e+06  882119  118763  9359  2566  2086  784  4633  48190  64889  68712  323289  58072  6585  14167  41334  61463  85744  5759  19432  26166  161126  169349  13790  22390  428  6875  1.27482e+06  1.61822e+06  478259  150689  104899  155659  68239  1382  23548  10207  8360  94852  127805  516126  413441  100932  31279  3452  759  670  901  3373  9497  7170  29720  14785  25352  3626  3039  14670  7921  9835  1830  2061  2578  13476  3859  2758  5426  239  2461  234339  138463  73091  54683  3909  22494  7595  497505  
3814  11009  170059  916176  163666  191798  1.80299e+06  0  1.87887e+06  587565  619603  1.07093e+06  1.4281e+06  833197  370855  56392  12649  90022  106524  744586  73421  41853  25354  52773  88194  113749  73249  24696  39553  22281  1648  11200  252  3045  731963  828959  414569  280338  30415  148905  35386  13610  53497  74321  234197  140125  243968  793038  2.29191e+06  387008  484493  90524  34850  16807  22245  27877  39780  12477  37153  33496  101885  12269  7330  27836  18956  20928  7349  6584  5171  25661  6432  2589  9243  320  5027  419017  443380  173320  125226  8283  52504  13245  460851  
359  546  292  375  84624  417823  802551  1.75498e+06  0  1.63592e+06  1347  71  48  66  107  6565  10026  74158  210459  1756  118  174  10543  756  90273  4732  3248  1982  82832  12865  583  3558  23  664  13844  15784  23253  16984  1335  8758  1936  200  539  217  241  4393  57944  80654  218078  149161  155753  14663  33  21  684  476  8077  1563  5332  8837  3538  554  271  2808  625  3261  305  253  341  3783  943  314  1558  35  791  24286  28192  16278  13672  494  5623  870  24640  
44844  31485  1218  2810  78128  1.447e+06  117655  1.06681e+06  1.47255e+06  0  111676  228  138  667  869  2.45333e+06  194704  137955  123126  13966  857  1030  8969  3511  20477  1728  5088  12999  21585  28649  8335  300049  51393  507993  133783  233343  428982  343069  1498  12847  5843  650  1053  455  699  4799  59160  43808  345341  125020  603133  97895  98  87  3749  930  142606  35215  20885  22059  11909  1296  674  4757  1132  4086  508  618  850  5810  1885  1605  6165  792  2381  48364  119038  43140  43781  522  20196  4607  261074  
247  217  945  16259  1752  1233  4352  952536  1980  259521  0  10616  82125  1.19344e+06  1558  210093  4430  31923  1661  1.01586e+06  6632  1818  305  1226  641  416  425  407  702  888  142  2403  296  767  15997  14543  7115  7686  713  2094  1055  843  970  1872  5390  2991  5156  13166  183946  14342  327519  184453  2402  7110  28896  2054  138661  48766  37294  19126  39293  2358  698  3138  1174  2100  831  945  1057  2892  1427  2375  7770  1185  2545  37225  47878  27327  26200  625  13408  2490  37796  
10233  427  4214  759880  2134  383  11247  822070  341  1119  5463  0  415990  155182  156721  1844  742  3124  1247  262836  27088  15147  1184  8731  6247  12863  13725  19075  7717  5759  62  4122  48  1630  15025  18779  10197  4113  11067  15291  17948  10995  6682  26874  300903  4987  1245  40016  232036  719  1595  2857  435380  63357  45074  30821  2260  1249  4984  1697  60547  5581  2363  3159  5406  2381  2792  2824  3320  2230  1190  321  1955  52  1452  36554  51544  22949  5533  6693  4247  1912  13820  
4159  177  1881  86148  5262  1440  15851  1.07084e+06  1038  2931  31532  456154  0  675397  232498  4854  1151  6079  1556  483817  40117  20421  911  9989  8908  24409  18057  11595  4523  3182  65  2279  60  815  15475  12306  8739  5466  4381  24766  10346  3313  994  6668  52073  5198  5492  27005  235012  4542  7509  14048  116059  652805  144056  56304  6140  3015  11519  3332  111556  9157  2935  2140  8403  3538  11281  8855  3005  2128  957  751  1946  112  910  27093  27246  12589  9446  4149  5448  1928  15337  
2513  184  1538  79233  2037  1416  6124  564911  1766  10259  1.06447e+06  246805  568047  0  489022  26027  3727  19958  2215  1.19469e+06  58873  27743  708  12303  6871  23362  19307  8227  2617  2089  111  2555  203  878  12589  11931  6109  3866  3205  28748  5169  2577  1076  6871  45460  2500  5468  15602  188237  17039  96344  80916  46951  156132  468455  113946  48169  17648  39814  14544  167818  11560  3560  3468  8667  4729  12831  9529  3118  3781  1723  2416  5577  564  1461  35067  25300  16379  13505  2498  12270  3401  22957  
3839  458  1623  109320  1718  805  6496  174709  650  1339  1691  243112  182358  527270  0  2026  5642  34591  4382  1.85381e+06  159553  108720  2179  467601  16140  213736  131182  15090  3201  3194  458  5832  363  2604  25338  10073  13490  7222  3755  134090  15413  3910  1162  10224  63234  1584  1485  10629  87887  1144  2069  11116  28990  25284  95645  366871  4179  2405  23718  6420  285148  17368  8079  5399  15315  3123  8854  6180  2074  3308  1491  1890  3171  149  755  19547  19527  9832  5633  2275  6208  2303  19028  
58853  37323  1637  4052  61598  186416  32002  67663  66138  2.39476e+06  146758  448  435  2355  1375  0  1.95666e+06  726674  99153  52970  1485  1121  5290  2636  5245  978  7352  23555  10928  26295  6759  312813  136699  670822  131214  143851  429034  244659  2075  10282  11126  1151  1093  645  1073  3494  5150  10745  30822  8561  101464  74841  222  214  4656  1552  191001  163703  73119  42328  29311  1946  915  6644  1284  4824  835  1429  2223  6160  3833  8933  29931  5352  7217  42850  38619  26723  15349  1224  9648  5112  209308  
74461  83997  4603  5964  171029  204571  104495  63866  24682  277190  14356  1056  797  4643  7948  2.68575e+06  0  598688  1.58835e+06  141662  8160  4468  16616  8980  29633  5095  13138  36643  83397  348323  273533  1.58637e+06  420543  586693  172487  110683  523937  121019  11705  129131  36517  1866  2185  1856  2400  5692  6016  19394  33966  9787  21495  45088  417  337  5079  5825  199483  209109  303371  175267  110588  7751  3560  24051  4952  13547  2841  3203  4423  20553  13563  30473  65739  7199  7556  97913  24865  39768  20782  4886  20793  12240  155663  
13231  8984  6349  5771  16860  74868  74571  112968  160273  234529  25504  1220  829  1730  3249  618564  399596  0  3.04078e+06  780608  92890  45601  852378  69496  193400  18223  12433  22008  103631  85209  4119  91852  2090  28992  144796  29981  203376  79768  23075  212371  50655  2124  2535  2272  2704  5090  4441  17120  35373  7072  22976  13115  427  355  2047  9290  34431  58164  235294  126938  173294  21457  73147  114629  82231  15683  2752  2288  3482  26953  12633  19677  34397  2144  3132  92602  16061  37013  16501  7728  27064  10513  96424  
23556  17640  9752  8711  74341  58929  267614  139911  323515  74820  1529  1643  874  1020  4345  29794  1.57051e+06  2.92893e+06  0  76910  8969  13189  1.43339e+06  40195  630542  39199  28780  39417  757243  1.27473e+06  360036  193477  687  51950  169976  45901  344889  146266  38614  326748  82473  2063  2365  1679  3088  5402  5238  22216  32933  7898  13724  5121  436  308  1051  4875  11489  22407  126903  64902  95112  12623  34907  63538  38179  9364  2187  1633  2546  18893  7986  10154  16924  792  1698  61762  13580  34186  13907  11024  16149  8542  110391  
7753  4885  6055  102613  9050  3513  36381  470381  3617  23645  770234  185614  213626  628783  1.93421e+06  78066  49095  960485  70695  0  1.68717e+06  749012  27996  893422  71069  340390  86673  31525  44277  41886  3355  43660  1272  9817  172877  39559  102503  45689  14801  304522  44889  6636  5800  14724  56148  11881  10718  48203  196481  13838  45624  57251  26421  35973  142683  191728  94871  107945  664853  254089  1.36549e+06  95596  160591  218404  158507  31221  12591  9614  9854  57951  36824  57927  79509  3857  7500  226963  56593  83798  45944  8784  66625  26943  147050  
508  368  321  2215  512  104  2113  9305  79  206  304  3324  2626  4460  68675  235  1360  93816  4541  802805  0  665474  32966  225611  10649  27184  7005  1974  2670  2183  108  2183  69  657  14114  1440  7042  2650  883  32041  2751  272  250  445  1363  462  199  1696  5074  254  669  736  550  362  854  7138  1270  1111  17887  8373  51448  111414  45764  23827  36226  3647  672  431  323  2372  725  695  1580  79  178  9147  1363  2943  1154  366  6954  850  4421  
1385  1050  439  931  1202  89  3787  5565  35  111  68  1054  737  1714  20481  142  241  97128  1847  237600  520657  0  61796  647732  26878  33441  3733  2768  3415  3574  112  5403  15  1998  22270  1519  14714  6420  1628  48578  5848  229  411  340  631  909  100  2000  3531  65  135  133  250  142  364  6267  203  185  6533  1895  23077  82002  65327  41488  75087  4887  694  440  443  1623  441  101  835  12  176  9972  831  4359  776  572  13612  1109  4089  
34250  18893  6507  5654  17424  3458  55706  72782  20675  4738  372  815  462  634  1763  2473  10706  740963  1.43853e+06  27579  52933  81978  0  325224  1.0549e+06  32999  23069  30569  947336  510509  5595  187063  244  66759  182116  24600  254248  107101  25601  116924  80497  979  985  856  1630  2032  495  7857  8058  637  1534  473  210  160  153  7824  862  1057  31596  10817  92497  11182  101102  141765  138940  13947  2152  909  1056  6307  1598  386  1836  63  212  103930  4146  14688  4717  6039  34855  2922  69106  
7350  7161  2734  4710  8516  391  23041  32526  221  266  122  2977  1235  3657  388650  354  835  156995  6902  653058  241772  986646  551196  0  1.26856e+06  672591  56680  22270  31134  20905  314  11439  49  5355  97975  5687  67092  21357  10012  258300  22612  1008  925  1041  2401  2263  247  7184  8594  199  260  196  294  179  321  3589  245  239  7583  3119  15005  3444  14259  87222  231097  12113  2055  960  1048  4844  1205  182  1381  12  217  29128  3443  11379  2455  3175  40524  2209  13647  
11496  7564  4295  10506  8318  9676  59366  91927  87003  16256  419  6640  2232  7174  25436  2260  10465  72757  221400  33291  13147  41314  887466  1.39646e+06  0  1.40816e+06  1.0518e+06  193536  3.14314e+06  84320  1499  28861  98  10070  170648  27378  125825  84854  31461  826751  146357  1902  802  1044  5506  1979  1184  7980  13830  1902  1887  1158  433  290  426  1655  2709  3253  10755  5300  14023  1878  8728  17334  15489  7197  1907  777  1240  9282  1834  773  2507  106  348  30875  6049  18903  9411  8621  20902  3693  43280  
2464  299  651  8283  420  284  4138  34106  1309  453  105  8788  2610  10666  66496  433  1058  14998  11769  52827  13449  23393  29244  386460  1.35007e+06  0  504739  84443  47206  5659  116  2661  36  1329  19993  3780  10771  11721  5684  555667  31983  1667  132  787  5562  176  210  1186  6728  376  268  226  328  166  264  393  216  236  2048  853  2208  320  662  1761  1567  990  323  158  297  1769  375  176  536  18  166  3663  3217  3163  1666  1542  2470  669  14653  
22996  781  2554  17273  1006  1003  8915  45549  397  1612  350  9760  3999  16432  68012  3937  5020  13029  6235  28520  6155  7988  16710  22467  953481  498888  0  364066  14242  4339  552  12542  477  20193  105420  26100  55832  65918  14085  656121  416062  10769  186  840  15846  369  383  1914  9960  674  439  667  559  289  614  577  521  486  4103  1499  4157  590  553  1355  1287  699  364  290  833  1096  754  435  1255  36  979  6485  12617  1924  902  1770  2961  469  45253  
146835  9135  23655  79324  4341  3915  85557  28962  860  7903  1986  4896  2480  1753  5705  23521  21256  36650  18338  34155  5210  15742  42181  27183  124550  17538  344206  0  363208  439938  3116  408932  2131  98941  206391  73334  391337  252743  60402  136472  712309  25708  1602  1094  40702  1530  339  6165  7392  281  790  572  1143  619  576  1217  1534  2136  12090  4965  10548  1412  1250  4088  3272  3132  808  611  2537  7885  2619  1447  4170  97  2491  11706  29803  14212  8795  8029  4632  3774  40277  
24426  12016  9750  12510  10898  17262  110430  89554  129461  28258  1171  1437  782  881  2907  5406  46135  87095  623158  27254  5323  21286  994205  128672  3.19709e+06  21646  25554  329579  0  3.78432e+06  89882  64058  297  13110  121952  30399  257864  160954  48741  250250  123708  1861  1631  855  2999  2654  1819  10416  13595  2772  4989  4269  264  181  552  2438  13273  15943  35188  21030  28921  4175  4517  14016  9703  7200  1888  1003  1930  16799  3609  2781  7540  591  1003  24145  8077  33608  19778  13513  11004  7565  70826  
123194  59150  21553  18996  52556  27050  208583  115217  41228  25232  2735  1250  787  1390  5908  22857  475129  125317  953751  84228  10740  31831  488122  183685  218306  11613  12851  450090  3.78352e+06  0  1.62979e+06  2.99963e+06  1377  56559  150008  43226  549871  221629  40087  250220  63869  1816  3304  1532  3342  5789  2323  20595  23772  2838  6160  8012  337  289  1461  3158  27689  38688  95786  45738  52508  5221  5764  18025  11150  7036  1924  1452  2302  14696  5885  8454  16147  1326  1692  44992  14004  34207  16012  12370  13678  7753  115950  
22467  14292  3208  2680  29771  13378  43258  32054  3660  8750  1467  318  210  470  1814  14671  454943  37291  502670  35942  2524  2750  26418  10105  17685  1761  2723  9207  164775  1.7126e+06  0  1.00828e+06  1035  24942  36925  14985  242747  100378  2673  21503  7565  336  669  377  585  1543  924  5560  6974  958  2295  3768  93  82  622  815  16714  22009  39002  20908  16429  1175  779  3467  1230  1499  360  366  544  2838  1711  3559  7297  699  754  14302  4140  5963  3395  798  2927  1986  49056  
490774  93925  29461  140245  90236  166682  182169  126417  14167  254646  6918  3147  1476  2946  20067  318354  1.64502e+06  354853  302055  263535  32386  44050  406566  174395  166734  18345  28114  405111  157167  3.5789e+06  906384  0  757370  1.25577e+06  152514  93885  939397  159887  44108  149275  104882  17902  4413  2889  40413  6711  2876  24140  33456  3061  9058  12312  1246  763  3501  6155  48638  72137  235048  99652  115912  9275  6771  22724  13025  9396  2754  2438  4682  20836  12564  21352  37182  2415  4402  79611  36944  42866  21490  12056  20023  12016  121505  
12696  9459  475  738  10212  9660  4438  7972  203  34053  1209  67  49  373  919  114832  349351  23511  5708  26134  861  358  1195  529  1159  376  1295  5301  1842  4852  1368  547922  0  283483  7810  12031  88787  12913  500  1769  2027  111  157  104  180  418  326  1246  1874  369  1594  2339  24  18  227  338  9606  11371  13030  5724  6328  431  178  898  271  444  146  174  213  805  579  1255  2744  342  450  5065  1523  2073  1157  162  972  610  12121  
1.21156e+06  240664  1874  30621  614813  1.29942e+06  28568  40780  2146  943745  2091  957  388  683  3527  1.29719e+06  1.41014e+06  99523  57825  56379  5566  8145  81491  24275  32103  3414  24182  65705  42223  130377  33031  1.55538e+06  919711  0  34075  30316  694127  32886  4891  17315  60418  2228  372  381  4497  967  1190  4496  6633  1340  2696  3252  339  157  641  904  12678  12971  33856  14032  17699  1501  1025  3108  1676  1148  330  361  649  2453  1781  3208  5728  491  778  12491  5304  4840  2806  909  2571  1418  24881  
79184  61616  212936  89299  99317  23372  953187  1.50475e+06  11242  302135  93204  4576  3391  10968  54835  300430  105485  387956  130227  369736  53671  74709  204797  162719  298521  44993  304981  210285  237939  188118  6395  94936  1388  18596  0  3.9335e+06  465687  539113  305488  1.98911e+06  1.40004e+06  3509  17031  8442  11865  45869  22308  196000  219984  22446  56107  24261  1449  1952  3609  8242  21426  16452  94560  37089  82250  10015  10090  30128  21598  13554  5354  3752  4674  21991  8878  10087  15850  772  2333  277148  83711  85268  55530  15944  55568  30424  3.85472e+06  
57069  32900  412254  239704  75326  9547  1.15156e+06  516892  3368  100128  62104  1833  565  1221  6369  193837  31203  99573  20902  77334  7339  8862  24640  16375  49050  6231  42849  28800  43878  26544  1416  34116  3867  19086  2.48675e+06  0  229377  353186  574854  219983  175836  3287  9164  4696  10128  28910  4698  100037  85005  3913  20425  13620  417  659  1604  1920  15459  9309  25726  9612  20056  2130  1941  6941  4903  3083  876  864  1138  5493  2051  2347  3990  250  779  79729  48918  28488  19126  3369  8662  5047  921369  
130997  78689  203371  115568  220618  74028  791398  1.57669e+06  13584  463282  58935  14485  8709  6907  19667  658141  121253  340153  166339  198407  14153  24722  95320  66792  110087  13025  20378  76644  174367  165570  26272  107030  10638  86038  174311  595241  0  1.77035e+06  202737  83359  89137  3858  13270  6398  13159  29374  11633  111666  153149  14510  62657  20147  2752  1932  2586  3729  24071  16482  63525  25568  44490  4466  3848  14880  9443  5834  1845  1645  2439  11388  4828  6149  10467  650  1371  95740  56141  56751  29523  14074  16715  10233  226890  
2819  4540  10507  9610  24082  6812  58493  432598  4449  251206  43386  1624  933  897  5037  218424  31279  105143  62998  81625  5053  5343  23572  9292  57970  4821  16470  23688  82709  43371  7244  13846  810  2957  188600  230011  1.71724e+06  0  37402  47476  120776  482  1259  954  1769  3951  3870  18347  36710  5191  24773  9641  317  204  805  1421  8820  4983  23934  8967  17878  1886  1544  5913  2901  2211  893  603  766  4972  1802  2504  3727  179  426  28696  11480  23251  25535  7259  10309  11745  540047  
64371  407  91440  251897  261  79  74680  12601  120  1880  795  777  447  252  411  5346  1216  3951  1953  3338  435  1554  3686  4613  8942  622  6203  15251  15486  10014  175  2585  33  416  62449  546344  108179  28905  0  15924  42983  9158  205  570  11591  185  73  1113  1250  55  177  124  104  50  57  325  239  290  1642  767  1252  208  531  3313  1789  1050  321  200  432  2403  605  154  672  8  160  3252  14086  13088  4082  9287  2092  1255  11200  
18903  3120  6418  22048  2573  627  32381  74502  2485  2122  739  15370  6482  21303  66507  2797  9946  64683  49395  76964  16188  37503  65144  162467  575617  321380  1.06782e+06  175761  162003  72350  807  18034  167  4896  1.33627e+06  51133  122775  117207  87908  0  1.45811e+06  9548  1528  3023  17379  2068  955  9985  21481  1309  1661  2392  1150  590  2067  4449  1579  4524  41916  20547  32000  3213  6718  28516  22766  20571  7051  3054  4011  22425  7824  6227  9320  226  1392  107340  15724  40194  15637  19750  91579  9019  170966  
126110  491  3371  4272  755  231  9524  10448  315  2909  1369  2496  1442  2804  12560  8685  9101  29589  14705  29776  6691  14448  42305  15032  72354  54979  917307  269732  57818  21617  545  15523  125  17852  721968  180595  101897  214974  77232  1.33479e+06  0  1358  220  328  2368  450  243  1731  2733  171  499  379  229  136  224  687  761  1443  10543  4118  8832  1159  940  2134  1590  1135  337  262  407  2611  916  1162  1785  87  265  8738  2823  4406  4580  1321  2551  2725  91886  
557  173  2408  5839  787  623  5849  8068  689  2315  1372  1617  454  518  582  4411  2607  9438  3199  7682  567  3241  1054  3763  1175  381  2949  8418  1332  1427  79  1349  84  310  10773  5406  3601  2434  8892  3983  2039  0  1.77112e+06  85445  787331  453293  79703  764669  60498  782  25761  2229  4206  1686  2092  10196  31961  25187  23072  24728  19253  4960  16786  130936  100852  47887  4905  23377  89980  90157  161680  22834  163215  5718  1.23018e+06  309911  281097  316276  22706  71036  43542  21885  74049  
228  3207  7282  6469  4648  1414  71192  42854  1254  2450  1307  562  113  346  311  4421  2139  7413  2607  6458  497  2136  1026  2991  1116  193  566  434  1050  1026  75  900  60  210  30475  36661  5761  5217  1924  4142  1972  807523  0  6195  5881  891011  37608  385253  29060  1028  16356  4543  453  234  412  8008  21212  14643  27023  14063  19244  4214  14020  71712  70140  44157  4615  10427  14204  56407  32728  4541  36515  301  26129  601478  661573  279882  46367  6937  79028  23652  132420  
187  329  15766  24609  309  96  15668  9515  82  230  129  476  77  123  260  404  198  781  254  965  89  234  137  269  125  46  93  131  128  144  10  101  2  25  3610  5578  626  460  921  548  295  52229  2297  0  250995  834  499  159286  88509  78  810  427  249  267  472  2201  1306  1029  2552  1351  4307  813  1571  6041  7959  5721  1004  2211  4378  6505  3275  344  2224  17  350  73104  248449  62610  5346  83927  9502  8418  21057  
12797  548  62513  1.16453e+06  1619  413  38870  83166  343  882  1061  252816  12950  7479  12376  1269  414  1720  650  19858  1997  1413  514  1466  2324  1633  3895  21504  3947  3551  41  3631  18  833  11984  65471  4852  2149  27430  4170  2970  701496  3360  185106  0  2515  1190  21999  720496  466  1421  2924  731558  42746  39405  19968  1540  1370  3769  1810  44405  4872  2643  6792  10338  8262  2984  25263  60440  15060  9122  627  10646  126  12142  43288  358423  54220  4630  125402  11062  14822  14223  
190  1104  2425  3523  31230  7371  108584  106930  5746  5847  2005  1158  380  354  440  5989  3095  10303  4864  9001  699  4471  1449  5402  1448  243  701  565  1470  1272  122  1273  102  313  60705  52414  11461  12465  1198  4551  2938  439186  775498  2368  2321  0  1.02395e+06  879114  130042  11931  82173  6389  261  196  615  8893  58135  32667  37900  23787  26475  4722  13136  139447  62108  33428  5382  6550  10830  61176  44980  12310  57326  4734  498219  584237  484190  326352  102874  1731  62249  13959  162642  
149  371  746  1373  40039  85764  109872  226465  99915  89162  2390  478  404  301  429  6222  3339  8863  7757  7289  528  1938  1268  2000  2665  354  485  410  2046  1125  128  1240  94  296  55258  25800  20037  19092  656  2924  2045  150416  69300  1598  2074  1.4979e+06  0  864440  273407  515774  1.27736e+06  3791  266  256  794  6129  83864  72843  21803  155656  18092  3371  5276  96042  16487  42718  3713  6613  13315  213453  74932  17597  101894  9562  1.16889e+06  227084  310098  225304  69525  1091  33092  7183  107409  
979  11017  39622  39243  166155  112190  714250  662340  103206  51673  4375  6326  1806  1054  2016  13274  6876  20696  15486  20775  1968  4900  5429  9018  7328  1185  3270  2096  6414  5243  447  3010  149  642  316702  301058  61187  63267  6857  19778  12651  336437  324050  221421  18673  1.6039e+06  1.34474e+06  0  1.94087e+06  1.23579e+06  172465  10943  1041  753  2199  17851  60938  40192  55733  137034  52443  10296  15845  155224  66968  148104  10506  12648  17832  279852  65394  6709  25771  543  24774  950156  1.22342e+06  387839  154784  29357  127987  30831  379147  
5841  10445  91564  260476  168172  276167  733288  2.2156e+06  415131  621902  82631  137450  244766  24798  51231  46925  11292  36456  34958  95659  9062  8884  7725  12822  17884  13729  11972  8536  12719  7984  633  6123  326  1965  429951  356370  134588  132948  10797  32491  16301  7870  33377  116145  1.10931e+06  114907  271314  2.37443e+06  0  1.72942e+06  761693  1.05349e+06  949328  724581  847527  217651  77685  25774  147400  66598  609191  81761  24389  83591  92727  44544  65235  48332  18940  40512  16162  4375  20484  611  21457  936097  1.44904e+06  801508  539745  38726  194117  29848  657535  
142  306  353  753  19354  139139  89892  338905  201967  198281  3852  230  213  392  196  4767  2242  6919  9253  4669  201  275  979  503  3805  343  350  311  2624  935  101  881  36  263  49411  19912  22105  19904  506  2298  1430  659  1309  1051  693  22180  609873  1.29963e+06  1.65334e+06  0  1.92952e+06  2024  79  49  322  1190  19771  33845  30074  294624  5217  857  836  62012  3097  78175  1201  1054  1288  209908  38593  1942  6486  97  1861  26637  126097  42609  30862  637  14394  2720  51254  
607  444  498  999  6313  68621  23320  362652  162383  574513  85117  248  236  1678  282  71624  6636  14445  13928  8336  418  704  1611  705  4110  362  449  560  3469  1354  161  2351  470  1120  51900  25854  36654  36738  526  2661  1766  23392  10093  1353  2117  70882  968535  154813  909045  1.44691e+06  0  87777  277  235  2770  5011  2.39522e+06  140217  74955  168523  17091  2751  2811  46051  6167  40988  3015  10558  17752  99977  29865  11277  356593  98652  748248  122711  619896  398348  315305  1492  141129  14018  259950  
753  507  1409  4716  3379  10145  10975  124086  23757  366946  193101  1998  5538  11199  1517  213310  41947  34602  11656  34139  1538  615  919  584  3140  956  947  910  2734  1776  326  7586  2477  2820  39961  21616  18734  23523  756  3431  1945  527  622  2293  11740  2138  2574  6596  793706  2075  271477  0  10089  31891  818859  2513  88579  18220  158742  4932  567200  7977  1552  2448  2611  1427  945  865  1111  2728  1811  3614  9105  1331  2325  19981  25523  20501  11819  1111  7361  1654  40871  
7510  385  12328  224324  4579  567  27483  95370  388  2195  3818  485554  136502  48031  49078  3449  682  2897  941  68597  6625  4184  700  2998  2960  4122  4520  17353  3670  3061  46  3059  36  765  25599  35171  8053  6564  10058  6039  3867  6835  1932  8157  1.19052e+06  2394  1138  14165  1.11158e+06  497  1108  14304  0  344556  231896  128113  1449  880  5647  1027  205175  16779  4933  2641  14755  6717  17457  20540  21869  6772  2480  254  3739  73  4090  20570  37995  12845  3588  48641  7427  8871  14167  
2347  195  2783  31606  4200  2767  16781  102028  2722  3412  7448  64304  488561  120568  41532  3597  794  3356  1094  101611  6766  3343  450  2074  2622  5254  4208  9443  1930  1502  51  1662  31  336  15284  13704  5966  5070  4044  5903  1688  3424  944  6804  59041  3357  3310  14411  1.02299e+06  1191  2270  43507  390009  0  489858  148029  2821  1459  9488  1626  256492  22036  5807  3758  25285  8587  26650  23164  17287  6296  2219  367  3089  78  2998  24109  28863  20053  10574  47887  9252  6739  14004  
3629  426  4655  43261  4856  12345  21157  164123  24446  104992  109924  46247  106675  437217  99828  109809  11662  33645  8152  214697  11395  5350  1181  2514  5625  10542  9390  12442  3764  2927  248  5202  699  1269  37916  27001  13043  13412  5952  14680  3326  3440  1109  6715  75300  4318  6261  20380  937577  3040  15949  851738  274173  505863  0  482015  10922  7317  36821  5347  937493  93572  18822  6166  44809  8438  25619  16084  14447  8173  3044  1601  5513  275  3557  49138  49186  44765  27717  26727  16918  6395  39975  
3132  321  5611  68589  2532  2996  13018  103705  2570  3445  4929  75603  46105  152987  550432  6066  3096  24104  4542  263177  13861  13598  2964  5384  2555  3405  3201  7227  2295  2154  166  2813  109  660  13099  14737  5455  3749  4880  8131  2071  2759  1678  10475  79735  4205  4242  18689  345404  1661  2411  3389  117783  117192  437066  0  6700  3777  106677  11001  1.65066e+06  133204  86101  17186  620145  71442  296916  181093  34781  14843  3079  1864  5704  318  1870  56393  38223  40759  21971  12715  119590  21469  22434  
496  423  339  754  2351  6356  6533  38944  9394  230173  89322  332  201  1508  304  173738  40657  21830  5612  15168  681  483  677  462  2349  266  348  509  1911  1153  250  7305  2895  3130  18958  12238  11973  13243  482  1717  1240  18043  9255  2024  2830  37122  40932  44352  106090  40783  2.37514e+06  79547  397  322  3806  4228  0  2.02034e+06  571535  104812  17401  2059  1709  18101  4398  15483  2366  19103  31930  22841  18142  24506  511095  443475  624313  133137  306802  528725  351937  2658  152558  23275  263459  
1423  1141  881  1323  4073  12291  10876  27475  7682  136644  94123  629  401  4786  1053  346470  136574  134896  33994  95184  3068  1924  1388  1379  4485  797  1280  2031  4992  6918  1501  30225  6497  9616  42088  18546  23035  15091  3230  10227  5132  15118  14577  6037  4332  50771  147410  79147  69299  76901  427479  52036  724  520  8967  22328  2.40553e+06  0  676574  1.90842e+06  94642  9314  8001  31759  15682  22346  13424  18012  30536  140502  477412  673435  1.56694e+06  410738  358328  205965  230485  241162  103845  8069  95942  31058  144374  
3456  2688  2295  2432  5034  7179  18193  38983  9528  61539  32873  775  446  2259  2104  153155  116410  282618  126179  145688  10503  13779  39840  9328  18413  1662  3493  6402  21055  23934  2797  41458  3655  10382  103224  20557  57069  29721  8788  56961  19177  10461  8853  14719  8837  15301  8276  60066  190106  113191  152725  53611  1397  831  4328  48192  815368  711872  0  2.59422e+06  743031  111973  101973  610254  99642  57337  19560  17083  20290  135086  40541  27557  84462  2883  15211  98195  26306  177610  68784  10710  109986  39758  110605  
2299  1886  2726  3534  4983  7126  21547  44962  11080  27959  10094  1270  530  1306  2015  39409  52158  207926  88222  125505  5714  7758  19928  6651  12717  1320  2957  5253  15820  16020  1761  22617  1119  5268  86121  18799  43905  26882  12609  39270  16156  24932  22419  39412  21547  42210  87415  249974  192971  199975  121016  6253  2995  1616  3636  42950  29159  1.93615e+06  2.60627e+06  0  272048  22256  29513  1.67774e+06  48133  298462  26046  25368  43906  914342  1.40147e+06  1.0266e+06  283556  2612  26047  190079  54847  297506  69914  22203  182318  78377  117936  
8380  5823  10180  45961  13605  12615  57325  152627  16375  67917  60777  42342  29159  88462  213450  135461  115337  618796  265076  1.10939e+06  64839  55450  73093  23564  38350  6401  10280  16359  48313  46888  4650  56802  2588  13366  187058  49769  121996  60492  15873  124208  44699  8268  10280  23884  80946  20019  10385  64833  676312  4610  27432  638568  85598  74438  738153  1.91549e+06  25789  30479  1.39129e+06  178854  0  2.08911e+06  984488  160899  1.10642e+06  82602  181747  91758  33320  124536  41180  36381  62093  2240  7329  174324  82410  144186  53894  13355  169433  37583  133742  
863  698  590  1047  1009  378  4386  5921  425  846  416  554  465  808  3382  1029  2619  64262  36774  38697  102973  58978  20628  7729  6300  660  1093  1643  5901  4386  269  4147  134  1400  19711  3267  13433  5778  1634  14554  5433  895  1389  1585  2067  2402  552  6408  23010  270  939  471  1296  601  2012  168124  451  888  249469  26158  1.07854e+06  0  537005  67872  417362  20279  34871  17421  5625  16194  3454  1634  6855  221  1047  30572  4262  17094  5644  1272  30334  7547  13841  
220  199  254  444  329  87  1612  2241  98  151  123  251  185  499  1329  275  349  24497  6369  11592  24779  48964  42332  13233  8583  406  430  479  1358  1271  36  700  17  240  22001  1111  3198  1535  962  21144  1136  980  1435  1448  1366  2357  231  6437  14247  72  438  106  588  260  991  149269  183  243  107029  3407  467748  358076  0  146516  599941  27361  34846  17097  5572  6375  1577  386  4073  58  834  44730  2513  25096  3770  1425  37154  9661  9673  
1871  1772  1973  2587  4083  3041  20038  26396  4007  5912  1348  1005  473  937  2212  3984  3446  133550  60968  46793  24524  74392  184284  98970  49516  2774  3007  4313  14497  12005  319  5513  134  1714  203165  12349  31910  16956  12168  105839  11753  11877  21954  11371  8222  57512  12524  133676  148932  37073  17804  1933  1217  778  2101  40962  2901  4109  472101  1.59157e+06  352217  52806  517584  0  891520  692329  13948  21285  31751  842831  712136  5759  126868  273  28067  227308  30095  323852  50943  17637  78283  85426  84570  
333  306  870  1502  681  218  4220  6289  228  354  432  587  351  1434  1883  916  500  28222  6510  12217  22870  98856  72384  205686  15410  1088  1038  1017  2000  1828  62  1070  20  371  41519  2806  5114  3786  3649  54974  2028  6012  8086  11457  7220  7979  647  35740  56241  294  550  286  1920  735  3238  859083  354  412  129211  6460  556194  218208  628532  694819  0  1.66999e+06  573715  115394  33286  77082  13882  596  13475  58  1165  97653  6004  81158  5905  5302  248118  23984  13149  
257  250  692  1153  1268  2704  5962  11793  2885  4056  1615  504  341  1504  987  4057  1614  12782  6137  9705  2930  10411  20434  22122  10558  1094  1239  1389  3243  2130  89  1244  90  322  34282  3452  5790  7331  6813  59443  3598  5374  7023  9182  5903  12709  8575  87917  56220  30788  8321  834  1351  625  2438  142006  1157  1846  43877  87930  34499  12123  51897  882954  1.75292e+06  0  1.44491e+06  903094  147410  2.71975e+06  38330  944  22519  96  3024  136995  17354  83500  18576  9274  650660  64249  26980  
53  25  199  642  357  723  1652  6467  667  333  165  258  366  235  272  283  160  1124  441  1702  258  824  1152  1635  950  148  166  206  466  290  11  131  3  24  5189  720  895  1377  1377  4456  548  676  364  1113  2346  718  782  4270  37150  450  395  193  2161  333  1184  215558  307  311  8536  1806  15966  5450  15584  17741  504296  1.22565e+06  0  629294  81521  87804  3606  211  3170  39  333  25730  3849  10583  5289  2054  521521  36808  9803  
91  49  437  1669  642  1328  2879  12458  1174  782  1181  893  1038  1079  676  842  289  1582  597  3003  351  1258  1203  1772  1051  383  409  456  357  258  14  183  7  42  7453  1343  958  844  480  5587  368  9967  705  1761  20001  1782  1588  5558  67678  580  3005  466  6176  1624  2033  236355  4977  4644  9813  3076  16430  3889  7683  16406  56816  1.0291e+06  879562  0  396688  38734  1691  565  4532  1044  24451  59988  9724  19275  10894  3753  371679  211588  18641  
332  79  965  3806  393  251  2376  3461  308  838  595  2351  697  652  483  1602  906  3683  1499  3040  434  4146  1137  3807  2902  436  2405  7844  4994  2688  45  959  24  125  5160  2642  3000  8100  10054  4607  5024  121222  7007  23070  75149  9490  3551  34766  23211  282  6732  811  13460  5256  4411  14706  13395  15720  14661  8071  11370  3231  10139  64035  22614  86144  16938  349137  0  357760  435767  3162  328284  2526  78951  112593  27412  84323  43237  43077  134859  440803  32023  
1173  815  1385  1678  3019  4527  12893  19883  5335  9024  3022  599  271  798  1630  11865  12808  93211  36229  76662  3121  5727  5455  8485  8261  903  1680  4559  13759  10012  690  9326  481  2429  36799  10061  23927  29580  21037  26084  17059  13157  25006  15275  9169  57512  85374  209245  50048  68079  30244  2408  1218  671  1864  33692  4074  31072  123979  317111  115538  17064  27992  1.21748e+06  218377  3.64574e+06  64527  44989  419369  0  3.63138e+06  39538  157165  405  8172  111285  31509  106528  48248  22226  218118  47845  38290  
858  744  1204  1556  3194  3642  12874  19652  3981  9258  4992  550  270  809  1126  27736  26111  85328  29007  65654  2550  5658  3754  5975  4827  561  1188  2803  7875  6980  795  10312  660  2549  31502  10452  18102  18945  12416  16966  9841  26142  64711  12362  8896  138272  236739  176845  60796  27701  52271  5761  912  524  2303  32407  19537  365292  119082  622547  110477  17418  25946  571757  100336  141804  22665  13007  354938  3.49086e+06  0  2.00389e+06  3.9049e+06  1250  48920  147072  64293  96083  34879  14696  84647  33092  49941  
355  263  393  516  1109  1060  4189  6962  1232  3663  2738  172  80  411  323  15693  16599  47452  13011  31705  947  1126  936  792  1001  167  409  660  1697  2419  416  5526  379  1194  13181  3939  6630  4478  1146  5671  2044  6309  19627  3795  2286  45185  76865  36969  22409  4382  18581  3444  203  135  1156  15096  14577  621395  58710  497032  56291  8928  8646  39181  12148  12888  8927  5028  8474  80851  2.24155e+06  0  1.26149e+06  2791  25143  86892  35656  30765  10100  2455  21168  9674  27422  
1074  763  1448  2738  3545  3912  13124  24003  3967  21495  16719  1223  500  2019  1145  93747  56736  104852  32095  70172  3808  8754  6426  8065  7940  1027  2430  7293  11629  9315  991  16788  1775  4390  39318  13648  20621  28471  20889  20204  13299  145968  69276  29070  41766  153711  184901  116360  110868  4427  413878  17633  3694  1907  4952  52758  347583  1.43556e+06  239870  251014  169476  33072  44342  501841  102626  112487  30059  30335  479274  200285  3.71965e+06  1.58153e+06  0  835723  930141  183799  144274  320000  86388  30606  87905  88794  83997  
50  43  48  107  307  358  1005  1873  232  3565  2837  61  28  230  56  12265  4687  4417  906  3566  153  108  65  87  111  33  56  64  118  192  56  854  195  313  1784  1016  799  550  92  271  172  8707  3318  479  626  14136  8332  6211  11114  266  99186  2895  94  71  414  3255  239088  332175  16420  8198  9670  1056  513  3093  2128  1710  1846  5674  10112  4263  5146  22168  463710  0  371347  8486  11486  59990  11425  553  5071  3905  8819  
257  206  613  1300  3230  2769  10493  18806  2525  10989  6984  662  290  672  388  25807  9707  14619  4747  11089  795  2939  1103  2554  842  182  646  1672  853  922  134  2392  388  772  11884  7186  4147  3192  1189  2666  1199  997541  113541  4072  14898  1.12449e+06  1.65249e+06  67117  124603  2687  1.52638e+06  7869  1335  809  2189  12125  1.43414e+06  958387  63899  42567  34528  7217  10694  131337  32120  32972  6510  44765  99347  98321  90743  72473  1.38195e+06  887459  0  62789  59322  318243  35933  4603  21940  77078  32681  
1653  3783  14075  20131  31173  10649  144944  224915  11933  29739  9739  11301  3625  5075  4837  22098  12399  70671  28979  56668  7967  33439  13201  25799  13491  2702  4632  5199  11483  8113  569  7718  384  2043  314664  125368  47656  65765  27092  47577  22729  25870  64309  134859  61007  95383  37928  555576  1.83029e+06  14219  469704  64929  6086  5069  15056  217495  225631  139982  397821  134259  376700  81142  148462  368461  201653  489008  150120  373524  369415  637982  53307  15262  59875  1624  9167  0  2.24236e+06  893255  651248  169273  2.45288e+06  1.2607e+06  4.172e+06  
921  3495  13310  18245  12504  2357  107118  96463  3097  13846  8494  2720  735  2207  1163  17969  4896  14736  4819  16080  1093  2131  1278  2215  1768  542  1583  1987  2050  1782  129  1885  178  486  54341  62520  11074  12020  9354  5399  4001  73224  176357  337888  169939  84813  13424  819032  724258  3516  140377  25097  2119  1342  2570  16775  97564  62186  53616  17596  47989  6978  8456  23458  13517  56337  10078  34755  39845  72864  6828  4532  21637  2697  10182  1.53849e+06  0  348642  381204  450811  322177  96622  558200  
808  2445  8585  16032  16649  8421  90180  158054  13133  71134  29755  7725  2757  2421  3057  57109  15901  30713  11496  30040  2477  6867  4941  8240  6461  968  1935  4040  8053  5066  350  5073  822  1396  77303  70271  31805  43310  35247  13483  12819  89827  87062  203338  97008  201941  39489  695266  1.70594e+06  22589  578091  79908  10971  7726  17098  79314  545931  90563  186386  97578  161316  28295  27107  178703  75664  106860  40418  27398  30569  146514  26712  11209  46819  3537  39533  287169  729807  0  1.81774e+06  289265  199681  89166  341254  
163  352  1160  2131  3263  2594  14886  35416  4001  17097  5916  1022  430  715  601  9770  2968  9653  3779  8949  705  1056  1203  1186  2816  370  412  1076  3834  1542  102  1319  113  316  19624  13057  9213  22320  5312  3921  7614  1725  9300  7660  4842  35404  9591  70399  522795  8473  286352  20403  394  538  2951  23674  166725  24055  50100  31871  51148  8191  4859  28591  13785  46348  13649  8112  6018  49192  5135  2566  7271  440  2325  270681  236542  1.64296e+06  0  15343  467502  96348  685626  
443  38  862  3204  77  32  1464  1507  36  151  155  1201  625  704  649  438  252  1081  409  1290  146  418  364  719  847  237  2252  7403  975  944  20  481  9  76  1952  1997  2292  2984  9839  1904  1454  108274  1724  102069  139871  578  515  56132  22147  41  713  349  17970  13192  8642  4406  1317  1137  2866  1646  4542  701  1404  6688  5552  10182  1509  10285  37611  23165  12361  601  15785  85  8953  30810  383181  63052  8609  0  10542  40478  3290  
439  229  1114  2559  796  882  4634  10140  1059  2623  3257  1281  1007  6878  2984  6105  3100  9617  3432  12964  1346  4882  9802  11662  10204  2610  2933  2416  3675  2472  98  1554  87  392  58187  3838  7304  10446  8951  52260  6350  5475  2288  7592  12791  1867  1448  20363  62892  994  29096  2513  5170  2567  7536  265647  10228  3633  28552  10742  42688  11582  33935  59199  116528  410830  400814  865177  213014  320399  19783  1175  18039  176  2258  1.58567e+06  80441  95036  142639  47706  0  1.51684e+06  154307  
215  155  1327  1963  429  224  3144  5342  240  627  624  710  525  655  497  1526  1336  8735  3670  5663  1083  11970  1583  7795  1172  323  452  868  1393  904  47  969  51  261  8862  3560  2900  3571  1961  3479  2135  3364  1290  3752  6119  1207  672  8564  29222  249  2067  694  3018  1255  1081  64079  2897  7231  39102  15649  32037  10353  30873  148980  37257  66781  67071  509115  319817  82791  8707  1920  12891  646  11179  665837  52317  80863  112402  54649  1.47244e+06  0  175621  
7142  10380  57695  27413  36293  21491  264460  841727  15777  386213  122655  2900  1228  3901  12952  343545  61534  250857  68422  184884  17638  24081  52577  33287  64988  12825  24328  16539  41857  18934  2762  25228  1367  5930  2.29738e+06  1.24757e+06  660112  2.0817e+06  32781  107427  144782  4636  25164  24694  14313  44058  28321  208696  1.07564e+06  27589  660661  93407  996  1130  5086  70925  364718  119757  276357  103519  209444  34191  53128  164149  82387  71214  45931  42739  40640  52893  12449  12744  26770  1711  5174  3.85514e+06  1.0216e+06  1.12241e+06  2.73372e+06  25407  632341  239545  0  
