4805208  
2676649  
725208  
3694275  
4240074  
4039954  
9217938  
13386119  
4173871  
7273657  
3274268  
2255614  
2481473  
3441156  
2978444  
5715618  
7677155  
6065353  
7759892  
8731103  
1418378  
1307208  
4314494  
3783768  
7288357  
1997523  
1997885  
2136338  
8067850  
9426045  
2758341  
9274920  
824990  
6474940  
10103300  
4238762  
5776187  
2308411  
714218  
3998963  
2235073  
5032240  
2469943  
644349  
3504512  
3547859  
4718381  
8877128  
14295824  
4905894  
7167456  
2669314  
2605431  
2000641  
3348447  
2909169  
5994011  
7340102  
5952826  
8217749  
8733388  
1655253  
1199846  
5140521  
3890839  
6682716  
2041876  
2038748  
1810863  
8770070  
9548850  
3244786  
8935486  
941465  
6824224  
10330481  
3795414  
5785623  
2326783  
642476  
3972449  
2241363  
11575297  
