4792375  
2432349  
603051  
4108626  
4176941  
4566559  
9425869  
12793428  
4197389  
7095710  
2934947  
2744118  
2427524  
3416015  
2928819  
6174060  
7969624  
6970026  
9283638  
8834030  
1577420  
1203973  
4757390  
3924891  
7924595  
2272543  
2201814  
2090195  
9243278  
11087938  
2971022  
10790207  
811028  
7818780  
11286596  
3413216  
5587758  
2495126  
739640  
4330461  
2465255  
5020021  
2269308  
586122  
3901008  
3423745  
5083990  
9259100  
13447208  
5041212  
7426847  
2119420  
2864558  
2078557  
3244396  
3020338  
5935390  
7432821  
6990949  
8645439  
9333732  
1712071  
1222580  
6218859  
4497605  
8293700  
2438966  
2282755  
2456106  
10025672  
10072326  
3397247  
8868171  
930757  
6898040  
11613037  
3226436  
5453010  
2573309  
636623  
4516561  
2365400  
13240305  
