4632108  
2711073  
569122  
3575332  
4450092  
4535892  
8299508  
12611219  
3963494  
6704284  
2793504  
2514464  
2215117  
3376557  
2886045  
5896221  
8226049  
6044239  
9395019  
8607359  
1434181  
1337898  
4728334  
3879249  
6685675  
1815564  
1635079  
2020577  
8450055  
9789878  
3055874  
9544572  
771342  
7004366  
10788311  
3802443  
6248708  
1956480  
609094  
4085072  
1993582  
5049085  
2428885  
529543  
3682584  
3683700  
4621057  
8121588  
13487632  
4557903  
7098789  
2272593  
2498914  
1999239  
3254638  
2789510  
5611575  
6981079  
6452374  
8374288  
8679899  
1581885  
1204746  
4925357  
3848986  
6942374  
1980857  
1816992  
2079821  
8809623  
10521512  
3233004  
9189952  
857276  
6489708  
11012070  
3654355  
5735162  
2287344  
570974  
3847059  
2158282  
10446411  
