464374  
522473  
613358  
489104  
830265  
702780  
343408  
262590  
284633  
197826  
597236  
648401  
673855  
949295  
283984  
670232  
301454  
894185  
635840  
724008  
755493  
274046  
411867  
722371  
430130  
432504  
572988  
562848  
605647  
326913  
210842  
293716  
620120  
511168  
399922  
414460  
522945  
637072  
725639  
708286  
882910  
654473  
482224  
429937  
622435  
425569  
814938  
648792  
445745  
651515  
393072  
817126  
588712  
577862  
860372  
966341  
802858  
652845  
878715  
574743  
831926  
507288  
687489  
541626  
516199  
598491  
624716  
721011  
541989  
689568  
411472  
590827  
556852  
479028  
570411  
371191  
366090  
567848  
444234  
677606  
749062  
513417  
772342  
303140  
428555  
422391  
375326  
508766  
858804  
486872  
821001  
465849  
450132  
574480  
436395  
437532  
515529  
688850  
495965  
530492  
381549  
501725  
687290  
371361  
335519  
656490  
426223  
722931  
427451  
410064  
694051  
536295  
322062  
245210  
309470  
755557  
893889  
250059  
194714  
268716  
600417  
320753  
206805  
597049  
368870  
456308  
482900  
491289  
702891  
518435  
682335  
334801  
379955  
461750  
351583  
479403  
402392  
177864  
443009  
373467  
567147  
318976  
223722  
195399  
192679  
229690  
208259  
187389  
244731  
193073  
428420  
166326  
151875  
223886  
201741  
170906  
223152  
382076  
419539  
236922  
66627  
122773  
123781  
127133  
285541  
99721  
75733  
143965  
174538  
285553  
266639  
724101  
254624  
269509  
211242  
394644  
424340  
504027  
366025  
922281  
735307  
501342  
610236  
340343  
455748  
551679  
612434  
278664  
523039  
584896  
188105  
674998  
652134  
203663  
429091  
202412  
856021  
371678  
376244  
587272  
837655  
443311  
571227  
315484  
421881  
517416  
560494  
369476  
451162  
193160  
507524  
337565  
177294  
193018  
308981  
308428  
283031  
162926  
215028  
144696  
178501  
235607  
331022  
224801  
155799  
143774  
177802  
256254  
238962  
113891  
134314  
172025  
136512  
142155  
362518  
616057  
445119  
325731  
423239  
672156  
801413  
357262  
498903  
875043  
441171  
722567  
971954  
319315  
482037  
581880  
626237  
685835  
608513  
458060  
351469  
595239  
567667  
481487  
172566  
251738  
356850  
420856  
374049  
319427  
316607  
398213  
367830  
403011  
315610  
601282  
360962  
291302  
227533  
344811  
361435  
480532  
229686  
205303  
166952  
145478  
237072  
375411  
393269  
726598  
537653  
360574  
289128  
549088  
562766  
680623  
414312  
237485  
151500  
406870  
456503  
343876  
267762  
411632  
451948  
469347  
956938  
595106  
551539  
447927  
720668  
443340  
320990  
406450  
403246  
358111  
266482  
411612  
615564  
450181  
518144  
445422  
662575  
593085  
749628  
745289  
355833  
505767  
408569  
352718  
839155  
712208  
601648  
653473  
563437  
986561  
432680  
241628  
303294  
193205  
231492  
245455  
281883  
225482  
128063  
156504  
324283  
179670  
185062  
154130  
265608  
179204  
178775  
105653  
227943  
85779  
111952  
135233  
297319  
275361  
335456  
88623  
371324  
454937  
433151  
399166  
212206  
209358  
227302  
302724  
276583  
189810  
431993  
499787  
543692  
637024  
372111  
393458  
343483  
142524  
595111  
182659  
243166  
233133  
310870  
411276  
539073  
254941  
267872  
271723  
301832  
241202  
282534  
412802  
450571  
599972  
272078  
334008  
571038  
475797  
411487  
387966  
440434  
478810  
998770  
544683  
824518  
805127  
814636  
805423  
1135992  
383640  
289635  
439355  
299460  
526544  
447244  
1299402  
727116  
758877  
958451  
718440  
626259  
957061  
996489  
795241  
644779  
493221  
517063  
303416  
756679  
457125  
865624  
916655  
536168  
737533  
636768  
1245059  
663267  
579058  
437462  
774133  
647514  
502705  
555184  
453142  
595394  
859827  
670380  
726996  
958299  
995649  
435310  
816400  
887762  
932278  
819384  
564525  
428683  
511971  
535021  
766625  
756577  
520640  
372732  
362239  
425936  
630291  
668449  
497036  
560576  
732833  
506961  
421767  
513916  
575583  
424411  
349700  
455036  
384506  
882948  
641627  
544572  
743998  
374994  
469383  
741629  
802339  
419333  
263693  
202441  
280701  
362431  
435143  
448775  
323520  
572115  
669148  
391845  
424566  
520510  
530571  
731662  
484607  
511935  
558101  
1116999  
10275836  
3191296  
5457401  
2284009  
758235  
4680225  
2123944  
381358  
425604  
501657  
588073  
1007910  
724508  
414520  
279644  
251776  
204687  
643120  
727060  
625637  
981616  
264612  
743220  
430173  
764343  
800433  
398253  
419716  
140580  
503653  
725106  
446312  
369827  
598583  
393608  
561742  
288735  
200750  
359136  
542511  
381549  
348712  
480889  
422237  
419775  
824197  
732275  
578132  
260995  
752871  
579393  
749876  
415008  
818834  
514387  
571891  
570649  
395470  
902659  
711974  
582405  
537671  
916204  
1013378  
496626  
664322  
519631  
743086  
366992  
499427  
715778  
511427  
660557  
516630  
737950  
502828  
757365  
292944  
422086  
535689  
349784  
323924  
298886  
268364  
462130  
330765  
613746  
693751  
631815  
744104  
406451  
353809  
437854  
424952  
430907  
850838  
513283  
872829  
445408  
291536  
410835  
480272  
399722  
468406  
643763  
541315  
529581  
445018  
377231  
724209  
341236  
395250  
591974  
528713  
820953  
396366  
406181  
564136  
545524  
353799  
220898  
251520  
886707  
1265628  
324027  
207494  
346551  
767882  
349331  
283286  
596598  
369077  
391643  
467074  
495875  
1020502  
673170  
755264  
352632  
438535  
380666  
328850  
322211  
518130  
177881  
282005  
235486  
593497  
375776  
291999  
211922  
157927  
249827  
271499  
274600  
380316  
217779  
324902  
160534  
101743  
152671  
144314  
142357  
215481  
426576  
272651  
176376  
95351  
99448  
101679  
97251  
234847  
93246  
115953  
283706  
123871  
234418  
81467  
357063  
277709  
344004  
211398  
259842  
482160  
336682  
308410  
843188  
803397  
731812  
623485  
188264  
299609  
406224  
526224  
299593  
630458  
424141  
247451  
629354  
455526  
267335  
335585  
192824  
1039373  
330702  
332874  
562363  
846070  
573608  
591155  
410381  
221830  
747068  
606357  
429646  
475040  
156014  
371583  
283463  
221225  
216247  
244419  
357598  
247891  
110826  
234964  
171416  
150598  
320685  
404282  
172710  
112983  
163877  
126092  
205955  
288533  
172012  
125491  
130616  
212604  
90583  
294413  
510394  
260573  
524738  
357170  
578032  
848495  
560130  
497427  
850114  
407455  
767552  
861751  
163877  
421853  
532435  
705333  
690528  
313416  
172525  
476734  
735400  
507206  
461533  
93069  
157142  
330639  
231475  
280373  
398249  
309490  
349586  
257128  
478082  
316080  
628812  
332612  
328105  
248768  
327950  
305364  
435481  
178042  
168840  
112600  
173629  
380190  
314233  
283993  
428344  
400380  
386210  
293428  
409210  
696930  
858157  
498824  
247603  
262703  
435965  
382985  
315777  
384920  
334485  
351707  
807291  
1158583  
345582  
192688  
302862  
294645  
543037  
354487  
628421  
494069  
317301  
342827  
296505  
682674  
513802  
511922  
463833  
702454  
562351  
638631  
683980  
510158  
541154  
394143  
472369  
810549  
759343  
685166  
465704  
533305  
880810  
517094  
105446  
375864  
200942  
394555  
346295  
218748  
191729  
123085  
217206  
417368  
210396  
125558  
186738  
243350  
40689  
94014  
145720  
216275  
229505  
248681  
284654  
630124  
411410  
397539  
157728  
368786  
367245  
420244  
449310  
301911  
260737  
376327  
179613  
261262  
301938  
437859  
562673  
809209  
704410  
317547  
353604  
156377  
154657  
533946  
155793  
177219  
387132  
265290  
346839  
523927  
274272  
275977  
317670  
266055  
245292  
358464  
600299  
320545  
563015  
281657  
371962  
643583  
507629  
421365  
328475  
459314  
519080  
946591  
614303  
894186  
722356  
560039  
735643  
1069929  
222380  
245699  
454350  
261313  
581770  
722758  
1310382  
728038  
857852  
765715  
561056  
548665  
1013464  
857444  
662718  
606351  
581935  
551816  
689151  
806832  
879068  
988016  
1179498  
809683  
678374  
697722  
896464  
556792  
533832  
489814  
722503  
793108  
708656  
520632  
590252  
559288  
843755  
710780  
450189  
1004548  
973476  
489231  
733810  
820775  
895058  
663851  
785651  
419740  
606004  
597932  
851391  
847579  
703444  
402999  
365973  
324633  
375408  
263211  
483875  
591223  
712800  
385333  
390815  
540026  
546970  
360625  
371500  
305331  
437565  
748262  
643050  
572062  
770781  
231299  
490535  
775925  
882932  
528205  
293543  
161709  
296903  
428646  
409300  
494648  
328614  
476989  
