5592392  
2480587  
729128  
3969414  
4693487  
4917587  
11815662  
16524126  
4934954  
7955698  
3433551  
2935708  
2737512  
3746532  
2832730  
6317760  
8088656  
7112186  
8327424  
9510454  
1628028  
1186613  
4711059  
3752293  
8444930  
2280371  
2254468  
2379801  
9367919  
10967053  
3067273  
10973416  
841946  
7902469  
11327880  
4645094  
7359875  
2870770  
840847  
4208580  
2267200  
6339279  
2338251  
661866  
4060069  
3696326  
5411851  
10606335  
16667432  
5286909  
8001829  
2880224  
2980729  
2361276  
3498119  
2786493  
6354578  
7922957  
7011960  
8909368  
8900258  
1848974  
1218124  
4975898  
3826699  
8362518  
2268596  
2371225  
2816122  
9467953  
10594968  
3382339  
9999454  
977861  
7793115  
11444774  
4181622  
6282537  
2814049  
784817  
4172894  
2230905  
12719449  
