0  1.40291e+06  44003  702141  274423  31951  708097  46317  6914  16665  4318  1877  148  166  2759  19289  24711  56967  36915  24655  5043  44069  112344  105831  54808  8511  15180  88062  44207  85394  30319  240245  1633  1.34239e+06  114182  133355  609298  40988  82374  53167  20164  993  252  629  3662  248  332  4227  5705  897  2136  831  184  30  52  773  4625  890  8790  934  5529  1607  999  3100  2679  1515  320  326  717  2085  1065  246  2841  283  404  15431  2759  5063  3229  719  4380  2140  69663  
750237  0  6416  3586  692569  47702  590622  29556  4170  28869  7801  516  97  124  2316  22785  25135  55750  38000  21190  3957  43806  101340  92688  42968  5717  5600  28879  24797  53171  35595  46441  1011  123362  202275  136567  781412  68939  11961  41762  8946  615  207  303  399  275  455  5105  6519  1414  2803  926  83  25  65  620  3740  611  6672  587  4253  1239  752  2381  2381  1100  251  263  586  1511  747  156  1936  204  313  12973  2097  3901  2640  415  3185  1771  89003  
20900  195  0  141773  354  408  202118  147044  670  3563  2027  500  151  47  614  2204  603  6397  1808  4344  681  1426  3081  2626  5637  480  3735  8454  3312  2534  638  2152  97  470  138897  233555  48904  13080  15205  17407  9405  14630  1113  30125  24093  241  130  24039  20987  492  700  220  259  70  72  97  660  85  733  123  533  164  122  556  238  164  25  61  245  215  190  27  283  27  123  3480  18838  2167  674  615  569  497  28384  
700064  237  190371  0  248  433  15711  807134  1385  2314  2106  1.13016e+06  19834  14010  10989  2340  916  11214  4154  27761  3476  4981  9517  11427  10852  1906  17541  105776  9935  14427  3732  48380  104  2589  67576  170302  123515  30284  348155  20208  40438  145892  1392  225958  1.46067e+06  388  374  38221  135128  1456  980  899  316965  41244  25980  13342  1147  266  2491  540  37102  13424  1920  4257  5439  2280  302  581  14236  4051  6473  106  14397  64  773  13705  196097  13975  2569  47587  5554  4069  16289  
224318  934828  10443  4138  0  1.6569e+06  1.5002e+06  242767  28379  137480  12622  497  154  213  4696  54978  100551  82782  65943  37092  5711  13969  51082  24061  33373  3021  13931  47252  31577  101825  97773  98009  3624  539429  708646  547161  506976  129972  7444  68823  29193  445  960  624  415  3229  2932  90019  73495  12575  7911  1387  147  69  71  512  6218  825  7512  994  4184  991  665  2801  1224  1139  160  269  986  1643  1022  172  2059  222  626  19574  3889  8856  5232  361  4184  2658  153153  
29322  77303  6862  1590  1.38332e+06  0  879176  595526  561248  1.57849e+06  5237  215  134  105  1097  68170  148216  33336  83582  9519  1312  3216  13269  5911  8859  760  2738  11456  23079  103871  98877  131993  4362  992205  142455  91828  195166  45546  1778  14108  5745  381  2652  972  269  11186  25165  199438  183869  124695  38461  1078  145  128  64  308  5601  943  5711  2120  2691  643  473  5351  750  2717  194  388  1266  4530  3098  247  2427  144  2619  25002  5446  20534  10844  173  5209  1728  49959  
406032  444050  263053  13195  2.08627e+06  1.0526e+06  0  1.71234e+06  1.26008e+06  196353  31317  1456  356  421  9474  70361  80861  155100  120482  74010  11778  44217  104949  90221  87687  9240  30995  103301  137180  307276  263315  92321  2103  39087  1.70523e+06  1.55821e+06  1.16447e+06  291004  42334  170265  68033  2423  9830  10726  2573  24517  8457  693018  406202  21877  15824  2731  577  266  166  1353  10310  1632  14808  2272  9421  2674  1872  7948  3787  3250  564  931  3798  4864  2860  395  4986  381  1530  70089  16993  24582  14843  1086  13694  7126  431732  
9183  6585  168845  1.24544e+06  51560  189641  1.91528e+06  0  2.00261e+06  543141  526564  1.03323e+06  1.78974e+06  824312  266101  37158  19123  235408  120153  676675  68104  18469  107701  19296  91104  14619  26488  30314  130803  67551  30253  29400  1288  23979  741912  763947  369712  267307  28735  81376  40453  78065  41139  360565  328280  49390  80530  1.21889e+06  3.39088e+06  444072  304766  27144  217961  138825  32252  42091  26139  4209  37889  19223  117838  31089  6454  40880  8254  17314  1575  3110  11846  26745  19343  1596  16607  589  16360  203254  172030  154943  86167  13500  44557  14271  353729  
1332  1521  4153  540  24915  763521  1.0557e+06  1.82925e+06  0  1.55703e+06  1840  122  74  58  242  13054  28605  30138  119990  2183  267  450  57445  788  45061  323  1136  2241  144626  118279  50795  7870  122  3179  21488  8034  24648  13879  509  2867  1431  682  2193  1171  191  13871  51269  84980  241600  219731  190713  3323  104  75  62  251  10634  1567  10981  9081  3573  778  490  15167  851  7263  402  739  1369  11553  8673  666  4676  107  7207  23129  6079  62908  29454  153  9749  2140  34124  
17747  23606  14235  2481  91158  1.25162e+06  295141  1.18016e+06  1.36211e+06  0  168397  700  374  1927  1291  2.32306e+06  243815  89408  120595  11603  1348  1626  23798  2269  15923  733  2036  4083  44328  86292  67731  317909  26370  480484  107394  80869  460345  303343  4879  19984  9395  1079  2218  2689  669  5772  19039  52405  215921  133905  523378  22130  448  252  261  372  55969  4957  18225  13690  6007  1097  537  20459  855  8355  500  849  1421  12026  10644  926  5982  372  6419  37186  11951  87069  52856  751  24927  7806  191963  
953  680  2137  5202  615  391  6794  657190  1793  255337  0  14071  78759  1.05599e+06  5296  133668  5416  80362  5664  780430  4001  521  923  562  1080  289  598  724  1222  1160  610  5987  1898  3177  25897  7699  23416  23999  1710  2698  2282  1611  1862  1583  2101  4228  4285  10737  208913  3519  565562  184559  3409  4796  18782  1993  134477  9519  22129  3851  24637  2815  685  4910  724  2138  228  357  900  2622  2279  485  8719  1891  4960  45305  16925  72222  45579  1152  22166  6378  61378  
1052  115  8458  966560  301  554  7831  1.02737e+06  1342  2305  11013  0  502788  187429  159197  1680  389  10433  1993  359609  30645  6929  3988  6375  8918  5152  12334  32677  4032  3189  379  8621  98  451  33732  29486  50266  21106  169520  18415  29326  33282  2234  55763  240741  554  323  39934  159648  1250  1588  1823  408323  55339  23151  24415  1499  316  3440  565  68902  21530  2405  3170  4345  1634  332  521  11045  3188  4534  126  10951  83  648  11558  49865  9768  2503  35452  4817  4115  7865  
438  139  3749  46175  546  1265  10730  1.16749e+06  4080  3456  65723  429293  0  531292  268018  1606  331  16725  1057  609313  49140  8377  963  5956  7607  7193  8711  3925  1484  1118  296  1433  93  335  13852  10047  8572  4719  19991  16988  4568  6507  952  11900  39314  679  812  23107  253572  3214  4978  4451  193496  323594  28986  36888  3816  635  5767  813  71126  16732  2291  2018  2596  898  239  305  2639  1798  1536  152  3587  181  552  14604  16343  6870  4128  8144  3993  1721  9461  
744  370  2203  16049  289  416  3470  663063  3011  42360  1.27389e+06  89001  476252  0  673095  8033  1101  61230  2748  1.34829e+06  82894  14035  1780  9358  5572  4893  7810  3222  2508  1417  309  2456  327  890  21301  8149  12126  7435  14047  21956  4321  5817  655  4326  20907  797  871  8692  187106  2547  80606  83163  35007  61666  549152  63935  28898  2612  18126  2045  150172  38330  3859  3546  3648  1643  488  535  2440  3290  2330  433  6431  774  1416  24655  13571  20284  12222  6912  9748  3405  21369  
1568  648  1977  20615  280  190  4011  124967  779  1156  2045  77052  159081  467727  0  855  1405  67557  6078  2.03556e+06  134950  108381  5416  566278  26878  70074  33254  6508  4485  2709  494  6529  854  1593  57912  6454  18939  10984  14334  132965  8932  8300  699  4967  20221  484  498  6444  51450  792  11980  25116  18525  18642  88086  244232  66275  5132  75505  4960  155571  16051  4075  9459  5905  3916  1355  1482  3202  5933  4061  1252  13333  2082  2612  58198  17671  21099  17119  7335  17665  6700  44748  
26473  26761  10774  3861  44724  72659  87766  133470  59165  2.12512e+06  157072  1014  272  834  3700  0  1.91971e+06  876125  430016  96458  3165  2442  13248  2710  15122  1495  3584  5549  37034  87024  74784  605207  185439  600256  129009  47965  537032  308767  15228  14902  13850  918  978  1010  698  2447  2974  10321  23337  5523  67677  17054  266  84  220  701  171063  29670  47069  6279  13275  1368  547  6422  658  3530  371  554  1041  4118  4118  1017  19620  3655  4380  37083  10376  35376  20229  1251  9167  5854  187913  
27478  35676  9297  4316  93751  153040  201358  116154  103220  357439  50810  1103  315  920  11349  2.37346e+06  0  810674  2.10745e+06  120534  5232  3645  18628  4290  20445  3901  7763  12067  78180  502319  798229  1.92709e+06  384520  576570  102806  49123  362183  112356  16796  18839  16173  1676  1487  1455  967  3243  4259  19695  35842  11316  50413  21444  393  154  649  2099  281376  66234  114475  13011  34375  3155  1375  11771  1580  6573  784  1109  2320  8002  8671  2690  50144  8968  9120  81051  18146  63656  37383  2472  16274  11560  110528  
30185  14977  12550  15496  6254  11549  60361  258673  35007  183394  64432  3213  1812  4776  9132  1.07944e+06  275448  0  3.04004e+06  953659  102832  19455  915810  29493  211763  28176  28962  70478  157864  57808  8061  89200  8922  33023  208566  40165  231836  104598  36452  185809  64637  10640  2719  4099  3437  1766  2785  23977  52680  10530  32981  12530  784  379  1304  7838  112216  39864  221285  41294  81781  25035  21073  61997  15175  24543  3738  4166  12411  33560  21804  6871  61220  7526  8562  184195  32431  84657  52886  6114  63391  31018  169751  
56131  44001  20103  18338  33105  68511  214065  323196  417816  149894  9081  4361  737  713  7460  208560  1.97955e+06  2.94456e+06  0  80976  4950  5052  1.33367e+06  10990  403024  16367  34887  77110  817676  1.6513e+06  665713  274094  18990  131494  244832  54003  543661  165879  60304  158662  95954  4925  1601  2408  2833  1983  3768  19914  39856  12956  32930  7355  786  185  350  3933  84160  23588  110415  17269  42900  10701  7677  36501  7501  13688  2110  2191  5540  15493  9968  2983  33878  5090  5500  101302  17931  64864  31109  4268  26706  16727  166617  
18190  8832  10889  47950  3095  1327  35964  337175  3579  14205  566820  140472  288260  680572  2.36479e+06  227455  30625  1.4359e+06  66110  0  1.80058e+06  667450  77752  893748  166884  163754  139464  47549  57691  30741  6308  80753  14064  25069  238207  35265  162097  82882  45037  386290  59835  32263  5843  15735  42336  3606  3379  46071  166365  6216  91414  65958  45114  39808  115958  203077  243647  48985  416093  51111  838144  97590  48530  95240  41814  36643  7114  7625  23435  61592  37940  11558  109747  14728  15985  376100  83564  150758  110428  20582  127967  56410  235329  
1051  458  543  1612  139  44  1815  6675  126  196  188  2667  4545  9835  129262  187  355  215584  3419  770983  0  682241  45757  256969  8418  16905  5173  2384  2957  1460  275  3601  297  885  26769  1618  10123  5880  2286  28040  3968  1447  301  608  1560  61  50  1845  4623  82  911  668  1598  1058  1577  6731  1589  312  17351  517  42048  95158  30560  14899  19210  3998  1017  692  944  2497  1133  153  2617  151  283  21913  2416  4538  2452  659  11645  2094  8980  
1585  733  539  997  111  28  2424  2043  37  69  68  546  548  1135  57697  55  71  67882  857  242376  523867  0  41010  635988  13502  23880  7852  3854  2504  1612  190  3347  80  639  39785  714  8087  3014  1305  53810  3225  395  80  189  543  20  11  557  1286  21  160  119  588  323  539  3544  232  53  5598  153  16693  63384  35920  8955  45009  4715  1084  646  327  516  320  30  661  52  67  16982  550  1615  745  180  17958  721  4059  
25245  21939  10554  7382  8637  2641  58008  123247  38240  4982  763  2721  470  351  8266  1625  4317  1.22734e+06  1.20424e+06  152777  52426  46344  0  259274  838533  45515  36837  29519  1.24894e+06  622800  14193  126761  762  56742  123460  23659  282904  82577  34081  61495  79218  1757  505  913  1369  317  500  5373  7191  1438  3612  456  411  73  62  1068  2035  656  72826  4857  47386  54708  33532  141670  17110  39054  2780  1630  1808  2884  2048  283  4446  193  522  29282  2926  19992  3370  1354  10928  4008  54403  
33945  14451  7920  14402  1148  288  43926  12437  353  297  124  1642  760  1205  541475  236  330  88877  8641  460782  134051  740922  493252  0  1.55799e+06  725098  49696  67027  53177  26988  1218  39607  98  6298  105786  6142  79135  13590  7987  207528  26033  802  156  561  1328  45  30  1415  2034  97  359  167  388  200  207  2232  392  89  9595  572  14530  15764  13359  30008  117584  12223  2406  1556  818  1219  687  74  1533  74  160  34299  1399  5293  1308  653  37216  1877  20231  
30449  13808  9325  15221  1996  1257  46438  46168  15837  1838  616  5066  2161  3166  16237  998  1362  210247  94536  78056  13071  86295  971285  1.67771e+06  0  1.54786e+06  1.20861e+06  214992  2.98575e+06  93318  7616  47409  350  10422  206925  24211  133304  45969  20852  675731  132532  1589  366  1067  2326  222  296  3532  6616  676  2010  534  968  380  130  1583  2377  725  18181  1565  18145  13378  8772  37232  13581  14647  2100  1565  1661  3299  1689  307  4507  358  568  36146  4261  13001  6054  1557  21371  4649  80496  
3847  1267  1155  3332  144  35  4675  5445  136  110  64  2056  1376  2401  21442  138  97  43928  12350  19505  6058  32935  79531  376012  1.41714e+06  0  534173  30943  64551  8706  214  8428  60  1099  15685  1530  16270  4724  2733  309260  21008  323  42  273  673  20  14  353  965  30  126  120  304  197  65  254  268  42  2209  151  2523  1951  1349  4423  2896  1842  340  246  235  389  183  14  413  18  54  5257  580  1558  401  238  4388  461  16719  
20669  1627  1992  24552  351  74  3427  14583  164  691  316  13166  5420  9453  20021  627  541  20866  4183  25289  6243  10168  23923  20693  1.12627e+06  595689  0  301649  13827  4920  391  8115  236  20636  175531  17405  117689  65642  16708  581604  518213  1172  99  1013  5873  45  56  1002  3282  88  659  719  1810  634  316  820  1341  325  4869  489  4243  1487  1514  3774  3829  2915  879  692  750  992  590  116  1312  98  169  15839  2691  4471  1465  1828  11832  1542  46187  
165321  12429  11454  233464  2700  1302  30998  19662  4529  2258  706  69764  1723  1145  5031  2801  5523  39227  18597  24309  5696  45750  86504  113020  302132  17464  633521  0  272147  275680  31307  553564  547  128211  370964  40323  553377  115746  75163  315348  506713  2102  301  1805  36504  131  157  3031  5225  414  1019  435  4935  575  351  1541  2238  1119  14729  2096  8768  2345  1676  6745  4993  3119  588  582  3034  4021  2701  484  5588  272  505  22662  15455  19946  4581  13570  11180  5382  121602  
21102  11427  6241  8435  5572  9173  78423  152828  155363  11040  1124  1320  333  301  8896  3610  14818  230616  368137  88329  17976  25010  1.21733e+06  63875  3.17048e+06  31800  38321  211514  0  3.6439e+06  166753  105025  878  20045  77443  13189  135064  60186  14101  116107  28868  6047  1500  2074  1661  1127  2071  13260  20008  4926  8607  1577  272  94  137  3962  10209  2835  25596  3312  26049  9206  4474  20516  5472  8760  1726  1722  3835  15210  6008  811  14115  1047  1858  65375  12744  25756  15141  2231  15055  10549  57153  
52537  25677  10718  16736  46911  71178  306915  153779  250575  51736  2908  1390  272  304  13523  11763  402103  163513  928335  92826  18829  52152  528380  97000  160188  12242  23453  437084  3.23448e+06  0  2.3339e+06  3.91128e+06  1663  53064  100006  24544  260781  91846  17006  72120  32272  2341  842  1208  1546  1708  3449  17325  23567  8429  10198  3922  311  114  187  2159  35516  7590  57471  6154  23721  4490  2267  9145  4129  4575  794  906  2237  6995  4124  1324  13619  2031  2492  50259  8964  24594  14991  1697  12046  7244  79071  
5691  10108  2800  1433  68244  95065  315847  76929  107866  41960  1355  174  47  76  5007  6404  791468  36994  595981  29699  5993  4888  32626  4512  14367  2404  3954  10841  51037  1.42093e+06  0  910258  944  11891  24296  12020  71611  32043  2668  9404  3559  312  256  250  174  916  1555  14385  14026  4240  3883  1453  56  26  52  416  13450  2797  20293  2098  6593  701  376  1732  448  891  133  185  482  1297  1032  414  4125  702  911  14257  2290  6814  4772  326  2825  1828  23196  
334799  65158  16197  70758  88530  112331  249456  146710  47552  254317  9609  9936  690  952  45135  424444  1.18046e+06  449620  280646  337113  68614  97875  381328  153928  111745  26468  46556  550616  103285  3.65946e+06  1.03373e+06  0  931281  1.25271e+06  165138  44860  540588  97922  30610  112860  59841  3568  1279  2253  7483  1839  2282  23762  38941  5471  16985  15508  962  282  610  4290  142315  21647  190703  16426  71835  8351  4906  17550  7150  8281  1481  1620  4172  10712  8075  3585  37268  7249  7060  130432  21478  57380  39351  5532  26011  16287  142527  
3345  3988  741  329  7537  4776  8936  10549  466  22370  1900  108  41  86  2354  111985  195430  32917  17789  16550  1032  527  1225  529  1175  571  897  797  1498  3839  3327  421692  0  260947  4553  3471  43609  4919  1460  1508  1077  132  73  107  83  133  136  1188  2163  277  1985  1520  47  11  72  201  16984  1724  9438  643  3890  259  113  549  122  257  44  62  155  351  313  124  2341  544  556  6414  1269  3895  2486  160  1139  742  5906  
1.13405e+06  314740  16297  15281  859071  1.29939e+06  216136  140502  9016  847274  11131  762  196  365  10904  1.06007e+06  1.05054e+06  177320  134469  89344  13455  23889  109836  35364  31127  6215  39350  71628  33394  100859  68671  1.49832e+06  782875  0  72839  34939  704848  44864  8735  22831  22962  815  576  630  908  1229  1498  18676  21259  4201  10581  6160  199  67  174  978  50625  5627  42654  3205  17490  1915  1121  4143  1616  1951  343  383  902  2420  1811  636  8862  1806  2145  31635  5419  15870  10280  807  6020  3704  46698  
185014  39444  495560  174658  37449  13050  1.0675e+06  2.00706e+06  19154  413281  197518  16604  4091  7091  94678  226990  45658  1.17599e+06  239774  644977  112555  113739  264323  157271  472150  52927  436478  593174  224454  134618  20050  180332  10245  32760  0  3.27837e+06  877821  1.02262e+06  431900  1.99056e+06  1.2755e+06  6187  3044  6761  11781  4927  5968  102467  169377  25327  39384  14278  3913  962  1186  9350  48323  7580  78147  9201  53806  15407  10036  31967  19234  15995  4537  5069  11933  12486  7895  1828  19613  2111  3958  392284  34444  86643  50381  13790  62212  51845  3.14446e+06  
143062  6999  848097  321412  9372  5441  1.08708e+06  1.12163e+06  3160  126704  107677  4665  1248  905  11800  61730  22900  146129  27272  114021  9997  8445  19212  11972  74972  5498  56739  87479  35617  21060  5018  38070  9313  18225  2.11008e+06  0  345171  431430  447022  274228  130734  2027  1448  5120  5594  1218  972  28508  57137  2843  15008  10724  2009  534  290  1154  36509  2619  15411  1559  8457  1658  862  3615  1462  1647  296  388  1596  2014  1280  269  4096  680  1007  30994  12639  14839  7996  1599  6156  5442  519830  
286989  96664  484275  229272  100366  17805  1.25334e+06  1.66378e+06  19440  837685  276191  31987  4752  4233  14270  443845  94517  479920  219871  166506  14065  20587  117205  34676  57602  8078  67781  82693  151965  253956  159631  97205  5596  97707  304443  1.62601e+06  0  1.70111e+06  566055  55065  187891  3246  1653  6463  17611  3018  3691  47887  143289  17195  92615  19972  4022  771  777  1896  41649  5381  37040  7574  17557  4231  3733  22103  6853  7198  989  1011  3889  5748  4670  851  10780  1158  2996  43652  19756  99311  18251  13301  18199  9783  173196  
17180  6235  54590  21373  16620  3870  169474  410557  6216  384926  88698  7167  1081  1017  11391  205372  25625  198417  63352  98614  10013  6833  27839  7645  22231  4694  25226  15124  72270  101243  53835  20854  1374  4087  289907  408450  1.65639e+06  0  126485  64515  138870  857  482  1159  3160  1025  1345  14374  25888  4398  19633  6049  1134  158  226  905  18246  1914  14281  2096  7507  1647  1142  6089  1737  2183  320  422  1496  2078  1346  312  3770  511  891  22812  5440  27837  12473  2575  10933  11595  660239  
57420  715  63548  301198  162  121  15839  13429  181  4948  3662  36524  1750  1071  1860  7290  1619  18728  5638  11875  1242  2017  6511  4524  10216  1262  10269  28609  6915  6862  1670  7448  317  685  178254  446063  227700  65708  0  28561  34385  2758  112  7639  32253  71  47  2199  3327  120  892  564  4018  405  257  339  2623  439  2598  483  1787  558  363  1936  988  866  138  161  1424  792  851  64  1833  86  142  4596  13418  9699  1009  11611  1829  2188  33424  
15670  3484  6457  20431  308  164  18361  33164  545  3882  1290  18840  20811  41279  82060  2044  836  63638  9572  111272  31761  32649  26535  54171  542776  342730  1.34109e+06  190014  78692  37224  1037  35677  444  2925  1.41471e+06  36180  74380  39441  28734  0  1.26383e+06  6688  804  3805  10585  267  234  6723  17525  560  5666  8735  3319  2066  1919  7648  9658  4060  52056  6285  38914  11708  11790  26841  29611  20558  6534  5136  6208  9739  6026  1492  13149  916  1606  111973  13507  32448  14158  10928  96143  13772  84446  
23134  791  7173  11916  302  119  8882  12970  234  3111  1513  11305  1739  1536  4383  2515  945  42436  10927  23291  6701  13559  63656  22676  104142  9917  1.25214e+06  198142  10140  5471  730  11964  243  4597  988120  70293  292398  303377  53157  1.3244e+06  0  711  121  990  5630  46  60  1770  2814  188  844  407  3017  225  143  498  1696  726  6031  850  3207  1060  789  2888  1582  1384  328  378  1222  985  637  176  1582  154  208  13112  2982  11988  2884  4888  4999  3870  191092  
616  124  20844  19830  129  393  6751  16296  2199  2435  576  535  102  97  656  1782  495  13341  2888  4125  827  2171  1603  2547  1046  184  498  692  978  646  212  1225  154  319  8704  7756  3483  2144  2384  2520  1352  0  1.28236e+06  58543  694742  361241  54551  499063  92558  7890  13602  2216  1552  764  506  3062  11358  9172  24597  22314  12198  8712  28201  164863  96635  31527  2566  6292  46257  53090  62786  4812  224104  858  1.23259e+06  201736  119093  374875  57057  59350  46374  15143  57602  
104  47  1835  571  85  407  5937  12993  2860  3141  480  67  30  32  264  1068  241  5118  1320  1867  415  858  616  866  419  94  210  177  395  353  144  492  53  161  7603  1232  1465  1227  417  775  556  1.03701e+06  0  5257  1220  600956  36979  356930  27787  5418  20139  2733  230  97  114  2268  10215  3129  13997  6515  9477  5118  10477  51859  21540  11844  1077  4681  19524  19833  15000  1340  29553  274  44185  477924  311170  338495  82588  4699  51531  15336  100109  
613  17  80275  78299  60  110  41474  124589  255  279  71  1896  244  225  207  114  35  437  126  639  96  116  110  150  144  22  125  283  125  160  55  115  5  22  2156  8286  1004  526  2368  414  654  48653  162  0  147317  60  154  91572  86447  188  382  110  2436  1514  1050  1226  281  97  624  169  1920  675  542  1918  854  774  82  643  2383  1003  535  34  583  16  157  32971  75817  13982  3397  3958  5062  2168  4603  
3347  69  185053  1.5125e+06  127  237  26465  309748  615  878  868  394096  14189  7950  6148  818  229  4500  1131  16952  3047  2349  2186  2443  2551  519  4470  19075  2134  1988  317  5975  48  247  16150  52022  28549  10838  81358  5735  15065  749155  430  235046  0  177  221  10143  517263  658  647  1553  1.39165e+06  103946  60489  42878  831  187  1771  360  107000  38940  3897  3224  6249  2060  530  1973  29006  4235  5925  72  18848  46  2207  11425  104505  11716  1824  31775  5768  4467  4685  
221  182  742  419  859  8712  14306  63345  46547  14992  1674  70  48  71  451  4932  1004  10111  3164  4375  634  1044  1457  965  1218  124  317  376  4724  4768  1777  1366  111  633  14335  2551  4618  3900  720  1286  874  408357  703373  1508  783  0  1.29061e+06  774472  133541  138139  164732  7634  279  176  309  7140  44095  14678  41016  17926  31206  14113  14414  96719  18344  27391  2723  12206  53169  58182  32315  4764  51013  1323  427556  765232  461196  288608  122820  2429  133519  35181  158119  
377  334  925  462  1804  24288  22011  195723  139781  45830  1973  88  93  99  202  6421  1938  6658  3873  2474  275  430  1324  472  1545  67  227  421  9062  10217  4162  1785  99  1300  15592  3604  9065  6444  324  990  685  41800  94069  1110  462  1.53536e+06  0  844455  431554  532790  1.57712e+06  7958  261  122  424  2254  74030  31093  25741  13416  15410  5901  5112  43136  7156  13179  1069  3810  16145  33986  31343  9324  118994  3673  953747  194069  144906  192046  49515  662  37732  10247  57066  
1351  902  68160  12406  15593  52456  461550  751732  118920  48611  2879  1783  483  191  959  6647  3487  18605  7332  7653  1162  1894  3407  2236  3971  293  1329  2349  11220  13111  6707  4606  284  2715  79043  37888  26605  22828  1782  5459  4892  304488  276369  160646  9227  1.34712e+06  1.17696e+06  0  1.24055e+06  1.8068e+06  717117  14395  1579  469  417  6593  181328  12953  103123  73775  40230  14375  18381  239781  31140  146334  8066  21058  53768  282498  131463  5931  40061  617  18069  869024  1.00381e+06  380296  137185  14056  146879  38935  218964  
4975  3567  163020  215825  34464  141226  783272  4.24969e+06  794691  588397  52598  63983  108251  34944  25473  36365  14657  55387  35058  81675  11424  7953  15790  6067  16188  1706  5183  7668  50689  57970  27259  13990  750  11389  278969  171538  139334  95371  6667  20322  14222  15314  14326  201025  795443  46848  116033  2.39626e+06  0  1.81927e+06  505802  540488  1.78027e+06  1.10462e+06  585288  174942  39832  9712  174089  53920  758179  194104  28788  95412  31280  26251  3411  6799  28406  33168  26541  3098  37338  1232  42595  616464  806383  518981  309895  8738  133151  34292  392834  
490  491  1189  298  2230  32247  22153  281283  212459  76234  1150  62  32  66  150  3386  2178  4543  4675  1229  141  189  1376  257  1881  54  229  543  9785  11324  5226  1893  65  1503  18039  4003  12899  7720  277  1122  806  1295  23298  883  229  102079  579479  1.32398e+06  1.61598e+06  0  1.58131e+06  2370  81  49  73  395  24052  4557  66181  71394  15600  1653  583  81797  1351  40428  2052  3284  4663  99722  59894  4204  12483  139  5793  21105  33683  41317  22005  185  7638  2355  25117  
873  683  7880  913  1555  7871  35340  231465  184873  509595  29422  278  133  349  327  44353  6999  17134  16106  4541  236  258  6305  354  4225  117  534  765  11004  10471  4567  2090  214  2183  23731  7993  37416  22725  743  2738  2668  9323  20640  3463  959  71273  1.38166e+06  189433  1.02573e+06  1.22532e+06  0  150706  1486  348  2232  1209  2.38466e+06  121022  53752  37988  18835  4035  1569  30807  2243  13032  874  1603  6519  57122  53473  12572  339360  86917  765029  80759  128067  294477  143743  2246  61220  18611  116098  
787  618  3171  1167  741  939  11952  62039  14556  433475  233525  487  1507  10102  3490  120091  4885  30491  8665  26129  380  155  2867  192  2398  501  1022  479  3824  1972  598  2276  479  2295  28185  9384  22593  15099  1177  3135  2139  500  539  1588  2553  1017  1226  5321  761451  785  393747  0  5955  8917  761511  1286  168834  998  69175  2403  453737  8580  714  2159  622  817  114  172  630  778  549  132  2132  223  1512  21123  5865  23844  17920  674  8180  2759  36617  
613  117  20274  349795  1229  2005  25916  302952  4692  2240  4301  470921  210206  65507  50036  1284  372  6526  1171  119875  12498  4923  1447  3097  3022  1712  3807  6321  1543  1270  409  1911  93  350  16180  15458  12845  6840  27148  6821  9020  13818  902  60656  861861  418  434  19022  1.07697e+06  1111  1668  6863  0  549603  109713  88705  1789  313  3916  460  325334  114145  9998  2799  9300  1681  794  1175  17499  3131  3591  115  9706  114  809  12424  20046  9885  2998  55232  6290  6734  7126  
381  130  9800  43844  525  1281  10266  186193  3746  2124  7079  56653  286496  64852  44354  1552  321  7489  1016  111429  13193  5604  465  2922  1919  1576  2026  850  798  696  269  856  89  357  8979  6405  4117  2662  1928  4942  1239  3632  324  16487  172887  279  375  8318  994773  984  1765  8869  605875  0  410504  166508  2428  470  4586  528  323995  97735  9711  2158  10094  1203  902  752  8226  2466  2577  186  5790  135  445  13268  7985  8641  3741  33818  7162  2939  7534  
805  442  6064  21928  590  1413  6679  146013  13559  65149  98068  21074  62129  615352  124311  26845  1855  36828  6025  225738  16384  6589  1592  3472  3693  2571  4689  1347  2699  1822  670  2829  417  1458  28611  8166  16692  10315  2450  14209  2737  3372  545  8451  88602  537  749  7249  919184  920  32914  844087  191425  349297  0  486311  27994  1987  35469  1747  1.14657e+06  216376  18510  4809  16551  2241  1497  1155  6246  3560  2993  461  7975  627  1125  33300  10516  20027  13249  16858  13239  4542  28801  
1304  537  10735  26484  209  159  3761  42940  683  1226  2978  14213  15440  50451  289624  1525  1104  42373  6756  223999  31001  19333  1746  10590  3355  1415  3748  2897  2972  2197  466  4827  656  1400  28162  6173  13073  7888  4259  20410  4691  7214  935  12603  69824  394  402  8011  117885  539  4316  4807  101140  83225  358679  0  15529  4511  41727  3741  1.56001e+06  194547  120393  9111  663004  12869  88138  33398  9126  11804  8910  2099  20679  2636  2739  93072  16551  29017  29939  9039  100738  15896  55575  
796  618  1929  678  789  1123  9016  34882  14001  124636  25779  145  55  356  528  147953  35698  68406  29739  19911  310  272  3042  280  3370  124  526  730  6184  2765  1105  5863  1266  2899  24455  6403  17320  10504  1853  2166  2300  8746  9299  1776  890  27226  72957  38088  131383  47601  2.35398e+06  146679  445  218  1189  3736  0  1.83416e+06  682101  87294  62199  9134  2254  38021  3392  14344  1337  1958  6926  63483  52043  18252  881809  474769  600300  155456  38306  438780  211403  2458  80241  27314  209564  
1527  975  1958  1360  1131  1798  10371  30918  10121  48076  18971  310  161  618  2134  158915  69414  186320  62630  50279  785  639  2965  688  4520  282  1574  2584  7606  5041  2550  15977  3043  5199  57737  12072  26211  16535  5962  7993  5995  13434  16151  3111  1715  40731  93634  68511  132400  63582  337201  38334  775  511  1742  13379  2.10708e+06  0  696841  1.87318e+06  93102  20751  4372  48205  7688  24002  2737  3523  14588  134170  446106  759250  2.52613e+06  308605  435651  167652  74350  506932  148295  7951  54990  34284  175035  
5731  2785  4164  4685  1405  1561  17016  43517  14782  23090  4976  1042  313  373  3327  44106  20654  264066  94308  61539  9410  6640  18415  5301  17665  1694  6433  16653  20238  14866  5369  39990  4787  9736  117726  22285  67101  39839  18436  51951  22946  25888  6569  7720  5094  5884  7432  107063  224894  91610  82480  71350  1076  776  1892  10317  817491  782078  0  3.25534e+06  1.1834e+06  275526  21239  818038  18669  245858  16005  17151  28073  164610  168130  56020  201328  12634  33562  308912  48236  313587  187989  13289  131907  93474  228268  
3280  1633  2724  2944  1094  1771  12659  40422  17953  28949  4351  650  243  385  3966  41878  21468  190062  55921  49489  3398  2013  7246  2179  8780  814  4132  8718  11710  8619  3044  21233  2740  5679  72599  14162  42654  25888  12528  27675  13842  23421  12316  6263  3905  12315  15821  176119  219118  294037  98914  5200  933  819  1659  28133  43839  1.94197e+06  2.93848e+06  0  313233  44071  7565  1.4852e+06  16896  244208  16892  20079  40928  614773  1.48077e+06  1.78569e+06  398725  17378  49351  221139  44708  326757  160878  10644  87698  78472  174200  
10990  5209  18324  47589  2368  2104  29399  118445  12730  61160  58687  14151  18138  58631  117666  102916  21000  480275  107956  954332  154624  75189  31054  38057  32268  8220  21598  25070  31979  21792  6163  55244  7142  14799  220920  39508  116710  69328  27035  116877  40530  39314  8223  32628  165112  3964  4355  76249  556275  11776  37274  476456  267976  132831  556026  2.29192e+06  114306  29432  969166  162377  0  2.76557e+06  861059  94840  863036  73320  86037  53804  37103  88168  57353  18205  166396  22875  23755  657023  107737  262425  257623  28107  228912  132902  375753  
767  332  884  1902  154  178  2266  7897  1136  2347  2353  381  360  921  2681  3917  743  65443  9086  56157  105748  61357  24266  20279  10786  2543  2506  1827  3962  1509  274  2625  255  695  29749  2050  7329  4152  2253  16182  2736  5168  1368  2682  5892  587  509  10724  40659  622  3495  1380  8538  3413  6463  73522  2246  4286  253285  7617  1.04127e+06  0  448489  117767  206851  48608  14361  7481  5014  12830  8100  2760  26640  3996  4176  129758  13367  49381  48935  2956  39772  26955  60092  
278  120  288  525  36  25  671  1381  118  169  171  101  75  173  810  251  80  13287  2900  9569  33731  42862  4463  19503  3848  818  2084  780  1166  417  60  724  43  189  19977  491  2142  1017  697  14180  945  3301  710  1138  1459  156  103  4322  7687  76  774  165  1656  683  1163  104525  419  796  37239  445  380593  453451  0  129035  576718  9113  19242  9151  3348  3379  3143  537  7982  880  989  45480  3688  13993  11227  906  42395  8750  14068  
2041  1075  2049  2353  498  666  8340  20445  4669  9249  976  460  219  294  2934  4456  2283  170150  60520  124175  26143  15533  55101  17448  34706  3853  4741  5246  18410  4244  544  5997  407  1805  74076  4917  25401  12717  11043  24161  8937  31617  10609  14383  4771  5433  2470  103508  163574  94143  20635  1801  791  486  439  16427  5939  6223  817791  1.31389e+06  150381  229678  161818  0  536470  1.07528e+06  35846  40365  45173  799621  919138  66042  245372  1907  31319  385203  59370  341168  108144  13479  104232  163379  155277  
868  370  1084  2487  101  64  1999  3459  283  318  249  244  125  223  1456  340  176  26794  10368  16815  20249  67556  11566  109635  11418  2140  5905  2463  3670  1222  147  1925  112  446  59514  1492  6841  3014  3547  37211  2783  40153  7585  9090  7209  388  271  38489  26014  367  1596  327  2178  1057  1322  809206  848  1760  44895  3235  455910  226270  567107  547251  0  1.68948e+06  511090  107049  57736  51355  41898  1245  54849  1683  2351  146646  13228  54243  20258  5620  284176  33655  51272  
884  376  1034  2063  158  144  2478  5138  1003  1824  331  212  83  101  1005  2165  1342  28271  10232  13843  4678  9774  12590  11270  10816  1506  3214  2277  4076  1471  250  2781  284  687  44914  2009  9050  4649  4290  19303  3079  37047  8081  10190  6084  884  506  55458  38294  26498  4386  393  1054  582  472  38654  1542  1035  182517  80196  69545  94440  41209  1.0306e+06  1.77e+06  0  1.41131e+06  1.25559e+06  454952  2.58944e+06  107261  2907  59588  984  3718  205980  22282  86240  23001  7546  534099  70380  54351  
218  101  186  490  33  25  513  1162  98  152  108  84  54  47  608  204  126  5702  1513  2976  1082  1676  1165  1789  1385  239  826  520  729  363  49  645  71  165  7416  504  2181  1091  907  4750  840  3093  435  735  1268  126  87  3436  6538  770  658  119  820  332  381  111941  347  368  16314  7225  42675  15233  17496  45527  419261  1.34235e+06  0  855343  77507  53827  11556  475  9733  566  784  40502  4579  10363  7285  1587  495257  18673  29462  
308  144  289  741  45  41  744  1760  136  279  330  208  124  134  987  313  215  8412  1970  3987  1436  2018  1370  2054  2179  419  1622  878  841  476  83  1016  100  263  16194  809  2919  1652  1162  9957  1126  10651  569  1217  4333  179  131  4512  8881  715  1027  201  1986  743  616  86431  548  431  13413  4890  61437  19836  19005  33885  116830  984837  949972  0  404757  22625  7106  469  10171  821  5105  127281  9972  19408  15443  3769  750864  179843  34852  
259  90  953  6046  71  135  1169  3785  447  589  233  1018  463  325  602  566  334  9461  2046  2995  530  1211  1150  1452  984  207  500  1038  722  511  126  1043  107  243  6624  1668  4905  2192  5203  3852  1301  77576  4147  3626  29636  5270  1191  16708  27499  2959  2648  512  9011  4420  2138  6165  2153  2039  15303  9162  13305  7719  12589  87631  54526  399735  31024  332943  0  390749  502186  1233  544405  386  84448  481483  42324  111696  53735  22850  552630  669413  93078  
2427  1216  1512  2106  462  670  6168  13878  5314  6253  761  379  149  208  4175  6306  4609  71073  23947  24164  4102  4402  5437  4588  8495  816  3231  5149  8966  4503  1037  10436  1208  2627  35232  5980  27500  15932  6535  14734  9001  28688  11598  4479  3606  6714  5295  87846  41082  143825  30112  810  486  409  717  24142  6901  18776  174236  296431  78500  42975  42329  1.30042e+06  204857  2.73559e+06  44207  52652  462362  0  4.46685e+06  47070  214079  1725  6388  126547  18078  75424  34310  5060  168815  30882  56489  
1147  630  1266  1400  519  2285  5859  29746  18362  14704  1370  213  116  184  2087  11621  7297  101964  30455  25819  1837  2784  3625  3024  3942  411  1676  2531  4883  3832  1791  10380  1346  2502  39552  7619  18368  11826  4333  8920  5136  25512  31112  3513  2895  38737  61640  182992  62103  317848  221624  1517  400  393  763  22687  21158  418286  190760  884604  85962  38994  38573  714774  135552  133233  10512  8384  529736  3.45499e+06  0  1.63648e+06  3.55809e+06  1572  9891  116713  34758  61439  27724  3985  101987  20459  46596  
250  147  340  225  174  750  1775  11242  7360  7014  518  51  31  57  365  4561  2836  27580  8828  6256  229  191  432  166  794  58  344  554  1258  1132  592  2776  367  716  10577  2191  4903  3221  971  1622  1218  2976  9015  568  268  13920  25306  51187  20574  116425  113303  721  72  74  163  6109  15597  676514  62375  1.11762e+06  22847  6315  2100  52685  3966  18608  1720  1551  8813  147418  2.05568e+06  0  690563  1330  6139  16592  11232  22369  8894  716  4679  2988  11303  
2194  1347  3201  7328  1194  1673  11757  33896  8146  19788  10978  899  355  674  3501  75082  28117  280733  82472  79221  3446  5013  6744  4695  6968  765  2953  4468  8176  6472  3565  26497  4046  6759  93031  18867  39853  25354  13122  14752  10320  226202  39912  6813  19207  52966  139502  86730  145148  53888  393763  18958  3535  2176  2356  35349  624336  1.56045e+06  415715  288551  247313  110347  77125  696134  137040  156465  15027  13047  255632  203592  3.78655e+06  1.292e+06  0  807344  1.02052e+06  202971  68778  520744  85932  15324  102147  107413  134649  
139  104  162  107  88  100  882  2503  441  2503  2085  23  13  52  491  12943  2173  25630  6720  9044  131  111  281  91  349  40  168  181  535  409  233  1886  393  589  6262  1230  2524  1649  574  748  571  1987  1256  215  130  4985  12659  4057  12272  758  105346  2116  78  68  224  3629  346003  259472  36209  6879  25092  6605  1187  6581  2098  4048  905  699  1311  3173  4899  7001  560626  0  385536  8885  5292  55794  8845  544  2838  2736  8690  
511  325  1270  952  557  2686  8170  43851  13000  14018  5571  177  79  170  976  29030  5349  65748  18704  21314  781  961  2261  899  1674  223  661  797  2602  2361  1070  5611  1022  1781  21780  4528  9405  6256  1977  2671  1979  939575  153408  6332  4072  765237  1.83369e+06  153698  266036  12915  1.4753e+06  13159  551  380  758  10418  1.33968e+06  493369  126572  65963  77100  28096  16709  176706  20305  35998  4566  23397  96305  32472  41557  31766  1.60141e+06  910728  0  91378  49423  618944  57348  2377  18501  25539  49341  
2548  1183  12851  10322  3421  6825  62212  220935  34940  47661  13992  1101  820  1328  10789  33852  7378  165745  43641  80758  10942  15651  14251  13957  10832  2951  7253  5334  8251  7138  3034  15736  2316  4349  412830  34870  43109  41586  13442  29544  19329  160228  77034  167040  39983  28787  30946  884581  2.16414e+06  20157  469607  154976  6024  4525  7562  128737  347956  59436  748382  74673  654993  240538  153237  690493  219709  299732  62105  258443  883300  442342  213369  12937  303318  7708  31627  0  2.36326e+06  1.16588e+06  1.11562e+06  339960  2.50664e+06  1.2551e+06  3.50239e+06  
496  183  10254  11746  448  763  13601  41023  3904  8977  4816  323  131  238  1114  15931  1747  31912  6477  18229  831  1148  986  1115  971  190  627  885  1023  890  384  2275  422  752  18802  8844  5839  4796  5386  2380  2135  135454  88990  318348  61791  11046  19143  930957  667158  8436  101661  22734  995  601  907  13978  43861  14642  56068  7038  60240  22000  12939  50732  17198  45337  4357  31801  104914  56804  22887  3081  37896  3563  14902  1.46302e+06  0  436108  525588  309533  413313  107942  387310  
1065  552  10228  8674  2049  4259  42962  146424  37741  160603  33304  1206  490  604  1770  42447  7478  66384  21177  27267  1498  2610  6981  3184  5209  598  1927  3937  6366  4721  1912  6191  1003  2174  44157  15300  43805  27925  35069  11455  8769  156853  68824  116291  31593  102345  25066  689463  1.53848e+06  29096  641256  139867  4529  2578  2840  12266  412117  125439  291706  76650  127728  39873  18870  173182  25916  75689  7367  18891  43848  107421  33335  8983  89349  4874  88715  460931  596262  0  1.89866e+06  191950  149324  142086  333869  
260  142  1855  857  609  1412  11039  39043  10682  23352  4982  132  107  193  951  12152  2267  23226  6154  11955  460  434  932  557  1299  153  456  443  1424  1261  582  1863  363  683  14968  4236  7111  10589  1373  1966  1747  8324  11100  13467  2165  19459  9035  127240  641073  14627  312575  43119  470  434  924  6812  132878  14786  94916  15873  65268  18476  4597  37770  5774  28525  2510  6012  12428  54167  11675  1633  13803  615  5773  281146  301576  1.67612e+06  0  7487  502245  195058  972661  
369  19  3503  17263  17  18  850  3247  57  127  106  1679  1404  597  375  251  68  1786  393  1336  221  299  198  388  288  42  204  1529  255  295  65  685  24  57  2282  4866  2037  739  11055  706  851  70115  1219  21507  63054  49  39  22713  5772  205  945  345  29714  13558  7098  2831  1103  421  2774  714  7039  2723  1812  7519  8485  5536  658  3666  22116  7571  9051  162  15385  81  580  107851  364308  103936  5154  0  26159  21046  10871  
1118  469  1235  2496  170  121  2852  5766  579  2202  1541  803  424  625  2993  1602  830  32003  6044  11344  3043  4546  3282  4946  5383  1068  4021  3133  2902  2059  444  4011  404  1097  46381  3319  12617  7799  6657  25628  4826  9308  1542  4276  7653  436  475  14931  29912  972  26492  3032  9846  3560  2747  99598  8066  1290  24812  4203  69426  26967  26608  45797  153581  422334  481071  980074  464608  158432  47218  526  42044  660  3544  1.24418e+06  66617  84304  119193  31973  0  1.56274e+06  234432  
184  56  649  1061  45  53  1003  2981  226  762  381  618  348  201  602  809  320  7998  2029  2957  657  1047  901  999  831  133  471  645  572  324  116  786  101  201  10180  1448  3442  3191  3205  2502  1459  7166  1023  3254  4934  336  166  10496  17188  326  4187  675  7938  2232  1066  9192  2674  1156  22277  10727  19450  11338  14351  119422  24490  35149  33351  451174  345681  28640  12279  610  40313  220  13928  1.11542e+06  33819  148093  133310  40783  1.65056e+06  0  168897  
12960  4616  35507  10240  15210  7555  160146  649862  28389  592302  212589  1548  919  2202  37768  281498  33736  633850  137834  305893  29493  19805  74598  45717  97578  17898  62027  36396  63974  47658  18923  40478  5118  10439  2.4262e+06  780311  621026  2.47261e+06  25799  163164  283004  17711  18407  19609  5886  12274  18518  210548  823817  29864  656802  141180  1397  1161  3062  63902  416963  43586  393013  46671  320594  107003  37588  175710  54124  82484  19721  24029  52223  91604  28234  5922  58406  3854  14939  2.98535e+06  643734  1.0234e+06  3.0729e+06  18570  736354  406946  0  
