0  1.25827e+06  39998  698645  284004  13255  480089  12456  3248  9246  4309  26388  1776  1527  1366  13015  27083  28190  25973  26897  3017  5529  76096  53937  12286  1172  10099  96124  58298  85683  13411  270871  2086  1.30631e+06  24064  44185  222363  18146  14155  8853  21697  3891  16  487  6971  82  110  622  1733  337  576  1365  1288  213  339  538  1784  1229  3568  1612  10102  1744  1445  4247  2346  1887  284  730  4074  1676  563  119  891  20  248  3708  4292  1265  569  4969  1808  1133  12962  
824200  0  3612  9227  697873  7596  397846  15367  1401  3475  3622  547  279  323  1168  3109  20624  14997  10840  14123  6915  12583  41093  88543  40544  2632  3864  37948  115573  96022  10093  56663  332  76155  261055  502257  497002  112026  31518  30078  55668  374  32  819  658  97  113  1557  2957  277  704  1099  88  62  146  310  1095  583  2193  993  5625  1151  1155  2965  2899  2362  326  181  390  994  323  74  291  17  61  14627  3162  1347  1324  513  4071  2285  139699  
22258  940  0  127080  87  3  163425  58551  23  102  313  41  20  15  22  193  68  390  141  952  47  97  548  895  651  52  429  1875  2467  1979  60  322  2  129  27566  56777  9378  1486  6090  2122  2643  7198  14  24888  17104  21  16  12226  9546  24  43  68  90  10  11  13  58  23  82  46  164  22  34  133  108  71  13  28  165  173  88  3  23  0  10  1488  32855  567  235  281  145  567  5280  
700178  2501  147697  0  704  302  48918  602160  113  556  913  897110  24604  17223  5308  789  579  1083  500  19996  3093  864  1059  1921  2089  591  16063  44484  5281  5708  216  18980  82  7695  25783  148954  22372  2604  39283  3264  6662  142760  89  168618  1.15992e+06  144  103  39733  288148  168  344  329  181479  5655  3976  2153  508  101  723  452  4660  560  610  1631  2167  2221  681  1925  11552  5587  2318  43  1416  4  603  7398  332419  7806  2133  27829  1721  9800  7175  
348956  877773  842  1933  0  923324  1.39434e+06  263970  44939  26447  13567  354  185  710  1653  23589  116749  51726  89119  47215  5003  8243  95579  55691  20687  2015  3425  9427  60891  79532  29087  114649  3875  517479  499951  458303  499918  99012  3938  39279  23936  431  84  662  279  6500  9292  49881  77245  10273  2871  3638  244  405  383  772  3699  2275  6698  4010  14719  2056  1935  9312  3355  2520  441  335  881  2270  1292  241  1089  40  943  35155  10787  14508  8113  734  5387  3605  234266  
49202  106461  188  2017  1.0927e+06  0  614386  683795  799701  1.66476e+06  13456  575  275  922  964  90249  195551  38934  112518  39255  1342  1943  38441  13397  5655  723  1820  15133  58946  88310  44068  216972  9084  1.02001e+06  49923  53290  621015  51716  688  6112  4304  247  51  163  202  821  15602  11039  55539  37592  14319  4385  213  397  526  421  5029  3567  5150  3950  11080  653  656  3370  986  918  206  176  429  1767  903  237  1151  43  318  11221  8993  6577  5240  495  3654  1220  44557  
302895  501740  165319  30054  2.0776e+06  466718  0  1.85147e+06  1.22228e+06  106442  17407  869  487  833  2217  14101  72461  43911  219623  49066  12028  20636  83604  137336  69858  4006  9597  27700  292808  235225  21032  31142  268  9890  1.10715e+06  1.29535e+06  555805  160352  17257  104433  67650  12201  684  55551  28560  18538  47231  341071  447931  71102  9636  4639  1898  1369  456  1204  4561  2611  10691  10497  15158  2034  2385  16341  6400  5929  1133  772  1962  6465  3323  320  1526  59  1904  82648  87981  34476  21172  1676  12292  7791  369959  
5546  25452  79520  693221  254592  77128  1.43676e+06  0  2.09735e+06  381355  671531  1.18604e+06  1.39105e+06  639337  198245  26723  24883  90218  59308  423370  51031  22104  41702  62020  57540  84983  47109  16813  39725  33379  8608  20008  648  5683  1.09628e+06  908130  792160  419353  11559  126816  44895  30866  1528  137696  151001  49569  166335  774037  3.03599e+06  400199  185180  36134  242779  182033  21824  20164  18200  6312  40832  44266  72673  5186  4928  47163  11724  10587  8995  4356  5712  18604  9671  894  6705  252  6433  286057  253659  174669  136460  8003  55165  17888  762377  
1717  5098  178  506  215936  829530  1.0333e+06  1.72189e+06  0  1.57904e+06  6096  129  103  492  313  15140  27364  72447  145494  15141  480  656  51785  4368  9765  422  761  2080  123892  68023  4687  9007  282  3643  100045  99366  152509  66689  763  7594  3632  223  57  172  79  1367  33295  13599  109916  95840  41435  2744  59  398  144  226  2493  2091  4358  5241  4595  346  404  3964  626  923  162  163  384  2659  1065  99  1222  45  477  19052  22816  13029  11395  261  7446  1672  100788  
26819  44500  330  1930  250501  1.48483e+06  367194  1.44673e+06  1.79406e+06  0  134750  433  238  1140  629  2.08894e+06  109738  92791  114917  40210  866  1087  32488  7194  7262  807  2342  16863  51037  46875  12056  301558  35862  681598  205096  324468  750234  391729  2123  29623  9423  563  121  351  328  1391  7735  7549  186246  42729  188041  75967  213  283  1955  448  39087  8908  6422  4479  14635  496  527  3387  1100  1320  306  363  1016  2511  1084  248  1990  119  795  39744  59356  29014  36084  1066  26901  7025  290734  
896  1460  157  2352  2948  848  3961  791395  2160  60141  0  13539  16862  970578  3395  48181  17995  27986  2634  921580  1331  498  1605  1254  1389  948  1040  1722  2581  4218  1698  11831  1579  3841  81861  88621  38804  48657  2099  6729  4490  703  204  481  902  2029  3575  5352  178245  10775  219130  255439  4889  4653  38558  2889  129628  49154  20201  7439  104331  758  468  3315  1087  1192  876  622  1091  2453  1822  1027  7637  583  1530  52903  61410  29501  39450  1005  26531  6303  106904  
16990  320  2209  887893  683  171  8276  1.07858e+06  218  319  6918  0  481556  219850  94367  290  444  1850  1005  290270  46410  11564  751  9788  6750  17494  14292  10318  1985  1194  100  2636  50  828  4491  7729  9546  1987  5098  12049  4092  35174  33  8061  262788  873  1052  16333  206997  1822  763  1048  606246  39822  20019  12426  605  354  2008  1100  30732  3545  1629  2080  3643  1887  2741  1823  6890  2631  991  69  1021  8  436  7482  54587  5103  2865  24072  2060  2017  4076  
10977  360  450  122453  1411  497  5826  1.28608e+06  842  686  21744  802421  0  727784  263440  581  1024  3265  1850  531698  72699  18111  1151  15501  20602  49296  27173  11087  3147  1912  259  2928  98  798  8765  5174  12954  3812  5521  33471  5326  10214  51  916  45774  1452  3283  19709  151939  4983  2265  3217  143804  278596  44450  27387  1466  923  4311  2378  60217  6497  2660  3635  5195  2426  6203  2472  3743  2100  782  158  960  28  468  19518  12010  13518  10565  9081  4386  1766  11877  
6512  1151  329  64015  2106  774  3828  661177  2688  3759  1.21367e+06  213660  452237  0  443023  4952  9265  18766  7096  1.46091e+06  84914  22564  2761  21450  19192  34293  11449  5429  6432  5777  1522  11409  1189  2571  26340  10860  15805  11520  3025  32752  7021  6832  105  794  25020  899  3994  5560  124996  11677  27667  70608  61481  114212  710467  202241  28298  11914  20627  7725  311625  19628  8850  7720  34899  11816  41329  8997  3971  6684  2909  1091  4134  228  942  26188  17322  11724  9978  5451  20537  5013  24408  
7404  1522  466  62768  2019  337  5492  163379  585  906  5818  256300  225189  581094  0  1050  5766  29342  7862  2.11042e+06  274683  262853  5193  552361  27925  149508  39134  6631  6944  6484  1445  9556  530  2167  26035  6263  17299  11417  3342  49164  12403  9608  123  1002  27578  707  1228  3922  43472  2213  1388  7795  56753  47821  111306  294478  5169  4650  25626  9043  207333  19357  13681  13653  24640  8885  22357  5722  4675  9309  3671  1112  3879  120  727  17111  13011  8720  4044  6476  14361  6124  17955  
24100  37527  264  1529  87184  91138  65150  84876  97731  1.9595e+06  278296  496  359  3829  843  0  1.62828e+06  479083  171326  127930  695  626  36415  3622  7401  676  2137  20672  54152  49334  20259  610102  343784  640805  124383  104866  550345  195916  1761  11633  8714  380  139  166  213  1443  2270  3601  16486  6614  47963  113180  629  495  10047  726  115390  85099  19794  13941  76145  509  425  2712  719  981  248  300  832  1866  2288  1814  10554  715  1589  23782  10370  7897  7963  754  6401  3957  177991  
33157  118575  534  2434  253466  164061  111337  115330  43325  146094  206769  1837  2091  19753  21774  2.00856e+06  0  401692  1.32888e+06  751774  6328  3260  34293  11723  13679  3012  4237  20229  168391  653887  701546  2.06221e+06  506532  485233  110947  63969  416681  92197  6768  27877  20956  1125  299  1029  556  2171  2999  8484  23517  8784  32090  104791  2365  2095  14610  9209  134333  90063  85569  25278  290157  2193  1671  10056  4009  7244  2326  1849  4754  16160  11019  5422  21399  1158  2705  63031  10858  21603  13257  3940  20871  14423  111581  
10597  25625  1243  4508  44367  9789  92904  132136  235752  132014  49810  1097  692  2181  12970  571162  489170  0  2.97594e+06  840688  118173  43115  800091  164092  56772  19231  14562  23266  144834  92711  5865  79998  8722  40894  241485  57774  291578  164679  23614  136016  70418  1295  301  1701  828  1562  2898  8369  20304  8426  9659  26871  490  414  1779  8489  28401  47043  65275  43762  189289  35111  72112  139157  91785  36422  3016  1828  8901  31853  9468  2039  8866  505  1769  65746  7336  19982  8476  5503  18854  23431  155254  
20650  54706  1787  5743  184741  18321  301866  131108  211599  52061  12919  1537  1230  5054  13966  56445  1.46772e+06  2.56264e+06  0  259282  6983  3696  1.31897e+06  28903  115978  8158  18142  31623  881429  1.74252e+06  697602  203858  4368  69408  247090  66594  367911  176605  30790  132219  106485  1525  344  2000  901  1753  2985  10619  21920  6872  4537  5353  756  746  1350  9224  5861  8772  68502  43043  153900  23064  27277  80452  32354  21535  4451  2486  10704  39068  11303  1872  7151  233  1667  59286  7023  26014  10606  7338  19466  28689  120321  
20084  27043  2374  86206  35661  4473  53198  552158  9052  16336  798913  360585  312598  866236  1.84417e+06  30473  108744  809999  165283  0  1.50814e+06  918094  116511  995011  131831  367149  67500  42683  123343  112405  22963  157185  12061  37719  457252  103461  297070  219696  39139  316300  135497  15592  1155  5955  36532  6000  6599  30069  121595  15754  25007  111313  96361  73893  165327  190026  110719  108169  269147  128716  1.38198e+06  119235  149035  266764  171250  67124  18120  8609  21691  91449  35885  11099  38365  2046  6567  178978  37535  71518  35412  19766  57633  56501  239804  
713  1702  123  2068  1357  51  6184  16285  92  125  358  12686  10521  10784  129198  102  234  108388  6811  673835  0  689085  33392  424950  19026  61101  4557  2483  4706  3346  79  2036  36  1136  20226  1940  13085  4261  1016  41865  3666  568  54  398  988  209  113  1523  3735  207  106  152  2164  1159  1443  6616  137  191  12777  4097  42394  159902  75667  40880  63080  11812  1275  427  700  3184  849  56  386  7  166  6441  738  2694  638  579  4315  1681  4934  
994  4465  188  435  2622  33  14268  10418  44  40  117  861  800  735  70817  41  104  25826  1342  155561  383705  0  81375  821243  35397  71247  3730  3738  4755  4784  49  2862  6  2594  16567  1490  19875  2404  790  37614  2666  150  46  375  144  81  21  1216  1346  50  25  39  174  107  121  3817  46  48  5915  893  17657  78828  96469  37946  131438  8747  829  259  377  1304  362  6  135  1  63  4193  177  1774  234  339  4076  909  3081  
22465  60967  1357  2697  55615  2302  48297  52658  15496  3495  3385  573  375  490  4643  1564  3226  618197  910290  189680  53266  88204  0  593306  577208  19471  19662  22837  788250  483889  2332  73175  358  56941  230191  31493  186052  86177  12852  80296  68234  990  227  1238  472  1099  575  5076  8694  994  687  765  222  210  219  13668  811  1031  80115  25559  351956  107649  205501  391059  200520  56329  3976  1564  2901  14390  4718  170  1386  34  776  84893  1733  10223  2413  2825  24681  7622  54535  
6313  26046  975  1818  13911  199  54838  38564  167  193  455  2541  2779  2184  653225  158  551  96036  7954  725974  439916  1.13543e+06  414977  0  1.40613e+06  644978  28213  17550  38160  23213  248  13292  27  15716  126802  6955  70438  10538  5065  260770  13639  692  109  1525  609  261  155  4074  3957  241  153  226  536  392  270  9220  228  384  14038  4160  71154  23125  76296  105285  226046  69560  4136  1333  1959  8089  1987  84  536  13  240  44819  773  8205  1156  2158  39960  3911  22192  
4171  14817  1251  3144  8035  281  51774  60070  2595  924  1035  8298  9960  3860  37117  668  794  33679  34348  50102  18470  33635  800540  1.80861e+06  0  1.67625e+06  704172  111226  2.67675e+06  95689  350  12916  70  7635  174771  21989  90026  36255  18682  526377  92192  645  75  834  719  305  618  2886  9123  927  504  507  1302  1855  370  2422  602  1203  12629  5930  34446  7839  12039  29041  19660  24224  3368  1229  3146  9944  3225  334  1272  37  318  35854  1740  15305  3780  6270  30394  6786  27204  
427  704  183  2165  526  53  4957  44597  123  152  445  16000  15427  7217  114785  358  235  11756  3449  60890  22609  44617  21445  277784  1.54649e+06  0  426470  15290  29499  9680  69  1806  19  425  18267  2651  12457  9738  2996  249503  19526  448  17  185  911  112  397  902  7811  622  260  210  2277  2591  510  1252  182  216  2976  1685  7751  1296  1678  3815  2775  2829  716  229  841  2256  706  65  315  7  95  5447  1017  2641  861  1508  3921  1771  51505  
12102  3229  3254  21521  1280  252  14642  62760  322  691  1244  19796  15885  7520  67901  1468  705  18971  6991  25898  3995  3642  24736  14905  994711  344354  0  298179  9824  5154  223  4113  47  4656  91550  33903  70769  99266  6214  526821  413441  1708  22  296  2430  188  840  1379  12316  1058  530  505  2963  3346  648  1971  462  610  3860  2121  11344  851  1072  2635  1882  2353  1029  956  3579  2510  841  187  873  15  231  7877  7332  2439  1200  8917  3723  1767  55338  
118753  26556  22752  120177  11435  3615  107868  32649  1692  4621  2502  9139  1901  1569  1694  7606  6125  27485  13187  17206  4409  6417  47343  39277  132046  4012  215052  0  129068  140398  2112  547410  712  51045  103800  125679  380770  148329  33653  79603  478501  6142  18  660  6600  53  74  675  1488  215  363  604  870  529  512  960  699  552  2251  1046  5696  1204  2542  4744  6870  6575  1018  2785  16683  7263  2671  66  1714  11  449  7966  24124  15881  6265  40262  8631  5962  29393  
16802  40632  3916  6571  22831  1107  120968  69108  22001  2701  3937  1204  1056  1334  6596  2277  12508  86366  117023  82481  15675  22616  1.06553e+06  162944  3.01064e+06  32557  28476  272541  0  3.1648e+06  11039  48901  250  23274  192870  39630  221026  139512  86197  303143  218088  727  136  921  564  618  593  3900  7394  1224  1262  2612  362  385  580  5059  3238  2740  31533  17622  68446  19360  21499  53139  40870  26519  4523  1856  12296  30299  10906  410  2310  57  561  35516  2384  57903  12609  28018  41372  24762  32938  
69242  120581  4106  11301  96724  12898  169790  91241  28971  4639  33133  1258  1328  8772  16985  17003  633151  133487  536284  292450  17779  22929  385974  150912  128194  14372  9480  245193  3.23925e+06  0  1.33389e+06  3.69662e+06  2307  70073  125563  30079  198910  118992  28087  121807  77019  742  177  1013  521  1045  1202  5335  13158  3045  7254  22651  1130  1041  3844  7697  33166  19564  48711  17677  144592  9748  9357  27522  17942  14781  3225  1769  6294  19201  8353  2205  8531  365  1196  39630  4898  25409  9432  10096  25107  15614  88266  
4913  17544  192  734  45508  10849  46984  38444  5319  3102  24353  502  599  4704  7566  11681  1.39861e+06  27313  399147  138031  2396  1241  28766  4539  6612  1429  1128  3039  58542  1.55537e+06  0  1.30747e+06  2289  9090  55643  9750  59658  79889  1726  9000  5179  245  55  292  155  486  591  2158  6238  1629  6019  16855  603  556  2771  3063  26524  12288  21026  4804  70617  882  565  3224  1363  2311  806  549  1266  4588  2955  1220  4730  222  540  15468  2467  5631  3499  1101  6606  4026  77996  
385401  284188  8610  40965  290736  113772  103123  131942  17782  146063  100316  3073  2282  17388  21787  557262  1.67288e+06  296834  218556  655393  17985  20241  425548  150295  71138  11295  12414  463610  197245  3.57643e+06  1.03941e+06  0  630058  1.06662e+06  133785  73386  654475  134254  18033  70965  83243  1696  273  1165  1606  1636  1993  6995  18662  4879  12330  41151  2069  2045  7933  11630  57853  43669  75391  21115  253870  7813  6744  22457  12995  12699  3613  2341  7110  17737  10907  4421  15359  720  1936  55823  9967  22481  12361  9100  25964  15668  114432  
6195  10702  52  276  21097  11733  3226  10972  790  20348  19010  103  119  1070  628  174969  266350  22376  7426  65860  322  145  5421  624  1263  370  445  4451  3074  6823  4178  576045  0  248255  5148  9100  90508  10722  427  1204  1832  78  11  43  29  129  218  440  1363  621  1891  6196  132  138  980  595  7882  5375  5167  1653  17934  145  111  686  254  361  143  89  247  649  595  320  1211  66  177  3442  671  1032  675  245  1071  649  7698  
1.12739e+06  416969  2465  9770  1.10462e+06  1.53785e+06  54776  74784  17339  1.06657e+06  57359  970  394  2847  2369  1.27097e+06  915306  120179  70909  187029  2591  3377  119101  28610  10567  1566  7668  59848  43284  112125  81322  1.56433e+06  809385  0  27897  38057  1.31312e+06  34764  1900  9622  28953  541  46  211  595  313  686  1547  5103  2277  6358  17754  410  364  2588  1320  21526  13928  13493  4769  46218  2228  1864  6174  2360  1623  407  336  1092  2307  1463  712  2954  168  446  9704  2393  3063  1977  1305  3027  2025  25023  
23326  61286  63909  102724  74708  4242  880992  2.14571e+06  70202  527816  559819  5795  3890  6438  17763  297523  19339  438054  118106  598132  28100  23653  267445  151417  266212  36264  211865  265276  286806  168363  3722  61200  1166  16916  0  4.02277e+06  473930  453150  372796  1.93194e+06  1.04728e+06  3021  345  5183  3156  2574  6692  28798  139874  18710  35540  43798  1410  1284  2513  4670  25062  12556  33509  14794  81221  7566  11070  30496  19946  22743  4711  3627  13518  21071  7246  1027  4552  229  1049  510946  56136  32868  33678  14456  59663  61943  4.25504e+06  
15488  38727  113940  201911  32680  1689  635477  602208  28715  41327  125631  1290  494  1449  1271  41298  3504  45218  6298  111840  1434  1512  13415  9796  33213  2900  27938  36544  40970  22393  611  5833  172  1533  2.56629e+06  0  150476  206494  477321  200814  131222  760  63  4681  3778  629  1816  8771  41774  7384  13950  15418  373  231  973  408  9807  3579  4460  1986  11391  594  691  2886  1473  1873  301  436  1984  2802  962  115  871  38  212  78682  11836  6244  6701  2557  7354  9392  605821  
86653  222014  83806  160374  252051  49428  884222  2.24718e+06  159878  455050  202477  6245  3305  4892  5524  339767  120887  310060  191282  261772  10951  15623  155281  86265  77856  7978  18841  85737  165799  155658  45138  141491  8582  140545  156664  1.49923e+06  0  1.59111e+06  195390  57941  156103  1493  90  3188  4537  1261  5785  13347  88637  15155  53874  39933  1010  862  2950  1781  25561  12575  14491  6847  42322  2796  3451  9875  6768  6555  1059  1134  4875  6621  2713  693  3154  176  656  28798  23307  16575  11123  14920  13898  7844  115068  
4597  16646  6135  7408  11558  1321  120543  468940  22289  195478  87768  1571  873  1695  2048  87437  20546  122480  73365  141230  2698  1718  41199  10311  19823  5235  15395  29500  39771  35863  10630  14342  563  3971  151932  322269  1.54861e+06  0  71154  41386  138213  246  22  354  467  330  1245  2724  17627  3326  11082  12762  277  229  883  1188  9003  5359  6680  3224  18041  1671  4224  8125  11776  4192  711  384  1878  3885  2047  286  1298  64  233  15925  4669  31459  5779  26460  14373  11165  352921  
24437  4066  22411  154338  322  30  16321  6690  116  728  3584  2374  1033  811  572  2247  292  4518  1392  7855  515  731  3970  5090  9653  1895  19479  34838  11791  6067  89  2838  19  498  137547  515610  205141  53110  0  22370  36808  1311  4  1574  2664  38  37  541  1251  71  251  351  376  281  256  546  456  213  957  508  1931  519  1742  2314  5809  2875  478  1067  5685  3384  1424  25  520  4  114  9997  12651  11446  722  26115  4323  3575  21193  
2353  3685  1335  6984  2420  175  33966  84408  466  1287  2230  21871  18652  9701  67827  1434  1196  37243  10126  98040  17846  23095  34234  137797  471236  291944  775389  164425  119851  57019  269  11907  96  2109  1.41682e+06  69338  106896  98100  78480  0  1.54707e+06  1364  160  1494  1723  694  1067  5238  17576  1470  1090  1211  3338  3601  1027  6618  1550  3822  21680  11690  51553  4607  9542  20639  21719  33531  6898  3030  14019  29891  9714  1053  4098  110  776  68217  4093  24786  7978  16308  51963  33106  112372  
3710  4036  1191  5765  3326  280  10594  48174  804  3049  5840  14529  9571  6337  40926  5694  1807  76683  29663  52410  5736  3780  95883  20971  127602  102172  873518  327535  98490  40791  469  14318  178  14452  836449  90592  155785  410322  74095  1.30874e+06  0  506  24  240  1085  148  280  1156  6804  482  830  1213  1926  1832  622  1882  1291  1268  4620  2157  12848  1915  3823  7881  8689  4142  923  406  2007  4038  1717  187  791  27  107  13891  1955  25444  9384  11160  8711  4532  187076  
7868  331  1860  19213  466  148  4114  5790  543  902  1948  1250  255  391  395  1095  1722  3333  1894  8785  363  996  1740  3143  978  144  3393  6868  982  884  228  2586  93  588  9739  7891  3632  2466  3381  1684  1600  0  1.50261e+06  67646  657516  478615  24501  465438  33227  13920  13892  2803  2653  1570  1722  4940  20206  7507  22497  38545  31769  3277  9725  95753  44458  24608  4043  22283  228007  83715  99317  8575  345042  2980  1.10149e+06  115771  164487  330206  91411  45068  13496  20156  67584  
129  120  95  598  248  111  1455  4891  429  643  1012  67  42  94  186  445  513  1710  838  3805  474  2280  1213  5070  452  92  209  368  594  345  55  424  22  115  11050  3603  1425  2303  815  1304  1320  825262  0  4794  1029  731648  17854  221823  18308  3243  4215  3908  380  335  395  2386  5902  881  9778  8680  19018  4129  20954  61886  64478  17063  943  5188  7380  24192  26611  2377  77887  102  43966  317923  232424  388804  178461  6978  20846  15766  131394  
270  824  6930  46631  291  14  32612  17151  27  57  77  159  9  13  19  36  69  138  84  344  32  169  108  424  59  7  39  105  93  75  12  66  8  13  1938  3048  393  259  493  208  224  42993  921  0  204817  1118  163  167605  52165  224  322  272  125  43  38  193  342  49  655  620  1308  231  1305  4322  5867  1361  78  361  678  3227  2962  202  241  1  758  30413  68776  36019  15604  2702  1574  1880  14107  
14989  5793  70626  1.18618e+06  883  85  253207  154399  41  136  387  219591  11248  7973  2005  211  242  486  257  7769  987  369  460  834  1167  278  11064  17220  1443  1011  68  3577  14  1221  4723  21852  8666  734  8080  1030  3205  652276  71  222831  0  135  111  10049  334643  142  229  230  677964  10785  6764  3228  361  55  455  322  5130  554  690  1554  2880  3208  1690  5283  13357  4632  2377  53  1156  10  1222  10937  150416  9693  2998  50133  3486  6311  4063  
170  406  191  630  4717  1708  24473  76931  4572  3310  4698  239  155  248  406  2197  2045  4337  2362  10184  513  915  2724  3497  750  184  281  517  1515  1162  273  1322  94  309  21501  9052  5481  5516  1130  1753  2490  656646  739946  3593  971  0  808060  944066  141320  39226  40975  16089  621  1883  1577  6223  44856  10800  38200  57326  59425  4886  11619  157849  32032  28316  3007  9229  11880  59059  81994  14236  53696  2090  551163  553711  376537  289510  127646  3590  48139  22084  149017  
163  512  119  353  12896  15921  42492  266959  51309  15175  6183  392  417  375  241  2534  2406  3352  2450  6720  213  240  1958  1330  706  148  238  379  1946  1689  585  1369  99  368  37035  23816  19652  14450  524  2121  1690  36320  27374  1136  456  1.16153e+06  0  773075  377482  1.10277e+06  1.56406e+06  11733  412  8307  1992  4701  76506  36639  29058  119729  30683  1557  2022  110840  5301  20505  3676  2519  6164  99266  59269  16354  138273  13748  1.03407e+06  80773  218715  153850  52606  698  19238  5411  72993  
701  4666  3777  4960  86163  13081  433100  766721  18949  6691  6190  1039  481  500  795  3696  3895  8737  6189  16656  1191  2892  6448  9719  2451  440  780  1521  4618  3741  821  2689  142  651  81817  45864  42173  20411  2929  5982  6355  310688  204810  186273  4251  1.7037e+06  1.48839e+06  0  1.52423e+06  1.44987e+06  138287  28193  2009  4568  1372  6428  81861  12200  97908  220204  88841  7886  24196  396665  82666  75342  4347  16190  20292  261986  187959  11824  24077  499  62317  1.02372e+06  1.03011e+06  614805  267856  13830  96492  45439  360938  
2994  11052  70476  265730  191214  60303  921865  3.72813e+06  201602  296461  126456  61424  17804  15983  5375  23730  10210  21958  16020  51552  2282  2113  12730  10188  6199  2461  2696  3642  13579  10630  2385  6746  369  1951  284317  258776  157806  114250  7967  21120  13437  21641  2454  102773  480853  80466  201803  1.54466e+06  0  1.77203e+06  616678  781716  1.26727e+06  1.67865e+06  505073  89201  48403  7411  128365  86650  454189  10994  8766  113856  32501  33801  55097  24045  12335  38620  21617  1991  13187  553  20231  891567  1.24827e+06  528887  390759  8789  210786  45119  608059  
238  626  144  315  12307  20591  44712  355722  108399  44634  4869  317  185  311  188  1994  2166  3486  3859  4626  186  178  2551  1135  942  186  281  511  3454  2490  630  1305  58  477  55891  45556  24892  24950  571  3108  2208  2609  797  1044  377  17321  1.20249e+06  1.10391e+06  1.66085e+06  0  1.77913e+06  5439  202  3604  498  904  14363  13305  64895  212648  16778  637  880  136075  2485  21515  1620  1178  2244  131612  59070  842  11589  256  5995  121683  278414  190237  124043  729  62825  6388  156236  
433  765  161  993  2650  8086  10465  446571  96623  294793  141768  260  206  822  221  28232  4253  9724  6132  11411  181  261  4002  1360  1325  244  547  967  5284  3158  444  2271  169  830  78014  98663  33381  62362  1131  7551  3760  40811  12013  2447  1433  123775  1.83175e+06  187173  1.07126e+06  1.91656e+06  0  131876  574  2444  3736  2396  2.3013e+06  106078  104243  143418  30181  1014  1739  72866  5971  13684  2063  6127  20764  68823  50220  17339  385545  109317  779326  204879  384473  448704  364034  3647  223708  47342  330696  
497  1090  236  1444  3019  1584  10287  85348  12948  195395  259603  1044  955  6098  471  93187  30563  15090  5393  24289  184  147  3336  841  1201  181  404  887  4360  3737  1041  7201  1031  1994  62432  72248  33642  51045  1130  5315  2633  873  494  474  939  4587  4808  6201  825979  1913  186146  0  20208  32913  816959  1799  133393  23237  24917  2123  481600  872  365  3156  939  1390  503  655  1162  2254  2112  1432  9981  964  3243  76009  98836  44908  55753  1261  32315  9485  120270  
12588  558  7311  404117  1428  153  23182  299670  298  779  4706  745020  132294  47573  18396  1326  952  1744  1102  78396  9070  2513  637  2434  2058  3873  5704  8114  1205  920  133  2627  49  705  5389  9735  5507  1664  3830  3464  2180  10447  47  6732  448564  553  494  9554  868248  701  525  4120  0  386550  99007  63237  653  455  2169  887  167856  9296  3854  2143  16874  5622  21144  5782  6427  2883  1033  118  959  22  525  5900  20401  4267  1843  80783  7572  4040  3635  
4690  407  935  34445  7918  3383  26911  271542  5377  2633  9086  51305  191628  69786  17880  2210  1651  2868  1728  80483  6324  1951  1095  2332  2603  4703  3274  3353  1236  1017  257  1912  67  447  14243  7735  9316  4788  1491  4774  1541  1574  55  1158  11042  1452  6812  12080  1.02163e+06  5986  2520  14414  438785  0  319014  126952  1454  800  4776  2169  256305  14399  6268  4151  24160  8459  43258  11319  2785  2825  967  173  823  44  410  17496  14973  14157  9729  21207  15373  3143  15767  
3807  912  755  27464  2223  1316  8556  151787  8099  39126  144085  35078  55363  624932  79770  39765  16431  17190  6825  345415  22360  6112  3603  7088  7464  11100  4801  3779  4617  4142  1162  8238  863  1889  36860  23220  14448  16556  2808  14902  4715  1721  157  1091  8726  1532  3359  7564  860225  2281  12281  858017  223680  391104  0  549741  17342  11685  18798  5368  1.25073e+06  62427  23219  11113  89425  19140  73704  13935  4058  8763  3727  1618  6049  475  1297  30127  16675  19957  13301  19785  27940  7023  34846  
10017  920  1109  73034  1308  282  5413  38991  646  1379  14440  65811  30239  134612  397224  2254  7776  11187  8248  268369  16545  5506  5412  10340  4054  3542  4777  6899  5144  4484  1238  7097  333  1524  19535  4964  10122  8444  4394  10709  6574  3690  156  1762  16945  658  598  5177  83650  661  721  3866  238009  293569  624804  0  2262  2749  32448  5444  1.7268e+06  202157  221760  23982  674951  62405  294206  72881  9923  15065  4733  1154  3449  124  1050  23909  6761  13807  5709  22860  166292  18811  17944  
457  773  134  996  2048  917  9254  50184  11427  125695  153854  221  147  1347  187  90188  18841  13047  5872  21617  176  162  4860  1043  1420  193  532  981  5981  4129  784  5743  665  1675  62039  54415  19864  42143  1680  4799  3144  21591  5545  1980  1198  47381  93557  48254  106672  52795  2.14202e+06  160088  1238  1245  16615  1736  0  1.7644e+06  671141  79002  53460  727  981  21397  3250  4882  1214  4429  16222  19936  38655  25918  767151  442136  548048  136811  124580  346145  189318  3905  77906  42353  199258  
1309  2585  273  1620  6777  3078  19327  37722  17789  70755  295766  836  454  5400  1588  283746  108758  75978  17034  166005  543  355  6793  3273  3907  637  1563  2912  10246  14203  5237  35807  4380  7248  115082  57900  36467  43750  5269  13434  10413  10014  4917  1952  844  89824  195943  91821  61470  71433  250910  147786  4821  4231  39656  13502  2.14011e+06  0  590518  1.51066e+06  408400  3368  1739  85638  5967  16084  4373  4106  11082  66409  364138  357660  2.24309e+06  383026  268101  133182  63069  126177  58311  4506  30261  27207  124388  
1460  3424  351  1526  4673  1170  10311  30022  4923  9604  23789  345  262  845  2443  30443  19286  58615  37531  68469  8583  6846  39681  34571  9545  1583  2595  4337  20898  12177  1829  13103  1074  3782  60180  14193  30924  28847  12500  21339  22165  13039  3335  7942  2163  24272  25228  92166  166552  131855  100601  24769  614  749  1322  14518  840105  1.03403e+06  0  3.00138e+06  1.14524e+06  171978  73468  949180  71546  55920  6790  9847  25243  189087  75873  15488  83002  6558  35353  224300  35405  234768  131706  13777  73359  127918  138875  
1585  3488  456  2369  5695  1930  12494  47091  6824  7830  17357  1023  686  2827  7894  14425  26159  61373  45744  116442  4462  1801  28165  14257  9012  2222  3370  4801  20485  13964  2755  17655  1475  4555  72101  17650  37417  33186  11367  24920  23095  26743  6508  11862  3699  71893  204935  300311  150970  385425  95906  10530  2611  3073  4933  39333  18153  2.10106e+06  2.27514e+06  0  497467  37729  15821  2.44256e+06  29770  173127  23810  13918  39108  988691  1.33648e+06  748050  243902  2375  49085  221750  39015  197163  92458  11927  57466  118848  131253  
16839  16216  2653  95786  21354  3611  39689  137254  13643  28293  151146  91054  36734  122227  159629  128656  126945  257123  164093  1.24806e+06  38523  13963  155620  123941  37517  8890  15336  23753  80588  62394  13258  81495  6024  20992  304098  65218  148040  117091  37523  104233  79940  14571  3286  17945  22707  15341  7423  80820  368159  6595  18383  485979  347262  356036  798377  1.97951e+06  34952  48611  917654  130851  0  2.02882e+06  960637  492692  870809  155107  187248  43471  46647  299392  75630  16741  62329  2652  15402  310538  45207  212044  91128  40646  158501  149249  198100  
1211  2247  132  3404  2179  99  2761  6418  167  321  692  4327  2255  3683  6778  466  729  49431  16243  109909  165641  90243  58404  87978  5245  1576  1411  1588  8733  4967  116  2515  73  1883  18848  2365  10320  6592  2480  9044  5618  1673  381  2449  1330  1430  259  9202  13676  257  385  536  7122  7920  8139  182459  389  340  170828  14698  1.03312e+06  0  654548  223510  524555  40367  49628  9653  4966  16870  5584  218  2883  28  1229  29542  2324  18896  6912  2247  31130  17972  13242  
458  816  62  1226  739  25  1166  2455  47  73  117  1204  591  799  2987  49  140  24525  4768  73910  33030  53029  43419  87936  3048  787  650  686  3344  1927  40  741  11  678  16385  778  3812  3044  1799  6552  2775  1415  382  3780  1061  557  77  11378  9420  77  110  99  2498  2729  2655  202113  140  145  53456  1193  396021  352319  0  219621  760177  44589  57693  10601  3717  7185  2828  49  735  6  353  22800  883  14474  1325  1595  33819  6417  3094  
3132  7978  701  2009  8346  662  13261  27267  1443  1825  3315  772  538  913  6295  1990  3325  171861  65546  225770  27440  31352  244960  212970  21137  3964  4621  5395  32996  18522  562  9590  347  6800  103195  10158  40283  24944  8379  28672  20344  34533  8954  16296  4168  57161  42660  146146  203857  74079  10119  3102  830  942  1137  70601  4162  9745  393934  1.33312e+06  584198  206611  566470  0  804270  535387  31925  14006  30887  881042  670364  12014  92924  376  49172  155457  15673  124289  40763  6872  43493  83391  69850  
1159  1695  332  5008  1430  55  3866  7262  79  165  305  3318  1034  1776  4781  129  334  36700  6932  144751  35822  86546  69704  321603  9078  1965  1817  1969  7482  3460  63  1368  21  1370  42567  1856  8024  11021  8456  28975  10142  12912  2541  33620  8205  2835  330  80107  57152  393  554  529  10323  10912  9614  863649  898  338  77808  3447  511711  437994  1.17856e+06  737748  0  1.75515e+06  488667  56972  23882  60698  23705  183  4368  27  2074  97766  4367  85085  5952  7983  201742  27927  13869  
1742  1598  350  7733  1699  197  5182  10115  413  644  1249  3617  491  1491  2557  584  2808  22232  11779  46775  4941  8908  37795  103911  16433  2270  2320  3521  14202  6590  493  3593  151  1481  65777  4283  14034  20690  13242  44138  19737  13560  1252  19679  10132  3026  8951  50723  44353  25177  3318  1711  19193  17130  12020  94959  2273  734  22844  37857  72530  20420  85414  923526  1.71456e+06  0  1.95952e+06  902927  204243  2.80464e+06  56916  365  5281  47  3137  224024  16561  69181  18716  15645  598135  140480  31642  
2651  207  436  17566  267  89  2347  8894  229  120  439  9516  1105  3040  2413  78  347  1436  999  7245  669  1084  3258  8840  2202  429  967  1899  1986  861  66  795  11  214  9993  843  2127  3635  2904  5525  3475  2144  57  1557  5621  215  423  2871  44622  770  259  288  56645  50577  35598  245981  369  138  4344  1683  27307  12841  32061  26345  250456  1.29108e+06  0  465654  24120  47002  3879  43  542  5  639  23068  2715  8291  3426  5424  278690  17375  24848  
1735  159  159  6931  276  138  1475  6519  328  231  524  2423  399  908  996  148  695  1028  832  5210  297  407  2060  4433  1309  204  1088  1825  833  532  116  851  35  200  9523  1104  1932  1451  1401  3959  1057  16542  599  941  5549  1124  717  3088  28707  648  1243  638  15822  13948  9194  91548  2206  536  4559  3043  12535  2816  7251  16222  25705  922440  363649  0  241258  18806  1595  134  3625  247  21324  74324  8035  11230  7236  10439  449696  219080  19110  
3692  120  198  11096  165  56  1169  2551  185  424  758  787  207  211  283  413  592  1429  663  3862  344  679  1218  3285  4491  806  2586  5408  7353  2672  83  1244  29  240  5080  2138  3324  7568  7011  4806  11132  211381  8869  17143  21825  12379  3449  28005  18138  2399  6597  1814  2219  1780  1605  5105  13955  3734  16380  15032  14490  2860  7499  56307  18094  106570  6382  199075  0  258582  177352  1492  399685  1631  134564  63183  18009  81017  34703  28190  36698  277007  26551  
1355  2693  392  2815  3518  449  6928  16459  1079  1961  5787  909  685  3181  9600  2804  13262  41039  35596  95445  4845  5114  17810  23230  16983  3919  3508  5598  30990  15447  2004  10719  606  3001  54771  10298  28308  43167  21368  31040  43545  30973  4408  33821  12961  20571  42535  109690  73634  74561  10261  2964  1966  2120  2996  31994  4847  4529  70688  144496  217814  15777  37541  1.33544e+06  188402  3.5754e+06  135369  90084  623954  0  4.02037e+06  17923  67445  115  16445  87187  13563  115151  43715  17130  109433  88357  50856  
1173  1993  382  3116  4073  1140  8824  25913  3651  5238  31713  1104  507  3234  3893  20905  32359  42820  18900  131791  2389  5039  9543  15456  10025  1929  1979  3907  18924  13949  3480  20531  1827  3708  60322  16284  23855  35497  13664  17924  28428  58986  12260  49011  12989  161464  82941  285485  101676  68336  30505  14835  4594  5099  10827  33708  31902  277372  177164  503192  394542  15590  45070  762896  172994  137187  10105  6666  395767  4.19089e+06  0  1.51126e+06  3.68292e+06  1141  49473  187399  33831  193672  97787  10807  68784  68422  162128  
354  698  106  888  1933  723  4062  12634  2210  2679  19359  411  152  1350  861  13851  16979  20827  5688  59464  321  168  1641  1013  1508  294  604  1020  3207  4448  1602  10017  1040  1816  25606  7582  9143  9782  2379  4282  4591  4618  2277  2288  748  132205  60371  157114  28361  36628  23175  9338  2157  2293  5358  9496  19323  496375  61298  994398  163476  1667  1037  144807  3450  10786  2406  2411  6388  77422  2.1881e+06  0  829725  886  12200  89399  18417  71633  45587  2913  23485  17913  75246  
2280  1823  407  5740  4379  1600  10653  34439  8321  16730  73594  986  462  3211  1793  66789  45233  56374  15052  144457  1135  1487  7353  6790  6717  1153  2248  4528  13858  12756  3711  24991  2650  4520  68700  23402  24755  32338  9731  12790  19545  347828  56902  30987  17694  240057  270826  180991  141163  39682  335122  57624  4749  4366  15467  18500  691351  1.55234e+06  254409  293899  443393  12026  13542  331317  55304  41102  6316  12925  487824  344446  3.63933e+06  997508  0  724205  1.04337e+06  142012  51521  342077  106407  13720  42846  94761  123396  
107  150  33  208  353  100  806  2842  496  2175  8679  61  32  249  76  5257  3415  4334  1001  11273  40  36  374  156  185  34  110  180  474  698  231  1833  220  382  5937  2706  1983  2227  305  669  589  4958  1533  388  253  16086  20086  11008  17502  1630  59187  7993  415  354  2259  739  327980  202722  30206  7269  37808  383  200  4811  742  666  405  820  3630  2984  11856  12669  545618  0  266149  9197  3668  73552  19658  784  2716  8232  11335  
436  435  122  871  1727  835  5520  24596  3440  6442  20331  260  166  695  378  11042  7297  9805  3225  24310  351  329  2212  1875  698  144  451  739  1525  1883  566  3876  416  782  16568  7874  5767  6198  902  2235  1719  1.18208e+06  169882  9647  3954  1.14e+06  1.4327e+06  141644  125337  38927  1.50456e+06  23960  1148  1717  6082  4391  1.53894e+06  500408  98747  80339  95314  3890  4079  121975  14219  13255  2450  35064  120642  44077  99836  55818  1.29365e+06  777095  0  59348  39703  347130  54126  2971  19945  90613  46482  
2077  3521  4255  10917  11720  3160  69608  289534  20020  46461  53194  1652  1339  1611  2031  21068  10014  28422  13071  60686  3263  5582  21451  26234  15389  2493  5661  11488  23795  10998  1057  7125  492  1960  572256  158512  41790  100457  34312  40758  72504  74474  15334  111763  26138  84746  12662  728093  1.94113e+06  67617  513332  589361  5276  8615  10861  60858  472662  18143  453218  135335  903413  45493  66554  414586  144849  450358  57445  274456  319048  304486  75048  3562  30177  1587  10587  0  2.54279e+06  541880  785658  261918  1.84391e+06  921627  4.40749e+06  
388  540  2647  17954  2200  909  17323  73339  9880  25947  22424  325  102  325  164  7016  2388  3445  1744  7023  200  251  1617  1224  908  188  411  830  2027  1116  173  1100  93  287  45600  27820  6402  11888  2417  2519  4604  121981  3928  133468  49261  27188  32740  454361  579254  69399  64874  50822  1191  1525  3819  3227  34272  3873  25936  7751  81311  2311  2846  18955  8816  47168  2312  34525  31043  31595  11040  376  4129  176  2248  1.87023e+06  0  110037  249657  387962  271428  103841  465208  
2351  844  2213  14763  4345  2554  27218  210143  21965  59976  62386  1480  1162  1176  726  9975  5365  9002  4323  20016  809  1728  4656  7266  9450  842  3149  7036  17283  6330  534  3512  223  806  38836  35150  19529  36403  23471  8978  29997  201478  27004  202696  44007  105770  45844  790232  2.08074e+06  209291  450842  258078  6011  7752  9704  24007  415259  14993  248038  98089  195415  7887  16126  157799  43700  30270  15919  13043  40199  81459  50275  5195  37405  2086  34814  234526  527014  0  2.24637e+06  126251  86699  276492  237311  
290  290  473  1568  1324  624  7614  47709  5027  15194  12753  227  218  271  211  3520  1595  4355  1889  7820  207  152  2432  1117  2812  421  513  1335  5839  2288  134  1084  74  257  22103  11262  6359  20870  1870  5490  13379  21747  4446  26629  4465  20308  20324  162090  643004  104368  231691  105005  677  1397  2029  5242  143715  3608  81006  30536  93937  1620  1151  33435  3006  7189  3947  3772  6491  26445  15422  1316  9154  432  3746  251583  193693  1.64351e+06  0  11638  388382  178146  576663  
1537  46  188  19485  53  15  501  1598  53  206  455  2497  1100  1175  586  188  165  455  231  2482  193  274  422  955  593  154  1452  2594  585  301  16  400  11  77  3287  3599  2461  3039  6512  1072  1661  74351  192  9650  26013  246  183  7811  5143  325  1090  1449  24992  16979  12807  6743  1956  150  2310  1594  10291  1204  2202  6663  9282  13508  2903  11104  65445  43188  18032  47  5443  11  878  88951  323973  82453  10496  0  14364  32480  11979  
3318  1158  359  11792  1552  345  5041  17888  1059  2632  4301  4136  1123  2553  4721  1290  6517  8920  6753  38858  2382  3701  18140  43412  11998  1991  3629  5559  11916  6449  1114  5890  247  1267  70434  7110  13745  24291  14541  33720  21798  14673  524  5210  8021  1283  936  13862  84731  4238  24758  18129  25391  24727  19121  307644  14659  900  26465  10114  83418  15699  56302  80213  165803  474749  238926  593476  177581  138760  14146  212  4076  80  7546  1.6822e+06  51635  73897  156052  46340  0  1.23464e+06  203926  
1053  278  208  3481  407  107  1828  6291  412  1197  1484  558  198  333  610  757  1263  3934  1621  10613  1046  1741  4263  8150  1883  612  1131  2052  2017  1398  183  1371  79  290  16873  4921  4434  7400  4152  7569  4640  5966  463  2500  2606  1863  538  12724  28256  984  5226  5916  3014  2836  2206  25878  9068  1019  69096  57215  56160  14732  25697  240964  43017  145486  26600  369727  298201  70426  18969  440  36817  359  19239  755542  38097  98843  118328  47390  1.20974e+06  0  238116  
4893  15273  10696  14086  22968  3990  216918  1.26044e+06  58548  615618  634602  1785  1282  3801  6862  332849  20706  220058  67616  306163  5971  2805  77996  27490  32026  33542  35545  31677  32143  25929  4812  17436  793  5590  3.60663e+06  1.62924e+06  370257  2.2535e+06  34283  132943  164223  11484  4727  21636  4836  32239  14285  255890  1.34296e+06  123087  468975  474652  1950  3529  7888  16327  419039  19706  238732  70587  432205  15110  7827  128469  26114  55541  31187  34165  31633  34187  18277  2162  14575  764  5064  3.45935e+06  1.061e+06  569799  2.54476e+06  21428  873593  272520  0  
