0  1.16981e+06  50327  793128  199659  8128  335566  17295  1425  5293  1176  12569  3948  3387  2740  4885  3306  20822  5203  9710  6246  13795  26544  56436  32296  9937  75817  280967  35261  38253  1453  372229  436  848111  203274  642060  260525  28706  251925  48570  51983  74632  586  10801  58766  433  98  9266  14618  294  780  384  6623  282  306  419  957  351  4192  641  3913  1470  797  1827  2371  1686  217  1723  3342  1655  2319  41  1564  91  853  18222  97254  4181  1403  13904  2070  3050  76352  
1.00564e+06  0  20731  9073  781223  7496  527101  19434  791  3334  1694  810  532  514  1519  3968  3691  21147  3876  11293  4788  10531  21061  39517  18832  6109  11734  16348  15982  16924  847  38605  243  45300  602640  980866  177367  51094  103925  71226  34361  83179  1865  12615  68521  1292  91  13894  16104  298  807  400  2000  96  123  330  1005  415  3644  642  3200  1227  567  1553  1874  1199  226  1324  964  848  788  37  765  79  618  30288  94137  3662  1737  4152  1813  2581  170630  
58362  14645  0  173090  405  224  307811  120014  159  288  186  2874  317  292  238  273  95  1511  281  1019  418  1094  1185  4098  2164  836  1094  3557  1775  1749  51  1495  13  1033  19023  75216  27185  4326  23585  3818  1755  43333  3864  21906  53322  2276  127  22142  31087  389  156  54  3084  79  87  81  121  41  354  90  381  145  128  310  336  324  53  594  477  265  339  2  232  12  275  2731  36369  1559  369  1999  337  477  7829  
812254  5664  187109  0  1488  414  46216  615469  346  970  1375  1.38592e+06  108589  73178  27312  605  217  1998  334  52196  1752  1583  978  3607  6601  2204  19547  44232  3442  2067  100  10111  36  20691  8625  36386  16395  3578  31946  3946  13359  88362  10490  126656  1.2035e+06  6062  427  64372  324939  738  731  434  283763  12927  6258  4505  613  254  2021  507  11812  1336  1120  1994  2680  2335  523  2766  7634  3241  5079  34  2836  37  1718  10841  106142  10824  2642  27489  2973  4738  7050  
329127  797267  4875  3457  0  1.00387e+06  1.25482e+06  132929  9950  61691  5354  490  400  461  3464  27905  79125  67096  22522  29660  10501  16632  68063  58165  24324  8613  12620  12469  35468  74155  45600  78428  1643  536616  856032  788273  390927  111478  11273  76283  35424  18482  1731  5369  18806  2579  482  17734  32804  3169  1451  1279  262  53  171  466  2480  770  8191  1168  7211  2333  860  2918  2880  1613  319  482  452  923  683  61  1082  172  548  25832  19813  4527  4412  748  2453  2099  276129  
22657  43381  2732  1508  1.27664e+06  0  631657  559915  520205  1.78087e+06  6736  240  238  453  1953  82585  165572  64001  55913  20513  4680  5792  33535  19186  9165  3858  3750  22825  30361  65903  34129  121208  3701  969263  339650  147944  387682  110240  1856  14709  10313  1565  986  1758  2575  1890  989  16152  66227  20296  6019  1725  129  29  324  304  2956  552  5530  937  4540  1136  443  1654  1304  892  220  236  243  568  431  47  736  115  424  12428  6176  4766  4433  162  1927  1148  217165  
403246  381564  271463  74089  1.65337e+06  620100  0  1.49755e+06  798228  141046  14047  2925  1369  1398  6545  39527  71198  117805  51249  68078  10206  15440  44640  51210  32452  13582  18272  22094  90592  139819  105201  54623  1235  26907  1.30711e+06  1.62057e+06  392521  132368  61681  107917  47809  422135  42791  112566  458782  56154  6358  359931  484389  44757  8945  2373  9237  636  954  1347  4407  1387  11644  2380  11463  3500  2119  6507  5286  4286  765  3270  3067  3084  3105  152  2882  228  3745  68720  351570  30921  18705  9643  6587  5989  400781  
21008  13496  221058  948777  61037  126912  1.40326e+06  0  1.69349e+06  466421  409868  1.01206e+06  1.39796e+06  815513  168595  21869  8221  78107  17479  369580  13855  12811  25445  34879  31387  24053  17641  23081  35141  19780  4894  25463  951  18537  649841  616165  470073  301871  20063  53422  27155  171826  48916  143584  324222  83142  22147  543561  3.18067e+06  491002  295926  27192  215921  28912  86145  39871  29028  4652  27233  14068  89636  10469  5324  13110  11683  10949  7226  6790  6022  9469  7378  441  6931  388  9433  255277  265659  139973  92017  8774  37500  11091  574021  
606  827  740  487  30164  633287  711920  1.36295e+06  0  1.46232e+06  2579  91  196  1221  575  12629  11090  29095  74961  5831  597  573  7939  1769  11778  1496  2045  1974  93355  91726  39896  4316  163  2119  139560  108695  85916  74214  352  5297  3292  853  724  1392  1511  1441  3392  29975  223838  149593  64771  1194  61  37  1769  451  5742  478  3237  3544  2865  677  297  1846  668  1266  331  447  478  1369  824  70  661  21  897  24008  7205  18236  12972  119  4996  1224  137623  
8347  16308  2142  1272  109815  1.49195e+06  245568  1.11196e+06  1.509e+06  0  81266  916  916  2006  2223  2.337e+06  304983  178508  97193  28187  2248  1976  14058  5955  13994  3513  5706  13607  77178  116182  49658  287886  50191  665425  390218  326067  658448  501236  3281  47781  17335  1134  544  1117  1818  1062  1103  7109  187613  24771  238844  29269  154  71  2516  499  39338  1502  12264  6371  6809  1074  458  3179  1220  2015  412  618  633  1682  1007  83  1457  134  1619  26584  14633  22448  18983  392  10996  4661  517638  
395  382  940  1687  1057  524  3311  533841  2906  88883  0  11180  33376  1.04718e+06  3934  91860  3440  28920  298  717594  1183  561  384  927  1016  1111  982  1032  1192  873  129  4193  793  2748  33404  20557  17908  15466  692  4453  2473  826  313  567  1270  1273  1286  3489  161412  5510  301028  450779  2558  2637  45539  2910  136401  11579  54376  4033  43723  1361  499  3134  734  2263  1642  1272  719  2346  1935  160  4484  1021  3412  37046  20786  24424  22342  333  13314  3205  55746  
11915  3623  12892  964034  1020  220  32387  1.06893e+06  624  787  4039  0  469884  267455  118453  596  256  2870  274  167333  4747  3304  695  7327  6811  8463  18257  23112  2903  1532  69  3527  48  6781  5994  6473  12138  2343  10602  6429  9473  24976  750  11584  173414  2107  232  13387  356745  1470  731  1105  687743  48557  20846  15295  523  309  2824  355  36048  2668  988  655  1633  954  812  1157  2273  1049  1344  24  1075  82  808  6726  21035  3934  2299  6484  1609  1148  5138  
4897  588  4100  54273  1834  1547  24921  1.09025e+06  4474  1637  21184  673540  0  782989  293130  1135  594  7017  559  400957  11884  6927  1094  14761  22733  53631  39371  18160  4577  1995  149  3425  131  5022  14496  5815  12700  3987  10036  28531  15230  4141  586  2507  21470  1612  499  9226  337597  7565  2102  5183  174366  366949  71623  36161  1893  828  9026  782  94441  7360  2360  810  3647  1894  3759  1850  1298  1199  977  56  1216  184  850  11175  11899  6140  4561  3962  3890  1375  11804  
4671  473  2251  63098  589  519  6212  627333  13404  16448  1.04995e+06  270059  596399  0  433915  5903  1638  18649  779  997712  17727  8654  881  15170  21299  55684  33175  10093  3537  1888  142  4414  331  3896  13503  4516  9256  5303  3008  28704  10387  2704  465  1827  14612  1082  870  5149  192574  10556  28088  119279  53582  72555  772820  68571  17609  3648  37525  2270  204555  12641  3931  1402  4321  3662  7441  3491  1046  2026  1445  161  3101  460  1659  25630  10385  16262  13676  1368  11588  3361  25250  
4620  953  1657  57948  1309  294  5735  145254  501  1035  1747  232939  245837  666030  0  762  6007  40242  1983  1.68495e+06  58043  50679  5089  578805  59398  190194  68215  8930  11587  6087  443  12590  1614  6814  29478  3359  19680  11878  3124  108358  26894  3138  595  2075  13449  1050  518  4491  61219  2119  1859  2239  45770  22286  130815  281977  1447  7807  67097  6527  191559  16038  5277  7056  7021  5905  3855  2964  2007  6037  3741  606  8874  1338  3381  37354  8061  20469  19797  1761  17064  8135  37480  
7121  10668  1338  683  52304  102049  43002  68331  57816  2.52925e+06  133469  509  439  797  1667  0  1.95655e+06  740116  127014  70595  1307  967  10404  2718  8980  2477  3611  18305  155930  132413  40343  390998  180232  605652  196766  59722  435703  255287  2008  23478  12825  425  167  293  567  362  266  1503  9779  1579  18482  39464  96  43  567  305  41437  3391  19852  1288  10199  624  194  1371  542  837  259  280  217  751  603  75  1687  339  648  9437  3052  4224  5399  216  3882  2655  250064  
8425  20832  1921  1066  179797  204762  222464  72875  102360  358473  116850  785  864  2516  26789  2.27328e+06  0  881443  1.62199e+06  415254  14912  5698  27279  12700  29499  23451  19875  20633  289036  745243  988286  2.17072e+06  477764  422078  241132  63599  341998  133102  3653  58837  34585  1444  616  1019  1400  1290  1026  5152  23780  7773  10523  65592  331  240  3626  2219  96250  17894  223149  13348  103204  6543  1750  12184  2357  7274  1983  2098  1840  7699  5854  814  14526  3241  4099  47065  7683  21291  22170  824  18798  9025  173320  
11821  13085  5019  1779  24721  14667  38598  78207  102019  170273  37768  1131  987  1195  8017  486592  602251  0  2.96718e+06  510264  108098  30055  762740  44874  215552  57173  34538  24329  172314  110942  14399  181062  13977  88926  193496  27594  321563  166322  7492  146133  48261  2663  1419  2235  1734  2056  1015  8169  26484  5721  11878  9685  294  149  982  3885  23076  12278  165059  23058  105965  24710  9457  28925  11590  17043  3793  4967  4444  16352  10611  1102  19389  3527  6737  107818  12208  30022  25955  2556  31640  15982  208363  
15042  16091  6410  1981  45388  43169  160823  116125  392378  188899  2589  1034  865  941  6099  64592  1.95661e+06  2.73429e+06  0  56167  7280  6012  1.19401e+06  23609  428147  74615  66559  28070  1.00438e+06  2.18726e+06  1.53161e+06  437979  29578  132460  167594  35830  315207  155370  8249  154119  60057  1326  537  850  1347  918  421  4617  22138  4919  12435  1757  190  70  341  1790  3179  2397  39673  7134  38308  7190  2110  9530  2949  6062  1470  1639  1280  4346  2655  392  5702  1139  1992  31454  4953  11521  10475  1776  9550  6734  143988  
9026  9374  6238  21803  12591  2485  27338  286109  3896  15563  714359  129994  166118  659690  1.64918e+06  40156  55113  907332  21280  0  1.37698e+06  577261  42628  862044  123120  199586  121733  19671  54005  49662  2671  109341  11059  37289  394716  39281  184319  125564  8667  514580  78953  10349  5322  8894  9939  8984  4991  32532  175664  26762  42512  113295  35398  24445  173483  167226  110158  72623  883783  101688  1.45967e+06  212023  79886  169181  96427  83704  28258  26917  18753  69372  47362  5496  92174  16359  30759  430542  52569  149424  137962  6703  164916  66949  359216  
1427  1847  816  433  2119  127  3002  5710  119  383  205  1046  976  2130  50744  186  497  131620  1576  707392  0  824445  36533  319222  23452  38539  10367  2661  7933  7812  229  14298  166  4051  42650  2634  21981  10331  1056  49759  8910  800  405  641  448  602  184  2058  5039  376  450  180  254  126  466  3139  371  528  43798  6620  37498  159098  50790  38966  45264  15682  3090  2627  1726  4371  4140  227  6491  539  1664  36437  2212  8271  4077  628  10327  3912  15435  
3076  4263  1908  635  4248  170  5808  7737  124  417  137  843  714  1606  54059  206  327  56034  1430  239113  637751  0  41087  620791  62040  65339  9960  4921  10662  13591  220  19392  90  4434  43273  3980  33216  13254  1603  50335  11254  1005  433  764  570  569  115  2403  4268  145  298  80  198  74  156  1823  234  196  23575  1534  13142  77156  75396  27791  78868  18212  1956  1972  2152  2903  3367  100  4775  162  1313  21855  1855  7079  2134  747  8602  3217  16167  
12703  17437  5946  1852  22575  2203  29443  56788  29017  9946  872  974  839  971  4662  2593  5828  897481  1.19583e+06  66631  78412  33347  0  297070  1.23281e+06  163749  102742  24966  1.40091e+06  744825  20576  222563  4591  47852  130618  21517  222799  103300  6590  68276  68150  1014  294  559  1039  458  118  2115  7941  1105  3625  525  184  60  120  2162  931  335  26773  7033  26872  28342  11778  38877  12902  10979  2208  1820  835  3321  2438  111  3113  515  873  34863  2276  5137  2966  1198  6941  3112  83594  
16068  23397  9298  2455  18962  535  24328  29344  443  1103  338  3627  2990  6705  561549  562  821  114743  15684  512755  282879  783790  459306  0  1.85655e+06  595614  78290  25104  76723  66749  365  53760  327  9792  115607  13971  95123  29245  6101  226682  33804  1567  470  883  1247  549  106  2668  6183  310  458  176  691  222  465  3009  401  360  12699  2415  20154  44846  21661  26574  127107  19634  2847  2689  2130  3165  2917  86  3093  214  1067  36595  2653  6240  2580  1881  17164  2905  49299  
13740  13841  7044  3299  11833  1175  24636  49713  18205  8735  927  8203  6068  15333  56371  2160  2758  260518  113599  81506  70962  153059  1.10917e+06  2.01386e+06  0  1.7686e+06  1.31756e+06  153373  3.2759e+06  83487  1525  75663  3231  21188  208801  29445  145577  76529  13816  610632  232463  1052  253  541  1199  421  136  1915  9964  887  3226  743  1279  217  337  1720  1127  886  21643  4676  21165  22417  9283  22129  15795  9829  2128  1982  810  2701  1903  126  2742  378  826  37904  2846  6700  4478  2271  12810  2750  88212  
4559  3149  2403  3572  2037  261  6684  29909  745  1082  244  16038  11482  32478  107987  450  931  66481  20193  51478  48759  103017  90176  396860  1.70892e+06  0  601854  25034  117933  31400  329  24337  1194  6245  60194  7047  44111  22133  6155  611997  64113  488  98  299  1077  167  59  748  7210  266  596  389  2513  292  399  836  316  459  7171  1360  7850  7638  3424  5656  5255  2990  890  842  352  995  647  43  956  123  315  14523  1106  3685  1879  1669  6903  1066  27861  
25930  5113  2841  9328  1931  291  7530  19578  1093  2147  597  12236  9885  19555  56183  1232  1251  30956  9255  35539  12301  7711  28979  26115  1.09229e+06  533998  0  231744  41453  9763  354  17258  1270  7476  137270  26611  118095  89410  33625  489969  479523  2859  94  519  2470  163  64  854  5405  284  975  488  1665  237  386  636  606  825  7602  840  6208  1733  980  1791  1882  1438  520  659  843  908  847  47  1045  126  377  13149  6523  2687  2255  3348  4420  1398  41359  
330397  48420  19776  79537  11476  3696  41440  33776  1741  7108  1910  16208  11773  10079  7220  6484  3924  31886  6892  17359  7885  15567  32259  57444  126715  12642  205989  0  154799  257164  2107  387777  576  95478  107219  54497  304578  93731  75864  77108  352864  13944  181  1595  10290  214  104  2026  5467  579  1255  607  2218  369  475  634  1329  439  5796  779  5329  1877  1081  2357  3176  2017  254  679  3584  2068  2678  44  1835  112  637  7249  23200  6727  1807  18354  2089  1675  37771  
24294  23529  10945  2895  26878  16255  189281  75577  225030  37447  1921  2714  2313  3431  18787  16775  25083  240736  292525  66918  36652  41975  1.32343e+06  190372  3.60843e+06  174484  214857  381953  0  3.64774e+06  113622  110464  3510  27555  314679  52838  279195  132937  20556  488889  152196  1549  529  914  1634  883  378  5540  17321  4290  5672  1078  366  109  333  1739  2339  1771  35217  7493  34799  12701  4475  19892  8114  9578  2113  1990  1235  4383  2986  298  5228  1031  1723  30769  4670  13393  7924  4496  9700  4843  121389  
21031  27323  8371  2462  189636  90531  517263  88627  409738  99700  10375  1736  1546  2284  30533  51892  535983  381178  917356  158534  61930  75338  675914  283481  276530  102791  72074  379012  3.40763e+06  0  2.21502e+06  3.5335e+06  5117  47463  377536  76688  469311  227799  15162  365555  112752  2273  866  1533  2478  1591  778  9202  27197  8339  6921  5168  286  134  1173  2621  12534  7083  93373  9965  63960  13558  4546  16709  10650  9255  2115  2182  1940  6991  4516  610  9796  1780  3173  46044  7741  20300  17705  3543  16702  8530  229537  
914  2523  333  228  82866  47077  293974  17671  152612  33296  1038  93  91  134  3210  11293  921450  41524  603482  18808  3609  1346  19150  2364  8887  4726  3484  1757  103432  1.81173e+06  0  928242  812  5610  31291  13105  65220  37801  325  7080  3458  480  200  381  786  375  162  2765  6432  2624  785  500  30  11  109  194  1031  621  7296  746  4989  762  250  1126  321  570  150  160  153  513  361  50  791  132  248  3782  1142  1636  1679  94  1340  675  26615  
229094  93662  12369  11981  216059  144466  189397  96595  18951  213504  70343  2523  2130  3229  60259  224827  1.69195e+06  734911  225258  420843  106517  76434  462788  203352  150332  95568  76382  292337  101246  3.72321e+06  688656  0  768248  1.1532e+06  270190  79991  824448  196831  16371  140196  115061  4253  997  1916  3639  1882  1191  7521  29710  7812  9143  29867  736  380  4750  4566  59850  19148  278696  18721  151638  18340  5879  25169  11784  13809  3758  3693  3346  11936  8754  1202  19729  3685  5994  74411  13353  33932  33601  4425  28839  14465  214954  
1627  2570  161  106  10024  9303  3083  5616  269  35885  15249  57  93  233  1870  86577  207382  47773  3912  40879  988  286  2200  601  2238  1965  1552  4040  2698  5952  1393  530226  0  282024  7857  2477  83670  10327  314  2470  1929  105  41  62  88  90  101  301  1674  437  933  7865  49  37  552  208  15102  2004  26205  1119  12929  560  140  1246  175  620  221  187  117  579  459  54  1280  271  347  3789  641  1729  1785  59  1313  584  9205  
1.144e+06  328065  8508  13859  1.0478e+06  1.48808e+06  96911  122998  5798  1.16464e+06  42654  2491  1658  1804  8332  1.25384e+06  894032  299088  47322  113390  16514  13437  86068  39608  32414  15570  15656  96447  70592  184011  51879  1.22692e+06  698329  0  128470  130604  1.28624e+06  55564  35264  28171  23935  5247  376  1533  4937  726  330  4317  12209  2101  2948  16210  731  122  902  687  28378  3819  45542  3015  24751  3078  1002  4600  2205  2500  625  728  777  1973  1494  156  3166  619  1079  15778  8859  5257  5023  1802  4078  2353  74382  
90642  180781  127074  25571  146488  30296  1.03786e+06  2.07838e+06  61460  611087  170618  11414  12071  20518  80293  469427  42818  941335  118509  542929  96714  88186  272952  258641  314881  131410  292154  133947  361827  265710  15321  192363  8830  37373  0  2.98296e+06  840978  638693  174842  1.97877e+06  881102  11194  3959  8382  17238  7879  2147  43262  183883  30194  23785  13998  2451  604  2489  5149  18459  7117  75616  12343  69797  21930  9146  33511  20985  18837  5054  6214  3348  8195  5741  540  9527  1430  3511  374474  35951  36045  37765  6316  42784  32437  4.40256e+06  
225024  306644  235332  32975  75182  2852  1.19632e+06  352866  9587  69839  57428  1872  1128  1389  7420  73529  11865  177976  10013  131818  7890  8302  23947  24990  43303  13057  41411  23373  50317  27016  1086  23294  1616  10074  2.25042e+06  0  185663  255849  493620  252863  145233  7441  1234  4401  10324  2363  263  13396  29492  2257  4046  3634  755  126  537  742  3782  1170  11120  1664  11575  2284  969  3865  2158  2090  512  750  695  1306  957  75  1427  177  630  87364  14008  7054  7542  2589  5675  5055  567588  
182481  180290  198064  39393  240767  50498  653150  1.36262e+06  38270  525310  81079  20722  18352  16321  19905  376707  75266  442195  56570  160056  26872  25865  114867  75051  65268  27541  48994  101265  178713  240594  147088  208755  12856  200037  184931  729862  0  1.75473e+06  308540  63139  106968  14292  2379  7068  19129  4381  858  25140  85214  10203  11200  14065  2729  668  1965  1505  22317  3329  32238  3574  24511  4957  1683  6756  4038  3674  808  1051  1311  2480  2000  133  3329  585  1439  23097  23251  12207  9186  5958  6562  4341  232748  
5828  11755  12540  4872  25715  7500  76761  337959  12209  233910  42602  2977  2687  2630  7534  151982  12538  162626  21038  77735  7861  4144  28253  9900  23420  10444  19588  13194  52247  68464  40579  20721  1032  5284  130662  155197  1.71022e+06  0  23147  45163  107362  2152  495  1386  3128  951  270  5253  23242  2839  6488  5643  470  133  837  650  9287  1498  12130  1614  9692  1900  714  3502  1723  1954  466  481  426  1157  761  50  1317  214  508  16225  5134  8465  12935  1380  10226  9787  550334  
112649  57578  75368  22484  876  72  135375  7344  134  741  280  2940  2371  2169  1710  617  163  4014  834  2978  956  1656  2972  6662  9129  2208  8912  21036  18610  8463  85  4577  24  1392  43582  569163  145858  18857  0  10643  41324  3312  107  1072  3683  103  24  1176  1403  64  163  88  218  50  62  157  178  80  897  193  820  345  287  678  738  525  69  181  441  360  388  14  276  15  146  4184  8534  7172  1212  11024  578  873  9501  
16284  9041  7684  7786  3211  417  22492  63001  1533  4771  2138  32431  26895  66040  163726  2670  2040  54569  9332  122208  60010  43454  35632  113135  576075  643637  1.16403e+06  90788  345914  114851  567  46824  1528  9902  1.63676e+06  74063  138490  85225  43080  0  1.73912e+06  1670  375  930  3067  566  264  2728  18067  1285  1914  1410  4509  707  1184  3509  2738  3143  37439  3752  31360  16903  12423  9358  22241  11226  4690  5557  1690  3865  2802  248  4481  675  1589  102161  4897  15726  11142  6743  53263  8888  168179  
8432  4115  2684  2539  2317  281  12065  17232  890  4059  1484  6234  5159  8335  19640  2917  989  59455  13785  26610  14410  10708  56594  29942  293425  50880  812597  115199  57776  39348  476  27803  329  8381  643234  84815  274023  363986  61561  1.33489e+06  0  584  108  334  875  196  81  905  4157  452  1260  437  607  129  221  546  1156  856  10339  1215  7475  2057  858  2375  2076  1589  438  499  328  909  665  79  1192  192  389  18905  2167  3195  3703  812  5106  4537  184033  
12407  7533  14179  23625  1438  229  40807  11808  405  937  627  1801  523  462  363  658  545  7253  461  5614  3540  10904  1908  9427  2299  660  2051  4036  1049  987  59  2063  85  1036  9162  26403  3577  2018  4411  2400  1912  0  1.7329e+06  108883  858668  428877  34858  712200  65183  8897  10230  1545  9794  1726  1465  5066  8930  5633  39187  18683  23983  20793  38317  86527  110741  66470  5701  118250  170988  31468  46984  2374  295784  850  1.05981e+06  233854  429621  408382  56420  41093  41597  21816  106233  
576  1039  3439  2287  1727  1269  27753  14763  990  1035  351  91  72  56  116  589  340  3068  323  2369  1170  3658  734  3171  694  281  255  254  458  463  107  678  32  194  11333  3321  1940  1577  705  982  714  1.22451e+06  0  16231  4458  868857  30524  391490  53494  3324  5967  949  221  140  199  2801  4108  2409  14049  5999  11765  8523  13147  27839  34714  22530  2277  8886  14329  10552  11311  683  87207  235  27110  475009  569795  181612  58072  13439  30144  13799  168524  
2735  1838  28710  66678  1059  499  28694  14702  259  195  58  1286  114  79  63  86  75  404  83  323  182  475  153  531  271  63  449  839  170  176  52  291  1  147  2218  5784  1096  370  2565  306  552  37761  2142  0  156334  2201  426  238931  140206  548  559  104  595  71  46  290  507  232  1472  676  1073  872  1618  3181  4710  2696  240  1590  1540  1428  1720  55  1424  16  2109  18468  79563  33036  4290  12762  2508  1650  7417  
40415  25997  62817  1.66478e+06  6640  898  207758  209769  460  513  413  276058  36888  18398  8504  337  169  1373  226  11398  667  1035  660  2018  3508  1038  9890  19136  1779  1220  129  3856  16  5298  7834  54977  9269  2333  24744  2226  6151  844862  4532  137944  0  3887  602  32083  578854  843  1052  290  1.08604e+06  33921  4515  2008  987  371  2476  880  4753  1329  1943  4250  5512  5575  614  13337  11718  5094  7119  54  4015  45  4817  19863  231023  30137  4129  24536  4535  6376  9659  
416  634  1791  1859  2898  1928  39242  39621  2463  2387  1178  220  155  194  189  1604  709  5566  498  4672  1823  5386  1186  3964  1059  421  333  369  730  820  190  1260  94  359  14608  4783  3527  2893  614  1560  982  560053  701793  6526  3908  0  850093  909895  168157  20560  49620  4372  405  268  707  6678  22270  16038  36988  18847  32616  16907  19528  51033  38585  28222  4300  10086  11291  38778  40805  3963  67463  1569  400509  601304  365349  285200  145989  3540  38132  16227  269115  
274  216  512  982  1050  1374  15139  68876  19834  8941  2524  165  182  591  227  3178  998  6446  478  6000  1349  3519  929  2318  890  308  283  306  794  691  148  1477  124  358  11557  2875  3876  3623  402  1292  906  20265  23970  2576  2690  1.11967e+06  0  717051  471931  639007  1.3709e+06  9679  438  277  3932  9007  61458  76647  44002  39948  38098  15158  13372  40638  22689  32234  5500  14830  17821  106574  113916  15677  106262  8257  915093  465623  261878  244840  121057  1503  48503  15163  277870  
1548  3695  11671  10211  23297  19677  389685  358952  39749  9816  2096  887  556  584  550  2922  2155  10769  2146  9168  2652  7294  2907  6758  2241  855  955  1277  2956  3312  1466  3134  155  1455  73418  29432  20421  11376  1646  4458  2814  418343  574893  151615  20772  1.70667e+06  1.02089e+06  0  1.5123e+06  945076  97774  9268  881  436  1608  11042  44108  17072  47526  22793  52450  23045  25707  62902  63068  69644  7557  20390  19757  127825  77143  3648  34939  842  74445  904656  868738  315793  115884  17765  74178  23961  329127  
37214  35149  155766  399071  45874  39137  1.01402e+06  2.55276e+06  343687  236587  74079  175079  150294  134835  25867  17939  4906  27147  6738  109973  5911  7957  6681  10858  8710  4627  5591  7219  11134  9085  3317  9458  420  4480  192509  100410  73910  46664  10536  14346  10541  67721  26297  168451  684289  135410  92485  1.52758e+06  0  1.93168e+06  615245  516353  981795  867042  1.00439e+06  239979  59791  15393  136456  46026  375713  45839  26817  57181  71025  51284  55580  34662  23675  29469  24759  1618  29492  1066  65776  919428  1.3531e+06  602533  316923  17286  127764  33583  513974  
241  249  548  845  1649  4593  32603  246432  150864  25134  1147  145  154  781  186  1454  677  6369  1311  4183  516  748  852  822  1002  285  357  441  2404  1768  673  1518  108  509  21702  5098  10648  8456  239  1692  1161  1931  2461  2340  2082  33931  980803  883299  2.02279e+06  0  1.73755e+06  3810  216  133  6101  3356  36520  6812  59500  93036  34387  4797  2477  58585  4238  48637  5664  10473  5329  151270  98215  3784  7725  292  7493  160948  384263  88302  55069  788  26262  5648  121431  
571  288  525  1170  888  1479  12115  220479  108804  214647  16430  633  606  1724  382  17869  1432  8587  1912  6752  607  1060  1060  1005  3176  592  1425  1219  3648  1600  268  1971  182  748  16139  6783  13275  12102  1491  2337  4017  7027  4471  3128  3398  54662  1.2531e+06  150391  1.14254e+06  1.53285e+06  0  79160  575  386  19729  8987  2.3368e+06  186238  85025  121005  33593  8436  4290  25422  6926  29177  5777  15444  15825  107378  104940  10333  286779  62341  751437  297136  497243  353105  262113  3515  128958  35360  294183  
336  299  174  270  901  465  2178  45548  2818  306030  247878  478  991  10434  432  200097  10913  39696  410  58782  229  161  311  335  672  193  669  919  1001  1086  184  6824  1065  2494  21435  8223  13270  10932  721  2469  2102  271  127  221  458  688  821  1165  414300  1170  158536  0  1335  1991  603425  2782  92926  1862  30786  359  280591  2003  554  441  649  903  1516  618  538  538  346  25  987  96  938  21739  8554  14591  13612  671  7277  2739  39689  
15677  8241  22208  318893  2040  295  73130  362563  700  458  2773  868884  276952  92822  33552  281  160  1702  164  73947  2168  1507  442  3374  1924  1906  5025  7794  717  523  44  1862  32  2723  5980  10890  6031  1525  2618  2277  1841  48496  912  5596  604488  2435  272  13824  1.38494e+06  988  668  1502  0  638719  166183  71034  465  338  3081  414  82069  5332  2188  1009  8117  2489  4054  3630  5420  1859  2061  40  1517  101  2114  8632  21944  5145  2790  10790  4542  2156  6355  
2779  1907  5362  32071  1246  851  27605  168522  7249  1258  6531  48888  375829  147462  40960  473  321  3136  281  113066  3374  1913  376  3276  958  1612  1047  1209  610  477  81  961  63  599  7558  3910  3196  1952  607  2218  962  17232  401  1848  76458  1176  345  5994  1.13382e+06  2093  1076  4990  610508  0  471973  191669  780  719  6479  775  198939  15299  5566  1319  21078  7876  23723  10188  3856  2195  1716  73  1642  210  1808  15519  15851  7459  4680  7510  15673  2288  9959  
1578  1423  2602  11604  1086  1033  16452  248996  40585  72416  114462  24159  46948  662162  82991  21932  4427  33588  1123  263405  5437  2640  750  4405  1796  2574  1529  1053  1897  2298  295  6481  681  1679  20360  5649  12124  9782  612  5792  2572  10937  441  1453  18051  1189  959  4557  834328  5756  15038  816661  172448  254073  0  402807  9559  5473  62862  2109  687460  34487  10232  1525  18412  7111  18777  6819  1635  2640  1802  237  4448  466  2094  34715  19350  28027  23883  1018  23530  5865  37716  
1693  1316  2804  15286  855  198  13379  66469  2574  836  4621  26210  23030  54699  297353  712  1478  17330  1452  264082  8121  3896  2028  5850  2768  3455  2069  1263  1984  1971  153  3922  361  1241  13105  3148  6799  4599  976  8309  2853  8257  720  2437  15628  1932  1145  6440  259693  3125  2464  987  154298  162480  562380  0  1599  9555  93986  11510  1.61476e+06  139800  67086  6316  622920  66328  245254  77054  4253  12283  5156  1168  19073  7196  8082  59949  13817  34416  40586  1308  126061  18196  47189  
710  345  403  1230  837  514  3446  27352  7283  85485  29345  412  435  670  216  57129  12402  32119  889  24516  526  617  730  784  1788  415  816  910  1847  1367  225  8245  1384  2289  14957  4310  9048  7702  1029  3219  3067  5947  2666  2593  3864  20339  55108  25936  162157  41554  2.12995e+06  128618  994  547  1645  4280  0  2.13565e+06  561205  96777  33791  7903  2770  37514  4355  25245  5225  15366  14862  52127  46448  9094  691653  304017  564680  291790  198468  496488  311437  4416  127891  41784  337364  
962  927  649  1201  1752  706  5658  17912  2768  19593  40416  319  330  1068  2121  53500  23061  133799  2075  125054  1669  1580  1733  2208  2398  1165  1521  1956  4063  7985  741  29296  3346  6269  48069  7839  23717  19608  2005  11217  7240  7102  4535  4033  3195  40393  134248  61683  105011  116701  449576  61165  808  596  5051  34359  2.25152e+06  0  948501  1.80508e+06  237195  37398  9780  56193  13204  88764  17406  26418  19781  293833  646198  523558  1.96798e+06  405733  269505  419102  114199  298839  221611  5271  161784  62758  299682  
3689  4176  2226  1848  5612  1141  12416  26652  4127  10565  20415  562  515  969  5005  23407  35441  307330  19609  160913  28244  19360  19364  12119  19747  6887  8239  7818  23493  28084  1738  65490  6265  15114  154269  16755  79933  52800  4941  59100  25481  10211  5816  8666  4442  13480  15343  35575  173051  168074  202686  19642  767  537  3178  14336  887531  1.07121e+06  0  2.63274e+06  955754  142221  19906  773039  20702  215485  33302  30497  19403  136139  90130  21597  143610  10515  48870  167124  35334  211831  106628  6139  95177  44689  187190  
2963  3401  2132  2417  4821  859  12102  29040  5692  10580  5302  612  554  817  8557  4989  18839  246564  16629  141496  16386  7627  14061  9617  14703  6400  6825  6540  17863  22027  1508  48308  4645  13390  119847  14051  70797  48082  5017  43207  22778  17303  11011  15504  6433  27423  68250  114299  151187  434991  292639  2515  1017  745  2785  38504  96029  2.22811e+06  2.67437e+06  0  514153  78261  15331  1.28966e+06  24211  489444  72984  82835  35805  935652  1.77702e+06  1.27998e+06  392965  32102  65161  236472  57922  207017  105022  7866  136338  63820  193220  
9183  10388  6714  8593  13451  2421  33790  127849  11200  18203  98052  13164  15813  35322  77467  49872  50862  687952  56478  1.30384e+06  129599  52026  94236  43595  79513  33948  27975  18458  65173  67702  3826  133464  11934  35688  374785  37256  191999  123311  8803  160647  60976  11978  6637  10431  9149  9906  4944  35848  428326  22951  21676  272503  87013  95168  759631  1.81791e+06  23546  43812  1.05349e+06  86648  0  2.14358e+06  843359  84145  896182  175116  297955  136877  20968  68654  40727  4405  82276  14598  35337  321166  52667  170827  135592  6687  275778  72474  306511  
1020  1230  666  620  1397  110  2895  5173  372  592  304  228  275  454  1884  366  757  57326  8533  61715  169160  95604  48055  26802  29354  11592  5746  2199  11848  8529  197  8827  327  2394  63213  2394  16108  8707  1666  30971  5488  3712  2127  3217  1529  2655  706  10184  21373  1346  1572  363  777  891  2903  60354  879  2629  268107  18420  1.04639e+06  0  578231  186144  259919  66061  42769  23889  8806  18093  17484  1027  25029  1840  8134  82782  8672  35193  14681  2362  55709  16427  30347  
390  415  349  481  450  42  1298  2380  178  214  120  169  158  229  914  93  181  18498  2177  26266  51188  90318  16531  17391  9731  4259  2004  850  3906  2499  50  2670  78  737  24153  852  4923  3151  1288  18084  1819  3768  1962  3021  1536  2459  447  9463  16346  389  990  212  754  817  1693  79728  594  544  53591  2522  402973  439950  0  216493  567265  69440  55974  25291  10391  15057  14776  328  17140  300  5482  69713  7439  27155  7118  2396  71369  15262  20072  
1912  2123  1533  2270  2271  277  8531  14160  1316  2125  576  486  392  496  2567  714  796  128255  13268  91474  150299  91917  134449  56819  72632  27854  11804  3830  23361  14661  312  13727  317  3236  104913  4579  24406  14854  5487  43924  8917  15602  11481  13344  6833  23165  8920  79444  133315  111676  22179  1458  895  612  791  60231  9789  10377  830187  1.39904e+06  211946  207998  385942  0  593468  1.59004e+06  172783  137336  41291  1.07888e+06  996471  21795  224766  3172  51443  378998  46778  238576  64385  11422  109188  82498  129949  
1259  1492  1139  2137  1375  94  3682  6629  331  421  284  512  421  370  1189  234  197  15667  1771  19119  33156  81499  15901  160446  17072  6919  3300  2261  6390  4944  58  4722  68  1018  41560  2085  8220  7022  5586  36044  2978  21142  8650  15144  7192  6720  973  39475  49612  1143  2070  399  4702  4364  7770  729747  1475  1242  69654  8921  649245  299592  577161  476811  0  1.87419e+06  540093  102371  63775  92504  72676  744  52631  1619  20940  147884  25276  66180  15518  10833  261309  49903  67011  
995  873  968  1949  848  145  3810  9278  1239  1868  1051  474  565  375  833  975  1070  25523  3007  20267  19589  32356  13683  36016  12543  4729  2712  1841  6013  4317  111  5302  268  1427  36092  2834  8984  8620  5056  20799  3250  18459  6200  10746  7248  8983  8720  52173  56847  54760  11666  1083  3406  3086  5265  108558  5501  8317  173255  257929  110955  82381  111543  1.0909e+06  1.66621e+06  0  1.81701e+06  2.03581e+06  310097  3.20405e+06  180204  5128  59423  2083  19141  366707  45835  88612  30929  14092  767301  245094  100451  
198  166  254  597  162  55  1194  9600  1270  313  380  366  733  382  310  199  206  4004  461  4432  3030  4565  1886  5184  2063  818  450  440  1203  756  26  965  51  232  6477  530  1809  2400  1680  4740  597  2261  494  1099  1231  565  440  3665  34415  2620  1042  155  4841  5039  10330  221731  686  879  25923  15157  78697  34586  29458  56770  337025  1.65206e+06  0  706627  27213  95654  16954  490  8014  836  2318  36364  6954  12828  7537  3257  404739  33999  48448  
721  304  544  1858  156  53  1630  5528  766  639  1131  395  321  258  294  643  463  5435  347  6105  1824  3235  1212  3083  1490  687  586  525  827  708  34  1223  94  337  8413  1390  1827  1801  1226  5472  775  60489  1611  3879  12861  1961  1981  10492  22489  5418  5328  648  2631  1737  2457  72875  5652  2779  22652  15396  39706  18802  15735  41488  53984  1.42763e+06  778929  0  189339  139622  10693  483  8611  1113  31853  168895  26615  44286  13985  5965  497914  324910  34653  
6408  1370  2907  14163  378  106  6485  6354  531  1436  1149  2401  735  567  450  1065  861  9323  670  7655  4352  12988  2885  13013  5622  1833  1644  4372  4500  2351  62  3406  160  1044  8132  9218  5645  11460  12994  5897  1941  195816  11127  18727  25478  10756  9265  50138  58706  8718  18236  1983  6569  1923  1414  9559  21074  10993  62642  24648  41988  29746  42485  104619  111886  392326  11242  410284  0  557939  456929  4540  373404  3450  156758  242868  95070  257791  45360  37607  170554  393124  96077  
766  713  617  1143  1014  320  4673  10138  2467  2845  2009  208  187  233  1262  1812  2942  45405  3693  31560  11257  15663  8566  10558  7300  2798  1850  1612  4901  4529  227  8739  756  2404  23249  3108  12885  10461  3183  9134  4038  12168  5636  7633  3720  65235  118765  212289  59159  235950  68091  1386  600  419  1178  36053  12946  52282  209485  473530  148582  67431  55221  1.5409e+06  105882  4.339e+06  152074  314402  235503  0  3.9577e+06  43179  135280  3799  22962  202831  35163  84985  38547  7214  213625  51860  77662  
646  655  615  1052  1018  440  6317  18179  5222  3424  3072  179  153  290  1334  2729  3305  43894  2393  34067  12744  35154  7689  24819  6636  2610  1494  1463  4167  4222  236  8088  702  2001  22275  3013  11198  10304  3268  8582  3430  8727  7232  6465  3136  164522  403870  409484  84372  373920  227483  2163  466  346  2133  42645  21413  622334  233194  1.12145e+06  162843  92596  119307  768998  249188  302439  36539  36026  304104  4.16184e+06  0  1.77998e+06  4.08926e+06  4693  31129  202024  53515  76618  39575  6770  130194  44484  98274  
101  110  102  133  197  103  1078  5428  1836  1075  642  24  24  69  342  557  855  9903  490  6948  867  900  641  627  628  282  246  221  587  775  63  1808  161  456  4429  605  2471  1857  191  1427  775  1390  1179  973  423  23029  104812  83472  19994  119223  90941  490  74  41  645  8792  9890  774808  87862  1.27696e+06  60000  26001  5740  82230  6550  54310  9259  8627  5677  194299  2.31579e+06  0  896793  2645  7409  28675  13128  14666  9411  518  10820  4798  16869  
2072  1330  2145  5628  1857  659  9872  20282  2465  10559  26997  674  499  1014  1688  32511  14777  90349  3149  85422  17984  44965  10504  29265  10045  3764  2499  3384  7145  7359  561  21322  2022  4565  40814  8176  20202  19208  8449  13693  6112  315092  66371  32632  19494  140672  247488  188695  182170  54016  282745  29928  1869  952  3744  95380  355253  1.72402e+06  587826  390356  509328  260133  179860  532168  301388  230935  59765  59044  326640  211026  4.12609e+06  1.16694e+06  0  852857  859127  330546  115999  435669  127996  17928  149200  108909  232962  
86  83  41  94  166  76  545  1538  193  2202  6360  26  25  135  90  7941  3008  11453  173  12137  287  203  236  187  275  110  123  157  320  649  68  3319  402  657  4062  658  2030  1591  114  790  459  1168  653  223  262  6273  12131  3619  12700  1468  56364  6696  61  50  450  8139  156921  318014  42243  12529  52978  17920  3465  4289  3654  4900  3668  4540  3423  4671  3576  4229  558453  0  342788  13853  5597  45404  10380  290  5628  3500  11962  
656  481  1188  2925  842  468  7145  17173  2904  9508  14715  395  331  630  362  16853  7159  27673  707  28162  2464  5286  1625  3460  1442  543  538  704  1197  1837  223  8397  923  1595  12974  3345  5643  4506  840  2745  1424  904381  89191  22558  11230  755250  1.4237e+06  142142  289698  23660  1.33756e+06  25208  992  551  1938  21747  1.23452e+06  709022  198509  54628  141828  53108  25103  67690  38295  40234  11865  65874  66057  53016  42571  11898  1.15468e+06  860490  0  131738  61638  360596  58476  3659  26752  62282  86210  
6378  7392  10311  15802  6321  2852  71839  166745  21765  47629  21703  2385  1525  3844  3971  25135  8917  82657  6182  80428  21313  48201  14793  32358  16220  6392  6612  5693  12606  10274  866  18902  1639  4802  361071  71126  46180  55504  22010  45782  30218  61428  80012  94203  43345  148902  48482  554607  1.98223e+06  117221  605388  206513  8168  6429  18475  237098  565309  183526  641464  162447  836206  319699  217535  460292  306590  621388  133917  359234  225634  390789  187515  5499  149437  5873  60997  0  2.21676e+06  819720  734288  114514  2.08878e+06  1.0186e+06  5.17291e+06  
5513  2296  7222  15093  2474  1268  37733  59571  4721  10678  5492  1141  650  964  626  8132  2184  12356  628  14621  1785  4375  1225  3485  2226  602  2533  4669  1610  1427  178  3403  275  1466  23130  18520  7147  5822  5874  2836  3729  124767  112994  98765  49283  93848  11765  490573  617102  90539  106419  51061  1400  814  3505  18517  107332  29193  58454  16241  84253  24475  18872  38209  32579  59011  10127  30252  28523  45332  25744  659  20140  1246  10126  1.85359e+06  0  316642  225852  479444  211371  74290  484947  
4594  2836  7851  19063  2485  1291  46101  108846  14770  41602  11499  2547  2912  2659  1007  10770  3025  17292  1443  18988  4007  8496  3788  11670  9116  3099  2092  6288  9871  4506  245  6592  389  1532  21579  17307  15849  21636  34650  11213  5107  144825  71440  155078  67762  151921  35106  491441  1.71197e+06  59103  430995  60925  7581  5229  9092  26700  415005  93165  285955  71639  196166  64479  32068  110342  45496  81474  18107  46313  54671  119452  50123  4641  68630  2818  73277  321456  486334  0  1.77713e+06  237499  160172  203236  303655  
449  372  992  2967  739  407  9229  31935  3377  11005  3996  404  307  624  314  4001  1161  6910  550  7550  838  1002  1078  1391  1160  419  349  406  985  834  117  1778  133  412  10384  3293  6727  11502  2005  3733  5793  6319  14432  14457  6579  32833  7046  65812  512733  18993  235612  32263  400  364  2688  11469  134152  23041  81082  28430  78136  24574  6355  31365  8004  25069  7040  9637  5270  45379  18658  1183  12669  511  3160  162383  127717  1.6164e+06  0  5660  379373  163525  611802  
6469  758  3103  13430  216  85  4786  2694  98  255  111  1554  1812  495  284  105  58  809  95  847  421  1146  363  1549  1201  230  1818  4688  632  374  13  996  10  1008  1312  7135  1811  851  8130  983  1222  74480  5362  49666  41412  1501  284  77490  20877  522  2160  442  5872  3216  364  556  2224  717  4558  1343  2465  2071  3696  7507  10396  9423  762  4443  15402  11989  11965  71  4485  43  3284  23189  528385  184917  3441  0  7814  23677  3442  
1729  897  1099  4003  479  142  5573  13296  1466  3274  3713  1238  1198  901  914  2775  2394  20943  878  18334  4549  8058  3427  10938  6141  2832  2403  2304  4063  2961  131  5279  437  1106  38162  4818  8941  12179  9902  29712  6566  9665  2048  4809  13787  2018  1196  14094  61728  3653  25394  4806  14954  12443  12616  203550  11883  5041  33715  9327  91635  43723  38880  30632  113732  575074  457299  993424  82317  181012  45258  398  18908  959  13685  1.63358e+06  87955  107661  129037  28323  0  1.66139e+06  179958  
757  433  517  1620  223  55  3008  3773  374  1482  939  347  271  206  233  1187  535  5626  386  4900  2045  5422  1330  3434  1238  472  439  598  879  726  60  1351  88  338  9252  2897  3133  4649  1870  2875  3437  5919  1420  2476  6303  2290  1232  9214  27042  2695  11100  2035  2523  1819  1472  22684  8313  3867  40318  11117  30295  18289  20536  58934  32024  224395  23982  502053  201009  44714  23533  492  20176  680  31273  963996  88522  111004  86975  28221  1.52938e+06  0  246430  
24053  46958  42517  15969  45973  14482  269902  920496  45395  680904  203711  2707  2089  4245  25804  621627  39142  666482  56266  339547  30596  21847  102810  97339  100562  43857  53895  25737  78666  70739  20967  66072  3144  18572  3.82754e+06  963725  1.1642e+06  2.20516e+06  36741  260865  310798  16942  25577  34321  22502  58900  23648  187200  1.14012e+06  83920  785555  249116  2294  1137  10917  63076  632097  118940  316961  87087  320708  92387  38411  203178  199044  158667  40436  48486  31059  75176  47518  3164  55635  2509  17995  4.50426e+06  678372  1.36987e+06  2.99593e+06  9821  764002  295462  0  
