4096268  
2530655  
716866  
3805969  
4140341  
4527857  
8458193  
12392564  
3965348  
7348188  
2800503  
2490523  
2423377  
3396750  
2832637  
5611268  
8045269  
5774217  
8613613  
8441885  
1501901  
1318899  
4509810  
3698940  
8090214  
2264468  
1883755  
1761380  
8866205  
10499140  
2893703  
9090621  
791897  
6810345  
10979717  
3824676  
5593624  
2195897  
739331  
4580107  
2219416  
5277395  
2477061  
568633  
3859359  
3307315  
4527753  
7367786  
12942294  
5054149  
6815178  
1980502  
2763775  
2056744  
3137052  
2846799  
5675119  
7381630  
6581324  
8738767  
8403319  
1829830  
1283306  
6066108  
3864779  
8123530  
2168051  
2194751  
2473926  
9204603  
10476489  
3389507  
9735781  
954724  
6248603  
11502416  
3450113  
5266211  
2250569  
680677  
4099152  
2283465  
14016506  
