4001195  
2436440  
570540  
3280915  
3864071  
4201061  
8455545  
13968616  
4345616  
7179308  
3091546  
2478204  
2191095  
3570138  
3023221  
6040380  
7738603  
6910619  
8473467  
9108337  
1409243  
1356934  
4192307  
3849707  
7194347  
1911739  
1747330  
1945487  
7872624  
9406972  
2873430  
9419099  
801246  
7101818  
11305892  
3775845  
6049171  
2269093  
784539  
3340778  
1885916  
4176143  
2217097  
451180  
3416329  
3194958  
4538063  
6999952  
13419643  
4780013  
7215128  
2435888  
2512406  
1909812  
3388480  
3014059  
5886816  
7639989  
7181796  
8490603  
9410074  
1851341  
1196778  
5228606  
3648341  
7759522  
1981731  
1877623  
1579434  
8898858  
9617944  
3185284  
9427109  
964360  
6814074  
11090670  
2751274  
5402979  
2511604  
602818  
3438348  
2106261  
13249698  
