0  1.20321e+06  51918  735274  162050  75201  364662  23978  1755  15691  3103  2546  637  1075  5995  21390  53172  63743  83092  37112  17186  47701  139340  86247  31591  5838  4858  54452  26547  167967  49466  270746  3449  1.20412e+06  102643  131363  615356  57929  8996  25267  5558  618  124  510  9216  84  250  1425  3319  876  1060  883  210  120  189  766  3468  872  14027  1107  10795  855  544  2758  7524  708  193  203  613  656  580  304  1343  79  207  9454  1732  2503  1720  497  1622  1427  56630  
997269  0  6901  1545  644601  72148  479386  42101  9506  19988  7368  656  317  554  2569  22867  26238  27394  25572  24872  5176  12009  30257  17870  8459  1942  2861  5962  11130  18487  6289  23223  428  26415  767734  790457  374172  100198  22179  25835  7920  8432  10498  10162  1202  553  897  68039  30162  2605  1871  901  136  98  131  610  2104  464  7039  616  5186  522  194  1389  1567  472  188  225  599  461  609  129  581  22  279  18405  13879  3996  2914  1272  1429  2364  252249  
42300  3805  0  121813  180  91  232451  100144  42  714  392  467  222  246  328  2221  808  3047  1097  2429  1745  6331  6322  9583  2855  222  290  1455  1235  2936  502  1306  33  141  28833  92907  117746  11342  35975  5406  1266  13832  496  30922  11892  13  34  27346  6057  74  154  64  98  56  60  85  156  45  614  78  678  96  105  432  1313  146  27  91  282  102  276  15  149  5  60  1732  50696  832  203  7974  220  785  12071  
697693  1505  206501  0  1024  670  8317  663168  459  777  1570  822152  25967  31950  11272  1004  2821  2478  4117  36104  2601  4887  3366  7885  4414  1843  16036  77510  3642  46276  5271  47660  158  37186  10018  10391  24393  3285  16776  8139  6955  33886  4711  181151  973354  229  643  69510  280257  894  600  774  200228  16362  10184  9692  660  287  2476  460  25204  969  502  2738  2841  1189  253  512  1262  1048  2537  123  1128  9  682  7705  66848  6373  1442  23080  807  1390  4546  
601574  1.07201e+06  3406  1381  0  1.59767e+06  1.27223e+06  213918  107984  98790  11438  470  223  725  4851  48953  120828  50753  112973  47036  4000  3191  10450  4395  10689  2903  3718  8781  35935  72833  26114  40193  1939  327812  992399  727799  272912  100685  1950  26088  8352  891  1856  884  339  1138  8067  39330  53133  27327  5717  1459  303  182  220  958  3521  762  11851  1234  8551  850  156  1642  657  1306  262  212  577  1150  739  204  992  38  495  26568  5302  5526  4261  526  1799  1860  371498  
175644  225597  2216  990  1.2156e+06  0  386684  465090  527723  1.60857e+06  7009  299  139  624  2104  124286  164633  38408  118074  22947  1980  1103  9062  1665  11909  1387  1787  4742  40178  56605  22990  127500  14507  855190  186215  71418  206741  70813  1273  5874  3963  483  665  499  228  985  16912  33941  105178  83062  55022  2992  219  219  206  410  4981  936  9575  4290  5508  282  106  2589  302  4359  210  142  400  2610  1290  232  1465  49  1545  15267  13683  8470  4835  185  1977  1088  115100  
262382  686186  235452  6145  1.87704e+06  596689  0  2.73712e+06  1.62576e+06  154385  14904  1214  580  1323  4397  37805  64840  50603  225362  48034  7044  17200  45330  24671  26577  3036  4255  10199  66923  83426  21050  10039  359  6090  924883  1.00318e+06  464433  113520  46878  39561  11427  28666  30710  36425  7034  5877  22425  339611  242258  71686  9934  1917  770  362  313  968  3874  920  10450  1823  8729  752  349  3999  2742  3490  353  486  1336  3015  2332  263  1547  27  1638  39169  72580  12623  6557  5372  2393  3714  276263  
10697  57411  218642  1.00308e+06  119652  178866  1.86527e+06  0  2.05498e+06  752875  498230  1.29918e+06  1.15984e+06  854610  163759  50150  26771  87898  99863  696058  22799  10964  19555  23604  33093  41936  26606  19988  21950  28004  9821  19047  971  24373  551822  472440  547125  227563  27924  74589  14100  31615  39333  120707  105814  17660  144607  860227  3.80484e+06  564257  435498  131767  478175  272546  80931  54962  35263  6312  48300  28679  154868  6524  1866  25525  8532  31489  5507  3502  6232  21362  14224  1502  12431  248  18935  267113  228145  140202  71072  15826  18015  8528  367293  
1171  9027  598  182  130442  1.12245e+06  862767  1.76471e+06  0  1.48807e+06  1420  39  26  84  245  7742  27307  43981  214353  4217  247  232  11502  431  17450  331  285  1195  49850  28699  7049  2796  66  1966  58513  17272  41934  25681  326  1754  853  457  736  177  67  1619  33219  78932  108925  166130  68288  1488  53  83  92  125  3466  603  3594  3475  1877  141  45  2188  152  6222  226  108  385  4720  1854  190  1592  40  1958  13357  21744  9709  5198  102  1671  544  44998  
37555  58790  4722  1479  91001  1.76613e+06  97089  928176  1.2672e+06  0  98902  567  461  2132  2013  2.6096e+06  189932  120182  139399  33872  1550  830  8727  1380  14278  1397  2127  8473  36613  28371  10715  234559  102968  451837  242848  141804  529450  375006  4108  17888  6507  1083  1354  600  313  1441  9940  12538  162527  49612  396418  16888  270  369  876  437  32299  1974  20015  12992  8342  371  116  5840  375  6862  304  397  982  3703  1988  343  2531  81  4492  24819  28368  30786  16098  536  9239  4632  311298  
361  1488  2280  6126  1641  1314  5861  750424  2554  263704  0  15744  46652  938226  2504  129383  5578  36685  1051  692373  1053  339  380  406  1259  1387  956  669  849  706  374  4335  493  961  27187  14690  18318  11994  1127  3014  993  1557  1801  3119  1903  1747  3722  14953  173933  9894  248521  258235  6972  11635  23283  2103  132632  10969  53709  4464  61518  987  128  2111  449  1731  448  437  1027  1465  1209  618  5452  192  3064  31344  20402  26000  13954  1107  7231  2276  30290  
527  1251  6696  1.07596e+06  938  282  11419  1.27957e+06  705  1084  8852  0  415856  272999  79149  1228  675  4363  532  230982  6052  3235  843  6495  6677  8985  9242  16938  1803  1200  117  3327  76  2661  11558  6719  10516  4007  7409  13873  10305  7147  1470  8077  171326  622  1794  29045  311912  3678  1563  4093  691064  64938  42382  24145  2741  688  6725  737  68689  1714  528  2518  2353  1352  795  1358  2228  944  1838  140  1394  21  872  27971  23647  13421  5569  26582  1407  1568  10477  
574  1194  2612  130155  938  366  6449  1.22999e+06  1123  2606  37584  808237  0  1.00714e+06  190621  3255  1784  11483  886  560867  12235  5846  1016  9946  11951  17768  13004  14686  2644  1285  194  3523  191  2353  15832  5898  13405  6184  9640  26368  9685  4642  942  4167  45076  1080  5059  41711  282202  11892  4650  13009  228863  366849  112665  38931  8319  1506  16341  1397  128481  2537  667  3101  3128  2111  1457  1465  2346  1592  2259  331  2079  35  1284  52892  11597  19967  10828  18591  2633  2018  20093  
840  1693  3095  173966  1554  816  6646  694515  1591  11626  924551  507453  944067  0  351047  11953  4328  25654  1554  1.21648e+06  16385  6128  1121  3837  4704  5575  7914  18066  2213  1681  342  6095  391  3451  22959  11019  22301  10168  10189  10709  8350  3779  1035  4337  39091  639  2433  17250  130672  6495  20911  62316  146612  201082  743040  158952  37024  3589  45539  2046  377351  6806  940  2093  2992  1824  3479  2540  2922  1498  1857  550  3353  122  1265  19587  9489  8668  4999  13589  5578  1996  16408  
4426  6120  3338  71956  2025  638  6305  139474  558  2000  3498  167371  148134  503234  0  2824  6457  71005  7706  1.73194e+06  79324  43557  6342  509490  48668  163267  64760  18817  7703  4250  1027  14655  1768  11384  59750  8120  51155  28167  7296  134750  14020  2984  358  3455  18298  193  423  4456  45495  938  1763  11623  37934  28538  61170  267861  6065  1303  29029  1350  171366  6605  2460  4459  7727  2038  3060  2065  2611  1474  1652  319  1850  62  532  16347  4489  4762  3364  4328  6975  2285  48139  
40287  65073  10774  2677  57193  227583  39518  108347  72266  2.68704e+06  139735  1147  647  1767  1752  0  2.12019e+06  808639  248466  49923  1502  1001  12678  1539  29045  1372  2411  12403  80995  44887  13699  358466  208626  451030  207682  76535  601396  349493  3900  22941  8118  907  794  522  383  961  2334  4834  18683  5308  27111  20895  311  297  759  570  75766  13708  69375  4277  26388  556  191  2017  558  1306  275  305  1117  1284  1155  1001  8346  417  1526  24083  9205  8740  7801  831  5688  5706  268994  
60196  123454  8227  3512  163616  240827  78952  95768  63307  283819  91350  2403  1574  5704  20427  2.27586e+06  0  773004  1.85942e+06  314242  7398  2486  18709  5097  37244  11162  8395  15405  127580  506894  635900  1.47758e+06  574113  395684  134656  63846  356526  87359  5129  27575  10752  2379  1627  868  1059  1952  3976  9051  26150  7833  15553  40790  922  998  2610  4304  131636  27171  319803  16317  144698  2365  667  6497  1923  3264  1118  1214  4379  5249  6620  6541  27544  1116  3138  91426  19263  17402  13703  1926  13576  8306  103743  
40561  47775  21765  7052  23717  41980  57814  107934  263790  236943  92505  2323  1226  2344  6966  735708  489896  0  3.34875e+06  561628  92592  30930  877948  69410  113417  20443  12852  33361  47859  44932  10006  96448  3513  78539  205623  37058  361596  139681  14641  127079  41131  7002  2148  2122  2747  1656  3100  13905  32565  9116  33098  4693  856  999  1213  6797  26311  15303  250204  33161  147119  19236  15147  87027  31672  15153  3015  3400  14046  23336  17028  8914  31237  958  3994  160146  21143  39539  23074  4217  38012  21829  167965  
83366  80578  26267  9487  115987  131116  216968  94420  388397  133630  7261  2486  1127  1827  9659  76760  2.6511e+06  2.73231e+06  0  90938  6526  6614  1.06833e+06  26414  460426  35918  17085  64126  914424  1.36144e+06  584519  344810  3433  148498  193734  40816  458858  169035  18479  128484  50800  2654  795  982  1151  686  4490  11944  25094  21257  19999  2333  478  414  541  2520  11737  4896  79350  7334  62361  5037  2202  18030  4999  5321  1114  1215  4785  5960  4876  2185  9013  342  1562  47233  10154  17700  9486  2711  9732  8343  150755  
13891  17917  17468  124774  6152  3627  36322  542252  4476  36611  649165  277540  240830  692862  2.0163e+06  61714  36275  1.23714e+06  42771  0  1.40342e+06  637629  52738  737692  101684  211582  73463  43965  46032  23349  5235  61118  4429  28250  287995  46975  171170  84267  19241  338444  43417  16147  4729  10273  34347  3094  5478  38570  187910  12963  39856  81861  72412  58705  110154  203977  99582  25858  479516  53144  1.2935e+06  60743  31628  194160  70622  30603  12039  9575  27024  36530  24003  9144  39700  1353  7746  308931  43197  78845  54750  11394  77632  42584  177133  
3553  3470  4229  2321  373  141  6934  4586  87  531  275  2247  1314  2233  24669  421  677  261477  3141  717483  0  557809  16742  118415  18662  13174  5111  7973  6430  4408  300  6148  122  4528  42388  2968  30217  8783  2447  72842  6919  840  201  344  769  88  76  1190  3238  96  191  150  725  803  721  6505  321  213  12003  1763  46368  94822  27153  29938  54495  5584  1224  675  1406  867  855  134  976  65  304  25354  1095  4417  2126  555  13306  2054  10484  
4020  2853  7456  2992  189  125  10158  1890  56  228  89  1336  680  1143  21865  206  466  42147  993  208319  416461  0  15118  536938  36346  30350  5267  12652  7662  8258  304  7758  55  3665  39784  1376  34995  2760  1946  67377  3879  340  58  133  365  28  19  350  1265  39  50  63  357  261  222  5701  82  42  5242  327  13765  98705  29451  11637  68903  2685  547  258  513  226  296  16  272  8  99  17086  273  1675  445  345  10069  483  4743  
61209  40601  21376  5287  4466  2854  50861  13857  6486  3306  746  1376  611  777  3825  2287  10279  579983  922842  37013  12812  15913  0  326933  610999  46575  14334  37973  751705  716312  6763  71799  449  67442  88668  12782  200545  38264  11420  119977  35619  1780  540  710  777  420  376  3222  6025  855  1238  254  254  271  251  2765  1184  548  45598  21521  104561  24954  21695  206128  29976  13579  1855  936  3735  2618  3148  698  4298  92  1156  46584  2782  16659  7197  1884  12578  7065  41514  
11991  7640  20172  9965  514  332  29829  8347  214  672  236  6083  2908  3998  438682  699  1479  77510  10584  491408  136078  627387  476405  0  1.32401e+06  864874  58245  44718  39620  31784  960  28519  183  9956  99431  4085  100943  10465  6426  283587  17143  460  68  289  937  38  48  525  2986  90  193  218  1443  766  316  15206  214  86  4134  1089  26888  3335  6589  32518  138720  5489  1008  480  973  494  645  47  580  14  139  31061  686  3201  830  942  18666  839  52884  
14730  11882  11780  7669  3088  3106  25851  20617  7329  3022  1063  5941  2975  3366  21672  2838  10696  66681  180222  32902  21016  58871  1.11086e+06  1.42578e+06  0  1.90405e+06  951005  414931  3.4178e+06  127984  3435  37214  516  17219  216024  20490  113281  65942  29014  1.0907e+06  222999  975  248  481  879  180  321  2032  6554  980  1189  2485  1694  1556  415  1642  2476  608  16669  3360  29858  4113  2801  26694  17077  5325  747  590  3571  2166  3232  365  3236  86  514  24687  2253  11241  4257  1730  8492  4233  64939  
1387  970  952  2247  240  146  1650  6480  327  320  152  2881  1352  1628  31914  429  631  16848  21425  26222  19265  31863  56235  380501  1.58406e+06  0  462184  37490  195420  9047  258  5210  50  2362  25533  2026  10787  6231  3764  424217  19643  148  24  85  298  28  25  256  1869  68  185  1049  857  674  166  945  552  64  1872  340  4059  589  467  3089  2858  614  117  74  342  241  340  40  323  7  51  3066  362  1392  465  330  1374  398  56928  
4669  1067  1343  26603  659  328  987  11084  106  1085  555  18819  6312  10198  28479  1814  1900  7825  2473  21446  5375  8214  8193  21374  966386  529472  0  343442  5164  2945  409  6283  279  15673  109280  8072  41103  29423  22763  436381  334966  408  42  148  1211  34  61  377  3229  107  659  4069  2087  1257  784  799  2281  174  3361  267  4149  230  331  1685  1824  976  206  133  396  290  522  40  364  4  71  7168  2301  1102  414  2157  3803  489  46800  
60051  2988  12123  147094  2796  2305  6507  10836  686  3371  1884  54221  12508  23199  8690  5289  7821  18044  15514  38439  12018  27915  30345  45679  227246  13913  392335  0  303106  294571  6672  436783  504  36047  178850  37518  153291  130193  85991  148223  518522  1357  111  662  4679  91  178  1049  2978  337  976  704  2688  743  1335  1262  1284  345  5654  722  6880  809  1098  5859  7702  2390  219  237  5683  2118  6118  161  3990  11  165  7984  5639  14059  1764  7490  2305  2170  73235  
31111  29334  13821  9766  35800  41428  76167  35422  46158  17050  3395  2497  1201  1582  11149  12385  102603  68560  716530  53129  29023  110970  1.05184e+06  227443  3.70844e+06  117473  29658  669946  0  4.00419e+06  88911  106938  1309  29563  129061  17881  192225  81435  19753  390787  43195  2357  644  844  1096  495  1470  5758  11594  5953  3335  1576  690  637  400  2668  6218  2308  46311  5210  69279  6429  3044  25170  27796  5289  1257  1219  5656  5048  4681  970  5852  266  1303  42518  5863  18869  9951  2063  9200  8676  71120  
151903  117805  32994  60435  114472  87310  131393  88285  22875  29121  18297  2391  1201  2499  14584  33320  677993  112976  1.14576e+06  117782  32463  95531  521588  160827  202548  17251  12611  694340  3.64894e+06  0  2.06748e+06  3.82174e+06  1869  58689  161731  29850  405160  105620  18912  181842  26708  1690  605  1028  1378  551  1832  6497  14434  6517  4936  5333  481  473  897  2558  26146  6603  104609  7039  64848  3654  2109  15191  18278  3409  863  894  3764  4476  4259  1969  9302  387  1195  42434  7457  16004  8022  2886  8136  6080  84741  
34739  38890  4166  5499  42552  24640  24144  28481  2929  7414  6840  377  227  649  5144  11201  551656  26586  703094  46888  3340  2939  18597  5403  10528  4121  2612  9611  96071  1.97282e+06  0  955095  1105  16254  16604  5439  90084  17793  955  8611  1654  395  225  222  223  168  526  1926  4130  1542  1146  1796  121  138  323  714  8442  2381  39765  2545  19727  533  205  1680  855  615  188  215  816  1139  1139  848  3303  139  353  13554  2133  2752  2124  279  2409  1539  13975  
471842  142748  26540  156465  102336  178769  51191  100677  6800  214450  61232  18196  4461  10712  59639  305108  1.62594e+06  352935  448796  436053  64968  95756  248422  165110  168196  45444  29210  626660  92489  3.99421e+06  1.07852e+06  0  825081  1.03131e+06  216745  43009  580069  101302  27433  201147  57828  3178  1331  1692  4489  1195  1996  8523  23946  4033  7239  15339  1692  1343  2740  7995  62503  18380  365056  18972  172938  5345  2670  18252  19542  5545  1734  1765  7049  7788  9423  7374  28587  1173  2644  104541  16720  27536  15885  5564  17485  10830  113632  
12944  16166  1816  612  9273  25288  4532  10052  260  64918  7579  401  241  684  2501  116810  294374  38718  3916  37193  867  187  1056  445  1753  990  916  2719  3078  3985  2781  488233  0  268105  6781  2479  89310  8373  632  2039  1577  122  73  69  82  78  152  423  1501  268  660  2563  112  126  199  413  9197  1426  18486  663  8692  141  42  347  111  151  71  73  219  239  228  206  1208  60  128  3687  863  923  673  152  559  407  6437  
1.55757e+06  436510  8069  41655  531838  1.38848e+06  32048  134955  3474  843851  21284  4496  1294  3034  16465  952584  955150  235982  116634  148317  17078  10856  90900  19770  42977  13016  17203  66023  44318  129617  46958  1.27827e+06  737079  0  56018  20947  1.2786e+06  41908  4589  27327  48831  736  369  612  839  323  1049  3953  12684  3154  3226  5760  513  385  716  2060  21427  4615  75507  3700  37355  1298  522  4195  2127  1189  384  360  1192  1547  1546  1267  5680  235  610  20604  4167  5121  3603  652  3447  2263  36036  
18826  219078  208197  48528  75858  30433  794900  1.92368e+06  40630  650644  212965  18674  9634  16156  91692  578183  46777  514508  69400  519360  90818  92668  134170  125893  258522  81549  268529  321729  199762  127206  6472  111725  3157  31611  0  3.77627e+06  422485  538604  321868  1.82106e+06  813168  5523  4708  8619  4787  2246  9383  66598  234969  35696  57909  24298  3981  2634  3283  10135  32712  5882  97569  9774  80226  8477  3351  23243  15229  9299  2837  2368  8371  5665  6009  1439  8297  273  2597  349605  33217  53840  37421  11042  35021  39013  4.79349e+06  
10811  284982  282947  44204  30396  4433  827249  702293  3812  206811  167218  3807  924  2902  6799  190862  11885  84909  7767  125404  7140  5489  11002  6830  32819  6263  21690  38106  30476  13055  766  9840  428  2861  2.74963e+06  0  180503  295352  601260  139867  119594  1984  1718  3411  1670  842  1481  19008  52834  3176  30303  24937  1261  629  1276  1720  42979  4863  43853  2541  29155  1321  362  3353  1243  1160  559  654  2032  1028  982  451  3225  124  841  77404  12873  14103  10996  2510  5097  8965  780007  
181539  499773  556785  89211  197393  55195  905093  1.71941e+06  15320  619235  89503  19435  9636  15685  29989  610679  179965  439512  265932  249037  43994  37410  88104  47591  61155  19370  25814  71903  134846  163750  45683  117612  11961  270853  183821  665209  0  1.81815e+06  336090  55415  78492  4029  2893  8499  4588  1180  5388  40889  151418  20021  62033  13507  3499  1766  2528  3728  13190  2526  36263  4514  30081  2362  1968  13299  8292  4579  619  566  4207  3304  4798  788  5317  130  1654  32320  23346  36870  10665  15256  6558  5154  135504  
4120  44633  35307  8142  13975  12976  102132  555238  6592  295203  51284  4576  2478  4620  19376  285828  36027  169240  97250  133351  20006  6579  16052  7833  26213  11929  18101  26375  41113  38500  10420  11424  1061  7704  224594  327458  1.85973e+06  0  56421  58585  98215  1131  902  2313  1100  450  2080  11949  48248  7483  22708  6235  982  583  1000  2164  7312  1142  16274  1917  14373  1361  758  6037  2292  2087  427  332  2139  1672  1949  291  2345  46  605  21615  7007  18326  17075  3600  11981  15696  514990  
9636  18101  183433  67898  266  234  108553  39299  105  2177  2303  6254  3163  3759  2093  7430  1039  10126  2121  11954  3103  2975  4186  3580  7122  1595  8985  26229  4244  3092  306  3413  85  1364  106480  381035  220332  59786  0  13106  34406  554  74  690  1203  42  77  902  1502  119  338  412  396  162  267  323  948  207  2787  273  2127  396  612  3627  1858  813  115  108  970  390  948  45  655  7  47  7528  2802  10191  1198  8601  851  1261  30059  
4248  2790  5335  21710  1298  979  6581  38394  879  2500  1729  20556  9173  11950  80229  3775  3257  56609  20527  127690  50069  71783  55041  175836  523130  589793  1.00485e+06  235174  232039  59168  1527  34060  407  8428  1.52787e+06  37479  58750  52197  60032  0  1.39254e+06  1809  384  782  2472  271  348  2681  13532  472  2007  10852  4730  3965  1507  4063  6145  1835  42066  5856  35067  2820  4285  19411  16916  10177  1791  1324  4947  6506  4776  917  4397  61  748  80962  5941  15676  7140  6040  43612  8622  140051  
2125  1429  2141  8282  513  320  3891  8424  211  3347  2599  7742  3772  4278  14375  5871  1901  25557  4711  21956  12579  8824  27821  10065  70217  82131  1.15631e+06  368140  17882  3560  311  11758  398  12144  929855  55078  79263  192267  98412  1.33488e+06  0  318  71  131  622  50  73  509  2038  175  992  1780  549  370  364  596  1782  279  5173  551  4514  469  450  2759  1501  843  171  175  1797  703  1639  100  1308  15  89  8345  1551  5702  2183  3308  3321  4831  171303  
123  2522  4943  5241  492  465  12081  17910  3408  1530  756  429  196  262  265  1277  478  4074  585  3138  1515  1598  574  714  293  67  120  531  358  247  58  462  41  157  5364  2596  1677  1615  618  567  486  0  1.33691e+06  47872  884012  323145  167712  784788  121414  13670  25672  1569  3564  5862  4431  5616  23020  33283  55468  28612  35213  13389  17039  181574  42046  29803  4724  42646  193182  47412  173153  15544  472108  1137  1.19579e+06  319941  272213  499550  84828  22052  18147  49177  66644  
57  12657  4857  2173  2205  302  75304  40973  1932  789  438  207  86  124  185  643  225  1794  268  1604  454  294  236  149  141  41  70  161  162  103  32  199  20  80  5244  2850  1629  1327  298  300  357  1.26018e+06  0  8331  1128  492554  83038  451556  37318  9022  12794  2424  436  396  373  2911  11589  8293  27658  11245  20093  4345  3034  60410  5401  9565  1636  1749  6864  23001  51764  4517  93414  95  28942  445465  410009  198648  32923  20262  17300  9526  50325  
184  8165  87960  70442  219  40  49340  37025  134  68  97  305  17  34  30  74  35  165  50  322  46  50  44  47  34  4  9  88  33  81  21  62  2  18  1170  4147  640  194  283  79  37  16503  726  0  177953  110  364  124912  134820  348  305  96  224  133  86  318  283  570  1764  636  1495  407  392  4405  1160  699  118  101  378  804  2345  150  834  6  969  9577  57776  20946  1640  9149  607  528  1826  
3110  2009  123408  1.2609e+06  207  77  21032  98336  249  262  687  270920  9734  11564  3289  308  245  1067  286  13894  1239  806  343  783  585  393  3025  12937  358  1960  151  3474  21  1933  3162  8634  4544  883  3722  1331  1685  803677  581  210092  0  385  938  9501  686196  936  832  867  935028  36757  21130  17543  460  1058  3266  1499  44513  2117  1553  9512  7591  4924  1493  6756  15384  6075  24727  467  18002  17  19444  6675  76500  16030  1015  36959  1846  1666  2296  
96  1946  946  695  2047  1022  18888  38231  6757  2413  912  263  139  160  300  1509  528  2935  647  2806  588  250  314  144  242  69  97  205  365  258  86  363  51  204  9644  3602  2629  2566  390  436  681  606096  737826  2362  1025  0  1.27845e+06  857447  131485  27012  46467  6726  736  792  720  5199  45825  26111  61366  18569  43567  6744  1764  57719  4343  22937  3199  3168  10012  49229  43662  8220  30765  715  319439  629929  261824  253162  110001  2277  24474  10193  126269  
209  1634  1014  904  6250  10242  25660  146488  83774  43117  1875  346  304  266  226  2427  1710  3760  4940  3454  366  184  552  149  604  94  128  247  1819  1479  428  577  42  480  16785  4620  11288  8137  309  580  635  180290  99323  2237  1356  1.2091e+06  0  783137  366291  424125  1.55554e+06  7375  881  980  844  3095  107478  66397  41376  26615  27878  3804  985  30997  2516  56098  3886  4891  11728  108646  88591  15398  128204  16443  959483  310963  353156  180787  78013  1318  26002  8502  96490  
736  70852  32560  14265  41171  14727  503365  440854  96041  10211  2082  1221  191  514  585  2909  2808  5286  5011  6558  893  614  1159  430  879  262  328  734  2147  2845  1174  1374  91  1346  40734  27556  21607  7731  1207  1439  865  508241  599034  147825  5085  1.75675e+06  1.32823e+06  0  1.49998e+06  1.55127e+06  135066  6578  1711  979  762  4318  34062  16441  48665  28099  33546  6507  4257  89539  8312  94514  5583  3263  14642  169493  128362  6349  28661  183  44053  444594  529120  290587  69773  23649  27872  11100  91559  
3360  57699  244684  437425  95527  72770  684925  4.13996e+06  557671  318586  80689  92444  26539  24788  22782  19266  13254  28402  35726  119124  15078  6043  5566  3914  6396  2655  2462  5369  14119  13069  4213  6755  395  6875  211266  130796  148840  77501  4987  8990  3890  43767  36334  155187  901066  36797  209337  1.80863e+06  0  1.86062e+06  656041  723526  1.63292e+06  1.29474e+06  693089  309110  51812  19686  162380  46137  799478  44126  11016  89837  49526  38667  36683  18996  24392  36937  46297  5653  36998  599  85334  442895  893882  565447  239659  29006  54877  16290  300836  
283  1838  556  338  9425  26772  32350  200462  220967  66418  1199  75  90  106  105  1659  2810  3822  12826  2347  135  71  997  109  1362  58  111  320  5146  3741  1049  638  40  563  21369  3923  16682  12828  135  563  393  3526  7170  880  500  11016  658255  1.13841e+06  1.87411e+06  0  1.70295e+06  1324  195  269  183  470  11154  9884  24934  56325  5516  544  183  24260  710  97970  3694  975  4584  139111  49478  2026  8801  126  10644  34336  227487  52476  30819  514  10366  1659  41795  
631  3118  1358  899  3488  25628  10944  307583  206268  354533  19947  217  301  481  247  11426  4812  10725  14422  7837  369  182  1087  225  1220  167  218  505  4059  3229  729  1070  127  822  39974  14065  43170  36899  489  1419  961  25999  23032  2140  1322  38624  1.45886e+06  225723  1.08923e+06  1.43074e+06  0  94168  504  919  4929  1616  2.64855e+06  181959  123648  95307  29750  2142  536  22027  1442  54246  3084  6874  12008  78428  50497  13900  425894  197542  915838  183955  588625  547680  361477  2621  154148  25469  253094  
431  2023  1440  1839  1950  4302  5388  120806  11723  233864  310671  1904  4294  8541  1838  91142  28792  15571  3529  58641  550  212  570  203  1478  1339  969  742  1428  953  390  3345  489  888  47167  42504  21271  24897  1202  3698  1617  1273  733  762  3355  908  2704  3737  620499  2672  263008  0  12119  28359  624031  2264  191681  2604  103580  1675  422986  2324  184  1774  494  952  531  473  956  924  1112  342  2487  102  2758  26833  11525  17913  15550  1633  7161  2323  50985  
427  1736  24075  416267  1265  300  18004  317223  1049  1317  4727  633936  75524  64607  19655  1231  550  2598  395  65130  3571  1620  408  1947  1732  2112  2864  8028  667  838  90  1873  33  1028  8191  7308  5699  2134  3554  3631  3085  38765  1286  10780  773305  576  1971  22161  1.22549e+06  4377  1399  7388  0  400167  88689  64489  1594  947  8411  973  197058  6015  1802  5720  7403  3677  3369  6614  9573  2119  5880  241  4165  23  2666  19003  35285  18096  3557  133908  2989  4270  7433  
171  989  4614  18734  1376  968  10177  343609  5679  3200  10390  48240  298470  177817  26262  1874  835  4299  732  112310  4833  1931  289  1611  1771  2413  1581  1486  610  398  122  832  67  414  7810  4193  5007  2552  769  3823  677  22462  814  3297  67311  779  5452  26386  1.08718e+06  14012  3493  16480  493530  0  387828  182295  3300  1538  14294  1385  297084  9500  2468  6392  13671  5898  9606  9865  13739  2779  6790  329  5606  29  3634  21873  14710  24467  9295  55518  4910  2555  12833  
420  1194  3027  31810  1395  1747  7220  143053  10938  46301  72176  77105  160586  727759  53935  21243  6460  18263  2161  326578  10025  3119  643  1390  2186  2419  1978  2365  1582  900  342  3245  354  1119  21670  11570  10787  9137  1262  4635  1739  17826  612  2066  57145  515  3569  7049  670118  3589  12088  633012  241926  532759  0  615157  17139  3192  73350  2253  1.22884e+06  21689  2320  5536  7010  3694  3561  5951  9458  2554  5873  740  6445  88  4060  20462  9919  21666  9814  34954  4975  2699  21708  
1033  1915  6513  20432  801  503  4999  51840  2321  4360  15458  18837  17174  95274  303428  5573  2820  28126  1794  216206  17180  8137  1593  12267  2816  2499  1986  2369  1836  1255  319  3531  445  2298  17416  4777  14541  9395  1373  7866  2207  14971  704  3078  52616  568  1388  5746  171949  1482  1582  5276  116013  155602  380293  0  3524  5123  56269  2886  1.60655e+06  70897  38377  14265  579931  23752  191010  70079  35902  3248  5609  1100  7428  482  5403  49660  11572  24017  19109  18023  138141  15012  58144  
538  1702  1238  835  1600  3375  5903  31360  11265  40634  13803  256  194  472  398  64642  29575  15097  6421  12792  365  187  1260  264  2124  285  300  756  3387  1670  637  7764  1251  1304  28359  12810  13072  14375  981  1911  1564  24722  20277  2178  1524  39244  165110  46415  161314  60278  2.31119e+06  129114  490  617  3107  1763  0  1.792e+06  755429  67446  45527  2363  697  16548  2055  49549  3099  7354  14490  54908  30856  15507  651274  238912  676862  274004  173028  674234  369374  3387  135635  37510  285836  
699  2073  1905  1323  1587  2732  6732  26330  8158  10773  20615  428  302  1363  3397  80903  27749  45338  6586  37475  1954  591  1677  467  2882  884  933  1275  3952  1864  792  8645  1394  1747  50520  17150  13236  12908  1880  3909  3016  25785  20560  3779  3777  42873  223077  62421  96566  62858  397955  19771  2906  4250  5525  27451  1.97516e+06  0  1.0274e+06  1.56529e+06  239006  22381  2471  57991  6193  109699  11904  8655  25967  208710  305614  435746  1.93717e+06  256787  275006  552873  198073  249727  159001  10879  89898  42933  220245  
4218  6129  5802  3458  2976  3299  13598  37136  12796  21151  28218  879  669  1810  2293  72909  53824  233366  26311  107243  7540  4022  12244  3201  14310  1567  3355  10214  24205  11941  4262  41659  3370  10230  120645  29296  57890  37806  8041  26687  13924  32192  13601  8195  10804  23123  22558  53340  186358  74295  129150  52212  2632  3919  7469  8766  842263  848463  0  2.43507e+06  1.04283e+06  91261  13127  620719  29275  135116  10914  10750  38542  93762  45484  11009  66751  3110  23928  292656  40845  304568  169072  9161  113909  67693  251076  
697  1722  2444  2123  1191  2375  9387  36997  18363  17855  2087  409  170  396  835  3792  3190  45365  6767  20370  6086  2179  8927  1657  3449  530  603  1935  3620  2215  533  3690  230  1529  19311  5612  12625  10100  3345  5172  2553  33011  22407  9422  8321  38045  44162  118937  206812  174185  120108  1377  1686  2393  1988  12177  35107  1.46064e+06  2.49157e+06  0  350528  16795  3615  1.76376e+06  13847  480561  26873  12027  50921  942112  990382  803536  149340  4243  42545  219945  47659  362106  146907  7151  100676  57007  151398  
10819  15582  18563  29573  6749  7080  36142  209172  23505  75307  191263  29487  36959  118184  96093  174955  77717  525705  59924  1.24763e+06  84951  28632  56482  24518  45434  12858  12587  24646  51486  23567  6697  62663  5532  23573  264961  72085  141623  87907  14558  72374  33847  34145  5967  10723  77315  4971  8121  39597  546514  7592  33471  370123  145838  192427  572687  1.30199e+06  66388  21694  1.56551e+06  73621  0  1.7347e+06  706704  291612  776812  85616  119494  45556  63181  30668  27978  9196  49040  2570  16261  274276  45906  159712  87193  22954  220382  58719  225051  
1149  1213  1155  645  187  95  2364  2523  203  586  678  275  147  308  1820  630  944  43614  9461  22196  181852  76397  20536  6353  7752  1329  729  2023  5925  2185  290  3089  148  2152  10858  2006  10368  4650  1301  10313  2435  3535  887  1380  1528  549  246  5579  10441  176  478  204  750  981  939  25412  717  739  199040  6450  916965  0  459805  130661  178209  15682  17223  6102  9197  3328  3092  457  4021  286  1662  41150  3122  23020  9586  1126  46020  9640  17681  
202  207  326  326  36  25  465  704  41  121  255  112  55  124  956  183  168  8681  1237  7107  37454  34000  6873  6347  1416  355  251  388  777  307  49  542  32  357  11441  372  1718  881  622  6713  358  5315  787  1730  1453  242  98  5718  5342  68  138  45  388  456  372  32748  192  195  32415  1792  361108  240813  0  114345  529432  16517  18808  4470  6086  1644  2773  148  2762  68  1515  25088  1289  14823  2346  869  50540  4754  6194  
4385  4950  4737  3197  1210  1008  12620  24848  5863  6817  991  619  248  421  1913  1372  3850  177912  64288  58651  70434  39900  125763  48800  46035  7063  2504  7196  28945  11295  1245  13522  617  9382  62114  6773  34719  17779  8194  36933  7277  49497  21665  18782  11824  23703  15776  118756  179656  40800  16476  728  1964  2720  2090  26905  4570  18715  469811  1.46272e+06  311749  88306  263888  0  478353  1.05591e+06  46773  20536  61879  1.07174e+06  869262  9832  99551  684  30066  208343  28147  324227  51477  9310  154327  72832  103522  
630  641  2206  2379  109  56  1853  2862  170  543  2279  335  139  559  2404  1117  516  14451  3277  12598  33825  44479  10937  96051  5973  1140  832  1899  2370  1150  132  1752  96  1084  30670  1373  6406  3104  3432  16685  1201  28492  1589  4468  13139  768  505  11158  15971  505  667  190  3246  4906  3664  686244  679  1087  66891  7567  601046  169740  497169  428189  0  1.66071e+06  460657  74609  78352  25784  41612  722  33173  304  7469  98628  6946  37796  7172  5690  318645  22510  49651  
640  894  1524  1499  434  622  2835  8751  4959  3048  2176  211  100  319  747  1106  1035  19430  4529  10367  5324  3739  6769  3793  4329  674  564  1912  2967  1395  252  2442  124  1377  19298  2090  8110  5745  3899  7047  1888  22154  5020  4056  9108  7878  21158  45220  34207  60612  22678  273  2000  3154  2322  46455  1629  7549  68168  144009  51337  15157  18306  1.00846e+06  1.33405e+06  0  1.76463e+06  891465  680738  2.95275e+06  172171  2613  45628  226  8251  154068  22970  61977  17823  7071  796954  31796  44652  
41  84  229  358  44  38  391  3101  193  842  3369  85  38  196  460  816  155  2209  278  1904  1068  493  501  534  357  167  138  215  204  128  21  202  10  110  2181  487  813  708  405  735  216  7411  500  423  2479  488  437  2146  15810  576  566  189  1197  1337  638  120575  496  1010  8652  4877  43884  9387  8380  33930  243217  1.18952e+06  0  883901  199740  30425  6974  378  5508  224  11817  21795  2836  11652  4527  1125  342434  22952  53081  
19  42  225  352  36  31  286  2189  189  672  2861  85  36  196  370  702  116  1009  69  1194  254  183  106  191  137  128  95  117  76  52  7  110  14  38  1182  385  408  400  204  298  110  17949  839  266  4518  775  732  2148  12033  405  1091  179  1174  1427  811  43077  1603  3259  5568  1465  14787  3132  2011  10960  18284  1.01487e+06  581697  0  393147  5372  2278  568  7315  270  40366  31100  4122  20054  6371  2193  224214  172821  26604  
139  298  1716  2539  125  134  1403  4696  678  942  2505  310  133  346  491  1313  485  5029  517  3738  1670  1459  946  981  946  184  319  2846  922  741  69  841  42  195  4428  1491  4804  6373  7250  1486  2521  194933  5245  2706  60706  3745  4679  16547  28041  3608  5632  400  4940  7904  5732  32014  5865  16681  48978  14428  50891  15437  12137  104810  53478  325042  122875  334213  0  591460  418440  4228  292494  969  133072  217642  36472  197447  92942  27149  208474  439819  84230  
1009  1531  1724  1232  882  1218  5407  16311  9628  5109  1047  233  107  329  700  1338  2729  65070  4300  35808  2556  1780  3818  1283  3059  398  920  3064  4669  2791  639  4422  222  2207  20203  4088  15465  9851  2744  7968  3899  21011  15499  3574  6241  33072  70942  115048  57428  137525  64854  455  921  1449  1219  6988  3137  22357  42412  311414  31116  9745  12304  1.36201e+06  78515  3.63955e+06  97931  21677  582194  0  4.57275e+06  16675  134164  137  10772  95920  25363  73151  26537  3649  202685  15355  38865  
416  1120  2134  2541  1116  2001  7148  34479  17913  6425  3573  329  193  594  1132  3969  2668  33061  2963  18837  3011  1971  2099  1151  1582  234  437  2376  2148  1426  420  2766  206  896  15566  3746  9015  8135  5337  3020  2363  75646  45253  8020  23805  86139  209331  285495  114419  192673  176467  1030  2889  4897  4356  21228  19331  452626  82989  488209  96916  27009  17307  613222  80902  151658  14607  8134  449123  3.91172e+06  0  2.08193e+06  3.56325e+06  506  34825  142697  52702  76052  31996  5571  63073  20474  53470  
155  316  341  317  294  431  1767  8768  3822  1477  2084  72  48  261  648  2251  1350  16248  923  8800  936  250  337  152  382  94  146  277  587  368  179  1304  120  371  7035  1504  2396  2027  391  946  501  8819  13207  1042  1577  28123  53114  57783  24894  27576  42828  430  565  826  960  14849  9123  613265  56608  498677  71262  15392  1748  30296  4936  21393  8508  3695  9262  98925  2.38626e+06  0  903637  652  10847  52579  15816  14565  8615  874  11811  5125  15654  
729  2070  3292  3727  1449  2179  8356  35825  12487  8274  20879  574  355  1409  2869  54456  15434  64567  6782  45439  4694  2780  3212  1926  3922  865  999  4466  4803  2657  785  8974  1255  1844  47436  13758  16443  17136  10793  5337  4941  393402  78545  11000  51253  78404  263426  157124  150360  59249  380184  6912  4861  8129  7247  41633  407472  1.68852e+06  313969  170121  289855  59672  21076  336537  91149  92426  25486  23935  294098  199831  3.96639e+06  1.71779e+06  0  628221  836502  326137  110502  300646  91026  13076  85525  69296  147408  
43  95  82  78  99  99  392  1602  474  467  1181  25  16  66  129  5014  1246  2749  460  2219  192  34  128  25  200  49  44  82  289  121  51  582  85  92  2475  801  675  598  87  190  139  3412  1845  189  315  3984  17568  2687  9552  468  66592  758  83  95  106  1714  153670  200622  24334  6136  21368  3181  240  2651  676  1464  905  2630  5853  2034  3503  8412  467703  0  406075  8105  4499  31075  4443  322  2137  5178  5072  
190  1137  1677  1578  945  1620  7724  40727  12029  5996  4649  287  195  360  567  13484  3992  10784  2053  8931  896  433  621  270  809  198  215  431  1159  571  190  1929  282  401  11568  3948  4162  3409  596  973  655  1.18528e+06  177333  9594  25359  456333  1.7396e+06  137969  308047  25327  1.31304e+06  9627  1508  1871  1540  9320  1.20456e+06  752007  136543  59771  82754  13514  4055  81899  10663  39632  10555  72965  147708  64600  94311  75814  1.41362e+06  847691  0  169857  89771  399896  63472  4553  24250  120331  59392  
1190  10031  18865  11961  6779  4296  74144  309739  30630  22951  11155  2810  1783  2176  4496  14592  4809  38024  5674  38399  15290  10588  7744  8244  5330  1664  4557  6597  4556  2889  633  4343  395  2001  427700  95265  35579  64891  17378  24565  31158  126845  116206  108757  29174  55470  69054  640740  1.53492e+06  42161  350327  104350  13871  14544  12368  109772  648687  77468  1.02037e+06  97388  754551  160609  48275  413239  148764  242376  85767  117855  463631  177717  139195  6222  90378  568  28666  0  1.92127e+06  826049  572108  299464  1.67774e+06  886691  3.28862e+06  
296  3256  15050  9222  1102  630  21653  46810  3134  5287  6127  869  267  616  983  14008  3816  8355  1393  11220  595  250  506  189  773  303  348  614  991  479  160  1820  281  420  16917  11609  4121  4803  1054  1208  1186  112221  124174  67818  22363  16131  46899  512077  664067  28934  203349  97194  2709  1489  2170  6693  161538  36156  110492  12068  88262  6325  1549  20423  3814  17925  4219  7254  29302  14272  9189  1332  19609  1094  9244  1.34514e+06  0  557339  189509  422565  107458  54906  166001  
383  4508  13302  12661  2414  2779  33100  108335  20898  29132  8063  1862  915  1111  1003  8188  2790  11941  2776  10909  2481  1707  1991  1424  1663  349  581  3413  1974  1625  262  2413  186  695  20713  13758  19482  23315  17815  3152  3234  201167  107181  146489  50970  92165  47708  607981  1.46195e+06  40817  373539  33213  8206  7710  5792  17614  551086  216287  598033  189516  168509  29439  9368  148804  20571  145941  16668  21372  61190  187284  56736  14984  94596  1337  87342  466093  760918  0  2.06549e+06  119107  133987  118866  310930  
117  1487  2334  1702  1028  1223  10527  40676  9134  10075  2123  273  178  249  413  3782  1108  4960  1337  4853  884  254  601  372  592  184  253  380  863  483  106  649  72  244  13550  6460  8460  21756  777  1631  1322  21487  18500  24953  2133  20943  19461  132858  612263  20600  239925  23924  683  869  1322  6902  226328  29973  238533  56968  80392  11799  1411  22298  3654  68570  6464  3293  10007  73893  12396  2321  10269  184  7610  290192  147946  1.94273e+06  0  6214  402060  101828  736005  
220  695  12192  11426  69  27  5385  5218  94  144  189  2966  884  1217  706  341  117  1216  191  2674  516  470  427  410  315  110  379  1862  171  240  33  421  15  118  1723  6480  4616  2314  8046  605  926  93013  4753  30622  65384  294  478  64266  21499  388  1314  374  43275  20043  10108  6404  812  1547  5743  1693  14494  1725  2191  13237  11940  7359  1478  5457  14097  3496  9762  304  5971  27  3029  67639  299553  86735  2639  0  8261  14665  4618  
201  496  931  1261  184  134  1501  7779  570  3665  14553  447  239  2392  4281  6260  1077  13309  1109  13603  3992  4317  3324  4011  2271  1831  1565  1269  983  555  129  1118  120  471  29852  4710  6411  10806  3471  10557  1703  10948  1511  1519  5818  1246  1952  7857  25336  2215  32658  4972  5285  5006  3177  192420  24492  4332  50610  13281  83762  20687  24115  80720  145836  503195  703823  488147  209646  131553  28462  901  17893  250  13887  1.1968e+06  33493  84710  164977  47244  0  1.29785e+06  219537  
76  259  806  784  69  35  1035  2512  209  753  1325  240  109  223  321  856  254  2181  285  1810  958  722  484  354  313  143  188  434  261  160  36  320  18  105  6250  1970  1645  3111  1218  977  1107  10516  1228  1443  3009  606  753  6799  10349  398  1914  422  2766  1833  875  15547  3100  3242  45828  6681  30654  11121  7301  109393  16293  15246  27319  256439  223233  4762  10972  1185  35767  190  22322  753253  51702  103156  89169  64285  1.22571e+06  0  179651  
5526  64108  59659  11841  26546  23166  221454  1.01338e+06  40677  783761  170940  2775  1684  5017  32756  501558  36460  302479  71583  256021  35593  14902  50945  53523  55159  33817  39107  37173  43102  18997  3910  14463  1718  8458  3.2082e+06  1.11084e+06  613897  2.18002e+06  30634  96864  167508  21123  21128  20595  5243  19337  35167  141011  971811  45280  663328  132552  2775  3119  5558  31822  642655  51618  536626  86069  285666  45565  10102  149255  41167  113167  32830  20803  87987  65433  23597  3823  26015  481  12404  3.03637e+06  216153  1.15982e+06  2.66823e+06  12065  763482  340720  0  
