0  1.68828e+06  27424  575748  292287  36811  418612  29496  1887  15689  1980  352  300  704  940  23524  28684  34077  77522  12258  1904  12182  93677  77366  46216  4717  15091  120322  43920  40775  1989  141387  5668  1.07028e+06  74328  94883  533868  88905  36383  59534  24023  153  31  126  3176  182  124  1549  5194  645  1101  888  309  176  168  162  2978  322  7293  1246  6973  612  734  847  1037  321  49  163  278  509  337  169  637  96  146  3851  2488  1081  1084  1572  1149  643  60420  
911639  0  3661  1888  855013  34726  421379  39615  1831  13459  2476  1101  655  736  1182  12059  11207  21480  32806  8913  1219  8794  43275  55520  36538  5225  9335  24093  24606  19962  767  14787  756  20855  694274  783953  533144  224632  19043  95627  49489  116  55  220  664  359  152  4275  9590  638  775  468  377  297  185  197  1035  106  3708  601  3719  391  484  740  750  233  73  190  279  299  187  86  323  29  131  5988  1335  1409  1801  404  1658  1388  387599  
33639  408  0  87811  183  55  192541  72304  49  501  105  160  63  66  80  488  132  915  837  454  66  254  1218  1489  1226  190  460  1093  695  502  11  510  7  96  22393  82061  21972  13098  16597  4722  2923  1612  99  3195  5172  837  186  26762  12313  54  76  25  155  75  50  43  65  12  164  47  230  48  18  115  46  40  19  101  162  66  47  14  76  4  70  1054  14363  515  217  3948  458  429  12347  
575964  917  91222  0  758  480  16283  732062  593  1517  629  926015  24520  15496  17423  1683  751  5905  5479  17845  1582  1201  7677  5866  7886  3590  42717  103402  18833  10965  96  25039  41  1302  57967  72660  131658  24357  289332  43807  102313  14660  833  64068  1.06743e+06  1354  435  106291  238280  416  303  230  370100  52100  35244  19903  340  91  1456  323  18287  4443  757  1090  871  779  462  2454  7488  1114  1116  115  1879  18  1527  7328  75932  4439  1323  40380  4747  4895  22634  
310328  989698  1342  3688  0  1.43548e+06  1.55995e+06  287412  138715  103233  4795  1287  1201  1739  2970  36079  60681  40897  178047  15872  890  981  12524  3743  7962  3192  10124  10320  14215  11924  3658  29456  5271  215801  437221  407217  296949  124982  5004  73014  46372  317  206  813  1569  4612  3530  57937  111325  20882  2639  938  636  929  414  447  2012  263  4217  1043  5417  511  106  954  191  441  115  281  421  889  501  199  656  54  1946  10542  5783  3759  2170  284  2373  1163  173289  
87628  130877  1247  2705  1.27514e+06  0  678624  534922  397843  1.7844e+06  8197  414  578  1522  1723  88326  115529  68182  241402  13181  870  440  11638  1074  5436  1047  2236  2962  19029  23756  10427  155817  15095  866748  103604  81016  118154  32646  1332  13921  7522  615  336  791  1092  8586  11969  70294  251857  102387  70624  2267  336  882  351  443  11098  836  11262  5756  7971  545  114  3360  207  1360  140  594  939  4012  1900  535  1599  94  6622  20416  9209  12147  6311  186  3772  1347  56024  
369762  528698  163677  6605  2.2289e+06  794334  0  1.51347e+06  1.32456e+06  403828  9200  3138  1800  1882  2172  36866  26013  117397  401577  30706  2250  9956  76536  55010  48582  9998  29442  33757  41152  25718  2132  21899  1393  15007  1.14206e+06  1.28822e+06  692832  293385  37221  242461  133575  1680  1134  7650  8564  18661  9593  259248  370699  37653  6212  1512  2063  1831  823  1096  3241  701  10272  2426  12105  1403  676  3053  1110  1065  286  1004  1266  2464  1321  521  1561  111  5475  35242  27765  15966  7857  2029  7292  3917  433805  
14408  20425  110077  791687  90114  98878  1.75993e+06  0  1.60047e+06  602588  458885  826776  1.54932e+06  824575  268360  37808  30835  70754  54853  637342  48485  9320  24472  26911  31705  19885  36871  20953  17949  14729  4827  22300  2068  25300  648010  581975  468188  207081  46102  190085  68982  10888  5038  94009  263312  65267  47277  894104  3.17266e+06  236936  140013  34667  248226  190789  131157  66410  25396  2840  39219  12623  217408  33381  4244  17366  4201  5947  4047  7416  8022  12786  6602  2332  8160  418  34664  178269  121104  115692  50889  10152  36920  13875  389063  
2323  3663  582  853  112311  469222  782310  1.53138e+06  0  1.6706e+06  2224  95  78  206  169  7958  5940  39685  152252  5238  110  88  12288  297  4873  268  757  1117  8791  3334  283  3263  153  1941  71641  29425  47278  22277  622  4044  2398  517  352  744  518  13232  13321  80478  211309  94265  17854  643  116  731  129  369  3356  475  5261  2675  3876  307  50  2005  130  894  121  431  649  2553  1102  390  1042  63  6095  17813  7179  7980  3828  113  2749  1167  51655  
49553  46012  2651  2790  94545  1.68646e+06  240738  971334  1.12164e+06  0  208750  471  408  4432  924  2.50254e+06  249739  90233  157800  13144  457  227  11615  714  4580  589  1534  5457  13520  16038  8375  302756  70801  488111  195863  82909  311478  197398  2173  8713  6528  893  384  421  798  5591  13733  32970  385385  146885  383877  24744  327  578  530  346  80679  1854  22500  11779  10832  429  82  6064  230  2365  141  835  1700  7594  3630  909  2689  168  8422  26626  17160  22713  14100  295  7004  3151  249843  
707  507  314  3123  786  703  2884  643965  389  228134  0  4180  29580  1.12234e+06  3778  65884  2342  87409  2876  960448  2886  264  691  394  525  207  624  803  880  942  241  2156  119  562  25910  15189  10563  10067  1135  4671  1591  361  119  367  1163  760  763  3788  136438  2572  187568  398697  1898  10088  27124  2369  109040  5312  30010  4253  94229  4023  279  1818  181  1840  343  787  766  2649  1280  750  4078  647  1161  10132  5673  5423  4026  300  3556  849  19713  
1129  350  2025  983538  1115  491  12067  1.13365e+06  705  1086  1719  0  296952  109729  136464  895  380  5056  2257  113040  8098  1607  2786  2822  5636  5601  14856  9332  3368  1447  44  957  20  866  43037  7422  16364  9113  133223  49280  52714  2644  128  11008  148695  871  320  20625  242399  265  207  546  490379  108831  50088  30781  325  62  1798  305  53777  9116  1285  1059  919  456  472  1695  3420  494  445  62  874  13  1050  7157  12248  6587  2660  4805  4440  2944  19249  
798  556  1792  46422  1845  1009  10758  1.12109e+06  1938  1986  12326  328776  0  561980  360537  1689  749  16150  3538  523486  25661  3600  1443  4741  5817  6636  11987  3739  1529  730  88  851  56  591  30139  7578  10086  4887  17048  49368  11303  1814  192  4359  58234  1901  1104  20709  271508  822  638  4661  218053  581432  68442  44663  1637  166  5368  740  170840  19601  2090  1353  1410  886  1504  3093  3904  814  747  205  1182  43  2027  11812  7518  5734  2460  4311  7871  2990  18400  
900  562  813  16725  1114  854  4147  690171  860  11059  1.22602e+06  56906  502144  0  716029  8946  1822  41995  6317  1.21848e+06  28967  4284  1615  5782  5024  6564  12889  3094  1324  879  185  1560  104  739  20644  4891  8505  4555  8644  61820  7948  922  155  1891  12491  1004  657  7721  146499  1107  14550  118261  43448  229690  766130  97969  18974  895  19544  2202  362636  44483  3848  1747  2069  1484  2648  3175  1933  1409  1199  384  1727  158  918  10180  5281  4133  2407  991  9937  1943  14768  
784  457  482  15537  403  217  2032  83513  325  946  5636  53396  120420  611101  0  2029  511  49094  5986  1.89463e+06  131153  149683  3709  436706  6713  34747  13208  3540  1578  780  61  1007  64  337  35260  2482  5097  2951  10492  110494  11989  605  107  1307  8785  400  182  3683  47882  151  707  17062  22636  55504  168374  313835  5100  159  19613  1607  351438  31377  4362  3159  2735  1215  2164  2714  1334  890  869  249  1001  65  374  11228  3977  2931  2387  854  11755  1832  17563  
78616  63339  1325  2080  73290  243792  52542  116082  67395  2.62945e+06  75995  458  442  2260  908  0  1.93885e+06  563718  206460  18928  379  204  6969  713  3393  563  1674  18864  10974  13440  6629  473917  360357  643877  318846  58587  599643  361448  3159  9650  5973  224  129  202  516  1012  1357  5888  32096  8581  53885  21465  247  259  362  188  64263  9023  15083  2572  11455  414  48  1248  97  1284  82  335  533  1813  733  459  5071  821  1129  6939  3339  3615  2965  259  4219  3768  421951  
130721  133105  2409  5096  170219  350827  82195  255961  36805  641577  51815  2194  5276  16241  4810  2.57583e+06  0  644864  1.57999e+06  177546  2222  874  24515  3164  13580  2282  4709  30177  108581  265750  295438  2.16716e+06  740921  534068  518568  110856  680054  175779  10170  17351  16377  937  406  576  1603  2542  2484  14953  52976  11334  26968  51102  1106  2345  3904  1285  173262  17179  91033  14471  97398  3255  240  6157  343  6775  348  1447  2148  9763  4283  3300  17915  3506  3483  28592  9536  10280  8138  943  7554  3990  284467  
40351  33835  2916  5622  35433  79707  96019  108877  120988  287669  161357  1328  1585  5050  9412  595761  452532  0  3.3832e+06  600785  59723  10144  619073  31218  106005  20292  18322  34437  32882  25425  1500  39163  785  17522  203277  37213  238020  132354  17926  161574  32099  4584  1568  1336  1660  4176  2929  13054  54632  15463  31860  13050  694  934  1259  4251  61809  9270  311916  71552  172850  23302  5667  70464  7437  18058  2191  4448  8669  26182  19637  6926  24128  2047  4142  108172  19410  41739  25411  2640  32179  11763  190746  
103261  87991  5319  11907  81648  109862  205493  149450  175477  222230  8775  2634  2716  4971  4686  102911  1.53326e+06  2.60614e+06  0  92179  3575  1990  1.20564e+06  11325  250973  15030  29178  75212  960532  1.57898e+06  586715  236050  4354  58262  282638  74684  482889  239422  43164  195016  63211  2152  651  715  2428  2580  2386  11646  50061  17355  22652  8085  966  1247  1806  1913  33551  3970  153788  30326  117477  8507  1361  21708  1777  6832  835  2033  3809  11158  8319  3503  11212  1057  2414  55973  11528  21534  15429  3312  16471  6649  233551  
15673  8935  2722  26770  3679  2026  20413  544392  2292  27185  840708  62266  227522  735857  2.37445e+06  29307  11320  1.24203e+06  89264  0  1.42976e+06  490673  23370  750855  61341  133583  110029  49559  24665  18843  1426  22085  711  5543  203950  30247  80745  46497  18801  566416  60429  7435  2553  4516  13792  7189  3720  25716  225094  5737  47406  137751  37101  110696  155072  162854  117274  11454  621285  110685  1.69e+06  114059  16239  96072  16588  27696  7403  11983  15241  39060  30252  11725  38120  2760  6402  223496  40980  71188  55003  4458  79504  22151  174863  
1403  744  225  1100  206  84  1441  11597  76  253  528  1558  3227  4692  77701  159  117  109196  4906  776780  0  423466  25635  163809  6081  13484  12750  6201  3085  1710  35  1605  16  436  33874  1836  7379  4099  1957  106812  7218  457  165  234  488  440  173  1165  7447  122  618  645  851  1972  2117  7695  657  62  44319  3722  56941  157890  35985  20274  17715  2667  1725  1393  1372  1497  1364  240  1670  74  357  25906  2113  5034  3871  306  15951  2096  10951  
3176  2009  278  788  174  35  2793  4064  11  58  57  606  738  1454  76473  67  27  21936  578  172047  320026  0  77205  686091  7137  17224  9030  5881  2183  1593  21  1817  5  467  27787  1795  13884  3579  1860  73980  6341  121  19  56  207  53  16  230  1155  14  40  157  188  323  334  2643  110  13  8041  258  9612  80069  70148  7116  45234  710  824  653  440  291  298  33  244  8  35  12867  314  845  384  160  9497  583  8142  
96126  60199  4014  8718  10855  4819  64076  54647  11237  12579  1677  1685  922  1301  2852  2805  15380  565701  1.2157e+06  14980  12591  63378  0  294111  799211  76435  35123  60986  1.05313e+06  617808  8505  69732  350  32282  98784  30772  298000  116293  27159  135770  48593  436  105  182  1467  359  290  1949  7264  1467  4049  1261  509  305  262  1110  5668  693  24670  3253  18625  4931  2448  14647  4763  1968  677  671  918  1575  1192  344  1788  185  392  19752  2168  5805  3291  1886  7860  1773  93811  
37802  20109  2759  5040  636  72  26045  23681  54  240  161  1964  1878  3617  442715  374  170  39900  5106  398853  156021  848973  476095  0  1.35564e+06  646693  39302  45212  23200  17933  136  17299  10  3276  84068  11923  112005  14108  10334  250527  33126  251  31  101  826  79  30  664  1943  48  133  374  520  433  365  2098  287  38  7937  575  8870  15175  23300  14082  118325  1979  1892  1364  1023  584  514  48  441  8  80  33013  683  1965  852  622  22427  1267  60037  
31064  12594  2425  5723  1260  918  20700  23716  2363  3110  591  2632  2568  3706  9284  1116  1387  56344  102882  15458  4726  8628  1.15315e+06  1.39195e+06  0  1.73471e+06  1.3167e+06  226280  2.69263e+06  76755  573  22261  95  3709  81062  16939  84926  26403  14766  703150  118654  161  27  94  1043  136  64  774  3122  308  934  697  669  449  229  367  1837  235  5711  938  4995  940  857  2903  3869  5820  562  478  444  600  390  119  585  52  96  11952  804  2009  1371  732  6738  694  114399  
4525  1495  574  1723  234  122  3623  5880  98  283  111  1011  1048  1763  14735  430  118  20112  14075  10951  4772  9244  134320  396138  1.67928e+06  0  413407  31870  46791  8852  74  4199  13  584  21144  3377  18723  5594  4015  399085  25226  74  8  32  339  28  14  192  908  37  118  164  243  177  95  164  220  28  1618  250  1503  455  513  1241  1208  388  335  285  198  147  133  36  143  0  31  6643  224  650  351  260  3996  282  112324  
20730  517  554  28058  184  100  2646  12758  104  400  202  5601  3579  4223  10766  556  285  11087  6495  11645  3371  3410  20594  15078  1.0325e+06  322130  0  431164  42780  10121  47  2323  54  3753  64159  9086  56597  22048  27926  442416  262371  124  11  132  3532  60  25  545  2627  53  147  1224  1574  872  506  357  624  28  1510  241  2595  338  259  936  693  290  232  280  339  212  177  26  198  6  36  4718  531  2061  667  917  3059  395  31755  
207586  10123  4847  103294  1654  754  22711  27587  916  3638  842  7492  2963  2238  3461  5610  4952  20505  39944  9814  2512  14164  79967  78133  224976  30682  388939  0  549331  610209  783  620784  592  37593  132804  41409  458405  82058  109959  178342  523626  699  49  243  10799  168  96  1412  3916  241  549  567  2642  1187  575  460  1510  195  6317  1195  6241  761  1059  3401  2913  883  184  273  1426  1092  1104  159  1303  48  186  5117  2338  17769  5465  8201  3019  814  59968  
49885  23335  2477  6988  5926  4928  30799  31107  12294  18349  4519  1290  1121  2283  2589  5978  32721  41303  559962  21633  3065  9481  1.19164e+06  68789  3.01867e+06  90721  263792  961328  0  3.72721e+06  45085  82318  320  15363  137363  27284  181119  113481  17356  196446  60616  310  84  135  1150  353  285  1643  6299  1207  5735  4883  487  450  506  383  19084  2103  20527  3443  18287  1166  578  2524  1126  1211  190  375  679  1744  1049  574  2888  499  548  9021  2022  4547  2821  1262  3664  1691  134153  
57194  28292  2795  6064  13480  8086  35201  63108  5359  12261  15234  1267  2276  5591  10051  14244  446388  134932  903172  118912  11261  20436  469960  106341  142520  15922  35720  751348  3.52097e+06  0  1.93337e+06  3.54794e+06  1125  22249  160057  36757  245060  129364  12674  115005  31445  597  231  237  1000  922  634  3618  14102  1724  7208  13680  561  958  1568  1057  38829  4318  65520  9506  75016  4095  1228  4227  1835  2651  346  912  1396  4368  2701  1499  5939  788  986  26585  5413  7442  7805  1142  7548  3400  128153  
7877  5796  335  710  4282  2900  6721  20283  1229  3372  5335  329  717  1844  3473  5531  533873  39838  616217  39271  3472  1637  41836  4167  20278  3456  2858  7175  140690  2.03954e+06  0  1.04909e+06  1461  4665  47668  9899  46275  27490  1809  10375  3553  207  74  82  183  308  241  1268  4581  510  2094  4906  141  291  524  365  13686  1528  21711  3286  25349  1143  141  1145  144  890  90  283  433  1435  877  458  1837  265  312  7977  1671  2070  2200  206  2324  863  31942  
285503  90862  4145  20667  55356  184692  65438  174724  8395  351902  45242  3063  5000  13320  17691  293443  1.46543e+06  307257  499824  263276  22190  23277  286766  99082  121474  21238  17931  661225  188914  3.82552e+06  1.00477e+06  0  954837  848642  236356  62468  829433  130693  32410  115629  101432  1107  349  515  2728  1813  1345  9764  36260  6167  9374  25697  1336  2125  3413  1840  61275  5112  100794  14412  122427  6835  1581  7042  2310  4132  517  1360  2267  6786  4166  2283  8529  1173  1714  43158  9189  14137  13445  3003  10909  4425  150586  
28003  19525  134  415  17518  14682  7488  25798  261  45452  3359  106  169  513  423  228846  379893  19729  10406  16251  119  52  1484  168  1081  170  475  5344  2261  4092  4752  460972  0  280581  11111  4126  194623  13299  546  989  1044  37  11  43  104  86  74  969  3186  409  445  1203  47  71  120  54  2629  251  2308  327  3381  178  19  148  17  80  12  43  60  140  100  59  255  35  65  1250  364  317  344  36  294  172  7412  
1.65638e+06  456091  2012  3945  855611  1.26603e+06  76071  219935  3994  750996  7222  788  827  2277  2758  1.18734e+06  1.01276e+06  93363  153160  47222  3187  3543  73224  14113  21722  3548  5861  47112  50498  55074  18124  1.2745e+06  907972  0  65960  34408  1.58382e+06  45753  4664  14385  14575  222  82  358  965  833  546  9474  27441  3169  2553  2995  442  499  430  356  7490  686  12518  1889  14600  901  234  1085  314  571  78  234  316  948  567  283  1187  165  498  7022  2237  2262  1886  269  1771  822  45396  
81335  88998  86223  79183  60915  32737  892156  2.43377e+06  41931  426555  231762  40321  27259  42193  59733  412692  44045  515177  202530  491256  20921  31383  232964  110520  175491  86741  399784  271796  183598  98351  3066  56016  915  15186  0  3.73218e+06  279570  232314  358771  3.22011e+06  1.67414e+06  3297  840  3833  20958  10824  7257  94099  363040  31395  27677  17530  11973  9849  5967  5618  16270  1634  69328  10641  94124  8322  3908  16028  9863  6952  5024  6914  8080  7069  5237  1548  6696  396  6454  191849  26235  38235  24017  13592  80123  25382  4.44144e+06  
116331  51051  93748  39614  35395  26524  840298  817509  14330  150504  73481  6612  3829  4531  4292  159815  12576  59284  26174  73716  2035  2954  22336  11754  33804  16246  68408  46974  33895  16914  998  10679  486  4051  2.79751e+06  0  188651  426238  400228  529705  309559  888  151  1389  6526  1971  857  29796  55571  1921  4129  5509  2363  1745  1104  765  3873  379  8347  1307  12734  866  252  1345  563  602  197  473  789  888  599  234  797  66  623  13264  11160  4717  3752  5244  4709  3422  776290  
737127  408904  150974  129299  307058  43859  1.36756e+06  1.88932e+06  13902  605509  111141  6463  3373  17249  13754  512677  204846  392695  364233  135648  7425  14490  160829  77209  92197  15736  26840  142637  108283  74828  8337  252427  32657  316610  143328  1.54872e+06  0  2.4288e+06  140493  117130  78561  1016  299  2299  17730  2777  2741  37696  185630  19741  22551  12171  3315  2147  1812  1156  8752  834  21994  4233  26497  2217  911  3129  1290  1143  232  557  1007  2275  1382  559  2114  188  2335  18229  9527  9835  6030  2184  5223  2697  142841  
70341  31164  54309  24955  25982  8736  414231  586734  4398  218647  40465  2310  1218  3360  5062  173518  19949  210804  134703  105896  2916  1438  36919  3558  20768  4282  8609  9680  20410  11790  1106  18799  738  3839  98554  660449  1.94989e+06  0  129776  22809  27821  563  123  660  4175  842  547  9912  35383  3683  4393  3394  1067  671  562  477  2522  259  8301  1357  11087  851  216  1780  590  551  120  249  572  718  613  142  777  58  448  8701  3631  7659  6442  3476  6659  6083  418122  
108485  1362  17274  186692  173  213  11860  9156  221  1623  1132  22502  8418  6857  7378  4885  724  17805  21659  12420  1924  2810  26913  12013  16912  6353  23517  27122  13945  6417  147  5705  78  904  122025  409269  166153  142131  0  50130  112715  708  23  540  34996  92  33  998  3468  87  253  261  6269  2232  1211  898  456  50  2529  453  4615  497  273  1135  739  361  102  328  849  390  381  44  450  20  102  3368  6173  6265  1878  8551  1515  1120  67357  
18598  3925  4852  21070  959  410  26982  74378  411  2216  1638  25909  26744  58710  105463  1560  581  76433  22786  96685  36694  42387  96989  139687  252373  219667  1.22686e+06  168622  110570  53947  162  18898  58  1667  1.60299e+06  94581  84858  37197  50776  0  1.69322e+06  1770  229  1229  6586  591  258  6499  17220  343  1270  12604  5309  3249  3104  4452  7206  522  43620  6513  51242  7628  7880  27353  18269  7927  8796  8091  5401  3712  3122  666  3152  154  492  147904  6807  12159  6132  7756  116972  8393  155484  
17908  2076  2489  24544  774  361  16158  39368  338  2159  1306  28890  16342  14574  22950  2662  872  37381  25714  28989  7593  7067  51403  22865  72305  78111  785248  195563  27711  9336  177  10816  89  16656  775804  67262  44045  119681  121927  1.4423e+06  0  610  45  364  9402  224  98  2550  7926  201  548  2865  7979  5077  2643  1852  1731  94  6053  940  9703  1190  724  2749  1950  973  723  956  1365  841  771  120  832  29  182  16520  2647  8059  2841  4527  10554  2140  158896  
529  222  1353  4997  155  178  2197  9161  613  1716  1310  618  148  254  138  1008  512  9318  3034  6170  247  352  711  952  327  80  242  493  437  300  41  445  21  138  4972  2537  2307  2349  2288  1793  1135  0  1.06721e+06  32948  699395  282325  41735  255448  50295  2557  9522  685  3211  969  717  2792  8391  12137  27012  23948  15860  2931  4071  95422  31144  15381  2230  10469  74656  46745  56109  24569  77017  1291  996910  184037  181106  358626  83209  65108  24713  14739  99750  
280  160  1718  1663  144  144  3314  7279  513  706  649  37  65  96  50  520  202  3873  1205  3086  109  215  314  593  140  39  153  178  179  126  12  197  8  76  4364  1482  1378  2086  540  1152  728  1.15379e+06  0  1058  514  567180  22137  336321  21112  1101  4179  727  186  229  238  1595  4053  3183  12824  8568  11183  1274  2373  48798  17327  8133  1370  8222  10521  16562  12842  5295  10756  340  23767  656426  802708  355079  122996  3473  60844  29254  218394  
890  657  12208  32914  136  144  16854  29877  405  143  26  169  32  38  48  46  22  114  81  226  23  15  45  37  28  18  39  133  52  32  6  68  4  30  940  2820  535  245  357  244  223  30971  33  0  203775  191  93  70234  128237  55  74  37  1884  431  257  271  59  42  193  139  999  344  85  688  361  198  52  176  902  466  460  55  465  3  226  3420  15077  5244  1815  5377  688  396  2145  
11819  1536  28241  1.16436e+06  358  217  29608  148915  422  424  181  159893  9982  7105  6765  390  231  1431  1111  5068  405  264  1291  950  1298  620  4644  13678  2782  1660  30  3441  17  264  11176  38616  19886  4781  48865  7606  16158  704722  182  286822  0  578  394  17206  648710  315  230  74  923441  23224  10448  6355  159  204  1007  919  6065  1522  495  3282  2074  2562  1370  7804  36683  5804  6562  447  11285  15  7552  7246  106772  9883  1143  54027  6752  5929  5923  
477  516  2295  1882  2003  4407  25717  98912  18453  7226  1661  217  687  340  186  1589  903  6708  2990  5869  219  117  572  288  285  67  212  252  428  357  109  524  39  325  10824  3146  3717  2557  555  1900  905  411940  687854  1390  941  0  991959  856761  212957  10812  21890  2354  417  1132  860  7664  17930  13729  34568  19087  31327  4041  1276  56702  4748  13031  3622  14101  16547  56060  26299  16354  30341  1817  309770  679483  564546  302077  122248  2496  105110  45395  153162  
1286  1053  653  881  2202  6512  15457  233474  28974  74740  3783  130  630  812  202  2300  863  6962  6839  4395  175  66  1255  139  381  46  163  323  537  354  86  703  44  1394  13301  2086  9490  4083  291  1167  530  44532  38784  975  671  1.13391e+06  0  668684  566417  614311  1.6333e+06  3181  189  2088  1048  9462  62336  57616  35357  56454  26153  3469  787  35728  2198  15121  2835  6561  11426  130129  69202  23218  120578  15070  920732  240985  203393  84315  55586  578  40319  11356  89207  
6729  4432  103942  67960  11385  15477  270802  518759  60164  25018  1719  785  762  474  438  2327  2177  7407  6210  6654  307  285  1167  928  642  187  662  956  1058  917  327  1383  90  1154  27863  16998  12641  5275  1559  5213  3166  146606  285753  103901  9234  1.35086e+06  1.13456e+06  0  1.89246e+06  1.02673e+06  130363  3220  1418  1919  863  4830  21831  11430  31537  43064  29583  3177  2274  72558  15757  28912  2653  11860  19621  191551  69837  12967  20976  682  45653  439546  991505  256599  90290  8097  83438  34836  107696  
14043  15259  96592  412433  44307  74069  571238  3.61536e+06  286832  431268  103511  89355  87929  71868  45844  17579  9502  39554  42396  158094  12531  4246  10261  4211  5132  2820  6470  6321  5926  4536  1349  7211  535  10239  207888  88851  85833  39458  17323  38278  18008  19331  9258  189902  819133  94931  184479  1.4227e+06  0  1.46072e+06  325275  381794  1.56755e+06  1.83595e+06  1.19837e+06  468258  36458  11636  100529  32825  1.01604e+06  316116  35340  68535  25966  21646  35118  40223  29522  28168  19341  10320  32317  1495  122729  413329  425427  462452  261400  9802  164668  36483  317349  
1644  1316  523  453  2776  11459  15303  255505  49565  167072  2926  51  115  246  75  2045  809  7009  11715  2062  66  33  1743  84  475  45  91  330  647  409  67  796  46  1867  14124  2141  13365  5496  183  868  427  1811  1023  278  258  20648  749445  1.0356e+06  1.52865e+06  0  1.49972e+06  726  45  412  155  708  38529  12205  65810  117492  6874  400  173  38439  714  16438  479  2084  5206  87824  47184  6749  7870  428  14128  77788  56315  39968  30759  262  14628  3431  51679  
3602  2735  873  923  2514  7518  8739  329010  18706  435491  51049  108  274  2147  156  44540  4928  19801  19444  8588  190  108  4508  192  1175  104  359  786  2082  758  100  1556  75  3460  28266  4142  20607  10037  761  2627  1606  17182  9838  788  743  56670  1.43976e+06  177232  1.07266e+06  1.53888e+06  0  65509  356  730  1521  3446  2.4541e+06  308907  131678  131714  28385  2125  407  51691  1386  21089  1440  10315  26848  105224  57695  27833  339371  131319  823737  203350  225639  373118  294815  981  69380  9848  228716  
707  510  198  574  420  606  1452  48925  767  182888  283523  489  5398  55090  2057  99963  10495  32493  7940  93699  751  156  3228  199  2048  159  462  752  4063  1401  195  1808  89  381  10567  2420  3601  2881  465  4049  930  199  92  466  564  498  726  1898  471880  531  182038  0  959  12784  708187  3344  94468  756  33080  1381  454248  10157  667  650  346  516  479  538  492  865  617  311  1152  185  648  14019  4160  3666  5114  211  4608  708  13043  
2424  547  6101  611255  2084  859  20205  371210  1089  822  1262  630108  119823  47173  53185  792  506  3474  1546  59787  3867  950  1303  1281  2120  1895  6360  5315  1665  839  82  765  34  483  20050  14773  11260  4398  50615  17320  18104  15548  222  23157  808711  795  340  24527  1.26462e+06  313  274  672  0  458676  170688  93647  315  94  3297  569  99589  27984  4170  2336  3079  2484  2070  11439  28652  2583  2595  163  5829  17  7126  10968  31999  9894  2967  33164  14345  18927  10276  
1417  422  2988  51537  1452  1355  11543  228920  5515  2738  5073  52162  450732  122911  81268  1144  513  7193  2085  166629  8502  1529  921  1506  1450  1411  2985  1887  748  427  61  562  37  444  15946  7812  6496  2778  10765  10618  4127  3585  169  4112  134085  1457  927  9399  1.09272e+06  624  559  5684  453376  0  346006  164621  921  160  8125  676  243380  69680  8129  1845  4705  3075  7262  11400  12792  1340  1255  132  2354  16  4033  13991  17176  7603  2715  22878  22678  11800  10374  
2036  732  3334  57567  750  647  6052  123020  1533  20216  79763  16902  48676  686291  168355  17436  2081  34103  7421  330936  9855  2206  2006  1696  1380  660  1717  1452  1443  869  115  1392  92  600  15492  8129  6660  4034  9827  9600  2673  3108  213  4040  59470  944  530  7444  832543  597  6359  724501  110529  540479  0  614116  7454  330  30019  2060  1.05904e+06  140287  12599  2005  6917  3495  9066  9266  7856  1851  1971  458  2523  87  1933  14365  24480  6105  2725  6561  36542  6321  11277  
1247  579  2085  28950  489  425  4682  45717  1053  1518  8830  8972  11725  66796  336293  2964  554  28326  6543  203889  15637  5682  3383  4255  1072  586  1284  947  706  547  74  1013  57  354  12528  4794  4018  2689  4259  12233  1763  1707  226  2778  32105  1452  539  8049  221725  181  635  2625  45416  195573  557135  0  901  163  67359  1859  1.69079e+06  308251  193034  8177  588499  20349  120359  27278  12638  2351  2073  251  2546  107  1490  20951  14813  8926  5961  2320  91160  12075  14238  
1282  866  467  608  738  2533  4061  41129  2911  100011  26724  103  229  1447  128  65685  20862  35261  17250  14833  270  112  6037  226  3824  153  569  1145  6809  2741  387  3258  105  669  16169  3746  5937  4402  971  5232  1903  8904  6044  759  651  32253  64675  57516  78193  158335  2.65239e+06  54772  234  410  1117  1939  0  2.21663e+06  633567  89596  18822  1206  247  18848  951  7959  907  7542  20856  36297  21555  20163  672416  374244  525201  197591  113402  379475  287750  1200  86853  8335  225302  
1671  1049  484  817  781  1320  4520  29947  3238  22914  26648  155  365  1455  380  73672  16654  61829  21214  32964  571  251  5967  401  3949  269  909  1755  6530  3140  443  3903  122  783  22445  4528  7700  5966  1663  8412  2678  18049  15871  1618  1650  96879  185308  99783  105969  182206  693337  9365  425  713  1287  6306  2.59424e+06  0  1.11395e+06  1.9665e+06  66722  4412  807  51641  2622  22321  3088  14616  38526  204474  415638  507902  1.80173e+06  439241  342420  258483  87250  478328  284786  4710  91882  26037  149305  
16860  11501  1705  3659  4187  1897  18515  52442  3424  20280  12523  993  740  2018  1972  19142  10729  437224  195128  144470  22107  9485  38980  7999  12743  2416  8694  17608  15385  12960  1072  22639  1079  7672  143036  23858  79435  53123  16577  80503  26395  18333  8173  4351  2955  29323  31860  71672  116546  332328  215660  20905  885  1283  2794  7762  849257  976264  0  2.96409e+06  754234  80865  23654  592965  18294  111466  7588  17577  34239  107191  82811  25702  130222  5943  35418  194624  42180  316096  226583  7783  135026  35659  226985  
6129  4245  1207  2169  1926  1654  10317  50928  4628  21790  13352  454  470  1558  879  12196  8052  181131  70633  76082  4084  1462  11181  2021  5908  873  3010  6596  7571  5874  613  9060  429  2838  62109  10844  29979  21420  9174  28128  10952  36020  16681  6675  4903  69926  113335  187297  160736  446950  218686  2435  989  1465  2140  5137  58945  2.64593e+06  3.02559e+06  0  171177  17307  3014  1.43478e+06  10186  276294  9510  32007  93429  1.06912e+06  1.93639e+06  1.40274e+06  395700  26017  67569  300830  73343  485499  308699  10693  128859  51119  219776  
25908  18012  4871  26952  7614  3583  35836  212453  6722  53982  166663  14117  34057  102637  170808  113577  21745  831681  324954  1.41675e+06  106992  37501  90550  27134  25628  6550  17494  26441  25522  20362  1948  35863  1927  11981  243636  42168  120761  81597  22764  169163  38288  11046  3757  10259  28514  9465  10108  34995  793301  3921  30311  400973  56403  226359  659999  1.93612e+06  25923  3282  997458  53400  0  2.42467e+06  816181  51740  532046  62464  144827  122980  63661  32076  36808  9239  36517  1725  9354  224577  54175  104277  70577  6464  392934  83813  211853  
3187  2084  414  1961  640  211  3594  10743  384  974  4027  620  849  2064  6376  2343  503  92784  39534  49779  109107  55597  35792  19193  5058  1436  2845  3822  2471  1920  81  3055  130  1347  27619  3391  14446  9148  2880  38830  5269  1485  405  860  1940  1036  302  3564  45864  198  977  685  3177  13161  17683  127256  520  117  186302  4271  1.18595e+06  0  360989  69219  115997  13655  27331  32909  14275  3742  4244  469  4589  135  856  35600  4710  13122  7114  824  105907  19936  18808  
376  238  62  332  39  21  486  1346  50  108  305  90  91  180  1135  96  22  7064  1777  4592  26445  53956  13940  17997  1490  735  1272  882  377  250  2  254  12  75  20361  360  1681  811  573  44744  1101  1895  236  401  574  356  104  1918  7406  45  180  67  448  1733  2525  146739  75  50  63574  554  430606  262029  0  85464  477667  15128  37173  22992  15212  5214  5177  177  3811  40  432  26508  3274  9571  2299  597  126523  16253  5103  
1829  1149  1377  2154  587  516  6907  23755  1523  4918  1636  261  245  312  623  1733  933  39588  16021  12648  13345  8634  21683  12634  3616  1038  1984  3100  2286  1614  103  1724  54  641  40807  3540  9795  7768  7275  34265  6349  58451  25416  15605  7716  56852  12994  102544  209944  33469  22807  620  1378  2246  1660  6291  7834  8340  407715  1.38771e+06  52745  83512  111878  0  269386  1.18564e+06  32986  61543  131945  1.50793e+06  1.20994e+06  80117  262993  3644  35226  197710  61760  544987  135801  11763  146492  64087  165178  
455  244  179  538  58  36  763  2145  101  152  239  75  67  135  575  145  34  4883  1645  2798  8248  42439  6977  102065  1931  728  1078  1150  571  344  6  294  4  77  25639  578  2215  1596  1949  31805  2341  19996  2198  3983  2531  1740  388  17762  18089  199  483  69  567  1320  1927  718038  293  246  58910  4329  521344  118584  578227  374604  0  1.47151e+06  539649  63774  86567  50655  47924  690  36930  83  2419  55208  24046  71034  8675  3263  263853  33855  29709  
457  248  303  674  154  120  1288  5535  433  1508  614  93  85  110  189  527  265  10083  4239  4057  2006  1954  3504  3803  3845  371  627  890  625  409  28  497  16  157  16366  1111  2522  2537  2280  12529  2209  23495  3868  4828  3052  6167  3313  29388  36975  6878  5305  184  705  976  1253  58531  2093  1090  78407  155489  46526  16193  26535  1.22378e+06  1.61555e+06  0  1.33557e+06  1.15884e+06  354003  2.59517e+06  110439  2745  55613  923  6074  104115  32779  104637  29231  5245  484249  87861  55830  
88  54  67  202  40  30  332  1361  108  105  218  41  33  67  112  69  17  1533  593  862  854  747  1055  1143  265  101  200  215  114  56  3  67  3  22  6650  173  431  408  408  5917  505  2175  232  468  644  631  177  2746  13061  76  242  39  274  602  1323  119730  133  69  12604  5731  53271  18376  28502  48699  364670  1.44543e+06  0  369149  68834  19809  11084  261  9957  104  756  19148  4060  13929  3847  1079  387632  34932  16131  
458  55  363  1883  58  63  769  3348  181  303  802  390  321  232  256  298  66  1918  558  1843  349  483  919  957  267  159  318  237  124  76  7  88  1  27  12606  1485  522  470  1249  8900  500  10261  521  919  6353  1723  466  6070  23690  242  889  176  4479  4001  2839  51087  828  522  12607  3832  34986  9253  9724  20231  29792  990800  289777  0  533626  13718  4185  327  5630  137  25467  131051  20736  35019  7810  13170  700173  360240  19965  
1325  137  870  5544  100  113  1490  6071  265  1378  978  1217  1008  435  417  721  279  4996  1745  3715  312  364  825  827  391  155  414  876  654  319  15  301  7  81  6035  4260  1661  2172  4822  3734  2935  87647  3427  5314  29644  8357  4019  23704  28058  2387  7043  586  14396  11746  5277  16163  6843  5907  20945  15577  20384  4853  5969  60710  32046  186778  37909  409862  0  377707  257756  5894  397570  504  86843  253965  71472  245147  33505  51674  275849  481297  56557  
1486  984  578  979  595  750  4245  19836  2633  5555  3703  153  186  586  324  3529  2099  46966  16665  25741  1989  1574  4126  2384  1557  298  862  1733  1858  1347  150  2167  118  705  18441  3051  7666  6267  2794  8175  3297  54030  15595  6815  6207  68636  83354  134961  80349  50637  42504  996  619  882  1227  8257  9443  98503  134444  443841  54804  10687  14299  1.69574e+06  87675  3.21148e+06  26727  73901  438515  0  3.99189e+06  260649  201020  2753  24811  142085  49629  182497  72706  4645  172743  27697  86295  
2333  1705  729  1105  1028  1237  6488  32666  4687  8347  8019  256  345  1443  676  6529  4016  88265  27268  58289  1423  1290  4001  2620  2002  318  1140  2258  2934  2304  299  3638  183  1165  30608  5100  11822  9421  3074  9909  4100  73156  28804  5140  6703  144484  206746  230364  102245  114118  95229  2158  577  1001  2486  16426  17277  644077  217128  957418  119378  20037  13054  887410  78606  172641  16807  29358  345935  4.33778e+06  0  2.9701e+06  4.04352e+06  2987  53903  166868  61241  178414  65139  4174  127350  29456  80292  
862  635  172  240  351  364  1936  9770  1259  2962  2290  58  112  412  218  1971  1214  32641  10313  21816  358  128  1120  238  632  93  376  773  867  841  113  1377  100  473  10943  1753  4322  3235  752  3269  1213  5159  4223  436  496  31261  66302  69788  23013  54116  36197  576  70  195  612  5589  4530  863991  103704  1.22662e+06  51112  8646  1181  143894  2122  27563  3505  6795  13875  183069  2.59484e+06  0  665602  1662  8567  41729  14107  33606  18928  706  18636  6046  18994  
3047  2033  924  2216  1148  1058  6606  33284  2535  11227  31215  547  762  3736  1254  35659  12907  136081  37782  93779  2004  1165  7661  2281  4333  608  1745  3775  6650  4315  595  6073  287  1422  45192  8354  16008  14540  6542  15003  7615  106715  27404  7020  15168  109108  193047  79877  134544  12554  276367  10629  2358  2722  6908  36705  487997  1.45186e+06  513503  310641  258089  43372  11758  582777  52941  144894  28138  52253  447623  239629  3.99603e+06  1.64371e+06  0  796627  897581  190231  79890  618770  163727  14369  155725  106735  116370  
113  79  30  58  50  88  317  1645  128  1114  3752  8  34  276  50  6081  2087  5862  1796  4064  62  18  603  33  406  31  63  121  679  278  49  407  12  60  1755  344  545  444  100  490  182  2548  1738  161  130  7670  9287  3443  10196  403  110530  3360  32  76  198  1506  252982  222977  23202  10564  12442  895  120  4799  239  3269  732  2824  5702  8039  5389  12274  509284  0  332307  10003  5314  55236  13875  270  4710  1775  6045  
676  460  586  936  616  1264  4671  53011  4984  13389  10000  154  442  1147  287  13165  4857  22603  7381  14863  370  196  1976  368  1147  103  300  565  1896  920  141  1313  61  416  9613  1896  3777  2687  810  2368  978  845254  148378  2831  4557  614127  1.45753e+06  102506  328644  8994  1.32314e+06  9149  922  1238  1429  12298  1.34121e+06  492213  131135  65988  56178  8290  1848  108461  6172  29345  5449  53127  108108  120919  84777  85153  1.38913e+06  761155  0  74682  41167  392443  43299  4514  27460  20557  40764  
4442  2332  6786  13611  4486  5899  57652  374152  23501  51866  15715  1864  3988  4334  2292  10424  3430  55852  21195  61616  3164  2773  7313  6148  3506  1290  4015  3803  3171  2166  286  2994  154  1786  161117  26131  18562  17968  11269  51355  16491  120767  66881  64019  30935  280697  81362  767671  2.61094e+06  58910  522583  54079  10256  20432  20048  148633  335173  37123  430470  105128  532117  64234  23697  413977  99802  242862  89250  468877  576231  263600  197188  8840  125684  1773  26380  0  3.01538e+06  505428  502693  195138  3.09577e+06  1.60399e+06  3.39893e+06  
3010  728  9825  7425  1869  1601  30942  85234  5408  16417  8677  426  444  1004  517  6776  1442  14570  4379  21663  339  217  1158  556  636  138  415  668  868  549  93  783  43  405  11593  22195  4126  3321  2590  3634  1985  86112  64735  48005  49753  85788  29137  1.0597e+06  599390  19815  65123  29534  1390  2631  2604  12254  86076  20427  76269  13739  137618  5991  2109  23737  10445  23322  7666  48957  54121  27547  17156  3049  18398  1556  8266  1.76794e+06  0  179797  143464  305477  369205  162901  234901  
1546  1015  5220  8240  2123  2265  31124  143723  6524  41227  14430  805  871  1800  591  8438  3344  23247  9376  16631  801  909  4157  3131  2297  684  1276  3529  3304  1897  160  1761  68  792  22374  7846  14167  13512  23627  10310  10124  142945  89959  49453  22273  498710  36675  424517  1.13474e+06  20707  306154  26556  4885  8498  6753  20949  264619  83323  277676  100461  99457  14995  6774  207444  35549  50513  10915  72296  155544  141409  60480  13642  110738  3436  107776  214068  796727  0  1.8168e+06  127361  98752  94924  231018  
476  403  1643  2222  792  969  11509  48003  3189  11752  5226  188  267  535  269  4044  1421  11126  3836  8587  399  206  1197  367  692  118  305  493  747  462  71  627  31  239  8216  3882  5655  9655  1623  2248  1448  29534  25041  15143  3401  148205  12690  115281  509757  18294  158103  14214  533  2585  2685  14371  110549  23161  178585  58474  92731  10286  1359  57607  2655  20538  5749  13431  12663  46856  16562  4210  19638  1075  6262  154501  198788  1.83306e+06  0  6115  211541  30040  680658  
3493  131  4105  12585  26  21  3357  4292  45  120  170  1966  1525  464  691  205  61  909  602  1254  105  259  1149  1097  756  283  494  1355  837  508  6  305  1  28  4622  17681  4491  3903  18030  4184  3595  103530  124  24647  124157  302  137  19306  5816  90  253  137  23853  22233  9076  6527  529  272  2517  964  5107  906  615  5580  3209  8850  3360  23799  46557  7268  5618  113  6146  27  4835  117514  393980  78453  6064  0  47058  85922  22757  
2416  397  1848  5604  275  214  4390  15739  745  2233  6124  929  935  1726  1425  1232  287  14686  4564  13136  2358  3489  6496  7804  2516  1262  2802  1660  853  549  39  643  26  224  102663  7994  3662  4915  5381  78950  3785  12271  2754  3242  9711  7177  1739  33049  94106  1103  8514  2153  11482  18160  25299  144411  8812  1599  48264  5417  109418  26307  35656  43369  88075  212498  196399  1.15911e+06  230729  60131  39355  613  24009  147  4088  1.61788e+06  125115  64958  97059  45491  0  1.90951e+06  158246  
2613  97  1738  7029  60  48  2055  5141  184  670  627  1169  1102  407  491  478  134  1568  549  1762  178  162  486  390  191  101  273  260  169  82  3  115  2  34  7731  8576  882  1761  5618  4321  1017  7861  1257  1631  9189  3087  476  13226  24215  304  1473  268  14265  13396  6307  19842  1305  484  9153  2165  16519  3572  3106  15425  8374  55345  20241  810687  313069  10256  7874  212  12484  57  8936  846099  80727  41810  22098  66227  1.65947e+06  0  127518  
26250  23879  39592  21959  20742  21107  289245  1.04343e+06  23525  585808  198764  12105  7965  14305  13039  356334  24750  235951  121192  184172  6166  4888  70734  25038  37752  26597  42675  24032  23835  12181  1100  13192  439  5087  2.57312e+06  1.12614e+06  683103  1.96941e+06  97185  237060  230973  38591  18033  15264  10712  91816  24965  175393  865610  47935  466879  61524  3562  5357  5322  40072  315372  33521  311511  69182  323371  19622  4649  122689  20428  72158  26068  82334  96039  80421  37456  4706  34763  1165  13687  2.61035e+06  599233  862507  2.72556e+06  44304  967587  478695  0  
