3605004  
2342318  
515833  
3484227  
3980932  
4275711  
7130394  
12775960  
3986465  
6175450  
2957056  
2482363  
2252373  
3902487  
3189204  
5423343  
7077969  
5975958  
7641409  
9125998  
1530833  
1159868  
3915798  
4017152  
8349189  
2305653  
2137550  
1830301  
8167992  
9540660  
2968095  
9025971  
797222  
6655101  
11480534  
3884219  
5605373  
2389763  
704198  
4867558  
2354316  
4495389  
2214208  
488323  
2880231  
3486309  
4965419  
7150683  
12778214  
4483808  
7159034  
2091640  
2500604  
1969792  
3353710  
2873977  
5847449  
6840035  
6132643  
8068685  
9094677  
1670104  
1045472  
5112119  
3973123  
7262138  
1996620  
1995656  
1782265  
8822189  
10154198  
3516659  
8574675  
880914  
6701691  
11103765  
2843294  
5236110  
2670636  
685182  
4210855  
2026702  
11909533  
