0  1.4449e+06  27184  601721  268131  77002  452282  16218  2215  18669  2113  1118  549  1120  3160  15420  44219  32976  44298  15439  7991  9277  203739  241299  188357  7551  23633  228740  155346  394540  32487  204434  1364  1.18714e+06  43461  30928  428816  45283  27532  41911  54084  402  54  179  825  106  121  1578  2493  427  899  756  204  57  185  747  3408  593  11274  668  10719  949  1118  3587  4199  2215  523  927  710  2176  401  257  872  51  152  7702  1492  2378  1395  1006  5307  2038  34080  
945663  0  6830  717  623077  60977  550789  25097  7821  22264  1864  204  164  302  1418  8659  33014  21015  38401  8955  5000  4623  68427  110798  78227  4044  4230  10701  28484  49211  7176  18301  428  33938  461868  437510  496799  154386  10188  21331  20817  159  59  167  110  203  188  2348  4095  691  1155  389  55  29  76  380  1604  241  5428  469  4876  562  532  1546  2042  1191  277  704  496  875  184  102  387  17  70  13514  1095  2192  3285  117  3860  2627  249360  
32205  811  0  139425  135  282  269364  160058  375  1082  386  97  40  52  160  950  297  1537  506  1103  376  216  2019  4428  4560  309  1063  998  1410  1356  71  393  22  111  66882  168340  38975  22084  18254  2742  3890  868  418  19219  6749  426  42  27142  19992  172  139  35  68  45  36  55  121  26  394  60  387  51  48  237  295  341  49  735  566  125  33  4  34  1  104  2429  13290  814  514  2960  612  1891  40436  
620413  124  134817  0  27  73  3832  582738  108  198  196  1.0607e+06  7774  10997  19485  182  143  686  252  8834  1750  707  746  2257  22607  1479  21672  80046  27603  26439  32  2070  14  1278  6898  37123  11261  1983  36709  4089  11598  10916  494  411415  776747  557  156  175703  213769  353  240  80  131688  11493  5783  6581  204  36  521  164  12305  879  490  682  1455  1655  253  3684  3370  689  180  25  159  5  462  5730  135720  4028  1614  32963  1297  7063  4402  
283466  966265  2619  350  0  1.32499e+06  1.24121e+06  144839  59958  79828  3915  66  274  367  2414  32171  100189  45866  128342  16821  5691  2009  76337  16412  22682  1875  2807  9657  34529  53454  13338  45163  1854  437983  350322  186167  484489  82981  1820  9842  9532  116  99  179  74  690  882  13171  20755  4633  1944  885  54  63  189  397  3543  563  9153  566  6262  454  370  1160  1002  656  105  418  372  873  258  219  645  43  144  12403  1479  3837  4511  68  2286  2054  205129  
123594  132595  3535  633  1.41359e+06  0  501905  250775  352858  1.53017e+06  4387  59  465  542  1846  76053  120044  32161  94475  12663  3553  832  35302  6831  12343  1178  1909  10538  24805  60950  21283  104863  5491  901499  158767  92842  304718  49488  1199  6686  5690  160  248  278  98  1524  5773  33569  85331  37603  10262  1040  62  139  197  286  3612  415  7164  729  4923  371  230  1259  697  1195  123  411  345  1594  332  187  549  37  221  13782  4678  6965  4728  67  2057  1268  114591  
321662  425708  259364  5423  1.82231e+06  678616  0  1.9117e+06  1.61041e+06  209973  7071  961  289  467  3424  34274  83305  47983  402098  19993  6775  5144  93518  118234  140474  6635  8013  18469  295205  189267  14818  20482  519  9314  912966  887557  514744  155633  22112  45885  36570  639  3453  3500  614  15016  2420  201113  107341  12012  5018  2054  525  90  261  863  8296  581  13187  1341  10769  1010  816  3184  3390  2356  454  1359  1063  2337  569  228  860  56  238  31504  6057  9072  6782  374  6043  4741  480596  
6806  12426  226868  1.14913e+06  40905  148967  1.59731e+06  0  1.88684e+06  419285  566399  851723  1.69975e+06  654081  258996  29355  11284  67233  49959  397138  82818  25731  33705  51153  48846  31311  22584  9882  24894  24285  4150  9330  423  6705  587523  408908  482001  211018  7426  43430  16251  5917  13539  202284  161561  50897  57466  1.04909e+06  3.31733e+06  331468  113021  35862  277144  153891  80765  45948  12676  1550  20650  7453  139455  15018  8396  17187  13468  14659  3376  6557  4341  17322  4090  788  3026  134  3391  188727  185460  125106  71830  8399  19931  10372  515930  
913  7617  1860  241  72256  412201  866206  1.86123e+06  0  1.70095e+06  1623  26  33  59  308  10953  14924  50454  166327  2338  321  114  20235  1290  27498  1026  675  1408  119725  47106  2009  3344  91  1282  39128  33609  50014  24029  587  3272  2336  229  392  310  79  1998  8243  47324  129540  58784  28234  1443  30  59  98  137  3561  298  3835  1600  2506  200  112  2460  426  3704  201  453  367  5723  583  95  490  15  462  13356  9229  8655  4880  49  2180  848  42866  
21975  23755  3987  851  51763  1.27542e+06  88295  919529  1.4752e+06  0  126711  119  114  593  1437  2.18369e+06  220744  72029  79387  12333  1969  394  15210  2591  14522  1107  2245  11515  45854  43784  11304  309857  30825  557230  188901  216496  429443  290212  3361  17764  8009  425  908  773  219  3363  7301  34168  241963  60895  245496  34174  76  169  948  414  36487  1141  13633  4197  6833  583  258  5658  1103  6324  423  985  895  8942  1125  275  1423  97  1018  24133  18391  26526  15623  298  9909  6015  315216  
353  437  1497  2925  365  810  2511  568293  895  175294  0  7081  36610  1.17763e+06  5627  51111  10039  40916  1513  785932  18211  2175  1051  2220  1541  1102  913  682  1056  1403  259  8505  811  1356  23424  7880  24173  16310  511  3218  2064  693  530  1035  816  1947  2963  17720  282307  15482  312571  347744  3368  4688  14617  1862  159271  12871  62320  3715  61612  2736  1073  4393  2711  3925  669  1390  1574  4759  1309  864  5321  765  2262  35734  15196  26856  17726  332  11080  3001  44140  
3977  119  4600  938865  100  116  4064  968266  209  267  2213  0  427917  173103  274894  258  374  2420  473  122051  24299  8908  955  14640  15309  14350  14873  11362  3288  1728  18  616  31  387  9251  2899  4473  2203  22370  21243  4000  1695  827  42264  106220  4302  386  89411  196681  1178  577  408  597765  84409  25119  51351  420  105  1529  428  86662  6951  4243  2191  5209  1946  1051  2633  2490  1297  540  147  443  41  265  18432  10506  15393  9002  12871  2622  2638  11658  
2211  189  3528  48475  195  409  3283  1.10756e+06  904  835  23755  443599  0  586799  540269  634  798  5556  1043  327018  72928  24401  1945  29091  19917  21523  19960  9066  2667  1346  36  1131  78  458  33399  7003  6629  4183  23920  53227  4727  774  185  10060  16942  797  868  18417  294730  2598  1591  2468  205772  424207  71850  74029  1324  213  3204  349  130472  13536  8408  1879  8747  1933  1821  2158  1413  1522  613  182  635  63  211  10917  7848  8451  5509  5956  4482  1858  18204  
2132  341  2343  22279  214  461  2636  806266  648  3850  1.03349e+06  151597  679325  0  965864  3483  3422  15348  2223  990849  169086  37162  3195  30705  22909  24037  22008  8885  3182  1828  130  3143  281  908  44464  5549  19172  12185  17565  98336  4834  635  261  4102  6304  1023  2124  15336  156766  6382  37770  50613  45601  165218  325359  93798  46249  4358  28147  1119  230854  23864  11298  3159  11666  3488  3004  3442  1857  2786  745  485  2232  269  745  22768  5708  11396  8217  2684  10642  2727  28877  
2994  970  1462  28073  586  231  3531  124140  225  1095  4245  134218  250417  508776  0  1867  6802  44292  6504  1.6045e+06  174812  87433  6377  553569  57676  141954  73173  10627  5466  3505  325  15013  965  5533  51782  2846  24804  16991  14001  164969  13008  1086  157  6577  8486  363  395  7583  44756  742  1866  3027  46625  41927  54289  417958  2534  427  13116  884  378717  30678  29777  5724  30451  4297  3174  3147  2125  5668  1497  760  2558  271  433  16974  3266  6712  6619  2391  11531  4830  47064  
18989  19414  3249  848  25367  95894  29288  54732  60651  2.3392e+06  84308  195  141  1115  2239  0  2.32507e+06  481991  121106  27271  2619  506  23774  2939  26418  1564  4374  23925  55767  38886  6297  526429  216862  602934  231114  103346  516501  318329  5339  26046  13020  268  321  281  182  880  1156  5599  18509  3889  46232  23903  73  63  1942  535  109886  8748  37799  1544  17074  1298  656  2020  2292  1628  270  906  824  1477  559  588  3311  492  923  17699  4274  6696  6507  275  8958  7784  337412  
38824  112577  6064  1584  123649  154350  111827  86979  50829  388929  138876  609  744  8851  23475  2.38396e+06  0  554876  1.47048e+06  264961  18117  3062  30343  9654  33858  6393  14223  65795  96844  312886  275151  1.73387e+06  409638  458256  213787  69467  566995  145535  9931  41626  37198  1557  593  721  675  1860  2810  10641  29490  9477  51640  55089  293  343  8648  4805  255868  30303  321257  9428  166927  7166  3225  8507  8035  6141  1159  3868  3848  9781  4509  8256  23911  2201  3226  69656  10261  21167  19360  906  22784  12811  209437  
23493  27042  8792  2098  13651  14818  75242  138703  112955  181032  50029  728  715  1229  9964  597757  589478  0  2.92742e+06  649305  156370  20242  772210  41616  179204  22841  30018  38101  120453  62400  2029  74777  1834  29009  165473  17333  304443  130080  16342  97738  81238  4864  692  1819  1477  1275  1109  15381  26199  4182  16723  7387  394  334  1673  12464  33666  6093  180982  11865  161050  30929  31284  75675  88369  26154  5256  8850  8156  30385  5764  4118  12505  610  1837  75104  7778  29077  11451  1619  44108  17832  157976  
46373  86679  12826  2873  85220  46829  270828  150988  242252  166973  7619  992  828  1586  18928  147933  1.87808e+06  2.67812e+06  0  150608  12606  2911  1.21329e+06  14126  314922  24811  41611  77971  646499  1.37651e+06  637801  332277  1421  112482  209230  27870  571540  175316  25314  123064  148893  3270  447  1225  1345  982  1112  13524  28911  5721  13987  4092  381  294  1387  6129  11990  2774  119379  8769  102649  6065  6033  27111  16400  13595  2271  5350  5510  25768  4375  2699  8055  367  1144  42361  5887  21929  9491  1546  23606  14165  152114  
19811  18065  9262  14797  5995  2479  45477  407465  2340  18712  749918  60276  220995  551452  1.83827e+06  32106  49435  1.04615e+06  67929  0  1.81775e+06  803547  102927  1.04294e+06  173001  393299  100874  36737  93663  55164  3018  83513  2194  24101  207574  19888  196209  90432  16266  317032  77191  15464  2078  7359  9325  4078  4307  51326  164891  13363  54866  53083  37110  38239  71439  207547  118219  18916  542609  29159  2.31308e+06  166831  145230  222882  268108  70615  17412  27099  24620  93164  19591  14679  43512  2424  6069  219951  29046  84344  45912  6104  114938  50862  239810  
1776  1679  833  700  723  131  4313  15175  90  402  733  2536  7378  3208  84746  520  1591  179847  3442  832836  0  537388  47687  254421  35253  95197  13370  3650  6137  4787  148  9057  178  3225  32034  1532  21505  10979  1479  71523  9104  1371  213  644  458  329  191  4146  6649  339  1588  945  1295  1066  645  16611  1184  149  21211  1059  85683  87441  51561  47747  95537  14937  5131  3997  2461  5638  1130  232  1488  73  320  32636  1743  7108  2983  385  31916  4234  26579  
694  817  375  191  204  25  2285  2670  23  76  130  627  1360  734  23578  122  267  23748  611  207194  475209  0  36231  574366  22918  84611  4824  1525  2037  2011  19  1710  35  604  13754  298  6017  1733  390  48207  2200  474  44  225  176  65  22  1041  1097  37  159  80  336  270  165  6361  132  19  10507  182  22371  67338  63649  15338  95394  7528  3141  1870  980  950  284  33  311  16  68  14164  258  1535  444  105  21736  1006  10472  
37877  57647  7243  1463  34234  4459  72668  43774  23000  6112  1237  740  654  1075  4302  5475  5675  738565  940204  53389  51896  59688  0  298507  1.03618e+06  45838  29263  44286  949407  436100  1740  141918  256  39921  98752  8193  297494  60769  11582  114479  65789  1254  208  600  489  386  216  5163  4611  636  1709  531  250  147  168  5014  1614  318  20164  1696  32752  12092  13892  47931  58314  22155  5370  4956  2904  5099  1153  271  1400  61  311  55714  1789  8985  3496  562  55298  5475  55041  
17294  18517  9105  1827  1946  250  57015  26143  318  507  289  3700  6327  4000  508496  619  1379  52728  2850  701124  311481  647133  369225  0  1.3841e+06  783646  64503  36197  42281  50649  277  21747  196  6038  114676  3822  109390  15518  5511  316173  33359  1354  126  729  719  252  68  4044  3556  147  329  260  1519  648  311  13695  438  54  6946  522  24265  18662  33591  19001  244615  33063  10191  7290  3515  2392  684  60  765  18  219  74130  711  4573  1207  416  105625  3627  74615  
35142  24852  15770  8430  5671  1476  91778  58836  32532  6789  1142  17794  9769  8888  62157  9830  6728  81245  138255  84464  45620  24689  949103  1.71694e+06  0  1.86664e+06  1.11684e+06  189321  3.05292e+06  177616  865  46623  399  13970  444275  28536  226594  94576  18129  986822  349412  1839  205  2778  2508  378  246  7227  11264  809  2936  1969  8307  1180  916  5445  3201  524  19378  1677  30362  6887  8848  22824  56575  35830  10514  10680  5668  6891  1447  400  2002  70  445  100684  2585  10409  4614  1096  108283  9289  123884  
2858  1441  1801  1241  375  96  7406  11858  341  421  189  4964  3761  1719  38982  476  628  15596  9380  54280  56989  31688  69985  478493  1.73027e+06  0  472325  12309  32390  15914  82  5401  76  1353  33188  1622  17879  6906  1462  193115  17850  283  36  530  421  57  28  968  2757  65  395  348  2540  417  228  1229  287  32  2224  194  5571  2861  2404  3691  10192  4638  1437  1483  820  967  204  50  272  10  54  12801  390  1443  659  105  13757  1295  90206  
40397  671  1889  18029  303  157  2515  24863  221  964  876  30692  13348  17005  95194  1736  2347  26729  8084  49612  18473  6508  42984  39121  1.24216e+06  537088  0  315262  8565  5221  208  6979  240  25620  197011  14402  147755  172403  24582  904666  587346  387  38  2478  3445  89  50  2583  6672  119  921  952  9434  1437  767  2676  1214  178  6427  431  9003  1163  1236  2287  7661  6181  2308  3290  1642  1091  254  165  509  30  136  23612  1604  2022  1275  1458  21173  3229  70774  
454730  11385  13587  103244  3021  2111  53048  9170  797  3521  1348  27067  14851  24223  33768  7351  18025  23109  14912  19538  8938  4148  53846  72189  248165  11572  188035  0  346714  663244  5784  416406  1883  222261  93073  16198  262853  86466  39248  99241  363659  428  55  527  7212  151  59  2646  3109  182  485  400  3841  1132  623  3600  1607  279  7201  610  10510  1140  1286  2978  6801  3505  819  1700  1402  2181  414  142  611  28  173  9222  4656  5917  2817  3929  7163  5599  32827  
42089  30337  8613  2822  16391  6788  133873  37855  204459  31189  2345  734  700  1194  8608  33746  35172  70010  357959  45909  11757  8274  1.22768e+06  161231  3.16212e+06  55070  24929  497136  0  4.05626e+06  62373  136729  499  17070  128562  13444  186228  58949  11329  204777  108827  1834  226  696  715  430  605  7315  9165  2924  3461  1690  278  154  530  2742  7173  1310  36634  2852  49145  3209  3630  14519  10077  8306  1606  3063  2928  12294  1922  671  2678  162  541  23174  2551  10869  5002  644  13899  7670  53905  
108193  73247  10061  3142  43135  33571  207386  75986  110318  54602  15435  491  495  2341  11273  34257  589934  96704  857579  83300  28584  10805  590001  152846  199869  14392  16061  533696  3.88554e+06  0  1.51294e+06  3.865e+06  1084  49190  100271  17106  419113  123553  9885  92509  57929  857  194  429  472  567  834  7559  13922  4045  5754  6804  165  127  1652  1927  31831  5327  81789  2928  49841  2872  2466  7950  7553  4561  867  1847  1823  5996  1597  2257  6271  435  761  23014  3103  9261  6015  466  11281  7103  96960  
12600  24266  1818  379  17442  24307  32217  27554  8150  24906  5954  89  121  729  5892  9257  585388  31719  474777  35489  11736  1705  20178  5751  17313  4250  4067  19756  97818  2.05529e+06  0  1.0559e+06  632  12085  30261  7947  153699  47391  2222  12305  7309  204  45  92  98  193  318  2645  6319  1582  2103  2813  40  36  747  626  12578  2025  36396  1140  20045  1064  659  1514  1713  917  165  531  506  1300  611  1246  2898  186  289  7878  1154  2550  2322  120  3324  2222  34041  
299547  62730  7262  4167  54070  73271  65596  82859  17927  221677  62271  756  1024  6926  55461  471672  1.97697e+06  330202  330312  317451  110300  15279  280752  80726  167428  32870  26471  741416  146716  4.36798e+06  682128  0  691250  1.27007e+06  129722  25550  628728  107716  8438  75661  39494  1418  369  577  566  1097  1660  8260  21959  5627  19487  27387  283  268  6357  5722  133246  21613  272682  7299  141214  7677  4865  10450  12243  6020  1279  3337  3249  7942  3888  8343  21758  1712  2349  55641  7509  17616  15064  657  19272  10572  125501  
4488  3490  470  107  4376  5091  4100  6257  157  32520  3904  26  25  247  974  125188  221804  20190  2480  11445  750  139  1365  512  1271  291  911  10679  1058  2171  601  478692  0  259536  5085  1570  71967  4698  429  964  1911  28  19  27  21  61  61  402  642  249  1265  1407  8  12  238  123  6794  725  4773  142  2865  164  80  155  204  116  25  81  75  172  61  77  303  35  47  1358  212  427  393  26  441  253  5520  
1.19684e+06  317582  2077  1551  991671  1.49754e+06  31848  67090  2604  1.07881e+06  13796  428  293  1190  5578  1.18247e+06  1.08565e+06  102988  49362  44496  9130  2175  71642  18598  31929  3014  16391  179477  32827  115234  31536  1.50007e+06  914088  0  37105  13190  983758  31600  2928  9235  24133  184  78  147  158  253  350  3025  5926  1587  4183  4694  82  57  756  751  21568  2535  24049  721  13918  890  556  1360  1576  840  177  403  392  1005  340  564  1773  149  254  7099  1072  2377  2059  110  2516  1384  33488  
31527  81477  313018  20643  14498  25461  688170  1.30724e+06  34593  624714  168198  4787  9459  15640  84451  430649  96923  618912  109185  490639  164308  27342  232684  136954  655601  80165  456039  204149  331075  188094  4764  125736  8093  28103  0  3.27269e+06  545134  606485  255806  1.9724e+06  1.03778e+06  2338  1117  3412  2287  5696  6159  80579  223330  29013  36961  14690  1447  1344  2209  10652  25317  3604  80425  7412  75374  10720  9032  23421  41643  31443  9450  21323  12593  11999  3163  1938  6156  281  1589  362373  21953  43427  40088  3676  115913  77440  5.04384e+06  
39495  19065  624857  50879  3768  8676  400566  243881  9460  98913  82657  490  587  1145  7448  90560  28652  89150  11452  83166  9974  1902  17433  10010  49211  4987  33496  21957  28006  15408  890  22025  4065  8715  2.32841e+06  0  200653  337672  618605  100012  117928  327  224  1010  1268  884  628  10257  24974  2415  9955  6112  177  136  834  1179  12949  1282  19455  1259  14686  1235  681  2576  2299  1946  349  2528  1778  1644  471  433  1331  94  298  46432  4456  6614  7465  922  6530  10796  903857  
128440  193530  313967  23735  98849  27773  1.0753e+06  1.19835e+06  25861  496621  83888  5331  3357  6260  18419  451540  180750  331478  128061  123331  32160  6915  136594  54681  116604  10634  28840  83420  146574  154327  39941  125169  6146  117520  180683  448959  0  1.5695e+06  227496  39230  128670  726  961  2312  3186  3906  2007  50116  115023  13048  40529  13926  1046  575  1324  2649  21407  2501  37175  2794  26036  2282  2209  8005  12371  5882  908  1731  1510  5039  1249  1004  2906  193  568  24728  7805  27642  13890  2238  12969  12063  236747  
3278  16993  32980  3645  6175  3296  121235  349142  5459  341651  32965  858  723  1779  8859  209877  44840  109920  42939  55119  13993  2159  31771  5815  51169  4536  34470  13019  87622  53851  11464  24659  1275  8852  120805  232398  1.70423e+06  0  55185  56032  143799  293  224  571  711  864  679  9581  29923  3245  14205  5129  248  180  435  1496  7979  806  14025  1262  10486  1066  930  3996  5487  2548  424  876  855  2401  576  328  1067  56  211  16223  2974  16872  22012  833  24041  30648  660033  
58752  1208  87607  35453  90  135  17220  2908  103  1382  1571  2211  1241  1544  2410  3002  1276  5919  1552  4722  1284  378  3895  4017  17829  1014  15240  18169  7901  3926  93  1337  95  912  101533  431365  112719  26195  0  10383  35697  46  12  114  628  29  29  481  629  50  177  122  264  113  87  309  448  58  1488  259  1285  225  244  1259  2123  741  117  343  238  264  76  35  120  8  34  3360  790  4968  951  2372  924  1024  28046  
10954  3269  8610  9045  478  216  21640  31987  693  2579  1569  28954  24722  42329  135685  2836  3640  52541  16196  113283  37325  19758  96558  177193  1.03244e+06  290009  1.72848e+06  76282  130696  67127  496  18029  222  5324  1.78811e+06  43571  147711  151926  20401  0  1.15771e+06  2394  219  4390  4156  329  261  6468  12422  579  3315  3443  9601  1685  2025  13398  6006  1000  51613  3779  53619  12586  17255  20673  92117  54843  19686  27651  13336  8701  1958  879  3305  124  955  174038  4589  14841  7138  6137  191880  29919  139445  
4809  1294  3873  3060  526  191  5020  5601  464  1575  1621  2231  1732  2684  13337  2506  2894  46930  16900  21743  20749  4541  93630  20901  321573  25361  1.29289e+06  112679  48466  21235  306  7942  223  4570  651214  32014  291883  453415  23431  1.25473e+06  0  206  41  499  611  78  71  1160  2031  170  621  385  728  181  238  910  1448  275  9985  660  7505  1015  952  2462  5503  3166  932  2082  1263  1520  380  263  786  22  120  15268  1127  5315  4236  889  14270  10430  200794  
174  138  1223  1634  65  118  1442  4808  409  1313  673  276  229  173  510  493  828  4489  1168  4510  766  2146  754  4059  821  181  324  284  669  393  34  697  55  187  3224  983  1976  1579  257  1665  689  0  1.6002e+06  34552  658789  415306  62559  697968  36179  26155  25488  437  1771  955  505  3399  13316  9856  29818  40660  12754  5765  9409  115860  173436  55672  2912  29180  302540  132034  136217  11602  239102  1562  1.24872e+06  75695  46531  370637  58537  56058  11702  14842  54631  
60  77  767  390  51  148  3471  5582  310  967  383  56  55  74  149  349  299  1523  340  1526  412  1421  443  2191  305  52  100  72  200  146  14  226  12  52  2814  1008  1320  2051  108  641  354  1.09362e+06  0  1755  716  725853  27464  449230  11425  13391  13714  376  218  162  113  1364  6991  4008  14662  17687  6213  3783  6414  64542  77916  17973  1290  4556  4563  22505  29828  5179  63313  348  38283  262599  101605  445985  150684  2822  8983  8106  157737  
473  41  65997  139285  21  48  7417  41013  75  89  34  793  73  108  235  44  19  87  37  311  54  38  71  121  203  18  175  101  53  50  4  17  1  9  1868  4101  472  276  181  286  403  35951  139  0  119902  183  199  173773  116803  359  277  24  379  159  90  562  235  59  513  253  1060  162  149  833  1836  655  118  651  380  276  211  46  57  1  61  16449  128115  21954  9000  14535  1095  1158  7886  
8796  77  74310  850573  30  54  5543  162675  95  171  220  97233  12842  10097  15792  122  108  770  237  8461  1115  660  272  1048  2416  888  2021  5507  2934  1858  8  189  6  65  4287  15247  2162  865  2509  2796  1991  666380  191  173040  0  338  185  32487  483191  361  467  188  1.09361e+06  41029  16610  14923  321  58  1548  727  30754  2055  1249  2708  15504  16724  1104  20559  32198  15788  2744  44  1270  10  1100  7274  168518  9249  1818  77282  3994  12419  4347  
68  365  823  560  722  1184  19461  40688  3641  2627  854  217  83  157  285  1012  666  2206  609  2726  403  568  548  841  466  74  147  105  451  344  72  425  26  98  7178  3149  3290  3977  214  849  572  448857  603274  3060  631  0  1.06457e+06  1.07662e+06  60243  31724  43286  989  240  168  147  2534  30123  9176  33484  16473  15911  4363  3337  58879  21092  19511  1735  13212  16689  53596  28297  5433  56809  1793  472691  528051  217935  317750  139067  1106  28998  16030  223809  
103  192  425  489  303  4030  4295  62427  15260  17952  3237  157  205  242  379  2565  1195  3495  1352  3745  350  279  678  573  765  129  223  184  927  649  87  773  45  150  10761  3772  5760  5307  292  1115  720  68898  30147  4157  875  1.36665e+06  0  833489  294978  601913  1.6744e+06  2018  240  334  335  2197  73084  47101  43320  41551  17916  3660  1739  36628  9670  35394  1740  15256  27148  191510  87530  10908  109798  5895  935746  377837  409010  249469  150038  1280  55541  13512  234165  
591  4320  38014  16003  5871  20645  247597  529271  46662  15689  1926  2094  431  488  913  2940  1781  4505  3487  5442  1037  1114  2720  3176  2526  296  654  635  3928  4084  708  1162  69  524  60087  31982  25184  9987  943  2705  2232  420652  191051  154022  6408  1.38485e+06  1.37039e+06  0  1.71942e+06  1.29993e+06  172742  1408  1791  543  329  4570  32435  5645  41237  25989  25058  6375  4799  68527  52314  89320  6007  19990  12570  218418  42284  4464  13572  459  9533  583070  876547  408462  145108  13815  43698  21454  260874  
5246  5984  162820  407879  10111  58072  311488  3.46854e+06  184107  306442  121404  91589  247231  38219  88584  17660  6646  25223  16764  131110  18918  7908  9668  13999  16413  9252  8314  4855  14468  11379  1494  4698  278  1846  335483  149536  96082  63586  3789  19631  9982  12087  6810  232744  792283  31140  84677  1.90571e+06  0  1.48812e+06  661469  526349  1.34447e+06  1.46715e+06  834429  135725  43893  4245  94974  46920  556064  65830  19491  62260  32367  50292  14418  26306  19102  51411  21182  3279  14317  545  24232  489296  1.41104e+06  501849  248648  20618  75979  24342  469663  
359  602  570  376  1619  22333  16094  212983  72156  65430  7804  90  92  162  220  2515  1093  3471  3843  2710  279  117  1508  497  1606  163  247  300  3479  2927  513  727  32  352  24202  8765  17698  7912  305  1049  875  4828  2933  2945  702  12664  877300  1.1835e+06  1.54556e+06  0  1.94366e+06  715  115  131  96  714  12738  6861  13278  49110  5282  719  399  38220  3094  104254  4638  6687  4269  305347  52817  5207  6131  142  1554  43591  385537  52832  31745  830  14571  3770  49187  
293  400  543  542  348  3588  3556  93191  23302  251860  59680  358  141  728  389  25441  4399  9079  4547  8532  466  233  1831  582  2578  250  381  390  2593  1416  137  2098  148  443  16037  7631  16112  14189  481  2269  1398  26585  35030  2653  1104  147034  1.74211e+06  263772  860404  1.69122e+06  0  67534  400  394  1466  2339  2.47905e+06  138709  139609  125599  24609  2986  1119  44661  6726  81061  3780  22953  55861  264461  91093  18458  387722  91482  979841  185044  581312  373582  169359  1718  70788  18334  171037  
421  613  438  628  493  1107  2571  82425  3962  264869  296544  408  2174  14029  1843  61770  17295  23066  5713  40643  2889  500  1732  731  2848  670  1042  785  2206  2153  422  9285  624  1473  25073  9745  16121  15052  578  3423  2482  236  80  304  419  334  556  2375  402425  1094  177333  0  1217  12385  772972  1478  143502  870  73425  742  482304  8930  1604  1771  2490  1184  352  587  574  1218  578  338  1568  223  603  10853  7139  8372  4715  170  3779  1460  29669  
5822  153  12365  364534  116  145  6263  270331  279  493  1518  810663  278313  91520  187641  477  572  3231  782  108247  18943  7397  738  11150  10573  11550  9676  6841  3668  2135  16  637  43  223  10638  5651  4041  2436  5009  16404  2575  8276  766  60011  720864  3419  378  77633  756503  1170  797  1003  0  484843  104468  118159  733  186  2580  671  215504  12998  6234  2963  10015  8253  3017  12802  13762  4074  937  225  821  76  1120  18461  23192  18981  9273  109052  6138  10667  14088  
1362  283  5528  39041  377  1176  5236  335233  2682  2736  7617  71741  542701  115519  146903  1862  1531  7603  1729  130970  19723  8114  1129  9639  5576  6391  4342  2370  2065  1286  69  1306  84  353  34139  10680  7724  6549  1416  8570  2136  3333  210  10831  40582  848  952  18005  1.14435e+06  1758  1452  8867  408007  0  478174  263073  1572  307  6567  721  336824  26195  10276  2596  12207  6521  7390  11695  6318  2827  1050  434  1259  145  694  14731  16581  15678  9365  76180  22475  6892  29782  
1240  918  2396  18380  652  1575  4354  152923  4731  86677  129792  28379  116088  370421  155825  45432  17485  48744  8033  263213  34506  10308  2924  6391  7837  6302  5528  2092  3724  3007  527  10302  845  1992  36994  8196  18350  15357  1741  13835  4492  2165  172  3438  26356  532  1151  7343  876583  2015  7090  850868  142452  519992  0  504772  23710  773  40050  1142  1.10592e+06  72102  19548  4851  19582  5024  4060  6178  4189  4136  1482  688  2021  195  959  15614  12797  16493  8224  50509  15107  5538  39511  
1754  1118  3608  29565  471  262  4030  61034  460  2837  14787  26030  42193  42351  458851  4370  5975  41852  9707  282246  33837  16092  8434  16616  9766  7277  6060  2810  5988  3295  208  6735  737  2044  25896  3219  17218  11229  2246  20383  5952  4063  495  6822  25327  1067  1027  12196  115421  768  2974  2074  81144  118641  364543  0  2734  1828  24599  2738  1.74649e+06  106510  85432  14407  675948  48362  142249  75201  25550  18035  7316  4651  14749  1913  2122  84513  11651  27437  43164  24681  192416  33895  90817  
471  724  544  517  576  742  3167  10387  2014  30648  37733  383  192  4453  572  82299  29798  22500  3490  24698  834  252  1283  685  1729  264  896  877  1980  3120  620  15528  1010  2078  22195  3333  15494  13902  687  3744  3213  16803  10090  1614  1273  39219  56425  41923  58424  53951  2.23034e+06  47683  542  407  2751  2106  0  1.81489e+06  932109  70014  28391  3091  1181  19038  6605  33657  2130  18122  54841  81121  43176  18075  801377  386483  846661  276109  126453  406756  216154  2264  91428  37371  266365  
915  1366  687  462  1017  1141  4536  11746  2764  11615  42298  417  361  8625  2053  93168  46070  52683  8610  64172  1624  566  2142  1133  3453  636  1674  1664  3733  5531  1043  25961  1773  3499  36504  4082  24255  18342  1303  6118  5392  13366  9524  1956  1450  37129  144911  73348  41226  66747  292424  9515  520  368  1265  7902  2.30486e+06  0  960985  1.55888e+06  139171  11176  3490  26160  11656  50649  3258  15453  28995  247871  453436  619078  1.95743e+06  243461  362452  368782  141186  187960  133461  2367  68834  46035  267718  
3618  4306  2220  1356  2674  1657  12855  22100  3255  16685  28544  721  533  3372  4533  43283  70903  170672  57406  122648  14352  10114  22352  8452  20748  3353  9849  8410  19399  15299  3217  43166  1741  8379  82044  8285  75333  43624  10120  35055  29639  28678  4491  7631  6343  10570  11240  60629  127821  25741  126169  31111  1504  1255  4648  14520  815377  503024  0  2.53648e+06  1.12772e+06  104425  12270  736434  100656  248581  12613  36207  42944  206533  41068  9418  92897  4867  33531  342284  40833  289267  186585  8777  116632  124333  304920  
1042  1041  1306  1692  499  735  5975  22798  3011  15803  6114  1379  571  1096  2936  7043  7903  31891  9383  26503  4592  1480  7805  3210  5673  1168  2125  2161  5634  3528  349  6179  314  1429  19905  4106  20027  14585  7600  9797  8245  36522  7015  9109  7783  18782  27563  129546  114371  256990  232451  1522  2536  1733  1221  15865  30064  1.54666e+06  2.44436e+06  0  461049  30341  4378  1.40706e+06  33995  396560  22593  58395  57162  1.04422e+06  1.22792e+06  1.03235e+06  272548  5773  27083  356748  58409  366018  174758  13623  106308  191566  207707  
11826  12477  8833  32627  5813  3222  34113  163477  6402  31068  81211  27389  62819  57488  390176  55208  96378  441006  137160  1.83054e+06  109171  53820  57769  55826  66332  23771  33278  23712  60754  37405  4590  71688  3648  18307  203458  20406  171398  90861  17900  140301  65078  27333  2878  13724  31948  5680  4807  59340  340552  5222  31229  366549  70944  106863  530030  1.79222e+06  40212  11863  1.06535e+06  254218  0  2.0084e+06  969552  224578  1.18333e+06  128603  153296  86233  59635  170976  34769  13118  67407  4789  11498  417353  51157  153131  153025  19437  282803  140871  382813  
605  596  372  740  183  83  1775  5697  171  824  1506  945  2206  1672  11351  1317  1368  33915  4556  69607  87207  71766  33358  36531  13245  4009  2449  1112  2838  1739  84  2127  74  604  16023  785  6336  3625  906  40441  2611  3182  622  1261  1127  1172  704  9095  13549  432  2445  583  1141  1629  2071  135582  2316  991  156299  14084  1.13453e+06  0  372927  117988  308657  27958  37337  21456  11094  13504  4861  2029  11143  687  1421  100622  7405  24918  29570  1187  94024  28177  58095  
253  180  173  449  53  24  651  2038  42  191  466  451  994  447  9056  389  340  7755  1162  24815  24011  82496  13059  23806  7994  1931  1184  435  936  720  16  650  21  190  10682  226  2026  1043  386  29112  905  1882  240  685  857  371  152  4199  4061  106  422  84  662  744  621  140302  446  214  14737  529  441542  230440  0  112548  703974  17013  49820  12644  6027  4046  1611  467  2277  146  449  22584  1549  8328  5211  536  57365  7292  14180  
2269  2405  1955  2135  715  459  10775  24703  1543  8180  2755  2032  1049  1504  5206  2877  2907  108370  21626  68121  52355  19545  109567  15431  28945  3047  3545  3773  10956  6772  214  7826  202  2715  23576  3453  24098  13020  7332  19522  10336  36293  9947  11620  5442  21924  4101  128890  123896  72803  26722  667  2342  1447  963  56961  6324  1927  644499  1.65203e+06  199859  71146  143147  0  367561  1.05582e+06  43986  69223  48808  905809  694250  4303  106050  493  14090  168186  26359  306345  45271  9357  78225  102570  87480  
690  571  791  1677  151  34  2216  4366  117  605  1434  653  987  879  7087  1060  842  19828  2538  34503  25391  70847  33193  165566  24828  5629  3892  1547  2911  2150  52  1641  54  488  38771  1079  6982  3902  2876  79636  3812  62901  2616  12910  17761  1766  612  59771  14536  841  1598  228  2544  2234  1400  776937  1402  491  44340  4673  597539  235015  626427  304626  0  1.60123e+06  583896  150891  75909  81292  29981  924  31268  308  3882  114909  7896  60680  15108  6531  286897  55922  78720  
1125  865  1238  2141  259  254  4031  10059  859  4336  3505  766  577  882  2649  1436  1363  17455  5737  16021  5555  6135  13911  16028  16984  2669  3711  2083  4976  2987  100  2828  103  890  37967  2365  12078  8402  4092  47294  6091  44846  3695  9301  22158  5547  3210  76424  43492  73306  26360  447  3243  2621  1551  87517  3193  1431  76688  117738  69006  27602  32715  786362  1.89932e+06  0  1.77968e+06  1.78185e+06  562654  2.72341e+06  62083  888  27096  204  6963  384535  50698  111262  20438  13178  567656  288463  88048  
204  172  225  597  48  25  612  1892  74  635  1769  142  217  330  871  479  332  3564  974  4512  1855  2018  4364  4260  4155  733  879  397  908  571  16  492  29  146  8382  415  2088  1441  683  12449  1084  3997  307  1035  3231  558  210  6137  7459  1790  960  107  675  626  356  132936  483  138  9743  8793  43215  22391  20919  41739  408414  1.45332e+06  0  849279  81197  29232  3810  234  3388  106  984  50480  4835  12465  4820  1863  130314  38863  43175  
327  149  1210  3295  37  35  785  3914  80  1317  4004  579  506  828  1581  1034  457  3472  859  5248  1277  1060  3822  3689  4964  883  1330  527  1061  657  16  579  31  165  14506  1688  2715  2410  737  16494  1324  9063  465  1783  6098  1478  879  7333  15394  1474  2646  278  2654  2065  1134  108738  3102  716  14203  7653  37302  12844  10156  31489  98832  1.18002e+06  550219  0  485739  37879  2347  539  4258  347  37855  250890  33262  30389  12924  17498  576423  493054  45948  
348  71  1291  2822  39  58  537  2274  173  987  492  842  748  383  804  378  431  2409  695  2949  509  879  877  1677  1698  370  591  458  729  508  22  401  17  100  6217  2617  2120  2276  1104  5124  1606  171346  3080  1396  47881  7883  4078  14796  13982  2553  10961  447  8296  5048  2615  4824  19835  4878  27452  13611  11891  3766  4303  43329  49930  244423  8798  464637  0  439929  485674  1000  305990  2513  224212  178281  32193  110439  22263  48962  147783  444880  42362  
1131  1133  918  1145  471  650  4713  14149  2343  9849  3108  602  407  665  3683  1739  4020  35424  10673  30088  3740  2959  4784  5360  6199  1800  2954  2434  7005  3725  208  4645  272  1516  17666  2527  16811  10218  4019  12120  7745  56888  8881  6343  19523  29887  59681  230195  62708  272660  126157  672  1842  1543  1347  18086  6748  31634  133993  501912  81966  13492  13761  1.18035e+06  196558  3.40945e+06  40635  165672  441317  0  3.61811e+06  92817  66083  335  8581  168033  35969  86876  23657  6663  147857  63853  72171  
422  499  649  667  336  786  3673  14566  2763  7748  4493  392  288  483  1704  2793  7142  30514  6216  31860  1693  1923  2422  3514  2907  544  994  945  2147  1748  325  4622  315  1052  12499  1752  9887  6040  1626  4334  3457  64790  18580  4553  6899  71389  390504  470628  60044  413405  295509  1239  758  579  700  12198  24561  448659  103416  889185  69783  16533  10093  525571  135408  122204  7473  32983  364474  3.90434e+06  0  2.0162e+06  3.79781e+06  961  22027  90437  47923  54487  17983  2523  37791  26062  54979  
162  195  126  102  148  223  879  3522  698  2059  2278  85  97  238  768  1623  4234  16341  2924  17726  387  202  540  296  922  164  403  340  683  650  178  2467  158  468  5300  583  3913  2410  252  1145  1164  4534  3886  590  241  18750  206906  162436  13813  122320  129696  562  76  67  253  5501  16575  635932  29038  493818  33402  7265  1847  9368  3776  8051  926  2041  2753  163959  2.29112e+06  0  877065  929  10170  22339  15495  11609  7083  288  5532  3331  13680  
917  1311  871  787  986  1033  4984  14219  2152  7180  22457  624  470  3406  2837  23689  30434  98682  15531  108906  2877  2239  3973  4334  5868  997  2355  2212  4338  4713  1146  19086  1156  3496  37232  3987  25454  16997  2217  7936  7899  200417  41164  3409  23237  104309  314824  186499  63331  78773  329928  8944  1315  893  2372  20450  527548  1.5339e+06  369206  234478  208685  35171  13000  270561  139243  82612  7330  28401  306233  224097  3.99367e+06  1.13005e+06  0  703263  1.13862e+06  197487  83857  195733  62650  3538  45415  40544  140847  
35  67  50  55  37  54  268  830  104  457  2075  63  29  388  97  3039  1856  4006  432  4839  100  30  102  57  187  41  92  88  172  214  49  1164  72  170  2081  251  1191  884  82  230  306  2479  1673  206  167  6031  14082  5468  4592  670  38942  1302  69  34  126  701  283727  164213  36369  4666  13756  1153  273  1942  768  1547  174  2031  8013  3989  5008  3092  437962  0  429277  11933  8104  33799  9341  220  2175  2584  8765  
203  231  601  732  190  639  2589  17117  1663  3314  5495  583  302  963  489  7889  4704  11160  1689  13185  459  336  634  516  699  122  324  360  719  691  160  2725  191  458  7817  1855  4120  3356  291  1165  949  1.12241e+06  116197  3949  1622  1.14344e+06  1.88423e+06  121863  127958  16521  1.46427e+06  4390  718  539  653  3279  1.27596e+06  398520  150239  33856  41053  4921  1853  46853  11187  26456  1385  83268  296506  78280  71096  25022  1.61629e+06  796500  0  109382  52688  363190  58926  3236  17892  28153  68893  
1747  1843  7701  8115  1016  3006  41280  217283  10902  38160  17603  9592  3313  4147  10713  18034  9113  35984  9619  52583  10630  7720  17147  19020  26946  4692  10280  4360  11474  6971  599  7380  441  1751  274125  34537  65431  95616  10366  89877  24468  44731  55158  74782  14055  170279  82020  939151  1.25033e+06  47000  556296  44048  6851  5017  4222  123992  582110  54888  861650  148947  693784  179538  50620  327141  291926  864511  163524  1.25415e+06  627433  237701  51508  7795  51553  2150  21280  0  2.04746e+06  462174  475109  64760  2.68929e+06  1.69593e+06  4.23171e+06  
1123  165  12978  19508  99  266  3945  23929  918  4149  4104  380  307  824  1294  4592  1788  4112  814  7725  759  483  765  840  763  163  367  248  613  415  56  1091  80  216  10477  9170  3858  5278  1039  1827  1284  83266  23075  222214  35130  32510  36057  721834  356799  46001  80762  10972  1702  1890  1384  14423  69153  13441  69714  9052  64261  11112  3480  12347  15072  44318  7881  64482  33753  13858  4656  3149  19942  4066  5559  1.2287e+06  0  155867  164717  484370  170194  98101  338580  
1787  709  10241  16499  555  2019  30166  156419  7697  89259  20176  8746  3015  2374  4744  7449  4001  13062  3689  18295  1958  1812  3727  3538  3725  611  1031  1840  2760  1967  196  2768  183  581  26879  20792  21945  22129  13262  6100  7160  141284  59676  165974  34610  117584  33777  893807  1.19107e+06  59435  400890  22776  14622  10519  6513  20105  377738  21078  277833  87287  98308  20551  9619  112265  55151  84359  6708  43981  55656  144282  23339  5507  44734  2633  79757  163139  374351  0  2.02598e+06  102349  86613  90363  256931  
179  318  2112  2532  239  878  10011  54292  2376  12446  4119  2078  609  781  1637  4849  1944  4865  1379  7205  893  345  1430  1148  1270  223  398  436  1801  1134  147  1329  89  279  16551  7050  17774  34897  752  4567  3665  5869  12844  18037  1692  25307  13948  150971  457670  15581  205359  5941  1317  1105  1097  9118  182057  9700  120949  26567  51985  8263  2320  17248  6223  30745  2880  6172  3472  61720  4971  1415  9621  522  4680  135263  123982  1.64818e+06  0  3758  336471  140194  740015  
502  19  6868  10300  4  8  700  3386  19  192  86  1838  2337  930  1975  56  71  331  86  2554  306  229  105  239  214  83  143  167  117  75  5  49  1  16  893  6793  473  301  1003  446  272  85141  1917  62542  76848  318  143  58394  12802  260  797  114  27927  22776  10284  5699  804  121  1733  816  11597  875  667  2311  6995  9054  848  14863  14208  3666  905  106  550  11  1446  21531  351462  30780  2271  0  5137  31029  3976  
1613  876  3174  8877  206  124  4329  11942  288  5622  10021  1461  1251  3296  4427  4326  2407  14306  4031  18219  4759  3817  23238  30397  51076  8353  11763  3687  6314  4960  158  3222  152  775  143367  5201  19779  21886  5703  168396  11543  7604  771  5293  11727  1608  1922  16657  39455  1641  30927  1852  6551  8123  5426  264274  34063  2631  49699  9513  102945  41428  27897  46679  260041  435030  405274  1.10715e+06  264937  43569  6076  885  6852  310  8696  1.52349e+06  62441  67904  161754  27372  0  1.5756e+06  294221  
573  175  2511  2905  65  53  1051  3204  140  2245  1199  301  274  572  826  1237  802  4327  1143  4623  1192  1171  2505  3001  5413  1053  1922  808  1673  1126  83  832  50  223  28206  5350  7954  11559  2128  20783  5743  3986  512  1458  4419  1233  949  10004  8985  1850  3483  454  1955  1974  1211  16913  3889  840  51827  30262  24620  10385  7064  101231  39658  302568  26457  1.32701e+06  425401  14816  3331  397  4695  124  9179  707744  64530  68202  69162  59893  1.17889e+06  0  186866  
6096  22204  67374  6368  7057  15484  178832  815867  27864  881657  171318  2430  2109  4752  25152  459080  69774  340446  55821  225952  38835  8409  130216  126018  97691  38742  69598  21569  67530  43593  5591  46027  2892  9399  3.37066e+06  1.1995e+06  758799  2.27532e+06  33695  218864  201580  9780  11845  17234  2977  39744  44010  228367  843830  40611  611032  42242  1539  1665  2835  41158  543437  34519  576267  88031  314342  55100  14581  144713  73593  115301  20568  113163  73603  98695  15341  3598  23812  1244  10685  2.9434e+06  338806  921257  2.45659e+06  4799  696584  408936  0  
