4418908  
2553971  
647568  
3054441  
3895625  
4010608  
7970589  
12993185  
4320456  
6517724  
2943593  
2406021  
2261968  
3513427  
2765169  
5722977  
7381915  
5899617  
7722911  
9066333  
1495491  
1135026  
3911908  
3644656  
7800670  
2163415  
2299692  
1985288  
8279573  
9856130  
2871431  
9641043  
759006  
6714391  
10785337  
3612602  
5436559  
2363297  
616548  
4157028  
2172303  
4986399  
2455424  
582743  
3013476  
3455730  
4846619  
7733780  
13501084  
4956642  
7449138  
2071518  
2567945  
2142691  
3264259  
2829015  
6016576  
7133230  
6174427  
7930823  
8789553  
1596948  
1116790  
4801456  
3709352  
7692470  
2057926  
2135866  
2022755  
8445070  
9998150  
3142380  
9028024  
866756  
6705825  
10857976  
2914269  
5034182  
2306158  
553354  
3757142  
2246258  
12266724  
