523472  
513838  
598983  
491500  
809442  
634413  
425249  
280978  
272690  
237182  
587026  
601328  
619787  
939066  
312024  
626210  
299391  
944540  
587148  
719160  
732043  
305767  
594664  
713159  
423769  
495603  
519549  
546818  
620911  
289592  
220353  
291474  
632459  
551953  
382960  
495593  
482852  
530343  
734033  
626045  
782168  
486149  
366079  
388533  
612393  
421205  
809563  
580435  
376045  
585285  
380011  
731055  
607751  
489998  
590309  
732415  
613088  
580716  
747446  
563890  
822671  
525782  
631969  
500007  
494854  
519476  
637295  
728302  
518005  
703696  
467263  
648554  
538338  
396823  
580079  
340778  
404740  
545849  
518410  
710132  
753757  
496443  
688117  
487862  
465051  
441137  
362434  
480870  
781200  
491421  
818905  
484916  
376207  
496341  
360117  
455231  
534351  
667327  
447201  
505053  
326811  
447576  
676829  
315349  
363353  
718531  
387789  
714998  
382458  
363653  
697442  
507768  
296185  
180429  
270284  
665337  
905589  
216286  
155483  
194490  
593291  
296508  
158380  
540160  
310724  
418145  
461914  
496418  
657747  
378069  
601809  
318720  
372680  
399520  
328661  
436092  
375616  
149934  
396756  
366808  
554036  
280140  
206668  
179747  
184496  
209437  
162577  
145419  
131376  
182407  
393790  
120624  
117011  
206376  
210099  
116656  
160628  
394868  
436793  
243131  
57134  
139812  
111734  
150777  
223036  
121267  
77541  
114550  
147422  
289772  
287033  
701186  
211730  
237861  
191420  
376041  
397721  
499479  
325209  
910332  
708656  
497013  
571031  
282524  
433796  
516578  
542365  
246686  
497325  
575289  
177674  
726303  
641224  
195718  
407057  
194893  
735289  
326508  
377318  
628661  
862496  
409647  
562706  
314780  
356509  
547359  
472933  
344405  
406976  
176527  
448430  
279016  
151274  
190944  
266904  
295009  
205238  
161610  
146712  
155920  
138769  
187990  
294631  
114705  
111252  
132669  
99186  
225389  
207985  
96525  
124467  
167980  
105099  
136839  
353442  
518080  
414767  
309359  
377361  
430964  
742165  
325130  
302432  
733897  
360261  
574283  
823092  
313565  
464648  
477307  
624260  
674668  
544149  
418501  
334060  
532779  
521766  
441958  
150108  
181804  
308362  
175609  
246266  
207794  
155308  
264819  
377267  
232193  
352959  
589233  
251114  
269167  
215920  
350316  
351582  
461799  
228275  
196539  
193951  
136062  
224460  
361794  
373741  
705121  
441210  
302857  
167539  
397036  
455775  
699253  
429062  
131016  
118900  
359965  
446296  
326344  
204020  
361792  
413318  
467736  
876040  
618090  
556494  
282357  
652321  
279097  
283563  
379364  
383610  
303557  
229770  
397720  
548395  
415090  
507818  
388633  
591992  
583906  
662977  
696164  
255731  
490534  
462099  
449338  
788138  
686000  
599027  
617718  
563499  
959595  
420701  
220932  
291049  
184448  
234636  
240119  
278092  
215844  
116653  
130948  
312099  
185631  
185591  
161257  
245633  
189057  
179335  
53283  
198367  
64616  
99116  
90962  
188526  
291301  
349847  
99601  
342397  
386227  
452079  
355998  
120842  
173957  
173763  
253000  
176659  
184681  
375155  
447341  
478508  
589426  
319735  
328094  
313247  
123200  
571679  
164357  
226193  
223384  
272667  
394761  
521026  
264198  
233545  
250474  
269500  
253737  
291928  
402411  
433559  
593647  
277084  
317691  
544265  
418806  
382310  
387074  
463545  
418344  
964083  
470220  
933985  
787644  
748984  
834205  
1329065  
338021  
276120  
381894  
272173  
560887  
498562  
1199193  
653331  
984267  
907419  
750918  
585664  
1020687  
982466  
716271  
616113  
380924  
540490  
329666  
785204  
457020  
837317  
722687  
474955  
730330  
536257  
1171886  
568618  
446742  
364444  
734668  
604336  
395146  
537321  
439377  
581962  
808815  
611689  
721338  
752530  
924438  
409190  
724934  
785359  
803443  
761648  
526113  
416535  
511271  
566730  
636389  
630208  
451784  
371843  
344320  
400589  
598680  
621438  
461807  
577668  
719317  
494870  
423391  
498747  
479656  
388852  
343116  
405258  
355443  
616309  
614883  
516322  
698449  
371729  
486422  
754170  
846688  
352356  
240479  
175048  
282356  
371722  
389032  
383162  
308870  
562499  
649702  
346445  
428319  
478920  
561012  
777335  
477305  
445108  
508582  
997665  
8952562  
3609452  
4923704  
2049017  
682518  
3325587  
1752775  
475084  
430468  
481872  
560567  
933802  
707600  
472357  
336626  
268066  
249168  
659123  
834746  
628571  
1007571  
294943  
694767  
454544  
901223  
713223  
416641  
500996  
131608  
490464  
708973  
542591  
505268  
532951  
346871  
597638  
341836  
244197  
390926  
549155  
405723  
350961  
440701  
384668  
375833  
672914  
744571  
568103  
235445  
699131  
482416  
692255  
426294  
918773  
464792  
544892  
535664  
394905  
765690  
725815  
570551  
558415  
762466  
892655  
467093  
641432  
514138  
738642  
412182  
533798  
793963  
451990  
644848  
556387  
713408  
536909  
702416  
348473  
449659  
535367  
324289  
316492  
253098  
285268  
449670  
415074  
591067  
722480  
682986  
704023  
475623  
395080  
460852  
473547  
433760  
861996  
509478  
930835  
497003  
300568  
388548  
365169  
392491  
510015  
612152  
537266  
486037  
450330  
304270  
626543  
279187  
393485  
600645  
531222  
794150  
391852  
387458  
585318  
529354  
347563  
174817  
234109  
833573  
1202813  
372114  
198505  
262225  
767899  
275081  
243336  
560990  
340223  
320212  
450151  
480914  
953975  
429778  
782863  
324452  
485280  
388750  
356273  
324518  
552188  
169110  
258181  
307258  
554900  
292189  
199128  
216761  
226792  
221634  
216076  
172753  
206803  
164847  
308847  
128227  
118717  
159390  
144452  
119071  
136990  
399866  
264177  
143561  
117902  
81307  
84443  
76384  
249094  
76952  
118450  
232700  
147015  
231542  
89106  
352447  
260720  
296701  
204257  
213677  
439090  
332347  
287093  
865811  
822411  
693156  
594494  
181527  
302076  
381971  
482671  
277866  
594894  
401876  
250388  
587863  
458029  
240611  
320623  
198664  
998987  
328247  
321052  
500566  
762426  
468578  
545489  
389696  
212337  
731147  
614567  
422135  
473697  
140299  
325346  
247567  
212816  
205860  
217841  
349717  
191719  
127129  
151341  
154585  
103613  
262880  
400173  
148980  
96431  
149849  
95281  
179303  
265954  
103221  
97064  
117079  
113919  
62796  
289279  
481383  
289266  
486448  
278783  
482246  
748472  
552996  
461986  
719936  
402489  
666872  
743257  
148011  
423811  
530806  
634949  
597124  
273265  
168712  
475418  
712376  
415039  
380378  
84889  
90491  
329622  
138167  
145791  
262176  
242026  
299913  
286714  
305243  
270926  
547002  
318290  
290663  
217384  
241490  
266441  
342662  
175437  
194445  
128247  
140244  
334500  
276211  
284440  
389733  
383218  
236731  
182593  
298111  
653403  
924027  
460173  
193739  
202421  
364631  
313765  
270889  
256372  
302116  
304988  
752092  
1115334  
341023  
144352  
273883  
256165  
500969  
283373  
637180  
462864  
275197  
338921  
291559  
635556  
511574  
503470  
509967  
668205  
578371  
594687  
575935  
504345  
527461  
367870  
511168  
734246  
733080  
678843  
463234  
498888  
793518  
388902  
94038  
331795  
185259  
333857  
278160  
219275  
141906  
102519  
178462  
446697  
180140  
123980  
184600  
237584  
36849  
72997  
140008  
163842  
199474  
273649  
315319  
765112  
387340  
399533  
132863  
318103  
346506  
496432  
433632  
293063  
254546  
417873  
197390  
296564  
328930  
354159  
557622  
683504  
634860  
424434  
381651  
123941  
137132  
512328  
151621  
172796  
347149  
249391  
327323  
536052  
355222  
260764  
331846  
332083  
257586  
355755  
653333  
315338  
606408  
262164  
411182  
630132  
460909  
390231  
283343  
432810  
526549  
919785  
558093  
970459  
709944  
505468  
799562  
1527542  
210784  
224914  
452991  
250665  
587728  
771687  
1193706  
816091  
1264730  
834467  
808454  
582172  
996947  
828504  
645051  
549363  
480676  
531779  
751041  
858606  
963252  
999700  
1373154  
736005  
586214  
618683  
814101  
530052  
511298  
380897  
728318  
632179  
639318  
540180  
593236  
509071  
874555  
764649  
486067  
995328  
932304  
475820  
746002  
888165  
908881  
725341  
828303  
435843  
623198  
596011  
778760  
829687  
737183  
349528  
343451  
326593  
361275  
259178  
506435  
531442  
755923  
391264  
369776  
497404  
476386  
328482  
359625  
267034  
357137  
720270  
617237  
570644  
710806  
251797  
450750  
831397  
1165827  
492075  
285165  
159228  
290371  
457574  
386478  
464226  
339504  
569094  
