0  1.42144e+06  149059  839714  199431  22975  614877  70142  1575  24919  19182  126407  18344  8490  10141  30330  55887  37410  26889  54262  8166  9738  39444  47867  33603  3700  49074  313271  67784  141502  5287  215432  8439  1.22492e+06  99092  346278  477295  52608  74677  37005  37608  14409  5731  7969  16920  291  162  11398  19909  436  794  3041  10519  2695  2170  1824  1644  772  5096  1363  12191  1408  693  2174  2679  1536  345  422  1157  2124  701  123  907  15  333  13786  29800  4970  2288  6108  2260  1900  62553  
1.06267e+06  0  42002  4487  618563  24123  440452  77848  5631  23563  19732  1020  499  563  1273  20138  29789  24464  25841  27554  3613  5350  21757  29114  16605  1289  1569  9769  17769  28032  2484  33121  992  50156  346279  660124  364637  94895  40820  22148  13204  14365  30012  24476  13657  775  297  50371  61318  1025  1212  2993  1584  580  365  609  1320  764  3356  1133  8368  1100  615  2222  2391  1131  286  467  832  1454  623  151  1114  25  644  31323  35713  12360  4830  1555  2708  2011  156489  
70997  28382  0  182540  985  145  261330  152531  219  2141  3102  753  370  420  548  2141  658  2783  1187  4881  648  809  2463  3780  2597  265  533  3594  4017  4483  96  1241  37  2488  58638  149684  57714  11971  27396  4721  4271  14858  15904  21873  14091  426  133  26969  30116  434  416  703  1095  346  183  245  409  210  668  282  2021  341  243  949  1008  506  104  243  715  672  319  55  889  12  326  14304  33676  6588  1803  4463  1095  1185  25422  
917925  4218  168513  0  218  128  9207  674123  580  812  4912  1.0586e+06  26650  13106  15143  863  437  4815  2286  26215  5346  2950  5856  6939  10146  2756  34616  83078  14073  12097  41  5482  66  5449  34841  77339  63700  12697  63087  16665  34887  181026  35051  92739  1.13163e+06  1172  436  72601  212205  634  871  1533  351439  17960  16351  13892  938  852  2554  1555  19669  3527  2221  5922  9467  6447  1045  2579  14882  11013  4145  359  9143  50  3378  29358  177651  25698  4066  56621  5715  19549  19362  
176441  1.00623e+06  8279  1842  0  1.34967e+06  1.4199e+06  375863  65980  166886  22041  690  2382  1910  6795  52687  117163  111533  195233  44301  4257  4070  35130  24639  17707  2250  2339  6932  29204  67075  9550  84127  7669  676583  282186  257869  256153  65527  1880  19124  8511  1085  2366  1545  1178  2176  2029  25583  91928  9954  3387  5320  1172  3712  849  943  3643  1619  6431  2493  12023  1289  748  4223  2173  1727  361  495  1573  4114  1743  407  1160  38  816  46583  31100  24885  11901  343  3878  2256  98529  
46000  231335  5438  1968  1.39413e+06  0  856557  817066  656355  1.82748e+06  19342  784  3345  2953  8653  88297  171614  102805  153059  33162  2564  1248  14058  4946  16401  2057  2283  4068  43855  42523  13379  186935  13945  1.1698e+06  92616  76957  141815  39786  980  9826  3453  1323  1801  1471  1289  1930  7959  30371  221434  32995  13084  5853  1501  4864  1646  1393  3976  1568  5179  2954  11234  1325  587  5381  1888  1917  375  628  2071  6034  2476  488  1432  42  1593  76073  58909  43525  23198  451  5728  3199  72331  
548881  917963  344782  9366  1.9828e+06  800937  0  1.89344e+06  1.53482e+06  467627  55610  2603  5805  2311  4644  74867  78850  250369  393308  85158  7609  7923  55146  38156  52676  3181  5841  23514  120671  75138  6176  48895  2273  59298  1.52461e+06  1.73222e+06  529455  189855  53019  72970  51501  22347  57478  37649  21260  11238  8808  236675  489101  50192  13144  14586  5583  12138  1716  2320  9680  4513  14175  7956  31746  4464  2406  17824  8187  6363  1352  2609  6919  17894  6585  1345  4354  146  3504  264304  230863  121785  52533  3615  17565  12313  458523  
68412  85491  285343  863952  71740  136402  1.95852e+06  0  1.67269e+06  505582  796812  969907  1.88649e+06  783031  329461  58003  74995  148580  117010  582306  74308  24787  60749  54341  76116  57102  64260  35389  74315  67714  6993  72203  5060  136066  1.53276e+06  1.88296e+06  707411  378174  38146  186472  66256  81710  124950  117284  132236  25515  35119  428782  3.77579e+06  152885  248425  179157  245073  441437  158244  85821  34041  11768  42561  25787  224190  25243  11361  39594  31787  17212  7196  11128  21417  34658  16530  3226  13436  345  12833  725743  978698  314049  152585  17160  67917  37674  758304  
5298  26681  2785  1114  73583  387293  1.08771e+06  1.49232e+06  0  1.80405e+06  10377  278  722  567  845  28823  9354  71580  95710  13897  897  495  7747  1730  11592  414  792  2437  33088  12832  849  10767  988  18385  219684  322794  108504  69657  765  7630  5904  878  1326  860  533  1003  7123  18877  199157  37457  46997  6654  386  1265  924  515  2625  1123  4901  4455  7398  944  383  3886  1102  1338  273  530  1349  4136  1809  304  1033  28  1104  55416  72504  28945  15364  258  5167  2426  126529  
48399  75794  13649  6427  178535  1.29748e+06  456507  1.32958e+06  1.49369e+06  0  157574  3240  2993  4775  4253  2.27325e+06  250653  91304  110663  59390  3164  1454  15497  5036  12505  1598  3034  11653  36914  52907  16109  365191  96953  764346  501775  635249  676436  460990  5662  38038  13060  2193  2532  1791  1844  1812  9699  21695  376978  45445  137396  134819  1737  3177  4211  1417  21250  3818  12809  7110  20717  2123  782  6366  2033  2439  499  836  2372  6292  3071  560  2001  75  2015  88652  103265  48728  28633  796  10612  5017  493956  
2556  1902  5490  6643  1240  924  6312  1.0171e+06  3002  183336  0  12576  43241  915298  4395  70300  33297  103821  6143  1.22099e+06  4195  1070  4795  2167  5651  1324  1616  2638  7866  5283  437  11348  1310  2670  124505  109869  38360  38930  2409  12888  6540  1893  1619  1506  2136  906  2902  7594  171151  8854  157761  626608  7327  14893  75608  3303  183062  31170  65384  7889  115165  5055  1219  4874  2490  3689  982  1221  2422  5883  2760  1357  4685  290  1635  73543  76026  21868  21100  892  15526  4322  89389  
34557  5697  13436  1.15088e+06  706  320  22157  1.18091e+06  1373  1251  15411  0  377916  107095  97385  1303  756  9219  4242  133762  26283  8891  10995  14352  17024  8934  31097  60400  21570  16786  117  4646  92  2682  40287  30845  102422  21465  69551  37520  61641  34842  7304  18883  166386  1477  682  23814  346777  885  1039  3569  671473  94772  69670  52721  1031  705  3332  1414  73264  8480  3569  4394  9299  4429  1985  2497  8273  7155  2809  271  2428  29  1471  24225  45615  17115  4546  27772  7114  13741  19698  
14106  4960  10243  75974  2352  1955  51658  1.42418e+06  8520  4386  80826  403900  0  728702  362480  2444  2259  11102  4584  485252  86790  21587  7810  20942  20603  23612  29102  16153  10522  7398  281  3831  204  4399  79496  60773  55738  19418  15845  61676  16557  12278  4728  9059  31225  3410  2631  28972  437811  7426  4239  10432  241421  673574  156171  84910  2701  1437  7566  3082  164267  15962  6074  6305  12983  4134  3867  3292  4059  6659  2858  489  2010  48  1675  63707  72234  30967  14712  4431  12300  5710  40662  
14412  2651  10936  77952  1309  1099  11458  1.21126e+06  6787  6060  1.25763e+06  256977  962892  0  721323  3761  4211  24153  6975  1.683e+06  132411  25666  7665  26547  17504  14309  19804  17161  15529  8721  215  4605  264  3218  61611  39819  42553  14799  15507  52074  16111  12542  3990  8149  26891  1451  2632  12566  269430  7382  33565  143234  114398  311304  787896  160807  23702  6445  38163  7828  407206  31895  9876  8428  17697  7203  7062  5249  4132  11308  4120  878  3337  76  1797  54027  51306  28840  22105  3724  24085  7179  40357  
7587  2156  5166  28488  862  444  7113  192117  2171  1863  14736  67645  213565  602017  0  1467  1143  49535  9550  2.23816e+06  281801  101630  16795  550489  43995  79712  53390  10063  27194  8680  109  4698  514  2868  74452  15602  34563  12128  5164  176497  19538  7507  2378  4973  15806  1159  934  6292  107558  2057  3104  13878  47402  49551  122825  378762  2696  3495  59734  13505  327731  22794  11452  15294  20621  11513  6393  4510  4626  18623  6863  768  3509  51  1904  43819  24235  22231  17633  2019  26656  7459  37966  
60812  51890  19636  11640  64658  89456  121930  221143  51835  2.30964e+06  278955  6830  2961  13338  3643  0  2.39576e+06  609955  249946  89927  2965  1041  13598  3263  19344  1432  3574  15600  52691  51996  16188  503382  286722  774212  406554  173035  810290  424969  11131  42085  10513  2202  1445  1336  2443  763  1371  7743  46812  4718  20674  73329  2358  1897  2811  1095  54255  11835  23276  3518  23565  1549  509  2435  1177  1504  334  459  1265  2595  1316  731  2480  189  675  27749  21750  10783  9572  1036  5044  3103  491982  
75729  157769  18518  16486  146298  116648  141624  383745  18675  282135  726887  9636  4743  37323  9509  2.44829e+06  0  597586  2.19738e+06  573940  8886  2732  23039  8027  39651  4214  10019  44935  244061  800519  633916  2.87089e+06  619357  524158  313584  211305  788826  204394  13347  94830  30185  2953  1963  1652  3302  1411  2594  12673  61412  7370  26634  160117  2820  2968  6020  2137  124464  25004  81374  9434  97674  4394  1195  5041  2484  3943  814  1031  2404  6211  3076  1828  5473  318  1272  55051  33503  21193  18086  1425  11721  5969  257884  
30646  35301  12938  13476  51334  41824  226563  203320  82298  60400  220449  7974  3221  3217  6394  824362  412959  0  3.79396e+06  926598  121746  13527  866706  29927  349700  52698  9803  34130  425566  106813  2917  62600  4477  45314  272050  77942  394223  142478  14308  131296  33469  3770  2039  2024  2832  1154  1636  8995  41645  6019  8817  20481  2461  1765  2206  3056  16843  18944  101453  24747  137800  20151  14261  43536  18162  22317  4785  3989  5708  25843  8760  2149  6528  166  2254  92946  19831  25658  20703  1403  33407  9227  175461  
58571  64888  20626  27782  67986  50919  345476  284822  90404  42920  80780  17742  6803  6522  10698  164563  1.82604e+06  3.24616e+06  0  354548  10452  4093  1.6342e+06  15427  628347  32398  16131  69643  1.47065e+06  1.78939e+06  563031  303361  7996  104491  344109  118004  689476  215321  24660  179619  54495  5611  2981  2742  5070  1445  1944  13121  66132  7834  9184  25021  4454  3073  4155  3816  17439  13444  99587  22016  124396  8485  3342  16928  6560  16624  3323  3399  5943  25956  9195  2025  6228  143  2459  75034  29851  31137  25242  2033  31103  10634  222027  
32587  13861  26664  51891  6041  2273  33009  697176  6271  17472  1.1666e+06  93050  216901  710293  2.19327e+06  34287  17270  1.04994e+06  97884  0  2.30242e+06  617614  193949  1.1903e+06  349628  197414  124373  55444  357801  89519  1070  51187  3301  25841  432927  101567  344071  130520  22444  538706  64313  20637  10890  13711  23666  5668  5957  27691  264116  16659  37527  175318  60717  65073  220203  283710  73063  66836  471809  133041  1.98628e+06  186114  99515  249907  143271  161886  38551  29128  30410  186261  48734  10362  36063  856  12718  385186  83878  118909  99624  6205  171982  49485  259248  
3289  1452  2059  2643  571  86  2596  19538  201  376  3350  3244  5904  6434  75620  544  288  141931  4099  899992  0  449959  90282  230356  37170  23559  7120  6398  24767  7742  34  4687  173  2329  49877  4585  30019  9143  1746  60506  4488  1228  665  807  940  319  124  1329  8822  233  578  1561  1585  1451  1831  8672  582  559  18437  5941  224519  161178  65066  37251  47095  14815  3804  2324  1890  11518  2320  275  2413  55  903  34197  3017  6809  5076  408  11473  3496  16549  
3615  1749  2185  1684  576  59  2661  11873  64  154  913  1448  1937  2065  47270  198  114  40783  1540  303556  628681  0  40523  515817  42997  18867  5207  8155  15414  9626  14  4506  61  1719  35348  2758  25134  4273  1344  48684  3307  681  380  438  564  147  44  665  3824  62  171  455  691  542  646  4530  180  151  6934  1828  68150  132323  112612  17978  98756  6478  1856  1062  895  3017  778  86  1097  13  441  16892  1416  3337  1931  207  6225  1767  8321  
18506  7316  6071  10171  5135  1933  16008  57293  1353  2268  12398  6687  2481  1949  9723  3196  2355  1.04787e+06  1.24656e+06  204996  81247  30686  0  220065  1.24716e+06  155136  14973  27094  1.37835e+06  455406  978  58622  586  35218  186937  28429  262212  99089  13077  88590  31706  1922  984  929  1657  494  230  2669  13564  739  1228  2335  1683  974  945  3905  1710  1185  42933  11324  133160  43888  45301  98401  57258  25901  5919  3163  2443  15464  2765  310  2525  76  854  92030  5926  6990  4850  810  17932  3771  84376  
18549  8712  10443  7677  3254  258  14457  64227  186  539  2595  4973  4111  3562  541230  478  481  55271  10600  683541  431157  602204  453431  0  1.90554e+06  861202  37058  48612  109999  51281  117  26172  180  10901  115388  14168  140566  23285  6882  221645  20019  1632  1134  1153  1562  320  104  2340  13230  202  378  926  1634  1226  990  6985  395  323  10977  3194  58024  15157  15570  29931  205931  15050  3830  1896  1579  5549  1310  83  1265  26  569  33393  4822  3601  1865  587  11656  2085  77605  
20650  8201  9935  10060  3230  1864  19843  79055  1500  1877  10095  6879  7275  4333  39111  2906  1602  155928  110329  160899  67227  79453  1.13013e+06  1.89605e+06  0  2.04421e+06  1.28397e+06  212636  3.81387e+06  147669  294  24767  385  13271  226360  30198  190337  53095  13066  875529  125367  1886  1089  1118  1814  436  280  2963  21702  976  1756  3505  2246  2345  1592  3349  2210  1704  32199  9393  71408  16180  11629  32301  28438  17232  3389  2207  1954  11612  2342  351  2126  86  752  45005  8155  7699  6746  1027  14099  3524  123099  
3823  1045  1695  1806  250  36  2103  11955  83  143  1217  1431  2042  1174  30291  214  117  31003  15642  49213  37686  28843  112638  649915  1.71788e+06  0  384820  26749  239930  13605  13  3494  50  1228  32583  3296  23786  6293  1647  392201  20470  285  123  150  321  43  47  323  3451  107  151  388  425  563  310  755  180  196  3165  786  10531  2467  1704  4057  4302  1692  484  273  217  1080  229  38  218  2  71  5605  1114  818  607  128  1851  354  99474  
57238  922  2204  25618  341  94  1937  28040  223  413  2742  14928  8915  5706  36355  528  458  10781  2543  49338  12421  5801  10512  25123  1.22038e+06  434363  0  227479  43487  7025  42  5564  190  9625  135313  9380  38248  28492  8066  635752  365710  2411  219  383  3090  68  123  644  10154  311  553  1494  2177  1747  1102  1284  510  348  2998  751  7487  1066  1014  2193  2480  1628  729  590  547  1166  377  52  251  3  121  12718  5317  1647  1136  789  4570  715  35899  
447701  16260  30050  109049  2974  358  29035  33293  307  1813  7358  45121  13484  9099  13333  2611  4023  21583  11011  35840  7345  7509  39776  31618  175533  6392  205438  0  348087  530617  1468  432687  738  140343  262419  33942  299197  127145  50364  166614  531118  8750  683  1205  10476  92  76  1665  7413  226  468  1548  6344  2627  2756  2458  949  647  4412  1010  9531  1031  559  1568  1881  1108  272  332  906  1541  523  81  388  14  180  12520  12886  2600  1652  3077  1927  1494  118215  
35218  17149  17998  11253  9312  12093  69085  109814  9985  10690  53175  6184  3271  4837  17718  20028  27432  352427  594867  283167  31858  27538  1.31011e+06  144932  3.806e+06  150724  121928  570951  0  3.64564e+06  25046  53744  858  24507  275227  74336  291840  142139  16198  330403  73059  3274  1837  1887  2377  824  949  5715  35689  4083  8855  18919  2267  1740  2651  3688  17807  6187  83382  22570  128277  15327  5424  28660  11396  21125  4092  2976  4459  27036  7140  1035  4893  168  1898  52473  16029  19315  15742  1407  22330  7464  179937  
53631  59834  17885  10443  53978  15073  78931  269501  7577  16098  206036  5373  3455  9107  14310  32616  852320  283187  1.18506e+06  467123  36282  22196  588762  103594  227658  15674  15009  635942  3.70079e+06  0  1.76764e+06  3.7439e+06  4108  87504  223724  71380  413956  148664  10660  135684  35055  2715  1993  1866  2271  1096  1189  8076  49801  3598  9404  48318  1996  2071  3117  2782  33786  8378  54566  11143  93989  6055  2610  9808  6387  8401  1676  1695  3058  12611  4599  889  3281  113  1302  42189  21742  16639  13118  1073  15234  5443  163849  
8697  16535  3271  2556  11642  3540  20460  57145  1608  4355  46259  1447  742  2478  1874  7872  1.14672e+06  26440  750368  71957  2475  811  13254  2481  9935  1282  1621  9628  130828  1.83861e+06  0  1.38482e+06  1378  13919  34974  16400  117515  38413  1877  13531  3586  506  335  287  538  200  238  1803  9630  807  2121  10963  431  422  623  363  8582  1702  7374  1166  11628  569  206  905  493  786  145  159  318  1160  467  156  479  21  180  6550  4298  2998  2311  196  1629  736  33375  
276773  109323  25039  24956  77437  127336  83948  338075  9876  166270  384474  11188  5002  10381  24160  271534  2.17399e+06  430939  439316  901534  67021  21773  360972  84226  105641  25540  27611  548738  156309  4.46504e+06  977999  0  832432  1.3523e+06  268995  87987  798579  160484  17025  109332  58731  3430  1941  1811  3598  1175  1303  10109  51236  4129  9008  72138  3040  2783  3632  3251  34304  10094  47187  8857  112616  6986  3113  10650  6285  7469  1518  1410  2432  9133  2969  1071  3407  141  1068  41382  23806  16120  12849  1429  10632  4947  182170  
8942  5900  1418  1120  6105  8092  4053  24143  506  30464  26730  574  294  633  1214  88609  288587  28281  9744  56515  1874  340  2496  670  2375  953  1416  3321  3167  7827  1842  540092  0  252819  9840  5774  95270  14315  898  2965  1758  192  149  104  222  70  69  618  3269  187  360  3710  199  182  167  170  1425  312  1565  309  5608  292  132  504  201  352  65  63  113  430  146  33  126  8  62  2100  1310  772  511  64  463  231  10974  
1.38797e+06  343441  44579  13733  873706  1.44845e+06  106266  331548  13513  1.03127e+06  104790  3991  2084  3340  7093  1.31864e+06  1.31558e+06  185678  136508  239702  14124  5876  70096  25573  31678  6121  15261  106659  52932  137640  26179  1.68779e+06  1.16105e+06  0  77174  46195  1.12549e+06  60886  5580  29314  39821  1642  1492  1878  1978  525  660  6936  31522  2557  2524  15184  1243  1384  1007  1007  7769  2052  10407  2331  27291  1846  916  3377  2095  2238  446  416  817  2968  988  303  936  34  408  17966  12469  7641  4813  647  3336  1530  61747  
71262  126245  175998  68189  16688  4299  493375  2.1753e+06  53235  534330  1.0707e+06  19161  21070  25551  96433  413263  38267  597823  156419  881969  84326  50116  375739  166143  234344  48472  150012  224805  310034  240746  2172  125060  4472  34355  0  3.58276e+06  704799  504272  162808  1.74893e+06  1.14505e+06  11257  17243  15044  11622  6196  7147  70852  392980  26041  43061  111288  9081  11692  7641  10005  20672  11387  44845  15309  146782  17106  8736  27594  22258  16713  6047  6506  9544  18382  7149  1738  7002  327  3681  473428  133280  78711  48289  8133  44549  25584  4.17026e+06  
81063  157857  320648  80938  5769  1460  491281  1.05066e+06  34479  88202  213383  3189  8726  5422  5394  47049  6106  53557  14336  109245  7203  5142  28816  18105  24620  3545  13399  26657  36643  24103  291  9234  252  3462  2.72595e+06  0  297373  319819  448461  154026  152911  19867  57384  39113  20629  5771  3058  121912  284930  12369  22967  38300  4220  6796  2019  2038  7678  3477  9680  4568  28268  3601  1925  8997  6294  3612  992  1919  4100  5489  2996  702  2870  100  2153  233793  115653  59871  23362  6387  10970  9185  753226  
310955  257875  383216  164804  56395  9304  668536  1.92894e+06  78877  487446  337140  82686  33286  21193  35207  478133  121834  424082  219104  431065  31365  16133  142228  60347  63108  12798  20610  65186  83580  80176  7774  97466  15125  155922  219845  1.6916e+06  0  1.442e+06  363515  61377  83193  26029  21040  23808  31254  6161  3584  71398  326805  9867  16516  35450  28390  19518  13121  10483  8341  3443  18791  6201  59760  5201  3089  12044  9123  6938  1584  2197  6526  10292  4609  884  3541  65  2473  98294  118444  51268  19907  11533  12678  9689  197896  
12515  26852  36091  11324  4073  1714  69922  535789  27878  203159  197115  4627  3877  3664  12046  148435  20010  148318  69716  197266  15118  2557  33169  5900  16537  6355  6244  5306  19838  14030  1439  11165  1177  5116  141647  355418  1.56758e+06  0  25190  59770  22407  2090  3331  3032  2496  1186  937  12025  87412  2792  8097  20360  2383  3166  1696  1878  3823  1179  7293  2131  24691  2170  892  3855  1862  2381  566  666  1236  3228  1261  231  935  37  627  34164  25969  18017  24850  980  7965  5455  656682  
109219  24140  114973  74773  285  94  48814  41138  116  2611  6378  14740  4374  3487  4234  4439  1218  15022  6091  21486  3949  4070  19505  14573  14384  1562  8817  35816  24038  18361  106  4546  126  1492  84978  411220  294836  75472  0  26737  101196  15629  4447  6317  14829  119  54  7262  9604  129  238  792  4072  2022  2293  2032  357  352  1961  804  5507  835  535  2115  2087  1464  342  770  1968  1637  587  85  694  17  280  18940  23673  10262  1664  12521  2665  2872  27030  
36472  5110  11199  26654  1330  273  10632  92981  630  2371  17602  25118  29512  28801  193972  2725  1100  44795  10241  190943  66609  39973  49357  137839  453181  401116  1.25568e+06  158459  282061  83548  135  16754  372  8127  1.84971e+06  47289  106582  45287  33488  0  1.94546e+06  4010  921  1487  4054  274  505  2765  31129  1479  4315  17003  6662  6109  5301  7670  6391  4497  30658  5943  47369  9301  9451  16366  22157  11713  5341  4433  3560  6400  2238  564  1908  46  601  86010  18188  12576  12045  4870  39756  6833  201511  
11671  1263  3827  13735  306  68  3744  19391  278  1775  7348  8992  7490  8996  44768  1912  825  14456  4460  26653  5042  3250  25469  11479  82313  30360  565177  158153  58485  26350  63  12346  358  7777  1.13267e+06  71124  78463  141498  49653  1.60576e+06  0  1681  353  490  1418  83  82  942  5304  242  633  2327  2481  1908  1874  2111  1075  625  3515  664  7822  884  475  1360  1301  1077  557  738  991  1044  348  81  327  16  104  27674  8314  3031  2944  3222  4277  2998  196565  
40397  9835  37717  40420  213  184  19339  40999  1277  1043  4051  2748  708  993  1292  879  182  4260  932  11703  2507  3125  1213  5332  1204  146  494  1477  1556  770  13  427  27  309  13008  43907  7848  2750  11451  1508  1355  0  2.19624e+06  105309  824999  305141  67451  610690  99260  2835  18915  7231  18307  8327  8102  6030  16680  22447  20829  18080  34833  10935  11576  56920  54474  26701  3894  32554  185106  57200  53537  10643  316490  1578  975329  153675  304641  372843  31334  49249  24558  37923  50315  
38723  20835  49506  29219  615  102  40443  70310  799  873  2657  455  260  277  340  733  190  1876  494  5304  1012  1167  899  2369  791  110  245  668  936  671  20  318  20  217  27486  58002  9054  3378  6187  1967  1719  1.23453e+06  0  26746  5693  466307  34430  344664  58637  4453  8057  5385  2018  984  701  1795  7155  6598  7930  6668  15436  3846  3933  20977  16294  10558  1667  5102  14367  27217  13272  3662  99163  357  32318  248718  439440  182823  29891  15146  21829  16658  58092  
31230  8040  37891  36374  130  13  14588  26298  117  176  477  681  99  129  148  171  40  318  115  957  186  193  229  463  234  35  196  671  289  238  6  94  5  95  7765  26670  3556  958  4395  577  631  43060  11460  0  118406  682  326  195119  102275  192  366  439  500  184  180  526  408  234  589  392  1818  493  447  1669  2120  896  175  565  1288  1366  791  118  962  11  1522  27577  98096  22227  2143  9229  2479  2054  7806  
100721  13953  103101  921532  252  94  28430  116413  507  601  1996  129868  4057  3233  4648  593  205  1871  771  10278  2061  1452  1608  2602  2309  468  4936  13940  3328  2811  23  1089  19  968  16546  68822  22359  3913  26333  3497  5899  873216  9393  199563  0  569  380  13608  554723  342  629  1307  1.38782e+06  24383  17664  10707  703  732  2143  1608  21536  4196  2684  6961  12974  9683  1172  3706  23070  16394  5958  360  3159  28  3584  24532  150458  21829  2489  42825  5752  21312  10115  
3027  2819  4183  2368  1018  829  31956  70411  5803  2392  5313  371  591  468  717  1472  709  3857  1519  10181  1760  1777  1794  3151  1111  144  213  359  1285  978  80  721  47  713  33408  27355  12645  7421  855  1722  1425  363913  946159  9215  3086  0  1.04023e+06  1.03446e+06  214963  32825  42909  13370  2381  3273  1683  5685  20743  23925  17744  20485  33034  6890  6453  49579  22551  38199  3384  6328  29230  145643  54083  14341  26407  676  313106  458563  247935  280059  68131  3992  27467  20845  102467  
1868  2153  2912  1707  1516  4576  40345  208390  44287  21390  7821  365  985  951  1220  2603  1137  7141  5824  13934  1726  1091  2285  1750  2126  208  281  576  4323  1785  140  1308  55  1518  64122  44991  19512  15552  607  2416  1872  78312  121667  6028  2588  1.12299e+06  0  990972  644522  613275  1.88404e+06  14325  1108  3340  3873  10583  69681  137993  30016  66433  34625  5972  3321  66390  11691  41058  3456  4942  34524  211869  105483  33201  151614  5417  973258  109638  83404  147745  35915  1226  17293  10068  63558  
63602  46327  84006  41435  5251  3171  234271  387394  31047  10412  16021  1037  1415  1165  1153  5646  2829  13617  6963  27856  3577  2701  8762  7558  5643  668  920  2257  6486  4958  379  3165  174  2723  191504  227009  69477  33268  11061  9381  7392  412409  637558  214577  9876  1.86815e+06  1.33858e+06  0  1.92569e+06  1.40813e+06  223735  33012  2732  4773  1803  5270  96174  63717  50930  154791  59789  10299  5620  336977  20396  201229  10011  21839  35087  942472  292631  45329  33924  617  37990  804617  832334  264094  103850  14452  72052  45610  212731  
167141  98069  204935  231810  17405  23333  544886  3.71469e+06  274273  221718  167185  69785  159093  54702  62331  22520  8966  47510  38187  188157  29753  14264  24803  23363  23727  8163  10604  11922  33693  19887  1125  11695  708  12282  746731  866351  214573  132596  31581  47844  27858  83432  136870  266881  712507  72757  123847  2.11658e+06  0  1.51784e+06  669620  621228  629250  1.18737e+06  787111  146622  70232  23961  119294  93931  548597  65587  23731  85320  65283  35556  16409  29661  56954  90235  42193  8587  30643  962  50895  1.78817e+06  3.17233e+06  703432  374798  24685  207156  93832  656794  
1194  1535  2059  1053  1053  4417  26388  200935  56140  29768  6284  326  566  564  364  2448  876  8066  7182  11303  872  438  1830  882  2563  175  231  510  5886  1847  91  1046  50  1109  52142  35793  15272  14191  433  2295  1650  4930  16146  5018  1086  59546  1.14155e+06  1.25361e+06  1.89474e+06  0  1.94539e+06  9012  542  1088  1392  1352  20673  49534  61249  166137  18653  2578  1184  123181  4044  30244  2174  3679  8265  183373  95964  10491  9938  184  9969  167792  275639  106656  58980  842  22771  9349  93368  
1859  1705  2923  1729  848  2973  18947  363169  76026  114926  68620  398  859  2986  811  14673  1627  12640  7205  26544  2495  1412  2464  1977  2986  255  336  635  6139  2046  96  1098  61  938  67661  64844  17849  19859  824  3803  2854  28992  29949  7105  2762  73021  1.53845e+06  347603  1.27352e+06  1.54484e+06  0  169201  1390  2310  5487  5171  2.7064e+06  422883  132851  127848  60287  10344  3962  72416  11902  24911  3179  7893  63775  150649  104239  41221  541780  69332  871612  449448  850367  531547  285090  3206  144944  38874  282691  
1609  1050  1883  2407  401  563  6118  200869  10541  142768  497395  1783  5839  32269  2541  79743  6038  30202  4751  141353  2389  676  1760  886  2357  515  653  903  4259  2049  87  2028  152  568  38544  37094  10214  10036  678  6680  2000  2004  2313  2372  3920  2199  2299  8350  696106  3029  164778  0  8848  26753  617661  3275  95045  7337  111330  3561  585721  7225  1068  3217  2365  2720  877  1466  2994  4594  2410  1249  4324  272  1923  110238  161779  38542  35336  1079  20570  6851  58188  
30928  7851  28633  429237  1140  645  39748  434537  3275  2345  15693  780575  200450  63990  76453  1736  985  7619  2983  131420  23437  10290  6282  10124  8452  5125  11103  18572  9508  7177  125  2361  77  1656  50543  57314  52747  13865  23504  19568  20301  73830  9843  26265  845035  1808  1071  27547  1.11092e+06  1398  1824  10969  0  575081  279687  155224  2137  2052  7516  4546  244142  34166  14303  17643  39880  22990  6684  10703  54480  39175  13516  877  6039  106  4415  58590  82912  54890  8903  230025  22531  105894  30058  
10351  6360  11381  49156  3366  2525  72891  494141  12890  7758  40507  138193  816892  203049  108526  2991  2496  8629  4126  236572  36852  11708  5620  9618  8939  8525  9586  4671  5492  4264  295  3117  218  4303  92267  76209  45207  20974  5014  22371  5690  36166  4614  11587  80345  2746  2105  20303  931215  4435  3317  24897  547638  0  579343  181460  2476  1491  6775  2707  288492  34331  12665  7395  27649  6810  7422  6213  11472  10593  4336  481  2272  65  1984  54788  64279  32387  12253  34595  18625  18486  45541  
9890  3461  10293  45915  1019  1321  16928  391531  34424  40799  181786  52014  188244  809036  261974  12431  2462  31526  9233  721374  64459  17926  4762  11117  12509  9524  10270  4909  12682  5591  133  3063  187  1894  61289  52196  26487  15379  4688  31100  5507  50162  6116  12263  89805  4736  4527  15953  1.02176e+06  6439  12584  622492  337098  531067  0  493027  8905  6194  38204  7504  1.18557e+06  112540  28713  9754  47409  11023  17349  11126  10154  15254  5860  1269  4436  93  3212  78984  106013  43557  24676  11903  30928  13149  49396  
11512  3581  10753  43595  532  619  11508  149590  6034  3463  15492  31419  62162  180089  620504  2020  791  20328  4901  540602  78752  26833  5548  19877  8340  3647  4048  3808  9615  3823  69  2084  201  1238  35436  23057  18892  8181  4294  19574  4013  24696  5342  17855  75122  2765  1877  10261  291416  1879  2803  12685  207709  129489  468137  0  2721  2615  25363  5163  1.73054e+06  134853  111554  13059  688420  23725  165486  77881  14319  12447  4437  727  4281  235  2888  66552  55952  30378  25011  9728  221922  20526  54587  
918  674  1205  1105  291  285  5033  31210  2815  29676  75093  302  297  1490  479  60628  4075  16950  2163  39463  3127  1359  1423  1358  1317  159  219  392  1869  863  62  1101  92  352  18486  11184  5925  5475  591  2297  2271  19935  10580  2754  2024  20402  59208  34452  121855  32597  2.2395e+06  99422  1788  1412  2215  5037  0  2.37013e+06  845273  98129  71884  14361  3619  34115  9867  14102  3237  6091  55347  60551  42945  31577  913275  534390  752452  377443  275068  669263  350356  3203  162543  42858  319496  
1589  1031  1796  2105  373  463  7062  37372  3951  13443  109662  559  490  1806  929  39371  4253  66270  7481  146928  5128  1954  2683  1916  3497  340  446  1239  6049  2767  104  2417  139  761  34590  13944  12387  10641  1503  6770  6037  26319  22465  3915  3413  61262  303943  99706  122581  61240  543958  52300  3309  2307  3295  8162  2.39948e+06  0  823974  1.65694e+06  168141  22001  4912  83941  12471  32284  5090  9358  64492  220314  457883  742836  2.32736e+06  443440  620171  435452  129710  659168  365037  7004  143227  87300  339248  
3539  1795  3227  3397  720  355  6624  38480  3671  10780  67300  1288  771  1471  2052  42262  5612  120988  28374  171854  16537  5901  25389  5626  27695  3014  1840  4731  37847  11531  209  6257  367  2432  62908  15026  37287  18262  2833  26023  7244  15208  9247  6640  4399  9608  30041  43137  167429  64247  128153  71842  3664  2318  3318  9221  861251  708314  0  3.0725e+06  1.13643e+06  222592  12774  953004  37331  160205  36020  22961  33126  174819  56469  12534  77212  1955  29020  222398  71542  273197  155743  6503  114824  73358  154237  
3689  2096  4894  5197  579  479  11537  57131  5916  6416  35509  1557  1132  1595  2240  7391  1845  68286  13231  125569  10286  3623  16485  4257  20247  2272  1067  2519  23910  5574  124  3444  235  1642  46068  19642  24644  13709  3690  12442  5928  32358  22098  13453  9614  29544  68806  168161  183214  153447  110437  16632  8461  5367  5039  13463  43205  2.3256e+06  2.52157e+06  0  320772  39004  8941  2.58306e+06  36999  331854  49805  44216  70134  1.2184e+06  1.38695e+06  1.29582e+06  292443  4799  77458  367201  88099  583252  268769  17972  163767  187178  219710  
19910  8530  17719  36681  2679  1266  24981  238331  11351  21026  222447  27526  55378  107948  225788  60226  11343  354989  84249  2.10847e+06  333615  89428  114648  50556  117164  16454  11295  19564  147844  39731  553  23821  1885  11294  249808  57674  157129  67249  10748  123752  25416  32637  16860  24269  52651  9837  5535  31076  445305  7585  21423  492538  133586  111941  516503  1.65411e+06  29360  34263  1.06158e+06  112307  0  2.31997e+06  935513  253903  881410  247921  197853  128434  72821  273115  80073  16288  70128  1400  22646  440131  123331  208963  182208  9413  394805  95611  267404  
1048  501  954  1160  157  38  1422  7498  313  657  4116  569  691  895  3078  1297  249  31495  3418  68662  152154  79589  43396  15902  19526  3242  1052  1250  13937  1933  14  1265  81  670  32079  2739  9410  3772  769  14458  1816  4024  2055  2042  1637  1104  321  3165  15778  330  1404  3304  1740  1438  1866  88793  1851  1817  194964  20147  1.18796e+06  0  384701  205215  222315  51294  52344  29686  14099  31114  7354  1075  19077  274  4766  74871  7644  48780  39195  2133  57274  25080  41350  
456  179  499  586  46  20  486  2761  123  109  794  209  299  378  1450  194  49  6321  614  19514  70356  100955  13175  12443  4309  1091  692  394  2443  508  6  288  20  141  17404  969  2090  755  273  12756  416  3418  1302  1667  1106  541  116  2035  6125  60  305  530  1147  760  810  98262  395  338  20014  2616  439197  397360  0  105169  601711  31984  46453  17889  7708  7994  3554  169  4393  74  2061  32035  3592  10529  6198  845  60484  8039  17840  
2571  1621  3652  3371  389  269  7398  32211  2543  2120  4565  913  680  612  2363  1119  382  57321  8213  83438  59386  22640  97106  38270  47169  7567  1551  2357  34087  4031  30  2442  107  1488  75132  10288  19313  7898  1955  19388  3581  19037  15580  9828  5823  18899  29593  121699  98154  96894  31530  5745  3594  2573  1949  22542  6689  53496  561611  1.48611e+06  256990  211813  198653  0  719143  963811  90302  52548  44711  1.22368e+06  1.114e+06  70021  110894  775  33460  248753  37100  235098  84820  8736  80072  105526  104314  
2191  983  3182  3069  121  49  2827  11508  363  389  1989  734  618  662  2134  461  114  12648  1755  33229  58241  109668  23719  190772  15547  3289  1830  1318  7483  1648  7  827  27  383  49586  4583  6354  2185  981  30041  1353  24617  10161  12405  6308  3957  624  13959  30535  343  1313  1788  4338  2601  2158  783918  1789  1781  42094  31429  664741  267673  665484  566516  0  2.10399e+06  868540  103991  44864  76503  28369  931  28502  281  14549  139615  16283  44495  17305  4273  253529  41431  160900  
2626  1229  3227  3229  246  114  3450  15333  713  904  7546  899  617  811  1616  1160  459  34761  6653  63691  20353  21604  22077  37576  23169  2587  1310  1657  19280  2938  28  2202  241  1180  39575  7265  15005  6664  2712  16739  2694  24527  10761  11300  6227  6357  5941  34380  37636  6359  5282  3624  5151  3232  3055  44107  3246  7067  70583  116184  128233  59919  66942  1.49886e+06  2.19501e+06  0  1.97092e+06  1.30564e+06  339572  3.53989e+06  160658  4043  31737  341  17410  336647  73505  71779  27206  17580  826329  90277  132217  
548  141  471  642  30  47  569  4928  490  352  1536  180  170  253  319  199  64  3651  772  8515  5790  4485  2962  5901  2608  371  245  240  2279  361  2  259  23  128  7062  1415  1870  858  383  3363  351  4023  999  1473  1301  462  317  2413  8304  327  478  590  1517  1050  791  89585  665  687  12314  19691  48173  24645  23316  110825  560419  1.58978e+06  0  718110  95345  103506  9800  386  4402  104  2329  41667  8386  12017  6371  2176  469113  36465  131235  
1171  183  753  1566  51  115  932  10385  1022  676  4530  565  466  616  566  429  129  4218  845  12013  4795  3989  2069  4633  1507  291  285  289  1443  445  4  256  22  137  8339  2968  2043  1170  1049  3548  544  55710  1149  1489  3549  622  526  2863  14934  380  945  1101  5700  3396  2324  100444  1010  1199  13259  6356  80766  23829  24746  41375  99347  1.0424e+06  815379  0  600652  95643  5829  399  3921  191  25504  107234  32775  33889  9659  10946  666985  236810  31519  
5463  732  3310  6690  109  98  3229  14513  704  475  4228  2189  1234  1120  1450  932  164  5086  930  13783  3003  3887  1516  5536  1254  221  359  511  1449  535  13  326  26  198  10153  10195  3575  2037  4081  2814  1156  308328  18823  12225  15180  20459  7464  23739  55738  1417  13839  3182  21952  12094  8907  12891  16689  29206  24628  20783  44020  15792  19243  104561  57986  146180  41515  500602  0  359403  608352  8697  317356  4097  259504  384498  91366  278723  20815  52578  411338  830474  103158  
2689  1127  2419  2733  360  241  4775  24064  2107  1955  17089  975  730  1264  2093  2806  920  51825  10742  96617  14337  9475  16665  12902  21084  2323  973  2020  23730  4579  60  2828  292  1481  30368  9141  20486  9300  2053  9359  3316  25108  23678  9192  4608  45292  63710  193379  76699  56871  33544  6584  3924  2731  3438  13593  9981  90262  132669  295651  206110  61176  32556  1.56107e+06  156101  3.54952e+06  118398  146895  315785  0  4.81349e+06  141041  59885  938  45274  250691  42135  186456  65944  7275  287466  54506  82116  
2591  1361  2632  2730  447  300  5959  29415  2318  2149  47171  969  939  1963  2239  7339  1623  73926  12414  158515  17571  14308  6319  17403  7555  970  913  2089  14376  5998  91  2867  187  1183  31958  10659  20536  10286  1754  11770  3784  28059  34921  10161  4549  69921  94229  137998  96792  37206  47108  11297  3296  2618  4150  17412  28612  617878  178279  666149  353337  104083  50247  682620  180060  178660  28616  14368  592493  3.64862e+06  0  2.37079e+06  3.84686e+06  2024  69773  213001  36120  194757  71146  4763  322634  40888  91967  
401  225  431  434  74  128  1718  8194  967  642  11532  131  139  310  336  2200  353  10640  1467  25211  3387  1512  861  745  1128  133  98  271  1720  563  15  436  51  212  5878  2580  3105  1778  325  1309  693  5589  12613  1678  810  29423  52395  43755  30243  13130  29256  2956  622  512  785  3448  19708  667313  38539  868477  57256  23272  5403  167473  8969  27340  6163  3450  19447  188415  2.69804e+06  0  1.52948e+06  1541  28745  42819  10203  70190  27593  1332  15013  11766  24517  
8214  2278  8518  8954  496  550  11350  54627  4202  3643  91557  1162  998  2029  2057  20160  2612  70646  7904  187352  26551  15150  5870  15017  6258  738  616  1639  8696  3265  108  2591  158  972  36511  20254  16197  10047  2700  8285  4443  361121  104574  22649  10282  107358  197927  98031  213442  12298  553018  27335  6473  4477  4963  36736  709538  1.97991e+06  226708  279206  441440  158021  55468  343992  183914  115572  38467  20216  504901  143187  3.73913e+06  1.33105e+06  0  851880  1.22672e+06  231221  66481  661896  181774  9591  100576  97109  186404  
111  64  134  151  31  29  454  2446  181  259  6081  45  54  110  119  2027  152  3154  334  11010  2058  571  332  266  358  42  29  67  404  127  6  114  6  45  1889  840  738  515  73  342  249  3888  1800  302  236  4137  7010  2309  9455  508  94428  3000  258  169  187  3103  223462  392776  24486  11933  47687  9150  1065  4033  2748  3194  1620  1321  13299  7564  7552  13084  611302  0  396781  13060  2321  69202  15175  340  4902  6520  13452  
2773  1953  4803  3439  431  623  13833  58856  5654  2467  19587  461  663  771  1213  6451  843  11682  1976  35999  5714  2702  1755  2906  1594  200  219  460  2197  1022  57  799  49  507  22009  16952  8379  4964  952  1985  1402  915364  140129  18721  6931  773811  1.4466e+06  73552  262819  10954  1.92945e+06  18201  2561  2778  2723  13978  1.43428e+06  1.37731e+06  94401  73865  126218  26994  8638  57483  28245  33312  7243  24121  244151  118282  115716  90471  1.80997e+06  1.01589e+06  0  119685  82182  781442  58826  7203  33422  130434  64543  
14895  15530  31974  21579  3028  3033  96339  348669  29185  31116  109062  3537  3964  6721  6946  17839  3434  50942  12715  212518  54755  40361  23611  49004  18461  2945  5801  6194  20226  8379  280  5466  358  3552  445213  151433  72565  67473  33004  61043  51572  128829  147210  86890  42346  26317  12080  362308  1.50706e+06  27158  571646  733268  32271  26951  22893  80527  609857  116388  428038  113686  1.13668e+06  244187  127725  382515  318523  275846  102262  368566  529235  400075  177182  11264  100274  3833  32283  0  2.51717e+06  633516  430529  276602  2.11588e+06  1.2661e+06  3.6393e+06  
21436  14480  32891  20078  2186  1229  85338  253573  19325  19409  43184  1647  1976  2782  2350  10494  1616  10867  3838  36254  4190  2372  4336  4471  3045  426  719  1585  3738  2708  154  1570  73  1161  88902  105860  33144  17276  11900  5621  4632  231641  191307  169312  55870  9195  5828  461137  921327  26468  99395  149754  11590  16475  7272  9901  59206  27870  37537  11230  106288  14681  5694  19249  16187  22078  6815  45906  64430  30325  11760  5203  32539  2845  8441  2.04807e+06  0  209199  84277  379438  213976  151803  304740  
15276  16349  34046  24790  2087  2133  74411  325802  25202  27271  55032  4636  3905  4521  4735  7569  1789  17643  5313  66852  13087  5911  6023  7247  4605  654  718  1583  5734  3221  168  2134  120  1908  92434  95748  37903  22547  12502  6188  5202  246734  200655  139902  64445  67895  19807  326292  1.48846e+06  34510  371079  247555  34885  23383  16943  39966  418791  161392  261716  117128  344160  54131  16282  173517  51277  68725  17572  23793  83300  216185  109823  27134  104104  7288  170694  243611  326248  0  1.6963e+06  101804  145009  148933  302854  
2670  3558  7051  4118  571  700  17548  81005  5357  7211  23231  416  583  1149  960  3284  672  6618  1854  27384  5604  1699  1941  1741  1686  255  228  413  1840  988  51  695  47  582  31322  23073  13108  18877  919  2834  6626  18487  27943  20131  10223  9528  4022  40877  421912  9063  211456  149036  1089  2144  2045  10489  208417  39331  100570  36271  161295  23666  3393  56485  9216  18854  4001  3840  4956  100208  47782  6351  16719  760  9448  184701  130526  1.7136e+06  0  4143  428873  55670  852326  
18196  2735  13569  16741  55  23  5912  8785  116  163  1251  5608  3083  2320  3179  244  79  1073  264  6256  1447  888  475  1059  461  95  288  839  630  395  5  135  3  96  3974  32065  3632  1146  21723  952  1354  98111  12040  39739  43251  354  240  49763  21170  164  576  1162  51051  31982  22470  10172  1033  1459  4444  3565  14989  4572  2987  16556  9531  11611  2703  11199  46061  18812  5034  484  5563  112  2017  147206  427064  89318  26096  0  23945  113839  13778  
4558  1004  3655  5824  151  136  3215  24974  1286  1741  20981  2523  1942  3174  3228  1592  511  18721  3889  42433  9133  9330  6334  11718  5077  998  1705  1476  5598  2117  36  1051  87  518  38790  15672  9446  7051  11137  18814  4590  21162  3439  4990  11250  1175  889  7683  41121  782  15153  17017  33565  20307  14185  230544  22422  5145  31273  10113  148075  39747  46932  65498  173395  518659  675497  1.57792e+06  550810  185375  26763  983  11934  378  10770  1.5818e+06  356968  92492  123370  105111  0  1.67841e+06  224184  
3740  577  2507  4230  55  38  1987  6911  301  587  3406  2009  1504  1306  2090  596  121  3297  715  10572  2907  2887  1729  3654  1319  272  561  542  1250  480  9  255  21  132  15178  11676  3935  4811  10017  5154  4330  22825  2954  2389  8329  897  936  6451  14970  444  4525  3893  26732  17814  13016  20137  6824  7964  15645  10767  36597  13699  14833  80719  38478  39209  53198  560210  416289  42545  13266  1544  44997  1596  46381  1.25445e+06  300771  146326  30770  131085  1.72057e+06  0  165681  
25127  43585  65410  28542  6056  3775  160914  1.27879e+06  62958  519905  747872  3728  4818  10029  19261  361999  31523  298480  83426  436836  41728  13713  64099  52076  65401  34859  17233  18865  45594  27445  1417  21863  1936  11136  3.51134e+06  1.43241e+06  901462  2.51338e+06  21940  219484  224243  27008  32769  25710  14526  8839  9618  92803  873928  25321  484954  511313  4406  6324  6520  36678  499114  83196  294361  82667  652407  119172  28202  154236  61405  59494  35230  33151  45366  103672  48820  7748  36095  1954  16014  3.39415e+06  529725  1.35319e+06  3.11034e+06  14233  957724  344070  0  
