4447236  
2532436  
749889  
3654122  
4269237  
4799870  
9767296  
14650705  
4102846  
7469112  
3230459  
2581937  
2653232  
3919480  
3065825  
6207493  
8942186  
6705488  
8929916  
9984183  
1582057  
1268483  
4459423  
3981242  
8402081  
2317828  
2027677  
2304905  
9041772  
10167984  
2957911  
9987363  
826051  
7373059  
10857668  
4286316  
6313154  
2387824  
785506  
4580805  
2206068  
5221735  
2262922  
560373  
3506725  
3466831  
4863749  
9357573  
14697537  
5111813  
7887391  
2434050  
2910190  
2201561  
3630326  
3013088  
6144491  
7546843  
6518233  
8533558  
9169919  
1807309  
1139163  
5102086  
4346156  
8320075  
2293030  
2122900  
2703640  
9282949  
10147729  
3707002  
9482632  
999205  
6975653  
10835693  
3803851  
5297520  
2457654  
689659  
4525894  
2378623  
12510541  
