4350744  
2545370  
612127  
3910375  
4003791  
4444402  
8300296  
13841660  
4475286  
6952529  
2881160  
2560108  
2169531  
3299041  
2951345  
5340842  
6486478  
6094907  
7391402  
8573925  
1435082  
1242093  
3866808  
4072688  
7418003  
2187060  
2390133  
2175185  
8241522  
9612595  
2779879  
9746935  
798515  
6829971  
11018796  
3556247  
6390471  
2374164  
782596  
4266839  
2371968  
5275056  
1994695  
595295  
4127498  
3421171  
5034898  
7865799  
13808404  
4507105  
7376761  
2514079  
2743181  
1912388  
3374027  
2939995  
5761984  
6475427  
6390253  
7794016  
8883929  
1820448  
1230462  
4407682  
4112721  
7809001  
2174092  
2039618  
2392191  
9214075  
9643253  
3249116  
8607783  
910610  
6571257  
10912133  
2953394  
5357985  
2473339  
740229  
3602039  
2152671  
13646512  
