0  1.28664e+06  22441  747624  310941  81172  242616  18206  1876  17787  3442  22375  492  783  1458  16535  38119  48516  17705  14963  5758  20260  22990  79806  34628  3384  40474  135509  43775  176174  5398  323047  2203  936869  105465  87191  379784  29837  2275  36936  30867  4431  123  662  34824  308  163  4205  6809  780  1205  1594  8655  519  659  363  1863  452  5312  920  7699  686  1076  1261  2013  456  168  891  1357  2123  457  31  1013  21  495  10244  4889  2395  1723  1609  1662  2269  63778  
881443  0  7491  4233  732402  32423  309169  25661  3878  9302  3436  417  313  587  1638  6030  15181  42105  11703  16921  5762  18713  18569  76492  45677  3822  39291  12395  39304  80128  2609  27696  601  56897  841957  839278  384288  59700  3077  178508  105611  2661  403  1392  1534  1011  347  11517  11216  1041  1536  1231  339  209  643  460  2122  454  5453  933  7719  1020  1209  2050  2370  866  280  1977  1025  2613  612  34  1016  26  391  39097  8998  7086  5878  882  3935  10076  295414  
23764  5669  0  117961  4458  492  192325  159120  650  732  466  81  88  190  270  689  387  2950  674  1897  323  762  779  3018  2462  258  2358  747  2146  3427  58  645  14  180  40821  66880  26142  4533  1769  9001  6042  2871  250  5886  5231  1372  144  16859  6889  732  207  108  160  139  143  75  151  43  345  86  664  83  102  181  279  164  32  318  308  453  86  4  131  1  90  2931  11324  799  522  1027  553  1738  13222  
918063  2547  144403  0  472  309  8851  634869  737  849  1793  1.01915e+06  49602  46941  20500  490  192  2523  491  24591  2416  1518  666  3090  2936  1713  62014  133022  2934  9635  45  56879  27  17482  22973  51522  59928  3823  5423  6000  14699  63012  1030  67294  1.391e+06  1871  172  96305  106044  818  480  444  270674  41735  22806  6581  236  124  652  158  23776  2132  830  397  1262  646  351  5036  12656  3687  302  13  3518  6  2627  5585  56481  2306  1367  10706  1409  3551  8425  
535283  951013  9303  9711  0  1.36337e+06  1.31669e+06  443420  85166  98769  11235  1055  2347  4437  10505  45507  146810  119856  88138  49044  9612  28314  35192  102136  41183  5674  31469  8647  42041  90569  17551  114507  4379  808844  694522  526001  489799  96799  3332  174086  82018  1362  612  1378  1915  10241  1883  95487  112426  12256  4288  3707  612  579  1698  1298  4518  1033  8873  1633  15899  1666  2041  2984  3764  1163  433  1369  791  3554  1020  76  1711  35  1180  37031  8321  9232  8156  514  5131  6954  253310  
286777  190629  7511  6457  1.13995e+06  0  615682  482327  527806  1.3186e+06  5897  754  1637  2730  8486  79032  199270  62449  44223  22730  2872  6123  11641  18795  6731  2584  4070  6323  20503  73189  17661  195677  4876  1.30339e+06  69604  51831  151112  33788  552  13653  5289  570  488  1100  1339  12068  4932  152267  232204  56060  4018  2834  367  357  1082  721  2962  724  4219  1279  7739  660  621  1481  1367  615  186  624  608  1493  682  57  1470  24  2215  17718  7454  6717  5823  165  3338  1925  53009  
280542  560543  336671  15966  1.53558e+06  734591  0  1.30034e+06  1.05634e+06  140232  20424  1379  1150  2197  5431  31705  25458  168514  93414  65860  10180  27157  40515  100686  61084  5894  48853  10438  85737  89636  4008  25463  744  9668  1.39137e+06  1.34732e+06  567282  179725  9190  253589  133858  10501  4679  14893  12416  69336  13163  692010  380318  108707  10252  4095  927  905  2210  1543  5797  1417  12116  3526  18912  2707  2991  6042  6428  3266  816  5055  3306  7535  2493  192  3699  44  4052  106308  73785  24644  21424  2828  16632  24433  556895  
12632  28949  298432  946197  54759  212881  1.67336e+06  0  1.92435e+06  675254  483107  615077  1.40022e+06  737398  152216  39714  10621  130798  22952  667754  61624  38658  25218  88113  56535  29515  51107  14755  32328  43142  2467  41980  983  40746  1.10642e+06  881502  825074  396999  8002  178411  87339  20240  12042  73523  156330  124727  50278  1.3812e+06  3.55689e+06  464476  325198  28839  236587  93761  78858  31413  24116  4287  37982  21830  180491  19126  9725  14262  20040  8948  5050  11415  7863  17479  9448  706  14769  224  30838  238054  162583  87848  78769  5074  50375  36167  712482  
2631  12801  4320  3242  92758  890507  885605  1.6827e+06  0  1.624e+06  3457  372  194  274  516  13078  5166  83165  85745  4515  907  2400  13479  7461  4361  564  1778  3059  40682  24403  951  8730  197  7261  124812  114242  117517  72848  648  10784  4893  683  807  1691  643  8654  12558  165605  297652  161345  20311  732  197  126  367  173  1613  464  3984  3297  2915  379  396  1468  1011  522  107  415  1010  1765  1154  90  2350  17  5575  14677  6826  10465  9254  92  4029  1822  125189  
49007  40868  5582  4568  74135  1.10793e+06  139501  1.384e+06  1.33274e+06  0  82825  600  633  2588  1417  2.03622e+06  227463  118668  57975  17653  1355  2808  7126  8063  7073  969  5646  7563  28174  133621  23738  495896  40950  597267  195154  258557  279898  286384  1714  62384  13080  1176  1051  3702  1229  4522  9142  52435  442173  111853  350935  19670  274  258  1027  349  34390  1680  13176  10374  6077  518  542  1791  1102  638  220  588  1047  2925  1799  132  3473  79  9551  16914  11011  15010  14478  250  7894  5223  261883  
1252  1002  1065  2774  1441  1296  5589  579973  2922  71083  0  8181  57384  1.03178e+06  1121  75401  3643  27119  972  880744  2534  768  595  1545  1597  375  1373  911  2916  3252  236  8073  1171  6894  48183  27655  37162  27144  965  13117  3632  1106  319  742  3658  1141  1212  6545  235037  2974  309324  260289  3538  5805  30268  4305  83222  10440  25865  4638  34978  701  554  1283  755  959  1483  1645  751  2530  1158  232  5991  437  7472  12772  4802  8482  7736  205  5911  2303  44743  
27362  636  5768  1.22594e+06  260  344  6656  843347  1035  875  11492  0  356443  234314  117664  501  188  3184  389  118158  7767  3798  468  9014  12428  14895  19624  12442  1723  2127  25  4504  29  1747  20491  16188  11783  4157  4422  6725  8136  35511  308  16379  310886  1391  221  35692  124379  1009  1398  1790  586294  57775  32792  11918  828  247  1539  276  39013  4146  1657  615  2286  724  640  4388  10148  3336  354  30  3025  6  2219  15099  25252  4100  4022  8385  2667  2873  11034  
2705  660  4162  57656  918  2558  10185  1.08563e+06  8536  3483  46668  479425  0  845057  292457  1483  661  8106  891  342084  22416  8765  970  16184  43599  51669  48888  2737  2582  2435  116  3261  146  2028  32869  15874  23469  8615  1054  16656  3281  38796  240  5410  97443  1815  788  27575  274685  6875  4522  6049  139010  345698  59996  19605  2692  639  3819  668  69703  5211  2347  951  3837  1020  1821  3405  5890  3064  554  48  2212  28  2056  12295  24218  5040  4935  3401  2806  2078  22401  
2585  760  3703  63155  1212  1418  7974  733051  3961  12259  935635  306449  819201  0  573116  6784  2900  27006  1785  1.13612e+06  61428  21550  1304  23974  55387  65676  62390  2780  5625  4432  302  6236  671  2652  35813  15627  29527  14600  1342  26996  4510  31393  295  6277  84881  1182  573  14763  216279  2371  51783  74150  77604  183381  644220  97344  22439  3718  19817  2649  263799  15844  5755  1937  6156  2262  4893  6626  5293  5907  1399  173  4241  142  3535  11512  20495  5401  3720  3219  8389  2736  24340  
2165  743  3358  37886  1041  1248  7400  183411  1257  1186  1449  194298  257760  701195  0  963  1862  58920  2830  1.96545e+06  188265  131690  5071  491936  208151  372383  244939  2287  7350  5139  310  6243  617  1843  42007  11032  31453  14272  1235  93651  5115  22855  297  6348  54261  954  300  12110  64282  822  592  5155  30499  30658  257357  436472  1820  714  17291  1863  397950  45161  21615  7783  23473  3242  6567  5395  2817  7391  1853  133  2804  35  1208  14084  15354  5530  3120  2686  8801  3073  28873  
25076  20050  2247  1649  51779  116705  55812  86308  107919  2.32903e+06  155055  479  1150  3451  1816  0  2.26136e+06  649141  76653  40125  1316  1736  6712  4446  5554  1241  3771  6975  45635  158232  21348  929217  512499  649870  136475  37258  283385  183127  1716  54284  9441  423  254  452  433  1191  1199  9665  32560  5919  48527  35929  160  223  2447  648  54855  15339  22033  4198  17397  528  1005  1902  1043  754  313  512  544  3256  1707  318  7006  349  5128  10595  2693  6140  5704  198  3901  3472  183409  
73386  70588  5069  3622  150933  213665  106610  156498  46322  344631  149919  3243  8537  22261  14613  2.3883e+06  0  1.08276e+06  1.77819e+06  350790  3104  3238  13852  7942  15340  4814  9414  7708  151338  901099  544092  2.74735e+06  667051  662524  122440  39853  355985  91217  4568  45109  20103  1327  474  697  1726  2561  1807  19756  37728  4913  58346  133588  622  775  13129  4806  143935  31652  63596  8193  84798  1706  2547  4671  2272  1913  1601  1999  1168  8874  3626  643  15647  939  9852  22087  5709  11759  8905  604  7486  5876  84089  
25772  19325  8857  5497  35672  38671  94987  145353  236999  196552  25129  1006  1027  2712  11037  443395  478819  0  2.73826e+06  759863  104620  63667  747301  154006  472946  82936  51239  20310  555498  222453  4791  210056  18115  120095  210686  37369  462947  180880  17394  289800  75651  1966  1631  1865  1128  2842  1607  24853  35826  5388  13868  17165  724  1271  9708  7341  40965  27180  201764  37976  239860  38525  103453  94875  60086  13354  2836  5163  3964  51891  15473  1461  23691  617  7425  125183  9585  32891  15051  2972  23908  23324  168370  
23144  26524  6453  3955  106722  117485  217512  114922  443154  171401  5389  836  1124  2395  9357  35398  1.89296e+06  3.68337e+06  0  110356  6881  8093  1.29513e+06  24714  409563  46082  36773  17804  1.40365e+06  3.3804e+06  1.00932e+06  398352  12816  98559  125790  36694  334606  131986  10672  159054  50380  731  520  797  801  2914  1451  35012  46510  13046  4697  6084  462  481  2724  1799  8170  3278  39369  6761  55203  5299  11656  14469  7905  2990  887  1439  1078  13289  3496  243  4831  114  1815  26345  4156  11229  5768  1595  6994  8571  106748  
11826  10059  14838  38996  7733  5875  49457  741855  8441  12420  500794  115495  208383  811108  1.74044e+06  26082  15712  1.40458e+06  57454  0  1.58646e+06  894023  72341  1.16975e+06  291371  331714  186695  10162  267392  98162  2853  64369  4032  18705  268344  60738  250200  108528  15276  440468  60793  7875  4774  16228  33099  8081  2986  73127  237384  6548  29419  67966  39340  58691  198907  226440  60217  27428  467038  75492  1.72217e+06  175766  280481  230241  196331  37035  21177  22128  9862  145089  39158  2465  52698  1138  12571  242916  29741  82125  34712  5863  65786  45614  170552  
850  717  679  859  444  214  2723  12570  255  237  162  841  1260  2627  99018  193  196  203738  2965  725566  0  867172  39829  423446  38181  69142  16687  813  8646  4341  82  4459  133  1578  21338  1561  13434  4026  767  52314  3367  345  272  1043  1418  362  89  3015  9746  194  179  274  661  4073  8238  19294  156  145  28011  2797  137117  163075  110337  35159  62249  6208  3527  2025  580  5491  1992  53  2909  46  501  20852  1147  5025  1857  271  7877  2409  7213  
2073  1969  1195  915  1125  213  5807  10660  318  178  90  435  502  1168  45233  125  128  116474  1549  217987  587907  0  65050  732037  33335  45164  7388  1639  6142  6873  48  7534  54  1874  26942  1409  28169  4193  1205  54663  4759  172  124  635  782  183  53  1857  5697  161  85  97  386  2369  5089  9151  66  57  11653  574  64982  113168  97262  34320  68750  3665  2017  1202  261  1595  643  20  1438  7  232  19804  655  2650  804  247  10307  1622  5842  
11759  9314  5557  3525  8499  2974  28844  42100  6954  3215  722  673  442  886  4316  1455  2050  1.36803e+06  1.26826e+06  91665  67626  75042  0  453698  1.0219e+06  106816  54234  12622  1.04402e+06  653312  1363  144701  973  17467  73987  11010  211767  50623  12503  191853  52668  518  377  514  529  783  243  6982  8284  886  650  570  408  404  883  4065  660  509  75533  5344  216444  62878  165631  167663  67684  12232  1515  1790  1151  9198  5507  113  4616  43  705  47315  2023  10558  3198  1917  8860  8269  49317  
13397  10530  7926  3722  3384  569  28039  37952  1058  859  282  1900  1946  3764  403373  425  455  363944  19068  682315  491441  1.09505e+06  425120  0  1.48984e+06  530536  55952  9006  51490  49518  248  25397  146  3433  108763  6101  118515  12427  6403  336199  23787  557  261  876  1263  581  137  5344  8711  447  256  383  739  2399  5366  13828  290  195  21104  1700  87005  32671  60931  53969  240111  10695  4544  3181  860  4740  1815  55  2542  30  364  58459  1680  6113  1589  807  39527  6685  24677  
11632  7604  7736  5799  2922  1136  23885  46303  4476  2510  866  15423  14002  24696  86940  1397  1408  756514  383426  190188  96251  143573  1.09424e+06  1.83183e+06  0  1.61896e+06  824278  11804  2.78167e+06  109342  507  33146  1139  9674  113686  10620  111717  21682  8083  991120  46626  2748  241  793  4927  494  188  5311  8182  571  804  4625  2650  838  2615  2691  2215  825  20336  2952  42059  9404  20944  19273  19730  6459  2470  2750  1073  6958  2029  93  2357  48  591  40910  3122  5936  2180  1144  26582  7897  42533  
3019  1568  2657  4219  603  251  5865  30211  392  596  228  16270  12800  24682  162310  298  280  216842  65686  222989  107083  173449  142671  466677  1.8337e+06  0  560827  3441  62508  27625  107  7684  203  2300  36205  3019  31606  5927  2508  525645  17077  2174  57  435  4177  130  44  1801  4502  140  261  2045  2850  745  1521  1785  588  129  4570  576  13328  3289  6642  5263  6830  1831  954  914  389  1685  455  16  517  8  141  11866  1803  1459  578  472  8415  2705  31698  
28271  3116  6001  38175  1731  674  8561  23652  638  1306  1163  22809  25853  39154  113607  1593  545  63047  9707  92549  22971  22281  23541  63384  846921  654262  0  187532  11551  7836  169  5846  147  6574  174255  29154  176248  104919  10636  845981  496319  6467  90  826  14584  224  111  2777  5184  324  703  5329  3140  851  2540  2059  2377  494  5338  505  13123  1883  4204  2994  4745  1695  964  1904  2068  2138  525  33  1119  19  604  16884  5884  4234  2972  3104  9385  2793  161531  
261582  19250  27743  180576  7446  2871  37689  35958  2178  2978  1998  11661  895  1326  1560  3256  1312  35543  7100  8833  4096  9695  15091  29321  19023  1966  170974  0  18646  42949  396  311649  206  39681  63502  31457  476766  37496  13042  29956  365645  6744  97  1039  28926  406  146  6073  8986  963  860  869  4614  685  632  226  1010  250  2161  368  3745  398  774  802  1042  421  101  1670  5073  2701  254  16  1575  10  863  5334  10719  1543  1100  8931  1088  2154  14553  
18494  12356  10135  4633  13031  20985  60526  57868  42047  36780  3128  1092  1007  2400  14908  9669  12240  966798  720690  141789  36326  38923  1.18722e+06  122835  3.20028e+06  51578  52263  27604  0  3.00671e+06  3512  76164  2388  24602  132828  23665  230991  129669  20923  350995  105204  1392  1121  1435  932  1771  1009  16721  22898  4236  3046  4138  797  1033  3674  3887  5345  3359  89086  15291  125711  9956  17360  22857  15477  6687  2456  3275  2675  37090  8467  498  10971  193  2378  44886  5707  28832  11481  3616  16126  23305  101141  
75201  41892  18245  8179  51144  77882  114438  145925  37514  111348  23688  2005  3484  8185  18903  29906  807880  635679  1.3297e+06  188269  31943  70652  465000  206435  162722  21909  27687  72642  2.79991e+06  0  1.21443e+06  3.82248e+06  6134  81003  182424  36919  451458  217312  17383  226656  86980  1196  684  1106  1591  2874  1403  29808  46101  7748  6052  26471  990  860  7412  3721  30230  9262  65010  9347  93900  5333  8826  11283  11279  4334  1828  2406  1918  21583  5140  415  8813  325  3493  30504  5902  18755  9753  2275  12277  19744  169736  
10529  11148  1436  964  29728  35362  32488  41681  9467  32640  6840  354  881  2061  3229  10222  1.12051e+06  51320  771968  35925  1058  1846  6625  5007  5165  1720  2773  3613  85534  2.10172e+06  0  1.00364e+06  3191  27620  18932  6109  65276  30508  789  12482  4362  190  103  149  273  1081  365  11238  15135  1975  1305  8067  107  116  1579  583  8973  2427  8184  1008  12181  337  453  727  514  286  196  282  178  1527  521  73  1455  58  871  3707  1106  1809  1342  133  1247  1269  20515  
566367  100989  14248  75440  116566  155580  101200  226918  17333  310144  124580  8411  9938  22927  20725  501123  2.0504e+06  964169  376746  370100  40261  70638  227613  162668  68890  17834  21049  374007  118292  3.96813e+06  559749  0  808849  1.58793e+06  136979  38604  859541  94570  6761  84638  62129  3685  639  1456  8760  2799  1603  24656  46532  5730  29534  107974  1628  1149  13506  5977  107394  22065  71290  8764  109912  5044  9409  10071  9592  2878  2191  2694  1877  13901  4207  519  13530  733  7359  29392  9035  13711  8728  2351  9795  7688  105837  
7435  6553  456  262  8271  3399  5395  10916  574  19776  10971  161  468  1167  611  175656  360836  27239  3728  15679  207  193  656  443  703  249  372  811  3211  11126  2325  478280  0  310397  3255  1364  55472  3040  93  961  574  67  23  35  107  112  67  958  1563  191  2931  5914  38  35  455  194  5504  851  1633  173  2769  82  115  141  82  47  64  88  28  239  80  14  432  38  274  766  234  352  293  16  284  161  2537  
1.52319e+06  334345  4817  26778  1.01164e+06  1.55265e+06  50862  122213  9636  1.11484e+06  49760  1589  1770  4473  4340  1.37154e+06  1.07646e+06  298884  79893  77245  6101  11965  28544  33217  15216  3497  8812  47759  83847  317837  54211  2.25767e+06  747535  0  34103  16753  759062  17972  1242  17501  11072  664  154  434  1979  1258  575  12887  29136  4162  15316  23918  332  237  2430  1094  23349  3787  11799  1716  18260  896  1709  1855  1733  524  363  474  344  2606  733  84  2417  155  1458  6823  2272  3020  2096  327  2035  1557  23872  
66360  45741  144407  108384  37804  15561  526505  2.24408e+06  60905  455992  215486  11804  16601  32623  56768  411224  19351  994297  107829  382401  71955  83300  169804  185607  301544  41986  513702  54971  277847  399966  2695  166331  4495  37046  0  3.28792e+06  769817  637917  284846  2.77598e+06  1.58658e+06  20232  4472  10852  11696  20966  10280  208488  470440  53390  43840  23806  5333  4214  12023  8454  40128  6844  54671  9740  90854  14898  19177  31360  26521  15988  6650  25550  11385  28007  7591  615  13378  291  8412  712880  71771  113961  101472  10345  88858  131791  5.51908e+06  
50508  43833  208724  138224  11236  3164  475105  520014  14844  82026  84215  4985  5006  11793  13883  76345  4530  111609  8449  86084  4574  4792  9163  11570  46578  5868  85143  7494  27921  28528  322  12894  874  5576  2.29055e+06  0  241046  398774  715480  396150  250623  3041  810  4300  11210  4068  1265  46060  87975  6901  11319  6169  2426  1143  2687  1269  6469  1118  6944  1309  14034  1498  1402  2628  2031  1248  535  2570  1404  3313  826  71  1616  52  1113  66824  13819  12041  12825  1929  8323  14921  739362  
168318  67013  196282  199971  67484  23077  430187  1.35484e+06  69091  396077  281195  15723  14523  31018  32526  169635  16872  432177  80452  135824  27045  49422  80562  139602  82478  19148  101759  110293  103781  166076  2948  128464  3847  91246  249621  1.28403e+06  0  1.36747e+06  350146  141649  192732  4558  1260  6640  16986  8708  3478  98536  254239  27267  75452  33440  10675  2624  6509  3152  29010  3410  18491  3635  33903  3671  5329  7061  8892  3328  1128  3233  5329  10481  2728  167  5244  181  4138  40097  24825  29220  13829  15254  11637  17207  182688  
11808  10412  28198  22965  10429  4347  68300  319144  12319  162646  82708  2209  2938  6323  7034  66704  4944  172761  43012  58347  7679  6361  19296  10558  12139  3747  23263  5815  36893  41326  833  12603  793  4217  211861  387474  1.71472e+06  0  63589  78170  214297  1141  358  1374  2339  1844  855  18658  48690  4729  20311  10861  1342  500  1828  934  10349  1352  6947  1204  11701  1509  1931  3374  2738  1153  436  1029  597  2624  901  85  1668  67  1009  24082  5818  21619  14570  7655  8617  11081  372719  
9635  1975  8923  23301  273  92  4855  6809  308  2291  2049  819  218  342  424  1807  206  11142  1682  4035  1268  2453  3665  6269  6027  1031  28526  23005  9795  12566  36  2667  34  365  97585  400565  280912  121487  0  25124  76218  854  42  337  2447  106  57  1294  2004  183  565  431  545  71  196  97  620  140  1588  291  1821  389  433  1306  984  465  108  528  680  918  279  16  554  8  148  7806  2293  10495  1665  9351  1035  2870  35600  
9696  6643  11386  9864  1580  879  28860  39462  1797  5457  7010  4936  3915  8256  22581  4769  1242  120168  25305  120975  42485  77513  49076  220499  587580  266063  1.26426e+06  24469  199240  179707  384  15899  193  2402  1.84825e+06  90373  141694  77563  48393  0  1.06555e+06  1448  493  924  2196  876  678  6938  10767  840  3342  14104  1626  744  6323  3567  27381  10997  45624  6556  55353  8843  21872  16541  34136  16036  7457  11711  3688  16923  4345  379  7755  278  3371  129841  4231  15553  7701  3033  96346  38469  171626  
3484  1646  4060  4565  720  289  8800  18743  816  3705  2919  1377  633  1087  2290  3497  621  93834  12246  19829  10175  15653  48681  24146  39718  14823  1.10582e+06  81664  45703  41203  162  18115  229  2606  895838  129835  285499  424224  44458  1.25716e+06  0  707  142  317  639  373  259  2787  5652  517  1660  2283  750  242  798  451  3522  975  5327  810  7763  1161  1892  2857  2769  1158  384  1110  702  2793  855  51  1212  33  404  22281  2188  14039  10419  3253  4333  8137  251182  
1188  462  6026  11306  232  203  6649  11691  1157  2068  1093  804  387  540  501  1522  577  4725  413  4042  1366  3058  512  2846  574  128  1474  2003  1169  847  43  1405  120  410  19112  15478  4192  3114  924  2388  2496  0  1.48201e+06  36416  653713  466583  91856  630059  55693  8670  24776  2190  4859  5013  5146  2368  6020  6608  25930  13671  22149  10159  7987  36085  72029  36884  3109  47610  285768  148363  65239  3019  341044  438  1.40843e+06  234967  187940  349774  99309  111243  31224  51729  131031  
201  540  1139  1462  197  125  4677  9011  1058  1434  613  96  95  129  284  990  240  3159  316  2514  972  2246  431  2318  472  99  408  106  834  615  29  589  46  220  18604  4771  2377  2682  669  2044  2202  842370  0  1618  351  917430  46391  282219  20084  5063  21084  1948  94  450  1373  1444  5888  4571  18699  6787  19056  7526  5679  23163  48957  27705  2096  17697  11448  42108  26839  1856  70329  302  85502  448508  544610  273951  150756  2549  91590  46125  147401  
249  566  8474  29221  144  75  5978  7611  349  172  31  6723  69  97  153  37  15  197  36  738  195  197  41  186  115  13  191  202  105  97  2  100  3  27  1936  2687  789  218  54  466  331  23406  132  0  93971  162  90  74117  79350  245  298  73  441  2187  2269  485  88  42  234  74  3530  567  222  222  637  311  69  332  226  429  196  6  119  2  98  5823  22915  2519  1197  717  1087  1162  2050  
76551  2822  29321  1.14814e+06  381  205  24941  90075  539  566  1006  257230  14867  14290  7648  433  229  2584  339  21114  3177  1963  320  1668  1283  714  21829  43182  1418  1644  30  15043  55  4651  8572  30542  16380  2022  2145  2556  5060  690672  323  122070  0  529  135  25448  480031  346  537  794  912337  170033  61828  16174  253  156  1126  284  96578  8336  3082  604  3283  1734  1392  25037  53437  10574  483  25  13358  7  10860  3716  149380  2920  985  54833  1826  8360  3856  
498  3967  6656  5748  2984  2285  76588  88390  10121  5160  1389  639  312  275  548  1969  726  4773  775  4700  1261  3012  938  3561  1167  199  876  285  1546  1321  61  1164  106  547  28350  14192  8898  5559  801  4721  3537  593668  945465  2568  1046  0  926310  1.03636e+06  135279  44126  52625  5051  412  1753  4815  3664  16755  11015  47217  12920  43011  10341  5960  34364  36119  20072  2440  13740  16862  34965  34060  5478  98779  712  645758  537671  682282  170264  172847  1883  125584  36844  225937  
550  1602  1544  1446  1324  4354  27338  95640  60518  38635  4843  282  348  306  329  5552  1829  6231  1731  3787  629  1417  771  1746  747  153  556  497  1668  1421  103  2409  216  2028  23031  8483  11780  7694  700  2820  2636  107954  94301  2546  612  1.23218e+06  0  823031  564125  744195  1.63859e+06  12424  178  874  2552  1992  54455  35765  38445  22487  28011  5481  2731  27971  11815  7829  1586  5815  17323  81142  91563  10839  129652  6024  1.05259e+06  413002  472247  119126  177496  742  132137  22391  274716  
4588  37651  75415  93982  33487  34793  769838  804854  116497  30100  3046  10308  1562  1546  2287  4328  2100  17953  5048  15553  3185  6341  4753  12812  6581  867  6069  2242  8354  8173  347  5749  175  3253  170687  112671  74632  29054  2234  29231  17930  241359  236953  154862  15336  1.64107e+06  1.10694e+06  0  1.54519e+06  1.34869e+06  133404  5106  2498  2858  6197  4869  26043  11677  64385  52560  52482  13438  8573  55991  56007  31389  3668  19641  20136  106642  70581  3089  43112  262  74348  726580  1.11563e+06  328000  260277  8372  152053  57626  359083  
11974  33120  74630  226371  39829  92020  795383  3.50023e+06  632034  645488  168478  73877  157274  78812  39821  25524  7083  80626  21683  210615  29602  30367  11378  34207  18834  6144  17285  11199  24698  23133  1058  31606  1016  33611  475183  314075  252063  125543  4131  70796  36363  16875  13905  193816  864958  89084  142394  2.15561e+06  0  1.99877e+06  565209  396960  1.54653e+06  1.05014e+06  1.06282e+06  153760  31474  8479  92005  38818  985322  110235  45802  33212  87331  23639  31190  22130  20215  25594  17454  1943  57060  1183  133348  400261  471919  468181  378071  5722  140752  39565  491195  
766  4259  3383  2729  2591  11868  58401  149244  172764  70140  952  402  225  166  261  1526  513  5888  3168  2039  332  749  980  1554  738  135  606  708  3162  2300  80  2153  67  2220  23267  12281  17014  9286  309  2927  1874  3769  5472  3394  749  78031  907123  1.2743e+06  1.8496e+06  0  1.61154e+06  874  203  316  748  523  22979  16199  79766  127923  6890  1550  791  16867  3949  3459  518  1644  5434  44950  53971  1023  15251  154  35209  98011  301505  70954  72718  317  38525  6416  85411  
1261  3038  2361  2074  1919  2436  21330  278824  98808  454861  49211  330  293  1057  364  23613  6613  19161  6076  7287  527  914  1135  1706  1343  253  858  1029  3422  3074  186  7067  875  8207  37806  40577  35085  28434  873  8661  3353  23433  17255  5095  1476  79246  1.45197e+06  213410  1.29122e+06  1.52588e+06  0  93980  684  1134  3669  1560  2.64551e+06  208155  77421  59804  36819  3522  1551  19577  5209  4748  1249  3958  9380  63949  81090  8348  456306  124502  796458  241372  849952  271849  333770  2917  179334  41460  317202  
1580  1409  811  1333  2407  2672  10003  61884  5208  188434  255875  494  1543  8115  720  92918  32740  30077  1856  28811  504  413  564  928  1678  539  1690  999  3418  6392  807  22555  4409  10717  36438  26894  35787  19964  1674  11264  4404  664  437  1394  2879  1676  2516  7048  680717  1193  179102  0  1375  8329  789334  531  174704  20303  58373  1345  494267  1205  584  1316  968  615  243  594  1036  1893  1353  505  17164  3176  12265  16418  5511  14844  11936  348  5320  4232  29195  
41148  856  7511  417468  621  829  14442  317217  2000  1137  5090  679242  102309  65223  27980  973  428  3998  440  51355  6105  5566  443  4806  4471  4596  12572  22030  1699  1671  46  9316  78  2892  17684  15894  12223  3492  1882  4377  5062  26150  379  17573  1.0251e+06  1771  321  33356  1.09522e+06  1019  1243  2893  0  409282  129162  28795  612  368  1989  413  144787  20009  8023  1115  11642  3013  3189  22222  63076  14017  583  48  22188  24  9400  20207  16573  8239  7057  37432  4501  6130  13925  
3778  859  3959  41337  892  2319  15352  180848  7697  2621  7714  37731  266345  149874  26872  1358  627  6474  810  87238  13785  10877  740  6329  2709  2080  5717  8589  2124  1800  76  4413  123  2155  21166  8665  17248  4865  1057  4285  3039  17033  235  13989  160779  1672  555  21006  1.21444e+06  1343  1545  6482  456019  0  433108  127352  900  482  3368  605  301582  38738  14789  1588  27663  4780  12963  18766  24117  6834  943  68  7585  39  5499  20730  12541  12452  11731  7205  14047  4469  20172  
3870  1395  4261  32662  1581  2338  17233  145577  7712  47134  107148  30088  57444  555065  138173  40875  15503  47963  3103  293289  44219  29260  1666  14871  14078  13051  16659  7697  8621  8292  710  16530  2191  6465  44660  16788  32466  18413  2045  20030  6881  15428  592  22034  98502  1694  1529  19033  974239  1775  11706  748688  162566  503263  0  538000  8698  10487  25497  2556  1.2088e+06  79547  26499  3686  37292  7194  17019  30317  18260  12265  3561  761  16425  1065  10078  36792  15030  19558  13064  5850  45969  9728  34840  
1614  762  2944  19716  633  632  7135  44027  1146  848  3402  14820  12045  88633  399478  1823  1734  26768  2408  378531  75009  54553  2641  35593  23796  26001  26407  3177  6868  4337  270  5725  549  1698  24227  6282  17073  9113  989  24068  3896  2578  410  25053  37554  1137  460  20944  184320  865  783  987  30423  220127  816196  0  615  564  41469  2056  1.76831e+06  215584  125193  8093  629304  38110  216755  91212  5082  10823  2692  172  4196  58  1555  61139  14562  17803  12969  2574  153915  15097  38093  
1412  1438  865  754  1776  1696  6502  36452  4381  74827  43979  146  208  1589  461  88862  37061  26383  1903  17795  533  649  789  1096  1626  325  1451  809  2920  7050  926  26573  5456  11798  31286  15349  27020  15638  1549  10022  4553  7452  4635  1757  586  20762  72298  48709  124925  107622  2.35003e+06  190340  387  816  5504  1436  0  2.17994e+06  672451  126277  53702  2947  1336  15773  4093  4434  1207  3942  15817  37692  33094  7178  724491  407510  809888  182378  220937  297730  238039  2425  102885  48663  197854  
2788  2750  2254  2131  2781  1830  15474  40982  5256  11319  35284  593  1080  5499  3942  91847  50401  125475  6740  117975  2452  2642  3337  4461  7239  2425  7156  2351  22251  26629  2364  49233  6964  15707  96965  23406  64763  39899  5309  48408  19598  8163  11063  4232  1564  78567  159464  123148  101173  152375  333060  75371  974  4233  40638  13796  2.24965e+06  0  909460  1.73846e+06  433108  19064  7525  40645  14026  16149  9646  14082  11804  129271  535154  800251  2.05337e+06  312227  392056  339652  118086  96743  108513  4128  72996  55946  134800  
3727  3326  3014  2572  2825  1509  17776  46348  7681  19269  8559  626  745  2307  4185  29387  24360  221090  18377  106970  15723  14112  32973  27609  24888  3432  10038  3705  60135  39795  2232  42242  4174  12090  135899  23205  85436  47603  9271  84692  30655  11817  9659  7879  1362  15515  14578  103807  169858  137378  99356  59978  897  4056  12755  13151  1.22721e+06  786253  0  3.09825e+06  882210  131837  43445  687420  47744  229531  19377  39643  30507  314658  78863  9975  272433  8970  180062  259438  51129  255168  119820  9799  97911  102182  147787  
1546  1606  1735  1910  1368  1015  12232  35368  8503  11019  3723  493  613  1336  3128  9967  9758  79989  7147  48948  3857  4688  8275  8329  9692  1515  3981  1607  22123  15377  930  17143  1765  5207  54185  11848  36204  25129  5579  32264  16134  15142  11882  9786  1313  29607  50052  165409  164307  189563  101347  13605  932  4595  13072  10063  102496  1.46427e+06  2.77602e+06  0  304126  16745  9170  1.68846e+06  34632  506666  27128  80144  35943  1.21198e+06  1.0023e+06  949691  401151  7557  95635  337660  71984  248003  135478  11251  113787  124036  129003  
10365  8667  11096  36933  7617  4474  47798  199743  10129  26255  53749  22220  26996  99557  197661  63578  40734  688393  61454  1.35933e+06  236200  159834  122458  216674  108087  25195  35277  11256  175003  89866  5051  94757  8877  29969  286431  53479  209938  108266  15090  216658  61476  12127  9422  62841  129104  11177  4918  96258  635584  5504  11946  498044  46764  288273  750840  1.81446e+06  22104  31823  1.15684e+06  53799  0  1.81998e+06  961098  167913  966061  155293  337650  177516  26043  241298  58928  4634  106997  3797  29322  252859  49894  157035  60284  9689  353118  83323  192844  
782  639  561  901  498  194  2836  6756  349  348  408  515  819  1231  4099  427  613  111634  6516  72456  208600  127086  36135  83928  20276  4146  3878  766  13488  5969  334  6278  329  1905  35617  2019  12345  5657  963  43507  3658  1074  988  2002  1670  1125  308  8073  19560  341  380  194  861  6789  12983  142711  282  370  258333  2419  1.09212e+06  0  755142  142849  489228  46144  91766  37234  3814  12260  5402  290  16066  63  2865  56898  3934  19928  7639  1102  98770  13319  18270  
269  248  249  429  182  47  1157  2550  127  103  268  218  277  394  1310  177  198  28804  1503  20246  67905  116564  19131  49377  7832  1809  2138  261  3345  1802  66  1664  68  487  24267  672  4049  1694  460  33351  1367  858  820  1313  549  677  143  6321  7974  141  170  81  371  3790  6619  105988  113  140  81188  675  434349  574361  0  139259  685794  44869  99224  17997  2281  6388  2637  120  7586  19  1216  41667  1599  11476  2629  543  81119  7720  14991  
1147  1138  1122  1192  793  348  7011  15505  1243  1564  702  339  354  420  2095  1586  1556  181867  7934  80015  55008  72990  127844  108723  32468  5834  4763  1094  18681  8799  203  7291  364  1948  88680  4314  19835  11333  4133  44019  9851  8912  7153  6261  761  9218  3984  53191  52116  5771  5228  2716  590  2624  6209  19951  1913  4958  567939  1.24118e+06  445401  133430  534295  0  669115  1.14594e+06  46281  92984  26283  1.11746e+06  896541  5743  247686  425  24748  156685  16039  165732  32120  7952  98031  77443  65922  
627  624  967  1543  325  173  4814  10928  407  378  814  653  713  830  2861  433  300  25905  1918  21477  42911  113388  16268  237940  16080  3853  4218  627  5806  3800  73  2219  89  547  59776  2346  8630  6609  2330  75818  6812  13317  12727  14397  1469  6678  1155  84555  44137  973  1599  270  1373  13530  25290  777529  691  646  112309  5116  605995  494476  885367  309571  0  1.76957e+06  668789  105933  20673  67629  24327  408  42381  48  6426  137375  10153  107081  13207  4734  306941  48363  92192  
478  500  688  903  313  147  3603  9221  639  856  1379  350  1478  567  1356  988  947  30363  2389  14579  9088  12482  16664  21510  12147  2129  2436  509  7350  4316  124  2709  205  775  43926  2559  8245  7741  2327  38412  7925  10445  8703  10135  793  4864  1387  60283  41415  1931  2724  1524  668  4894  9341  67363  1045  1523  97761  166135  97622  50320  115169  859262  1.7859e+06  0  1.5552e+06  1.4341e+06  92775  2.78154e+06  51414  858  37031  210  6784  133206  13806  82718  15071  4859  663519  115672  49097  
89  121  223  541  92  97  1376  7188  285  219  1518  413  3982  1074  1513  350  184  3232  284  5158  2815  3851  1068  4675  1840  757  746  137  1340  931  30  521  43  171  6716  856  1955  2534  558  6616  2586  2989  2059  3888  661  837  271  16763  42886  470  454  187  604  5006  9210  271034  263  223  23718  12700  98922  52878  59126  64412  373364  1.49778e+06  0  743523  29157  37681  4460  111  5035  30  1075  17231  2458  19547  4785  1339  456229  29398  32507  
371  281  620  2003  156  159  2464  10028  397  610  4333  912  4822  1551  2240  1097  619  6074  583  8764  1438  2630  1238  4903  3737  1264  2283  939  1930  1456  71  1372  129  430  23111  2762  4235  2979  1311  16576  2029  24073  1000  2404  5854  983  394  10992  51295  731  1137  392  3039  12490  18791  208400  1111  535  21410  9006  76856  22645  18478  37174  58055  1.07956e+06  769889  0  387900  72193  3173  184  5130  52  10689  195346  21292  25097  16703  26603  997544  489265  50606  
1480  474  4348  12655  125  130  3589  6915  793  1011  524  1484  880  705  251  562  249  1420  136  1693  403  666  240  769  352  89  2232  3229  474  524  17  933  44  204  3935  15519  4230  1095  1385  1346  1302  288928  12700  1884  25446  11745  2698  34411  45437  6149  4438  1072  12623  8581  5699  1966  4107  1500  16319  3705  12652  2916  1709  8923  7358  43543  2129  218568  0  36605  27973  426  379952  195  309042  53419  53720  32300  13657  124312  26077  201679  25620  
1114  1042  1070  1227  1006  550  6376  16341  2546  2680  1071  380  484  1113  7980  2437  4326  62267  7147  40797  5231  8984  8087  12324  10502  1474  2880  1362  21863  12650  688  11368  1303  4117  37504  6809  28401  26914  4305  24379  20142  37274  17571  17147  1500  33911  43012  138358  50402  30496  56878  2819  687  3568  8502  17391  3706  23882  150083  335636  153192  23920  22479  1.38453e+06  158286  3.48842e+06  42359  227871  97032  0  2.7978e+06  11821  154104  543  19740  122523  22082  113531  29211  7267  170010  74747  56633  
863  1185  1266  1498  1043  887  13402  29468  6729  5439  2711  437  576  1655  2940  5086  4780  48464  3802  40903  7501  19025  6164  19591  6133  1310  2663  920  12071  8545  510  9144  939  2716  34039  7446  21290  16853  3646  20170  10943  32406  28849  14987  1217  197204  284998  292644  89938  108713  327136  5704  656  3846  17373  14492  16833  838194  217062  588787  204320  59681  38677  756092  213975  132518  14974  19764  87367  3.22664e+06  0  1.62534e+06  4.32066e+06  1951  38797  196067  67009  102200  47769  4666  66083  46477  90177  
301  417  457  415  382  320  5424  10207  2162  1450  1014  122  221  605  642  1975  1915  14345  937  15062  818  1070  864  1310  1186  364  914  268  3174  2748  170  3243  331  915  11683  2606  6941  4548  729  6092  2435  2116  4275  1051  271  85500  118775  78363  27931  23552  105151  1970  172  905  5973  5974  6366  921147  66800  501032  81478  14178  4009  28231  7736  10400  5315  5964  3644  48394  2.17696e+06  0  1.02754e+06  1088  10427  78725  28044  16104  20142  676  17643  10486  26285  
1928  1858  3121  5458  1765  1452  18032  47039  5672  11383  19747  843  1041  3580  3472  50557  23035  77891  4404  67825  7790  18441  5258  18687  6384  2027  4797  1937  12037  13433  1169  23592  3514  7968  56952  18254  36121  25271  4975  28812  13264  331544  111736  8962  7278  261350  344023  206817  222643  26932  497660  47824  2537  6776  40737  17782  383521  1.87616e+06  582779  243336  450472  81514  41943  431566  193492  107139  16193  32623  487631  148551  3.23589e+06  901348  0  855624  1.52118e+06  275445  162648  213929  96578  33914  79945  103814  150699  
122  111  66  56  141  113  466  1269  152  1106  4284  16  22  255  112  8538  3694  3750  210  3575  110  102  123  171  248  93  225  79  476  792  88  2565  504  1061  2901  975  2538  1262  178  1223  512  1733  1966  84  50  7521  15252  1915  5059  447  72789  8770  28  79  1691  712  203144  251032  32989  6790  23020  888  284  1713  634  1085  758  924  826  2153  1845  1646  517626  0  296155  6995  4876  5214  3443  177  2635  1642  4381  
773  936  1131  1812  1281  1302  10393  42473  6004  27724  28152  426  493  1338  946  34731  13503  19963  1414  17831  1576  2721  983  2735  1470  473  1228  640  2722  3721  394  10267  1843  4687  21973  8600  15357  9206  1162  6931  3321  1.37281e+06  232461  3794  2783  926094  1.46612e+06  182617  339799  37494  1.34288e+06  69667  995  3851  16920  6022  1.2953e+06  749806  307288  53572  120249  12968  6318  50189  33521  20424  3543  29706  218036  89210  63286  14927  1.42995e+06  674139  0  167754  129658  153888  97326  7027  57852  38281  117627  
3766  5249  13787  20335  6011  5892  111850  321515  22650  30613  16696  5682  6778  4346  11094  26059  4871  69412  6893  77668  26157  46595  13838  44571  19054  3892  12579  3521  16319  13103  442  10445  939  4114  646371  129928  65798  80050  34716  93485  72016  388193  95566  169637  16205  206742  113425  1.22875e+06  2.28992e+06  114453  484926  76132  10051  77125  180590  115946  344543  84947  792814  141675  832254  235078  109327  481691  267631  303576  63712  611956  195434  305594  124676  13396  187637  3451  87267  0  2.43988e+06  1.43619e+06  1.57522e+06  140146  2.68364e+06  1.73833e+06  4.44708e+06  
1131  2852  10257  13067  1218  664  40469  83853  2653  3705  3068  2408  1183  989  2475  4164  1287  7726  645  16147  3925  4833  798  3435  1449  535  1340  995  1609  1427  69  1818  191  628  24128  21734  7248  6027  1185  4936  3745  449977  61675  334416  61624  126508  15261  1.52217e+06  257710  34180  144137  28848  2954  24604  52594  17735  61584  25049  105936  9830  210114  22321  8419  13956  15084  17385  4943  33782  16442  22034  9243  2145  24806  823  19224  1.17598e+06  0  196136  313602  335660  305832  104842  361546  
1050  2474  5376  8275  1875  1737  35024  93161  9254  23231  11347  2686  1592  1612  3274  14061  5362  20169  2035  24623  6913  11561  3771  13534  5276  925  2381  1253  7347  5968  222  5735  730  2522  56941  22374  37972  56786  43182  24858  32394  369927  125108  78366  8827  164859  30218  768412  745925  68558  378245  43481  5242  26756  63809  23699  253686  31622  289743  55695  239900  43000  19740  109544  60508  35053  9384  37984  31813  61151  31030  3014  54126  1062  37928  627754  426668  0  2.19984e+06  260366  214456  308294  471572  
354  645  1196  1901  615  746  10591  29964  4558  10009  5375  582  447  418  825  6821  2109  7980  909  8134  1435  1979  960  2114  1065  288  818  301  2225  1805  82  2214  309  1004  27346  9009  9422  18342  2585  6040  7426  27139  33821  14016  1233  61833  21897  249617  395443  46284  230015  22418  607  4775  13869  7467  124898  14786  106591  21535  93916  11321  4487  20436  11164  9024  3797  13097  5638  15128  9827  1231  16614  506  19656  389934  250574  1.858e+06  0  10873  446854  232202  663173  
665  182  3723  6333  32  12  2174  1398  55  144  89  843  359  354  131  170  73  842  99  753  222  445  203  619  213  25  311  466  349  284  3  267  13  57  1683  11054  3029  3595  4446  1166  1556  261832  1275  2742  46404  982  527  12558  2092  344  1507  308  9569  3709  1918  572  1529  587  6190  1678  5711  1785  1273  5652  9509  10514  1710  52379  118494  60203  3863  114  22576  21  7135  53951  287169  141708  25801  0  9067  149085  7498  
1128  1346  2210  3854  444  270  7839  16320  1072  2206  6452  1970  2414  2011  4340  3262  1988  20941  2406  19143  6077  13364  5536  29191  21933  4934  8508  1545  9436  7304  194  4365  407  1128  124615  8490  20930  21343  19466  114343  15459  13944  3837  12161  6162  4441  2637  51416  73473  3580  30789  4355  8206  56372  81768  274297  12988  3361  48265  9594  111474  50379  49970  50124  124812  430366  349033  1.85335e+06  181393  81077  10625  409  13236  122  3505  1.96135e+06  122705  116218  177529  27604  0  1.80084e+06  238728  
393  727  1519  1861  181  130  4594  8419  745  1460  1155  483  318  355  758  1297  501  5930  683  4920  1744  3728  1597  5444  3738  927  1389  578  3843  3560  48  1043  100  323  26874  7600  6819  7810  6603  15962  8090  13134  1743  5389  2265  2771  1802  26327  27806  1787  7590  1766  1927  7833  11834  26908  7774  3136  45953  10169  39712  17318  9421  59760  25512  69293  18052  1.00232e+06  205964  54513  8618  614  19111  97  4837  850504  87503  146067  121617  44047  1.30363e+06  0  214171  
9907  9232  22529  21134  10123  8713  120875  795218  40823  615526  265909  2627  4140  8349  15698  386958  15706  415204  66285  183869  17830  18336  48935  38749  45976  38062  84227  7373  49570  54850  1106  36925  2802  13638  3.09454e+06  989112  532011  1.90824e+06  47731  193612  339479  47728  20751  16369  3923  71126  48849  287979  916130  87554  581515  84835  1714  8314  22847  23148  280239  39115  253655  39946  282666  44668  18883  80684  47228  43738  46966  54993  19845  32054  19393  3861  47391  1475  48939  2.74519e+06  570665  887076  2.40414e+06  9429  924853  374169  0  
