3648593  
2454838  
530506  
3603163  
4345514  
4287552  
7597180  
14263255  
4546669  
6965843  
2672076  
2345383  
2300418  
3526138  
3017967  
6034012  
8268599  
6724871  
9400452  
8806458  
1510777  
1374128  
4436486  
3758395  
7180593  
2351166  
2098225  
1326992  
7650353  
9330832  
2834917  
9607246  
801271  
6862764  
11493783  
3731928  
5572563  
2401253  
711520  
4251171  
2377304  
4628817  
2368216  
288629  
3038957  
3719103  
4904992  
8358438  
14650217  
5230830  
8014242  
2360248  
2759213  
2027000  
3387777  
2929440  
6219192  
7654067  
7149483  
8278129  
8725355  
1901059  
1343039  
4977490  
4185611  
7053134  
2170055  
2333931  
1208082  
7690672  
9696341  
3013465  
9320652  
873162  
6981546  
11779016  
3685971  
5257723  
2639220  
737936  
4690916  
2298943  
10490898  
