0  1.31531e+06  60638  717257  280462  116311  311995  35774  2716  8945  1523  1224  318  590  1588  7828  16513  18245  17626  6200  2264  2988  50058  45062  18779  1984  21417  225395  79553  92215  3299  203813  369  840886  83299  99096  296853  28021  53359  39752  56499  7661  529  7328  7344  923  1004  12929  6795  458  402  210  270  172  69  204  168  111  2929  410  2555  789  711  2696  3906  469  74  533  1343  669  727  99  642  6  129  6158  24502  4928  1359  6779  1132  2581  33221  
901559  0  10273  10992  711549  51002  453344  33509  2684  7972  2677  120  126  357  1501  9619  29925  24089  17985  7856  2744  2973  62671  49936  14590  1957  10347  19930  49467  58466  9368  41152  285  59061  798216  865651  443114  80836  29844  71958  36699  5701  3241  16822  4386  1245  887  52633  16654  642  664  322  82  110  45  272  368  183  3253  410  2723  738  816  3140  4461  662  118  981  1766  757  754  108  733  7  228  20980  4091  4304  3712  3767  1960  3962  166026  
37325  5094  0  263529  374  660  260818  112432  494  536  1157  247  164  620  509  458  361  1885  1321  1744  371  371  4739  5363  1277  195  1152  2991  5994  6644  101  2780  7  2799  15542  72137  44330  4837  17305  4765  3228  17316  2300  39601  12275  1375  756  55322  18720  345  278  353  245  140  65  103  142  58  651  144  852  133  171  1033  766  222  22  322  619  282  332  25  275  1  93  4033  14799  2648  1013  2451  367  1030  5256  
801857  1715  220026  0  214  1100  10050  806295  1565  680  5594  644541  51838  59617  23513  297  192  1764  812  46185  3776  830  2833  3937  17382  722  77420  159425  14379  5633  31  19525  6  8215  7306  15525  21483  3053  33016  7534  15781  87608  4471  167398  977464  3760  3191  104498  211909  1666  1092  944  189371  19878  10670  13611  752  323  2823  775  28395  1320  985  6568  2623  901  178  1228  3010  1409  2026  132  1837  14  557  19206  190843  17657  5591  33732  1759  3130  7374  
388682  705828  2908  3018  0  1.03806e+06  1.27129e+06  131704  24881  32183  6383  190  1231  3133  5329  25472  89576  50323  98435  18021  2499  1094  48288  14169  11166  1980  9257  14409  32786  53519  13826  50056  1560  168399  725155  518928  423978  104640  8345  56149  28909  486  1467  1056  819  12740  9121  22329  50304  2958  2016  928  124  623  173  708  1229  510  7065  943  6299  780  549  3548  1594  1131  242  1006  1165  1608  1289  352  923  18  469  49056  17735  14566  15905  323  3522  3436  213078  
159699  178830  3307  4473  958067  0  499510  339425  347020  785809  6337  239  1882  5037  6808  38273  61085  31894  40051  14716  1279  432  22050  4229  4499  1395  3060  8319  16038  29614  8283  84277  3410  848087  120365  74102  249091  35327  2224  8078  4719  674  2245  1628  1297  34894  57637  47891  141216  29736  8827  2535  181  1502  334  1073  2065  1247  7893  2163  7086  562  318  3840  707  2344  378  1149  1053  5071  3309  962  1476  44  1131  59713  25358  22075  17787  207  4370  2292  65342  
257066  500298  233015  27403  1.67473e+06  713767  0  1.97047e+06  1.05051e+06  83511  18818  261  1324  3905  5859  38620  30077  87504  419441  37213  6824  4115  120066  51253  33127  4665  23680  40748  172914  183730  4952  37022  486  62404  1.37105e+06  1.58771e+06  487340  193625  41972  173309  80394  12855  25444  40420  12093  66455  68236  298697  317390  44019  14994  4164  326  1181  374  1679  5504  2012  19294  3763  17909  2161  1718  12036  5881  4482  739  3575  4256  7510  5571  1397  3487  87  2243  189034  122000  55690  52228  6074  13381  10148  409678  
8877  20415  298551  1.00748e+06  24149  148322  1.52605e+06  0  1.50532e+06  422452  692599  583528  1.11724e+06  1.01003e+06  289211  24102  5074  70506  24256  415984  32842  6393  43873  21041  14998  7763  12239  12993  27332  21305  1132  15410  502  29709  465889  416918  444641  268202  17042  44979  21307  42233  53557  114146  164896  174160  259689  658390  2.52764e+06  293010  348675  123358  331346  146120  30248  62421  24647  8693  54011  19989  193662  8635  4335  44694  8634  18198  2930  9251  9045  28836  18281  4241  11951  399  9894  622431  314409  288003  197884  8860  44074  18367  411806  
646  3027  1419  1065  11756  364309  785222  1.32982e+06  0  1.2937e+06  2577  36  340  2842  1058  5838  3185  35865  89297  4898  389  181  35492  1838  8837  877  1085  2322  45853  15334  390  6911  160  2181  82251  73920  51504  60841  1911  6486  3125  617  1801  903  691  15539  107663  55571  282727  154785  79723  8007  20  1494  139  660  2814  1813  6577  5060  4930  353  180  5600  421  3898  449  1054  1191  6188  3166  819  2104  93  1922  42956  10965  34734  23944  168  8456  2042  89236  
16492  21477  2129  2046  32462  835057  58027  826701  1.26243e+06  0  92350  142  784  5202  5587  2.01963e+06  139042  109355  65659  24023  1237  401  29302  3934  8905  2146  5921  20341  38016  43917  8706  310656  36656  638716  204894  155276  454869  311518  3454  13813  8950  735  1138  603  548  4018  16653  10337  182927  63492  169992  33437  101  645  375  657  26495  9488  17931  6487  8760  481  279  6909  596  4885  506  788  1340  6349  2552  807  3878  109  1776  28060  7316  27945  18886  330  8842  4355  261500  
303  174  3780  10990  405  1616  2953  629748  2109  96523  0  4333  22761  863687  8753  34899  726  171761  1015  549580  3672  364  956  545  1148  1236  1361  657  885  881  60  2504  147  712  20187  6209  14219  11626  833  3347  1179  1225  777  1747  1609  2152  4612  7625  62859  6088  172565  286087  1985  4907  25237  7428  87955  14512  169864  10339  144182  2202  256  3344  496  2830  1472  2297  1388  4459  4405  3391  5441  118  642  25635  9758  9032  9058  501  5088  3759  24687  
5113  914  10869  958112  212  718  9167  1.00171e+06  730  564  10818  0  535843  281833  126048  222  98  2034  308  218572  14825  2470  801  1663  1498  724  10086  12981  1721  677  15  2864  13  2733  5606  2916  6107  2385  2168  2274  3092  7772  792  16965  152411  4644  3402  15897  257365  1326  893  1669  721979  107756  45103  56848  842  217  2813  483  127575  4517  880  2209  1844  603  444  862  941  715  684  152  725  14  412  36222  16717  16181  12888  6160  1470  1247  8955  
1681  358  4257  67716  456  1253  6272  966142  1029  1040  27222  374559  0  684216  258000  511  191  3828  624  399725  29685  4446  1633  3173  1874  1852  5968  6495  1414  656  32  1794  20  1596  13869  4209  17999  7772  1170  4365  1991  3023  863  4363  16956  4317  4486  11176  165941  1937  1007  2710  136283  350643  32707  37100  1136  227  3416  398  101670  4720  796  1441  1637  594  422  732  526  643  523  172  499  15  351  27600  8959  14931  13248  3098  1561  1090  13937  
1092  234  5626  70753  706  4477  6106  628719  2945  5590  1.12002e+06  155851  634687  0  643104  1510  358  15711  881  631214  38065  5153  1584  3294  4151  5718  6718  3815  1526  837  45  1707  48  1187  27063  4971  34583  22942  1157  12814  1920  2460  812  3083  13586  2595  5694  8316  131006  14589  20871  95007  46817  112351  541267  88349  10402  691  22246  1428  200914  5952  876  2027  1514  1451  1060  1361  744  1652  941  263  1045  53  879  20191  8162  15287  10186  2268  4681  1473  29841  
766  279  1612  33736  298  689  2683  90879  763  1178  27710  62233  135775  428794  0  821  739  54391  3333  1.51672e+06  72059  38483  6741  551189  19600  70021  16065  3912  4723  2606  129  4363  112  1638  34658  4658  14030  8524  1318  48673  3006  1540  218  1439  8690  720  913  2354  30846  496  504  1759  23083  30648  61053  249872  1760  218  16149  649  163191  8748  2172  3326  4650  1274  1296  1691  879  1219  819  281  849  18  165  11063  2904  3478  3356  1625  4945  1893  12270  
15573  15993  2292  1985  25338  42768  34550  86635  61634  2.14953e+06  54401  128  421  1246  2971  0  2.00204e+06  580434  138708  31222  894  253  29838  2193  6668  1065  5893  24781  77280  114126  16716  450711  216951  714326  209225  48006  563048  289409  4717  7799  9928  369  589  276  324  1850  2840  3092  14512  4370  10375  4795  57  208  212  687  36726  27731  64476  5691  20728  517  250  3529  477  3552  567  907  1440  5157  3074  2514  9006  182  1113  13011  2760  6979  5688  328  3775  5385  254538  
26706  70748  3966  3281  87855  56127  75331  107838  51991  231659  115276  272  757  2783  31028  2.07182e+06  0  694264  1.57654e+06  255843  5005  958  42161  6474  16065  7158  10940  30827  240215  900345  556272  1.80192e+06  496232  368236  213108  59851  410501  142301  8654  25467  18537  578  696  473  580  2403  3142  5511  19352  3637  3715  2522  208  505  1104  8808  8368  7382  161359  10247  133303  5390  956  7352  1940  4235  2982  4624  2889  7925  6402  4441  7527  174  919  31517  5762  12604  15961  844  7285  10241  156546  
6779  5184  3422  2976  7580  13082  38404  145949  195522  155455  168406  211  363  2486  7170  432576  477881  0  2.89754e+06  644875  44119  5219  745918  34721  177035  29851  21849  33288  119303  55992  1858  82995  2184  35352  168605  38198  174503  95663  17847  144094  30674  1222  1135  576  796  1814  2455  6098  20998  5564  11529  4004  98  257  531  2288  5950  4307  154033  17891  99715  21135  5626  22385  8366  8104  1291  5202  7510  21580  15665  9187  14614  306  1695  44878  7015  25100  23490  1979  12971  17443  115880  
10349  15801  6042  4002  32153  21545  299152  118331  411561  75965  7377  279  573  1540  17936  87751  1.84963e+06  2.51382e+06  0  88689  2851  1036  947992  13930  101857  19033  19824  45741  486235  1.68051e+06  321289  270573  2417  53153  107356  31485  228323  92125  18409  111182  28887  901  857  580  765  2519  4432  5606  20747  5085  8536  1713  128  355  214  3437  893  982  40056  5907  67172  15200  2182  13807  4031  5597  1366  4109  5365  9289  5334  2285  6446  179  1112  31225  5587  19062  15806  1494  8191  12498  83832  
4724  2067  7350  47420  1779  4056  18731  303239  6210  16672  985202  78216  156701  440682  1.60271e+06  15093  9502  1.14638e+06  46586  0  1.34654e+06  517673  36197  590668  98959  110291  130045  38762  48635  34760  844  38004  806  7955  236437  47056  104389  69180  18566  395276  42250  4064  3163  3311  8064  5127  5660  16445  82263  7266  9943  21511  24844  28954  34435  79695  26797  6938  421297  29832  1.17556e+06  103093  23060  70571  30806  23620  8701  20518  20431  52694  31818  17474  32374  842  4363  142524  23937  65326  73011  5276  43181  49195  134662  
600  381  634  847  165  102  1939  6146  202  322  1918  652  996  1604  40157  133  126  97403  1869  747696  0  382058  22176  141662  8409  8986  13093  4081  4075  3354  40  4005  16  945  34983  3773  15120  7797  2516  59268  5885  241  124  117  196  138  109  582  1372  89  131  160  240  210  97  946  229  56  26221  551  21787  138126  20059  7889  39137  1374  332  1025  1178  1291  815  158  821  7  113  11473  742  2673  1346  230  7985  1932  7540  
874  925  1504  923  201  72  3856  5648  148  250  419  269  378  702  54264  84  69  29449  607  287462  451992  0  16474  483664  6784  10723  10545  5517  4681  4081  36  4604  9  1110  39045  4277  25659  7856  3483  52966  7230  242  49  92  133  63  61  418  836  59  68  83  93  103  68  922  69  24  25027  136  13536  133703  49104  13312  99937  1012  353  816  874  561  577  26  511  3  39  14152  429  1760  370  158  10538  1094  7499  
13503  15045  13486  8405  10360  2232  68629  103170  51536  8021  1759  392  829  1883  7099  1570  3920  662638  877416  25987  13892  11279  0  222878  974724  57398  23288  63498  1.4223e+06  603953  4824  202704  261  25583  109704  29359  289525  64179  27206  154593  52524  626  315  491  804  952  1154  3083  8075  1067  2268  656  109  327  69  429  285  169  10786  806  16886  7052  5724  10322  10220  1720  351  1167  1886  1645  1337  267  1247  16  177  20708  2411  8951  2876  897  10034  3061  51571  
6444  4750  8171  5379  867  228  20560  22033  817  712  791  588  521  1292  457785  359  694  58481  6051  415332  99430  481018  349655  0  1.38052e+06  558514  32672  40512  73033  44770  203  28823  15  2580  88130  13593  106594  18504  13898  250818  25113  588  145  262  544  187  143  1220  2010  126  148  136  184  132  58  740  118  39  6887  290  9980  11541  21254  34319  130094  1769  458  1180  1546  912  919  56  820  7  50  20532  1109  4797  724  558  12899  1823  27277  
11390  2342  4495  6040  690  320  12320  19258  5649  2025  700  381  331  583  6467  597  915  138309  40472  32448  6589  6899  1.0894e+06  1.40754e+06  0  1.60555e+06  1.29725e+06  261001  2.84062e+06  140695  245  30895  52  3263  63479  13201  60919  39697  16182  359161  98335  352  91  147  490  175  250  820  2188  281  645  289  110  90  28  254  263  65  3912  383  4959  1918  1106  2919  3928  2753  188  511  860  722  539  106  571  8  60  7654  1089  3367  1421  573  3992  1296  35690  
749  145  342  817  111  207  1118  12407  921  607  265  252  417  764  24214  146  175  36484  6580  25955  4757  7039  57166  304050  1.5518e+06  0  426701  10675  35449  4069  43  3067  22  548  13429  1871  7572  6374  1528  248115  17473  63  22  60  134  51  146  256  1811  161  206  292  164  126  36  264  330  32  1656  106  2686  666  303  696  962  239  86  180  162  191  119  23  112  4  27  2802  282  533  382  70  1485  286  12218  
32642  400  620  26633  370  230  1729  10617  355  1331  666  1743  611  770  3312  1115  436  21666  4098  35348  8602  6629  12625  19609  1.11241e+06  442560  0  313421  18402  2976  124  6186  35  7099  63722  13534  31070  36433  19258  503173  246022  828  97  133  2986  85  137  899  1746  140  184  335  272  161  81  406  396  40  2906  165  4588  1383  820  1865  2385  447  184  483  569  343  300  42  282  1  42  7288  2149  1309  521  1262  3779  1134  22065  
337084  2783  7078  104601  883  307  14220  11106  1137  3117  1254  6131  1051  1208  1966  2784  1390  18958  9141  9656  3316  2679  39789  34112  219158  5258  280119  0  351671  263611  295  391489  95  32142  106137  32657  210158  104271  120009  99495  409163  3195  307  523  10698  183  154  2948  2051  237  355  165  592  266  114  277  153  123  4945  837  4444  1232  1129  7056  4010  1114  119  1206  4759  1826  2213  192  1991  6  129  8231  7978  14986  1509  4830  2206  3563  62476  
19542  8722  11396  10070  4934  2566  68048  56061  55732  9191  2678  541  408  889  5495  5730  15826  74676  241311  25384  4756  4913  1.47573e+06  90893  2.92571e+06  33199  20858  531852  0  3.58327e+06  6015  104975  221  18596  108055  25829  219916  74392  33946  205745  105547  764  246  386  1135  649  875  2294  4915  750  971  361  116  162  74  746  208  202  10828  1203  13282  3966  1429  6117  5617  1353  292  1100  2658  2268  1732  399  1751  26  205  10102  2625  9998  3132  1145  2985  3667  67644  
29149  43840  21310  11666  36814  14069  157910  106353  50779  28863  46335  396  725  2041  17255  28453  942727  152021  1.09543e+06  116933  7861  6352  533200  91580  107067  11516  14347  419473  3.91779e+06  0  1.22016e+06  3.47707e+06  1693  56470  117612  36964  349167  99148  23682  107345  45786  633  455  621  963  2163  2606  4995  13147  1762  1698  1007  149  355  426  2758  763  663  49994  3174  46528  3804  1455  5903  7505  1837  910  1893  2174  3124  2546  1138  2302  46  318  16661  4144  10316  6166  922  3899  4698  83022  
3317  9480  2301  1227  9535  5382  21536  22180  5334  9943  10718  47  106  378  3191  10723  1.14233e+06  19511  469607  23273  647  219  18643  2915  4417  1034  1334  9689  96204  1.8277e+06  0  1.2388e+06  651  12487  15653  5852  52936  15076  1715  5350  4210  61  105  101  112  808  872  1366  3730  498  301  197  21  75  106  625  160  157  10814  634  9832  424  86  612  296  311  217  321  239  575  452  280  442  12  61  3349  957  1494  1385  86  607  720  10301  
359238  91655  26617  34300  75853  62818  93264  180230  32189  411779  148031  1203  1322  4130  39741  317444  1.89479e+06  450226  410964  332291  22349  10868  440901  136226  129615  22789  25611  670533  299983  4.06927e+06  741123  0  685894  1.10075e+06  237861  74145  1.08858e+06  167702  52690  141834  85615  1402  740  934  2538  2702  3063  7685  22272  3122  4361  2983  347  677  1286  6951  3409  2413  189341  10836  130699  7163  2765  13104  11831  4439  2331  4259  4815  7414  6879  3818  6371  106  659  34633  7916  22792  13230  2144  8605  10332  181723  
3231  5883  302  276  9215  5141  3196  13375  602  62324  7504  21  81  299  1413  93948  242399  25316  3908  17865  321  42  2089  320  964  319  762  2393  2590  8073  2400  483059  0  216714  9440  3480  76914  12863  702  919  751  38  33  34  43  164  211  426  1554  211  261  251  18  41  76  333  376  201  12786  712  6742  159  36  385  76  271  112  168  137  386  330  261  344  6  39  1711  378  639  711  42  383  446  9633  
1.25426e+06  420048  12051  20882  634111  1.47828e+06  78238  177429  6559  1.1484e+06  21291  836  1722  4275  9250  1.25495e+06  826076  141467  81354  66342  3360  1028  70373  10744  19725  3244  9055  49749  79755  147639  36563  1.21187e+06  510748  0  64887  38473  1.3704e+06  45617  10810  12630  33596  714  584  821  2080  3481  3430  7614  20957  2013  1978  1151  358  689  272  1177  1552  932  29124  1866  18160  982  323  2028  1038  906  367  742  763  1527  1267  734  1250  37  266  14191  5369  5879  5157  786  1796  1953  41044  
37045  93235  106601  67258  21097  32641  713964  2.21882e+06  123424  571670  163589  2210  12566  33489  75074  300717  11575  514011  118109  269158  52261  23773  350137  185718  212913  51206  395831  303132  407639  175363  1461  123941  831  25478  0  3.33526e+06  528582  466913  306094  2.26072e+06  1.15325e+06  6903  3640  5512  7315  17827  32352  44047  267124  40099  47847  39381  1081  4768  2612  5637  5838  2413  56828  8202  56333  11373  9394  52138  25195  10120  2146  10109  15396  12949  11757  2067  9478  135  2430  531049  37627  63648  40540  7269  46976  57895  3.0169e+06  
21656  69675  108901  44835  7027  7768  415456  342289  16950  61779  27682  278  660  1685  5394  55636  2082  65404  9818  38422  4852  2538  31221  22575  36063  7297  87048  56741  70112  24578  267  23014  836  13344  2.42112e+06  0  478341  306317  691311  326695  250288  3002  938  2463  2999  2758  2693  10705  24484  5588  7263  2508  136  323  173  841  1011  425  10391  1392  8880  1342  1273  7493  3625  1593  347  1675  2642  2002  1884  309  1467  26  272  114797  15867  15496  9067  6688  4988  8342  409804  
88483  105779  153791  92787  95301  27919  386870  1.50643e+06  45621  312728  63243  2452  7759  20970  33120  313867  58985  323875  138897  146828  12161  5258  179080  57443  54212  10385  39231  133873  176182  137349  7587  212163  7043  263638  233389  1.14236e+06  0  1.88208e+06  503169  61802  78779  4873  2575  4976  6890  10383  13183  29508  122756  16385  28903  14509  923  2608  1000  2500  3341  1908  29985  4420  26452  3129  2659  19397  8957  3494  689  2570  6843  5340  5021  1063  4725  82  1224  48713  23744  66229  25096  9839  8477  7955  197363  
4656  12541  27840  20394  14690  4629  54140  657964  16418  177106  35937  502  1892  6195  10083  108744  5515  113676  61516  60901  5438  1773  57643  10201  24969  4866  13434  21790  83129  45396  1324  21029  379  12066  85958  254928  1.84196e+06  0  89481  22592  77525  1216  1371  1399  1664  3749  4203  9156  44900  6170  12397  6893  221  755  379  1247  1537  622  10313  1468  10649  1224  978  7099  2453  1330  324  988  2229  1875  1656  379  1606  21  383  16555  7987  28095  27964  2194  8715  8645  452943  
74246  8277  31606  75570  199  671  31182  25039  548  1927  1041  870  307  398  458  2174  173  5502  1718  2626  669  451  5441  4057  6141  1028  19107  15766  9750  3478  29  3044  33  1054  78013  390362  241488  24360  0  15558  47592  5557  290  2226  5546  219  205  5008  2467  185  347  136  153  100  59  155  402  320  4152  939  1426  396  885  7319  2049  947  94  1084  2520  1044  1173  172  1173  14  123  8282  23302  25689  917  16722  857  3203  19418  
20398  1655  3621  8077  383  355  10014  18240  2065  2552  2345  977  873  3661  16472  1181  1268  52933  13512  79032  29089  30833  64140  229081  265949  259406  729426  189286  312868  70500  200  39668  46  4114  1.35565e+06  79022  57027  81956  54414  0  1.32787e+06  1888  508  467  1624  277  255  3779  4097  289  527  788  273  274  267  1824  981  270  16423  1416  25928  7793  4499  10553  13294  2865  1037  2615  2555  2521  1702  538  1869  45  220  40600  5339  7204  4010  3140  23791  7256  61590  
46852  1068  1774  5060  192  172  5308  9468  732  2774  1519  417  222  338  1763  1653  484  24388  6497  12540  5532  3092  34991  14274  118240  47249  1.32725e+06  152527  47730  5524  67  9669  58  7651  557318  108406  66854  193371  96817  1.19211e+06  0  1396  394  405  1447  144  150  3465  2228  229  660  224  65  59  52  263  395  127  4365  603  3797  1197  1016  5343  2468  1105  178  1434  3079  1282  1287  140  1132  9  65  19807  4043  7661  1754  3313  5459  9721  126044  
8154  547  2963  15811  82  418  3040  10736  1471  1478  668  324  85  163  243  492  244  3240  505  1615  253  949  370  895  307  37  698  794  551  333  21  629  19  226  3416  3360  2333  1768  6864  799  1138  0  1.39275e+06  32828  697564  366463  78812  341416  38181  8730  21513  2149  2204  3281  2618  3610  22434  18933  44857  20461  12794  5174  19253  171857  48371  12420  1127  53741  92365  36854  100360  9143  188063  2852  960499  166897  158703  300158  36948  39261  18525  45351  37318  
289  468  1290  1457  240  1235  8629  18663  3241  2286  1252  44  30  87  93  842  270  3907  445  1901  166  574  317  469  205  36  342  286  354  293  23  515  20  195  5091  2413  2697  3832  825  642  792  831477  0  2020  1258  812692  79275  433205  38421  7771  21748  3563  78  455  179  2928  25927  13751  52907  17859  21007  3767  9718  105186  13088  13695  1602  10398  11563  27267  37048  7972  30905  771  61248  570590  414075  410098  96399  3497  25768  15651  89103  
13383  8392  38516  81407  152  681  25772  34330  1331  289  397  1023  71  229  109  85  36  299  112  514  44  52  270  214  138  19  622  464  360  326  5  174  2  234  1874  11629  1946  616  6356  367  1012  50507  1179  0  325096  1754  1122  133998  120498  546  657  340  842  425  366  797  606  231  1936  563  2211  242  738  5504  1580  566  87  687  1424  961  1480  82  898  6  346  12230  53991  15254  2429  5692  1063  1996  2894  
30189  7017  69991  1.19205e+06  185  792  28627  201598  1384  474  2363  135128  11878  13155  5809  196  93  871  304  12455  803  295  933  1102  3412  212  24762  33948  3639  1411  14  4683  7  3307  4100  10335  6380  1481  14782  2167  6010  678269  1706  317646  0  1983  1715  25609  541705  1113  812  814  933860  33151  17446  18837  667  403  3159  1192  42836  1436  1516  11950  5220  1844  232  4861  14284  3076  7692  148  9941  31  2080  15493  116677  16489  3478  36368  3199  6821  4883  
287  565  2553  2638  2677  16636  64415  129908  22071  3810  2159  141  170  332  273  1590  497  5211  954  3241  211  273  982  463  411  82  346  492  919  796  64  926  31  385  25228  11263  9599  7991  604  1942  1162  356702  897285  3246  2265  0  1.0794e+06  968187  179600  82144  52334  3970  230  2761  347  8110  35237  36158  48887  16516  34140  2844  3502  54056  4991  17234  1775  7825  9525  56221  48844  21637  54605  2557  370583  460663  210008  195421  136115  928  21993  13084  117017  
220  381  1248  1864  1200  26752  47047  233180  151866  22221  1715  85  140  499  283  1909  442  3696  1574  2262  202  156  1094  433  427  110  433  572  1200  817  41  683  26  308  30423  8834  14098  14342  610  2236  1269  42757  100230  3415  2271  959810  0  744482  365012  574811  1.39858e+06  4684  143  4413  380  7301  76660  129500  27508  30619  16926  1330  1127  42328  2518  20184  1545  3083  8343  91205  82369  25723  132051  10732  978197  55153  111384  126355  37202  909  8948  4607  46341  
11879  15934  42112  47684  9331  58873  321387  496498  113700  13910  4983  537  255  846  730  3892  1047  10904  3052  7127  571  786  3124  1808  1747  320  5694  3430  3566  2565  164  2309  49  1912  76430  57001  27724  20176  12077  7672  11338  253119  430208  220858  15807  1.62773e+06  1.52659e+06  0  1.80877e+06  1.50209e+06  159017  11933  464  6023  847  11523  50229  12961  107584  71153  66401  5302  8952  158168  16956  125907  11752  22064  35817  237016  96080  7819  31707  403  15829  720480  713729  288992  143325  30131  53588  32871  198921  
16688  30875  114000  286374  15553  151998  520359  2.52713e+06  497054  243325  43607  33543  26669  42353  36310  9655  2221  26820  9697  88521  5290  3134  10442  5182  4614  1385  5769  6461  8768  5854  308  6284  174  5490  251580  98709  139251  119915  12165  17726  13066  36580  49808  246188  779755  197718  242757  1.9113e+06  0  1.68312e+06  428606  611110  1.20232e+06  1.84471e+06  452489  386012  37498  12216  121815  43231  918820  46572  12080  71671  41181  35127  33032  37485  14469  40000  29395  6039  20522  743  21229  774811  747978  388285  285938  13986  86127  32364  381011  
216  280  684  914  662  20282  34879  214978  180788  53620  1223  28  55  490  199  1554  386  3364  1803  1546  126  56  1014  337  472  107  386  607  1100  735  32  830  21  497  26043  7669  19093  18347  454  1847  1042  1597  3861  2969  1367  56485  652885  1.03307e+06  1.47393e+06  0  1.27468e+06  3408  34  1899  129  1239  22414  12775  29738  48313  7310  365  198  43447  554  36187  1244  2321  6395  115060  61397  2202  5367  56  1474  38092  141724  28997  32045  352  14651  3013  49514  
470  330  523  708  398  4758  16004  249408  86187  210537  8283  32  41  724  157  5112  846  7899  3211  2942  160  110  2356  513  1483  166  712  1040  1417  717  34  1617  68  1245  29528  8737  29628  28232  1062  1497  1821  13080  32208  2547  2022  66552  1.26876e+06  96501  787126  1.15241e+06  0  73508  141  730  424  2186  2.16158e+06  226459  69431  60214  16452  1026  619  28535  1324  15748  1101  3257  9185  67265  57955  18282  444600  124930  809990  100371  441834  208626  151957  2979  57697  19229  124285  
311  194  461  1793  187  1200  2650  260306  23517  382617  316595  645  2233  7033  1406  18231  885  14445  2025  16618  255  79  1776  304  1201  189  664  762  943  488  33  1581  93  909  16043  5007  11362  13916  780  1157  1180  508  523  1523  3004  2930  5061  2211  503567  959  90166  0  5377  25041  645609  9219  60709  849  58701  1250  442653  4797  421  1907  1077  920  1496  1508  390  837  742  364  878  41  780  14048  4329  15243  12817  362  5701  2294  24194  
5831  1492  17737  333818  292  796  16697  376236  1064  747  5632  500385  144458  61991  36430  278  117  1989  314  69968  4305  1137  600  780  564  284  2447  3059  675  406  21  915  3  683  5718  3846  5202  2062  2176  1157  951  18347  2313  32085  607224  4767  2703  27714  973584  900  821  4098  0  377683  110514  136647  714  346  3961  724  370075  10310  1723  4084  4073  964  893  1503  2036  1149  1424  188  1415  12  557  33114  26834  20127  12176  18310  1799  1557  8971  
609  302  2451  24519  238  2742  7074  129453  6139  2113  6942  32150  251612  62705  42442  360  145  2528  351  65576  3510  1040  631  850  471  430  708  662  445  265  13  461  8  264  10128  2679  6990  4413  457  1403  555  3333  1198  4081  43739  6127  6191  10390  901010  1172  1006  8446  246806  0  311229  184306  925  459  5326  733  403440  15725  2282  2696  5366  1490  2285  2626  1761  1137  1227  317  1433  53  1130  32788  9340  33902  27478  20706  2367  1930  15444  
946  171  1800  18356  184  2818  4369  128170  7476  16159  110847  15470  50207  446541  99421  4127  377  12230  746  111970  3510  998  673  637  741  606  939  873  666  472  29  1266  63  435  10541  2479  7106  6504  583  2258  701  7813  683  3611  53422  5023  7903  4276  677486  1038  2491  754724  102084  461829  0  620749  2155  600  26556  1067  935468  31575  3209  3278  9048  4944  11465  10465  2824  1553  1637  420  2056  48  1292  10754  6669  16751  7904  26791  6464  3813  11741  
1364  290  3027  25292  198  1973  5108  43700  4917  2114  24099  10593  9050  32485  211809  1766  816  39892  1571  104998  4473  2295  1162  1731  963  691  995  900  1071  1107  105  2696  114  833  12913  3627  5657  4435  1333  3730  1119  10819  906  5433  47360  4737  5311  6511  193684  726  789  4655  87761  148492  384433  0  875  969  33597  2148  1.65586e+06  63767  68313  10091  660147  107351  324347  234977  11873  3770  2287  685  2788  81  1011  34047  10444  25034  18145  12422  69275  49889  14798  
618  299  440  1019  324  1753  5056  23499  7895  60187  20709  52  34  116  118  46453  6083  10493  639  3695  95  70  573  186  342  67  612  545  486  547  59  2255  136  812  11833  3603  7799  8917  1471  817  1833  14003  24363  3655  4076  47119  139218  49008  83512  67343  1.99889e+06  61648  421  1237  556  2702  0  1.91263e+06  805798  196065  15580  775  582  20084  1365  20629  1355  4883  14840  42047  23150  16034  685661  175823  587377  147240  89072  379448  237711  8103  76424  44547  166225  
686  462  674  1368  678  4381  11232  38499  17194  53716  28018  84  74  257  316  90263  13009  41680  1274  13845  229  140  975  429  552  128  739  929  1026  2029  262  5924  331  1719  23413  6580  15260  16009  3623  1464  2092  16675  51572  4607  5455  142222  382380  154208  95808  173942  531650  6063  675  1875  828  10091  2.10692e+06  0  683745  1.79027e+06  105096  5924  1311  99993  2825  39737  4411  16476  28302  165380  444321  387595  1.71899e+06  153132  370979  162037  52686  381445  211475  13236  46586  63407  163883  
1472  1044  986  1225  1327  2373  12380  35933  12886  32033  51558  75  129  523  1538  90630  38685  308912  14926  72946  5854  18564  8237  4290  5654  977  2920  6214  11692  19636  1995  60839  3232  9389  82102  27689  34914  27322  7708  18089  8718  6168  9076  2949  3223  14028  10760  65189  92557  69021  76064  31733  334  818  1197  7116  952476  509182  0  2.48109e+06  828873  148092  26071  600351  15404  65472  5967  19707  26300  97689  50569  16004  48544  1227  12849  119353  25077  213502  152668  9920  39319  70688  126568  
469  253  478  861  231  2042  6593  27538  13012  10999  7546  45  33  131  291  14143  3884  38838  3852  11319  498  247  1892  743  1294  238  780  1499  2587  2719  202  6490  297  1157  16724  5623  10104  6476  5465  4005  2598  9243  14492  3708  3485  26655  52788  195931  79531  301829  144013  4693  285  779  445  5670  37006  2.07043e+06  2.44072e+06  0  312409  18352  1401  1.83092e+06  4432  281960  10145  23109  53473  930443  1.29687e+06  711543  118970  1729  18137  83227  26289  173850  113610  8414  26078  52225  75142  
4117  2274  4789  21236  2202  4871  22874  132035  22081  53259  292578  8556  12207  41175  82846  113269  22527  707691  62715  889516  24654  11755  32881  16684  26453  7104  12534  20744  43473  34277  2176  72054  2917  15385  215105  59026  93432  67326  15624  75667  29624  8255  5252  8144  27807  12047  12420  21357  409448  4187  7424  434940  59741  112107  580293  1.55734e+06  10636  9019  978532  50244  0  1.77986e+06  683590  84738  824287  92507  164748  150761  33213  60629  33358  14612  39853  1282  7750  198511  33339  122887  114170  9981  105783  90628  155865  
684  478  609  673  353  271  2947  9199  891  1112  4209  138  209  538  2916  1154  1051  45611  12969  43874  105249  171696  13402  23502  7739  2693  4169  4217  9137  4774  163  6624  98  1608  34756  6425  18564  9907  3371  20950  6138  1485  911  621  801  1073  456  3455  9375  285  505  515  410  1471  1964  72238  405  535  242021  2707  952869  0  369209  89531  210026  18743  27129  30584  9830  10264  6346  956  6137  143  948  53496  6007  19805  10907  1476  35910  20005  25887  
263  177  254  356  70  37  875  1878  107  148  456  48  62  109  1336  169  97  7388  1281  10928  22271  66398  7485  26879  1858  989  1552  1188  1479  860  17  1089  11  231  17640  1162  5379  1747  1192  7869  1633  3846  818  1035  1130  484  88  4731  2833  69  124  94  107  196  219  48734  145  92  73930  472  392802  332278  0  103112  661655  13804  22687  22016  10086  5413  5819  95  5666  20  325  54096  3240  12503  1959  1059  55110  11523  8724  
1303  562  1347  2833  278  1052  7335  24489  5149  5137  3244  131  67  188  1161  4198  1476  29676  6287  13972  6543  11916  9321  33314  3752  810  1638  3026  5563  3183  97  4697  107  932  42560  7774  17750  7361  11836  11098  5410  45255  29352  15729  13830  28191  17556  146416  94540  99470  31401  3969  918  1417  789  10005  3450  39020  417556  1.06684e+06  96017  120202  185980  0  445667  734564  28959  62666  126553  1.36874e+06  994960  27867  114102  423  15339  254926  46845  265223  50376  14835  104887  124255  112206  
584  318  489  893  112  92  1629  3253  267  271  673  69  68  131  2122  393  151  9792  1511  10220  23079  72002  10252  104348  3038  1259  1757  1885  2401  1480  28  1580  23  351  36988  2337  10471  2857  3768  11267  2786  14146  1885  2473  4134  1088  371  10980  6664  293  330  223  499  858  511  566710  354  445  71799  3455  554914  151066  611535  610715  0  1.4804e+06  450395  158707  54517  36199  39389  319  27657  65  995  102704  6390  25983  4835  3838  210744  34464  17448  
306  112  173  504  72  223  1132  3765  1016  1158  1430  31  21  53  418  1277  490  8722  2049  4227  1215  2533  1888  3563  1768  245  538  816  1470  896  35  1388  31  270  15309  2024  4403  2111  3272  3317  1480  9360  2016  1551  2890  2227  2286  20035  11565  11051  2165  1072  316  601  257  50133  776  2075  62364  58964  42337  14199  25662  1.06244e+06  1.52905e+06  0  1.49613e+06  1.59295e+06  351278  2.75159e+06  56124  1222  23972  152  1785  101432  11731  33043  13589  4296  306417  85159  24614  
20  15  28  70  11  106  248  1214  325  160  725  6  6  17  117  190  75  1697  248  1345  577  1345  387  1247  148  59  103  111  184  112  6  189  7  46  2407  254  601  299  315  509  210  344  121  95  180  418  433  777  3889  214  91  102  64  749  133  174691  85  174  12413  2906  72622  17622  42938  37762  389184  1.39242e+06  0  694449  14062  44273  1709  140  1133  10  160  12565  1209  3574  1930  404  200513  25512  3874  
234  39  120  358  20  168  580  2361  550  296  1991  25  23  27  236  412  123  3531  422  2429  520  1070  812  1328  310  123  419  424  428  264  5  449  17  116  7056  1066  2614  810  3590  1231  1009  14697  1306  628  3258  1587  1092  4159  7967  927  1047  264  519  1424  410  151505  1161  1456  21015  5635  57245  16605  28964  43093  100056  1.19452e+06  781654  0  357389  56943  5851  650  5846  200  4463  103739  17782  41548  14050  9532  331942  310195  21481  
854  138  352  1619  37  116  951  2533  386  538  506  164  78  106  176  495  207  3313  606  1545  225  891  1071  1331  518  115  842  1198  987  627  17  852  5  204  6646  3001  8604  1734  13784  1379  2340  140420  5898  3456  18754  4452  2596  22789  11984  4917  3893  575  2381  2602  1341  4729  4022  6271  36882  16061  13578  4353  12531  104243  28292  286073  5502  474192  0  420014  524721  2461  448061  940  18924  127145  32714  155810  33210  36389  78047  357854  41123  
404  174  413  815  126  1086  3656  13044  4973  3624  2942  50  34  97  255  2534  1669  26336  2545  8904  491  797  1409  959  979  149  464  1028  1803  1931  141  3662  94  752  12448  3769  6446  3477  3816  2904  1612  13168  18550  4070  3963  31740  60934  214361  36817  139913  35508  1323  311  520  287  7072  1865  12486  152757  358358  57082  10147  10047  1.77511e+06  31892  2.98481e+06  33835  126095  669349  0  4.45737e+06  7280  98395  412  4412  82040  14323  71504  27151  4442  59465  29718  34178  
442  281  547  1134  209  1488  5408  21714  9769  5158  7072  49  37  157  325  3814  3572  47873  2641  13184  642  1235  1532  1474  986  171  515  1196  1962  2894  327  6261  217  1257  15937  5107  7952  4745  4086  2987  1863  28502  42913  7300  6230  73856  278216  312276  53731  337214  205324  1000  376  755  433  9614  4587  493626  177130  629265  65287  14062  20781  1.00302e+06  76605  66163  6113  23893  510206  3.67072e+06  0  1.52529e+06  3.19246e+06  957  15019  72635  17494  66142  26975  4530  37935  25972  36571  
100  89  102  179  106  715  2091  8506  4672  1959  4717  9  16  63  118  2831  2327  26379  857  6507  124  49  435  143  287  48  169  338  605  1436  149  3398  120  594  5859  1936  2530  1932  679  865  499  1811  12544  492  428  33888  120078  76987  16362  64818  58064  318  57  258  139  5668  4416  691995  50806  697017  35703  5066  570  117121  1239  11084  3066  4324  5317  39160  1.89624e+06  0  941904  2308  12874  10713  5498  21305  13743  1042  3817  6641  10308  
1152  591  1129  2794  611  3126  10534  34370  12756  20819  23369  185  113  282  621  39039  11183  92877  4081  24557  814  1300  2867  2089  1681  278  1187  2272  3394  5347  551  12552  479  2377  29641  10544  19745  12171  13232  4823  3890  196284  89996  12653  19374  169540  299951  226907  119775  52551  318930  3976  1732  3109  1700  26670  372455  1.76851e+06  307301  198221  178012  26517  21979  369411  57896  54498  14060  32875  576817  164761  3.55902e+06  1.67921e+06  0  888955  885530  133667  42949  339174  129505  20578  50267  102068  110556  
47  28  69  124  21  114  518  1839  454  848  875  8  8  13  19  929  168  1531  57  554  10  10  47  29  33  4  33  40  53  71  8  193  7  48  641  259  411  328  227  101  97  3098  4875  551  622  9726  22260  5543  10104  469  59122  595  70  222  88  1276  143771  214859  8989  3587  9050  646  155  2877  391  1680  468  1096  3160  5071  5700  15877  641672  0  244556  5689  2165  44413  13140  1053  2628  4028  6490  
315  174  589  1283  179  1468  5011  18944  4299  4209  2333  121  61  144  138  5344  1053  6527  493  2706  90  147  355  249  202  38  222  384  388  411  41  942  24  251  4834  1818  2963  2343  1387  679  536  766008  273086  5285  5931  941004  1.60593e+06  81679  113658  6231  1.09239e+06  2186  737  1942  598  6823  1.07411e+06  822458  59231  25159  38333  4053  2562  49746  5300  13511  2379  8408  29233  48228  53148  57563  1.40382e+06  747560  0  30315  13535  166030  29583  10523  5328  20003  19309  
4647  3118  10624  17768  1725  10508  53388  274809  36561  26783  25792  996  602  1407  2308  19656  4640  75433  8398  41353  3558  12637  8674  11592  6511  1666  11176  6474  8276  5704  364  10112  387  2604  379624  88533  42796  38919  46470  25005  35518  68488  121739  98948  66580  94627  24715  569726  1.13294e+06  24270  298041  165103  2159  21779  5027  128283  334823  30270  737301  69898  501162  67910  120655  653329  205594  378364  59274  557637  511540  284860  167291  9687  106963  546  6143  0  1.72464e+06  936658  721955  45348  1.74617e+06  1.28768e+06  3.14424e+06  
9107  629  2773  16808  593  2583  12044  30922  3420  4339  7122  205  48  175  222  5138  921  13375  782  6483  250  690  761  739  529  101  1310  1140  852  781  51  1697  74  434  11111  7659  5687  5433  12490  1527  2732  70472  91686  124566  83224  15199  10221  586316  307019  11141  28112  14885  877  1465  708  7816  45172  7277  72034  8247  67412  5478  10003  57932  15070  29934  4040  42262  36106  21559  15166  8381  16620  299  2429  1.29385e+06  0  389464  231175  441456  148337  100084  217703  
4996  2222  8089  19443  716  4859  31144  184907  28130  31843  8667  951  444  1387  1091  3785  1079  14390  2376  10451  902  1346  5060  3748  1798  322  2791  3875  3572  2498  83  3623  60  1135  28678  22413  51307  24893  54892  5032  8445  102374  160265  145326  95782  155577  29880  653252  1.39694e+06  36037  468216  81786  4608  24791  6477  65125  482777  83477  414527  82404  174565  14066  13837  165427  21336  85415  14378  41749  75665  138917  53774  13217  82247  3049  50669  259125  552769  0  1.88828e+06  303668  108054  138817  236411  
996  1105  3738  7002  544  2900  14330  84674  11771  11812  4393  419  358  755  783  2282  378  5612  793  6815  487  510  1120  681  581  135  597  669  920  586  27  862  22  368  15535  6094  14069  24622  3668  1824  3160  9046  51373  33543  22513  56959  10315  136192  740158  13524  227300  64519  511  24529  3293  71121  164795  12848  107223  23331  119582  6788  2370  27201  10441  29090  9768  16589  14063  32223  10141  2154  9119  218  2235  168849  140966  2.07342e+06  0  8355  354455  106639  652294  
6739  210  1187  11359  19  68  902  2530  157  174  165  772  412  471  427  67  29  583  125  825  87  208  320  342  271  39  1492  1078  415  178  6  272  5  153  1256  4015  3733  759  14705  621  2431  56456  1609  19368  45220  446  408  48364  10540  522  1443  273  18991  15573  5613  3793  1925  1205  6782  2120  7850  920  2819  20125  7935  6667  421  12918  35696  6601  8582  268  10815  72  3806  12393  424314  197257  3499  0  3482  25918  1991  
1550  295  481  1249  77  282  1961  6055  1120  1189  5270  38  33  99  830  975  314  8336  1747  5801  1887  2987  3693  5211  1921  570  4354  1809  1936  1065  35  1395  34  382  34003  6360  14018  5574  21355  7716  10538  4609  1006  931  4451  1005  1266  6620  18681  1105  17885  9015  227  988  344  88401  13950  1316  30413  4287  36924  15400  23742  50041  72196  412253  251558  965473  180991  94192  15406  306  8603  48  930  1.23068e+06  32700  67939  117132  13411  0  1.79159e+06  117345  
1533  196  433  1547  26  95  1159  3121  371  609  966  46  25  53  143  720  163  3481  475  1696  210  565  930  786  535  142  1555  944  653  368  13  597  13  131  16321  4170  6993  2695  15167  2002  6012  55295  1334  1308  9276  964  498  7742  8079  714  2529  1082  401  766  356  24699  3495  1509  35947  5617  18754  4209  8105  53218  17749  120569  44546  690798  221407  12085  8857  787  18506  58  2122  759380  117243  63971  55677  34389  1.24329e+06  0  141692  
8190  16645  22451  19377  11427  17683  135133  1.1678e+06  79259  905580  199695  671  3204  9935  23653  533870  13154  387642  76727  174613  14357  5884  95800  27451  69266  17712  98562  44608  112644  44461  1264  42576  960  18015  3.42915e+06  882340  797340  2.56115e+06  59721  119800  313992  12711  28330  21092  14517  37445  24814  148661  792462  40531  428962  233445  788  10177  3104  42772  388342  25688  428977  37559  283436  17789  16820  138950  35508  73016  18658  84077  74820  49578  28876  5261  26498  422  3857  2.76958e+06  368946  916577  2.49773e+06  6059  564094  361262  0  
