3577353  
2644018  
726201  
3352490  
3693540  
3459588  
8808638  
12448943  
3833472  
5894463  
2599123  
2365003  
2115182  
3287399  
2435987  
5376347  
7015271  
5508269  
7121596  
7224976  
1277901  
1183540  
3989108  
3246429  
7362312  
1981115  
1986783  
1837582  
7807833  
9514862  
2663941  
9383662  
732304  
6325057  
10220744  
3697977  
5590348  
2422827  
712128  
3504298  
2234676  
4068752  
2384343  
646773  
3274569  
3365669  
4359405  
8175318  
13376045  
4253234  
6372053  
2206075  
2453621  
1761709  
2938405  
2652107  
5371918  
6806660  
5652460  
7437610  
7588148  
1595097  
1163161  
4765023  
3464859  
7206256  
1990595  
2090835  
1954139  
8951823  
9244508  
2861413  
8560775  
891146  
5934460  
9469781  
2946062  
5528128  
2734634  
687535  
3566855  
2091559  
11868786  
