0  1.82692e+06  48462  797924  244006  117047  569442  39425  1524  53991  6789  13432  3351  2574  3364  50967  69623  43297  63883  33404  3908  33200  80589  104653  37967  10659  20616  233891  57008  77920  10076  448263  13893  1.34273e+06  161225  234133  464260  87033  61881  77279  62863  48886  1525  5718  36956  1418  896  23500  17111  1670  2901  1490  3770  2465  1170  1152  2838  1808  14261  3111  12113  1841  1477  2719  2420  1318  280  345  1240  1532  1038  467  2109  105  372  10429  45793  4305  2162  5079  3947  3546  69725  
1.1311e+06  0  3986  8354  635310  225713  501254  25286  2619  76708  9841  728  707  784  1631  52680  44439  33424  32180  42129  1853  9086  26073  31565  16846  5712  12518  48990  30363  28316  3501  93682  3438  63190  668140  798845  343862  97606  44701  81272  46124  5966  1992  3681  2176  3383  1523  33449  21915  2960  2486  1182  317  214  276  384  1525  807  6581  1625  5839  782  665  2067  1173  893  182  271  932  1100  710  227  1224  41  206  12282  3237  3195  2044  960  4463  3773  162702  
41527  2916  0  253774  407  467  244975  148581  985  3049  1176  264  151  146  166  4863  2513  2697  1989  4126  133  378  1261  1323  947  307  1578  2360  1373  1051  154  1410  43  430  62594  135054  26453  11667  21709  8559  4987  30377  4095  14825  19304  4248  1485  63005  22337  1132  813  225  227  186  135  129  334  170  697  303  726  85  76  395  265  452  88  201  755  710  253  31  389  10  184  3752  17067  1531  720  540  1616  2117  13849  
795188  9002  174633  0  1122  921  39351  717424  1975  4357  2459  1.23446e+06  27977  25597  14124  6255  4928  5595  4905  47998  5651  1717  4064  2906  2891  1409  20182  78575  5924  3472  377  29336  400  28738  52528  220013  44411  13084  58186  14397  17960  237058  14585  103540  1.08515e+06  11292  2041  186727  252286  3904  2297  1723  152254  28787  12222  9530  1183  589  3132  1100  32282  2938  1100  1453  1865  1761  668  992  3618  2482  848  132  1528  15  1223  14016  126602  8042  3426  8333  5428  7425  12731  
319519  1.108e+06  3610  3173  0  1.78616e+06  1.13084e+06  73102  23598  114142  16929  953  1260  1636  3065  82157  169308  72475  126109  92868  2713  10815  45212  22577  14130  3227  12405  22035  16722  20148  6471  61363  6840  328815  1.16454e+06  735034  324981  153698  10333  69969  49619  1342  247  798  1367  4108  14936  68300  48607  13700  6193  2098  557  426  460  553  3064  1463  11884  2919  9969  998  784  3569  1184  1127  187  274  806  2330  1600  410  1861  79  344  22519  3210  3979  5319  605  6290  5152  382557  
156828  460466  3180  2760  1.19492e+06  0  620898  164105  564024  1.5104e+06  11969  620  1220  1908  2447  137156  180870  47580  111528  43134  1342  4449  20486  10591  6291  1600  4402  9935  8165  13050  5598  127168  22189  886023  492404  222475  364751  133898  4420  25895  18677  1094  187  615  947  5669  41757  91238  86909  108599  27627  2800  372  326  435  453  4591  1627  11531  5079  7197  583  388  3232  646  838  141  229  648  2875  1643  336  1621  86  529  16030  3404  3830  4228  379  4056  3410  212926  
452567  541427  318189  44745  1.75647e+06  678500  0  1.68979e+06  903738  193632  19322  7905  3103  1523  2245  87115  211038  176870  774970  93265  1747  4892  34200  16579  16587  3394  12882  23474  27092  20896  4795  30536  1084  9186  836531  985976  162051  72840  44132  74454  44567  47138  13033  29116  18734  72225  201973  1.07275e+06  521243  237999  37112  3377  3323  1233  1016  919  6032  3063  18056  13874  13398  1131  1112  13207  2330  4783  516  1218  4966  20506  10656  905  4781  126  1798  76162  42039  17374  13376  2732  15276  13475  200428  
34891  29759  186134  847554  41269  123527  2.53376e+06  0  2.13935e+06  423958  509902  1.09122e+06  1.9517e+06  1.03698e+06  275048  83673  85349  131294  113440  962227  93559  12465  22224  16909  10982  10222  20615  25767  13371  16788  5797  34709  2569  16564  776625  813483  256005  137885  26416  74629  41285  65822  11583  45147  190205  76082  228038  1.18906e+06  4.69794e+06  659332  362924  110431  86747  95967  73074  50396  30968  7599  62504  57356  275992  13972  5598  27479  8625  9422  5206  4386  9473  30284  15257  1505  12834  326  11354  201748  135143  107602  80893  6157  40548  20550  307437  
2595  12528  4186  1926  30166  882953  1.24848e+06  1.86399e+06  0  1.73741e+06  5930  295  211  248  231  28584  56388  130345  283588  13791  114  177  17299  401  1780  267  584  1428  2784  2514  598  4371  263  1734  52107  34424  17495  15803  996  3480  2533  1006  196  446  582  3477  32243  67439  141794  197425  83832  2872  189  121  174  95  5262  1312  9311  10783  3463  189  121  3082  229  700  37  144  561  3428  1466  161  1277  81  1051  10946  4846  4979  3480  324  2476  1837  26855  
56630  96847  5320  5073  129081  1.49922e+06  312454  931133  1.60121e+06  0  201074  1345  1172  4181  2545  2.3747e+06  209327  108304  95934  34156  763  1129  9073  2387  2714  729  3509  9640  5606  9729  5582  356562  98486  606909  364133  210153  592993  435836  5560  47680  18270  2469  468  792  1827  3694  18186  47591  213153  111105  622183  63524  1006  864  1408  651  124032  9021  30780  19741  11288  532  286  3749  530  1561  230  576  2103  3544  1711  421  4781  456  3924  24982  40135  22385  21843  1448  12313  11550  311945  
1811  987  715  7526  561  789  6981  632991  2002  244534  0  26909  57102  1.02158e+06  24015  204850  7207  19917  1696  991616  3150  447  676  710  1753  4450  4512  2513  578  444  165  2356  191  1108  20581  9746  8001  9469  1311  10230  2086  2093  326  478  4315  1576  2948  5794  81337  7901  312533  322865  8199  11619  43900  6979  267611  23893  79365  8958  61044  2035  477  1292  746  1058  1613  1496  1632  1411  1281  886  9884  1284  3764  18994  29778  13043  11223  1274  7200  3123  21719  
32057  2476  3098  892641  4317  1687  59901  1.12302e+06  2885  4957  18641  0  660943  341673  110537  8787  7787  13849  7918  456232  40758  4914  5548  5534  3406  2917  18823  58499  5138  2784  418  17952  393  18535  66063  49852  38149  12415  14130  17090  16953  38299  984  8048  237733  2394  1965  57010  388500  2799  3378  7557  509704  80555  52864  27112  3323  1428  10002  1632  150975  6635  2136  1849  2774  1291  1766  1365  2712  1713  925  303  1863  76  1504  12094  29238  5693  3842  5677  4054  2477  17919  
13108  1754  3300  70842  3656  5335  76401  1.29992e+06  11779  5293  31880  632330  0  671023  237507  7489  5933  12747  6424  507911  44662  5018  3063  4515  2113  3228  7933  19023  2294  1497  248  6676  191  5789  47195  27759  20342  9045  7256  11935  7500  12705  393  4729  77489  1946  3555  33004  561196  6233  5142  14798  231451  596844  119625  62661  4179  1658  11997  2164  219909  12299  3536  2450  4537  2253  4928  3041  3804  2225  1313  398  2257  81  1950  18278  14439  12734  10137  7018  7324  2735  22768  
8377  892  982  43174  747  1153  12416  944607  3881  14687  1.23465e+06  240341  721238  0  669698  35279  12577  19604  4669  988566  45439  4873  1797  4404  2313  5523  8346  11718  1389  1047  307  6133  321  3915  19802  6658  10625  5133  4224  16222  4127  8273  424  1819  58957  958  1756  8357  194338  4501  70989  182894  132507  258277  863820  75870  77900  12444  61728  6226  294036  14890  3786  2701  4375  3688  8646  6843  6404  2783  1852  1122  7777  871  3978  24637  17772  12365  9380  12289  16075  4323  17123  
5910  1123  792  26088  685  668  6995  125482  1497  2120  12943  85235  111033  391726  0  8419  7177  46488  13811  1.99158e+06  136262  108175  6874  531524  44397  258337  147558  14065  3066  1700  291  5253  255  3004  58301  4496  9669  5102  2998  230427  12476  6270  362  1269  20443  484  511  4818  69125  807  5908  51910  38935  43153  215587  350235  17310  4252  36887  4810  443296  34878  9887  4427  9124  2998  6138  4408  3329  2055  1782  1191  4157  182  1231  16457  7862  4575  3200  5030  12286  2466  14077  
55449  53619  6040  7345  62445  117235  86495  123332  67376  2.24824e+06  210132  2129  1826  6528  4428  0  2.25888e+06  620545  93526  45980  1000  1164  9489  2303  3259  1331  3913  14401  7790  19902  17374  533847  260901  676763  365808  213931  555717  406840  14454  43427  15701  2336  363  558  1959  1436  4401  15061  27132  7511  63556  53531  1264  1049  3808  1651  169518  37781  137000  14065  37435  1606  417  2032  666  1548  561  923  2281  2183  2295  1852  17202  2663  3757  27589  11327  10652  10120  1759  8463  10334  346180  
69898  114947  9161  13969  160790  130119  290742  166300  68152  247276  29483  4063  3510  13566  32082  2.60935e+06  0  936521  1.69377e+06  259546  6463  3414  25807  7827  21634  10735  19766  45415  70626  360432  429932  2.47482e+06  560086  639827  458768  238357  537807  177335  35285  96899  39671  6365  979  1276  4009  2525  5398  26870  38116  10253  15680  37190  2561  2319  11377  8137  135753  62781  371991  43173  170498  7750  1940  6838  2483  4522  2004  2583  5501  8661  12857  11187  42565  3786  6106  85951  16455  23617  18014  5079  18662  13839  224399  
43339  32878  8707  11328  15456  18525  172478  231942  302941  173479  25119  2422  1881  3991  13116  514615  619695  0  3.08993e+06  1.17102e+06  80607  21384  994735  40708  152109  28540  26356  58731  66748  79994  8506  121320  3887  62746  322236  53049  233987  139240  22605  166312  50982  8189  2012  1760  3440  2702  2893  21955  28029  9712  22415  10814  1857  1573  5857  11652  42343  36316  311946  64889  198481  40061  32758  73092  29681  15855  2074  2312  6839  17854  17441  10357  39290  1975  5241  155667  11847  27817  16726  5140  40755  14623  207599  
95759  75667  15707  19942  47255  31092  486774  217452  331695  57782  8116  3686  2515  3896  16292  27630  1.67539e+06  3.22678e+06  0  257758  10287  5569  1.70458e+06  16875  335831  37528  51441  147301  764814  1.19124e+06  495561  459980  3369  189388  388208  78150  464997  226323  37593  376108  99485  10095  2160  2079  5096  3129  2921  30163  32406  7911  10283  2661  2232  1633  1467  5100  7122  12154  136177  55900  105341  18717  7722  24831  7260  11197  1543  1840  6466  18378  15370  7935  22224  353  2794  86500  8732  27381  15593  6980  25680  15272  283763  
36601  22936  8098  55061  8014  4801  54641  282434  12001  32713  616429  131168  152712  477302  1.91575e+06  72910  71028  1.38177e+06  111930  0  1.7039e+06  835445  55544  938766  83728  281569  192103  70520  30618  31712  3875  73779  3213  34998  413226  47552  156395  104604  23812  581319  56825  24796  5633  5783  27170  6576  4530  45699  153421  11241  42592  82339  51076  56482  153913  203535  79914  58721  640835  161030  1.81544e+06  166567  89499  142245  83339  39680  10647  9179  18759  49662  48050  29050  79126  2201  10734  295251  29566  68671  41935  11911  94391  30836  223923  
2589  1748  452  2219  570  231  3266  9262  226  425  742  3424  3710  2214  64721  1048  1376  139619  6901  848593  0  535878  70657  149907  12228  31153  14545  5120  1898  2501  182  5338  94  2586  35969  2241  9901  5112  1140  53446  3679  1225  296  314  1429  366  116  2294  8537  154  462  1066  3148  3828  3681  24120  768  590  25456  6124  139281  157501  50429  23937  21969  4534  2104  1169  1330  2653  1942  592  3705  19  533  25250  1072  3802  2321  673  12247  1700  10035  
2784  2112  474  893  704  259  3052  3742  75  188  245  538  585  596  44286  317  453  65611  2345  239951  489246  0  75488  732650  28968  48346  8793  5106  1823  3097  106  6081  26  2774  21402  1550  9112  3720  809  34197  2801  413  93  92  525  115  33  777  2524  45  135  481  1117  1398  1316  9277  299  128  6421  836  47677  93536  52084  10944  27870  1538  887  406  418  587  477  103  818  6  142  10453  374  1142  529  298  7357  502  5038  
40503  33052  5132  7680  20526  6603  45754  52057  2499  5216  2371  1551  1054  2004  5871  3827  18201  1.06022e+06  1.1177e+06  69048  78645  47452  0  340155  986089  42578  24246  66198  1.19087e+06  681065  53370  181260  713  99969  185792  31780  254614  115449  15025  78432  57503  2457  400  479  1937  663  472  8569  9733  957  1565  1127  910  664  584  6631  3201  2461  37348  6761  75676  21586  28609  55048  23250  5107  784  538  1295  2972  2276  801  3499  122  466  83169  2538  5953  3917  2244  24128  4051  122669  
30813  22104  5446  6641  4245  1708  31594  23386  197  907  463  1056  688  1510  542685  881  1526  97031  8041  612750  192146  891071  316834  0  1.30036e+06  653402  84018  56913  26203  33729  734  55831  180  19370  78270  9591  70150  18202  6539  248567  19170  1442  161  326  1322  372  112  3882  4536  187  502  2024  867  855  928  5887  1163  271  7624  1257  29238  13093  17174  33202  123140  4214  795  424  738  1065  707  135  1062  21  149  22037  1370  2746  1123  1243  16740  1501  28528  
30971  19806  5701  8821  4624  1766  37903  33978  1887  2877  1523  1536  1023  2444  42557  2460  9477  125628  192177  74029  21277  48713  1.12948e+06  1.54497e+06  0  1.48308e+06  745761  365553  3.02913e+06  128171  8240  69124  439  21596  155699  23984  115004  63513  21121  784076  83726  2155  293  400  1650  517  334  5058  8774  587  2524  5725  725  554  959  2314  6645  3820  27376  5707  29687  6799  7169  14141  9858  12036  1251  768  1470  2633  1895  825  3706  182  511  31171  2526  6351  3146  2566  12321  3875  71466  
14252  8500  3170  4728  1196  412  15725  19398  266  476  375  857  610  1527  123096  492  1125  32788  14667  72861  28736  40010  50022  398341  1.44746e+06  0  557754  79506  33881  14780  503  23008  101  4555  31299  4993  35265  7884  6038  554701  21016  967  105  145  852  216  85  2120  4999  123  1114  4419  356  281  416  1230  1663  345  4621  1213  10545  2922  2943  3929  3907  1931  1305  660  466  856  523  131  697  15  110  8059  1051  2216  710  1070  5523  1120  14001  
11925  2679  843  5469  746  485  5161  25389  464  1084  923  2837  1467  4965  101823  1449  3065  18494  11005  77698  11137  10869  11993  34211  757751  615739  0  214174  18272  2794  292  5119  312  7669  176011  12859  27067  32757  12687  872841  339709  2134  86  157  2372  143  160  1258  8993  300  3622  15260  917  685  1077  1257  6486  879  8073  1875  12682  1344  978  1729  1890  1250  928  599  633  921  746  398  1153  25  180  10207  2796  2100  1301  1106  7283  1687  36942  
189499  25333  4735  57404  5348  2612  28435  19408  965  5829  2112  15146  6363  5048  8777  8016  17406  29629  34762  28416  3839  16279  51210  47025  239959  20689  386678  0  292711  270558  3027  589366  2327  64615  311554  49360  239671  178350  84529  297247  640303  18954  200  805  19892  293  258  3851  8304  692  1898  1806  6375  3950  1662  1536  1814  1294  10956  2708  11427  1750  1584  3928  3622  3402  566  585  3194  4283  2501  503  2938  49  327  16794  15573  14750  3651  11676  9963  7198  89886  
65647  39417  9644  18065  9699  4089  72595  43273  3527  6838  3224  2274  1521  2790  10642  6065  48232  129758  599250  73226  6848  31695  1.47447e+06  111078  3.09587e+06  52385  120045  883764  0  4.33269e+06  125755  413931  1000  43346  263441  49570  244326  151775  39725  303877  116493  3228  482  650  2357  856  791  8882  10691  1506  3123  4082  1171  802  1858  2149  14231  11049  66617  13853  40231  5896  3832  9127  4861  4022  668  742  2771  5077  4501  2471  9167  582  1172  31526  4371  12970  6167  4869  11662  7646  128278  
92945  65512  10780  15182  27651  13912  96108  68079  2745  12109  6147  1990  1535  4964  13618  16401  872914  129424  1.05104e+06  95100  8635  54511  696501  160949  169885  30239  19413  502062  4.39549e+06  0  1.89599e+06  4.26775e+06  2334  105833  262892  65452  398507  252827  22856  174688  34719  3181  530  628  2198  1100  1322  11758  15820  3416  4099  7667  1190  961  3603  3312  27719  16485  100132  14699  54412  5644  3424  7245  4557  3106  836  1030  2324  4170  4400  3014  11788  1001  1653  35469  5723  10902  7568  3460  10728  7521  186018  
10409  9546  1418  2079  8594  4266  18990  20240  726  3871  1927  502  437  1584  3780  6731  1.05777e+06  16929  832393  23586  1160  1849  52544  3653  18893  2419  3063  12142  104583  2.07857e+06  0  1.15724e+06  2476  22613  53935  16639  139402  99828  3922  14776  5836  690  102  131  482  229  403  3076  4448  1179  1047  2437  271  221  1026  836  8553  4455  27747  3415  13914  835  266  874  361  457  192  226  489  739  961  771  3066  283  472  8133  1589  2212  2093  556  2331  2026  48881  
496370  147372  13228  40429  93791  125904  116718  144702  4910  253667  17301  5031  3235  10965  25359  445699  2.48447e+06  280286  534247  244384  14473  51206  364928  140663  89056  28048  19652  654881  170638  4.17738e+06  897683  0  859061  1.02502e+06  347724  121300  696713  214682  37089  167763  64449  8178  707  1152  6792  1663  2674  20055  28936  6250  7222  11666  2554  1982  7508  6233  39314  28302  206377  21512  113433  7522  3661  8228  4816  3936  1425  1680  3684  5687  6730  5193  22201  1582  3091  61615  13839  17659  12102  6054  14830  9763  183747  
11875  8393  741  1535  10315  10133  9219  18261  434  25185  1817  421  342  1725  1983  142220  364220  15859  7620  21649  343  172  1821  467  609  308  781  5299  1124  5872  11861  615187  0  268814  11819  10396  100963  11277  2061  1581  1756  381  37  79  379  130  244  1961  2919  537  568  979  230  177  748  535  2786  1845  11168  999  6706  266  62  185  105  149  108  122  182  180  275  250  1354  125  171  3022  830  724  578  235  661  445  7809  
1.58446e+06  470270  10301  22683  814578  1.57976e+06  110017  174579  4383  1.04413e+06  11897  3749  2370  6813  9631  1.34255e+06  1.29981e+06  115401  147696  114816  5242  22825  99303  57975  26868  6374  14986  125431  34207  83101  40283  1.41574e+06  871703  0  174182  114263  1.08322e+06  84163  9937  38407  37793  3281  286  607  3619  1234  3355  19898  27618  6252  5573  4994  1548  1149  2796  2349  13272  8437  57250  6279  35169  2405  1215  2701  1646  1181  537  627  1034  1702  1821  1407  6384  445  987  19593  5514  4787  3855  1551  4480  2839  84929  
222931  244341  167120  105213  95874  56329  851855  1.62196e+06  48125  454540  302548  12686  16534  37033  86415  773794  384365  719552  467373  1.0212e+06  31114  57161  322392  129925  175034  54108  446960  545481  254308  160265  18541  282434  5807  55573  0  3.10954e+06  730362  798807  606952  2.31533e+06  1.48135e+06  14380  2800  7023  17654  11288  18037  176953  385341  47499  50864  36462  5638  5130  5625  7702  24843  10174  92815  23513  97513  10546  9894  40584  19004  15458  2732  3894  12034  16361  11514  3145  17115  416  2600  326299  26363  44785  40874  12738  105284  74394  3.32798e+06  
264239  321977  161616  115591  102015  18554  1.04005e+06  504118  10012  222958  100509  14378  4009  4573  5042  361853  252764  113878  51154  184308  2472  3663  23833  8500  19794  4040  49081  52798  27353  16786  4961  67738  7090  24153  2.03227e+06  0  308594  262930  561930  251710  138370  5459  881  3734  8638  3035  2730  51067  62014  3673  11713  11078  1662  878  1574  1302  7919  2354  17207  2510  16313  1024  692  3015  1144  1224  359  480  1207  1735  1214  400  2235  154  378  25644  7624  5440  4737  2005  6804  5628  314447  
662319  405365  163595  175329  235085  103166  930383  1.23493e+06  37832  1.1181e+06  243432  30712  22403  41587  33204  904565  356300  291132  368817  265556  12587  17459  118835  29601  36856  10443  26307  91346  110192  144803  52977  186985  15396  169171  286108  1.23552e+06  0  1.81355e+06  373299  65546  98416  20553  1648  5640  23279  7525  6361  144471  200483  16374  90947  35626  15187  10345  5511  4487  22407  5478  38751  9412  36681  3367  2731  8324  5624  5112  882  1108  4941  6822  4202  1160  6587  258  1546  35890  27808  36522  13627  18688  13579  16520  159494  
78853  59580  38843  26635  39005  22323  156341  283435  10170  404615  84299  10472  7485  11608  10779  355748  130727  164385  208435  177477  5862  3025  44575  4716  14953  3417  12621  23324  63145  73540  25873  40874  1856  13927  257161  504840  1.96371e+06  0  119633  74357  66259  3544  401  1172  4905  1534  1707  27319  44162  4555  22099  9835  4857  3131  1905  1652  9105  2318  18223  3427  17236  1343  1040  4116  2110  2398  414  562  2001  2762  1717  518  2815  100  488  22633  7096  15717  14776  7095  14037  16320  592740  
253351  42706  37238  107960  982  512  89857  7285  465  4522  2670  3601  2228  1511  1127  16810  10623  11983  9534  13423  843  2070  8836  5009  6937  2307  13462  52380  14521  7194  951  13569  208  3260  146758  529024  342758  63687  0  29230  45133  7496  265  1156  6746  234  125  3562  2835  185  531  314  1012  613  375  307  457  335  2660  767  2739  471  564  1949  1661  1630  209  278  1578  1909  943  99  1179  8  105  6488  5136  10937  2089  9259  3553  4697  19545  
42291  20543  10484  20558  2599  1060  46708  55910  1123  4891  3414  7954  4589  21379  200077  6408  12140  95587  50569  244678  43085  43426  37155  106657  214230  356483  1.78351e+06  286634  74503  26874  1043  49016  565  15067  1.89891e+06  64403  121459  62569  96588  0  1.42424e+06  7721  1151  1138  5152  1497  823  11566  20267  1126  8007  42310  2283  1572  4495  8838  21472  8154  94074  29365  98311  13332  10734  18716  22882  11912  3009  3354  7729  12292  10043  5105  14346  172  1663  105285  9406  24030  11973  9090  88061  20986  152398  
41179  4900  3371  11200  956  573  14045  12371  719  4337  1782  7245  3848  5356  23246  5817  9377  27025  25887  28703  3289  8007  38863  11149  30675  16535  1.24975e+06  326878  23393  8537  942  27183  423  18629  1.04524e+06  64194  116865  221242  88290  1.5578e+06  0  2436  165  261  2817  269  264  2666  4498  552  2027  4684  1632  892  999  1185  2825  1182  11205  2426  10588  1232  1008  3123  2068  2342  521  708  2315  2760  1583  536  2224  27  233  20828  3303  7802  4556  4050  10827  9196  163964  
33300  6235  12164  43852  692  351  31025  13165  806  1588  1111  835  1108  898  818  2424  2198  5739  3974  11846  1994  1916  1825  985  609  303  1096  4988  931  623  85  2215  40  953  11006  20052  5427  3354  7780  3106  2964  0  1.72259e+06  59197  811381  671247  44161  722018  49092  2987  16087  2701  3945  2941  1426  4199  14390  15534  41871  21542  24329  7556  21392  77117  111839  61916  6043  144308  247379  86907  81180  3181  151039  1113  1.55555e+06  292823  419912  559349  74800  137914  107483  133264  93919  
6174  6433  6053  6422  776  173  26634  10367  460  827  903  137  285  510  674  1287  1469  3963  2581  8887  1056  1055  1045  467  314  231  380  535  301  260  42  635  31  224  8558  3528  2275  2465  1759  1742  1218  1.0526e+06  0  3491  4653  924894  20777  474176  19874  1190  7951  3712  802  731  717  2604  10682  12030  54999  16903  37821  5004  12162  38680  56045  34235  2304  11350  30614  33740  25698  1577  35885  421  89980  633249  698233  358938  86123  30102  112618  47361  126952  
43496  18509  36316  62088  1535  341  92082  24455  686  616  309  677  330  364  187  367  266  294  378  883  75  72  149  126  80  37  148  596  134  89  8  296  4  137  3742  15296  1876  804  1278  476  346  45805  472  0  287152  860  443  151437  212578  601  674  1339  404  537  769  371  534  216  937  432  2657  161  177  909  551  537  91  167  679  987  346  31  432  9  294  8240  27291  5586  2106  2894  1685  1441  3128  
242135  32539  102794  1.56426e+06  2097  955  150960  133621  2149  2396  1572  357626  31167  15994  7539  2792  2450  2919  2740  25310  2889  993  2168  1620  1490  781  11496  47500  2861  1581  176  15285  225  13621  20604  79317  19721  5971  16696  6633  8355  787612  2571  227716  0  2263  1163  41855  817237  3396  2083  2871  852157  48955  12391  10436  1051  735  3245  1313  28257  2600  1215  2210  3981  5439  1475  5269  23167  8800  2636  106  5079  38  11000  18445  199715  21917  4453  33319  9447  12469  8035  
1925  7503  4464  3523  3291  3646  70778  36306  5026  3020  1564  246  491  639  754  2496  1988  4910  3620  10334  1292  1322  1406  644  401  234  398  562  396  382  85  786  43  268  13850  6210  3037  3991  1186  1999  1331  571334  766648  4721  3810  0  899573  949714  94245  32198  42341  7889  724  895  1445  2705  26863  25645  68530  27294  42309  5952  16578  80940  39016  29535  1842  6034  23962  108814  86904  8253  64960  1756  572312  659571  535459  302261  133020  8653  93412  40919  172334  
953  2068  1219  1683  5711  25221  136774  122939  74133  31941  3810  482  1152  907  647  5627  3871  6952  9336  9443  654  453  1298  325  385  150  405  629  578  556  152  1236  69  445  26253  8722  11642  8647  751  1863  1500  52054  44870  2823  3467  1.23416e+06  0  849843  267190  523943  1.584e+06  7685  1067  1614  2510  2444  54697  109442  51258  145823  24047  2669  4762  69773  8558  13444  1028  2691  11482  103713  111885  12563  115741  4840  982461  271086  205943  153730  64603  4441  41406  18268  101828  
43571  60564  55114  59037  42788  71932  1.00427e+06  430877  76929  31001  6174  4921  2879  1724  1455  13429  11676  17599  22212  25361  1331  1415  4969  2121  1747  582  1755  3362  2375  2189  493  4240  190  1370  137445  94668  25232  17842  4837  9793  6896  423658  411559  263619  43221  1.52787e+06  1.13856e+06  0  2.07882e+06  1.25288e+06  138780  18365  2571  2337  3030  3398  47068  20547  215641  299731  128654  5684  7967  205770  27166  52761  2209  6099  24193  340473  166043  7785  30264  618  18391  489313  792082  254038  98880  45611  83379  36498  162514  
83895  81456  81748  264929  69738  162333  1.92342e+06  4.03786e+06  481873  430621  99348  224063  345595  123475  80531  47130  32044  55120  71917  244812  30145  8380  14796  7883  5306  3731  8066  15526  6517  6266  1570  14214  727  5991  430922  276411  111837  75907  12136  29543  19944  65384  5977  218753  912503  42705  162910  2.36901e+06  0  2.01849e+06  492070  697089  898057  1.01852e+06  662810  209649  41878  16699  180744  65384  522715  50331  17739  41469  36492  23308  30106  19694  27013  33812  19040  2347  31853  760  33141  526420  767294  351084  234860  18516  111820  41157  363167  
1051  3413  1022  1184  5844  41245  152575  233087  203177  104812  5095  296  234  263  273  6243  4994  9952  18023  7798  183  147  1843  210  424  116  419  837  681  813  258  1860  179  814  28326  5915  25916  16252  578  1724  1568  4382  804  1578  1242  31496  782041  1.11556e+06  1.82673e+06  0  1.69145e+06  1795  418  270  242  707  21757  38852  102432  226489  16461  611  512  74754  1121  9558  400  664  3093  111914  99935  4829  7129  145  3768  27297  83094  27369  18498  1798  10051  4178  36581  
2756  3646  2342  3024  3552  15823  67029  329258  136102  465119  73801  606  841  1389  669  53733  9276  17440  26019  13958  450  277  3516  359  737  296  896  1936  1061  957  279  2729  150  1356  37465  10397  33720  28622  1896  3698  3945  15690  6069  3183  4105  48469  1.4662e+06  258061  1.09503e+06  1.56745e+06  0  73141  2146  1893  2033  1653  2.45957e+06  251891  116721  166108  21616  1703  1446  58460  2628  10651  871  3451  10887  94132  87883  15981  360037  163780  796953  172560  524934  360665  256849  9040  91370  29850  179269  
2493  1165  1213  3660  669  1526  10680  136287  7464  309110  311780  2697  12068  63284  9108  120735  14529  12131  5820  48027  1986  387  660  329  817  1850  2252  949  312  418  196  2630  178  812  14496  6664  6975  10790  552  6230  1015  1994  178  3515  9442  749  1276  6794  618570  3289  186390  0  11441  40119  731320  5462  112173  2817  51068  2005  486268  3837  742  1258  904  977  1404  991  1446  1236  665  304  2607  213  1761  25306  8149  11351  10929  1078  5030  2544  26760  
30384  3370  5339  373839  4961  1899  88551  293518  4161  3578  8163  722218  288980  118002  48801  5729  4975  8312  5512  179215  21366  4813  4069  3734  1905  1594  7848  26768  2643  1676  263  9257  208  8353  63681  46643  23015  9429  6360  9211  8039  20597  993  7802  853215  2135  1800  41320  1.4444e+06  4513  2979  6905  0  492858  116059  124330  2241  1225  8519  1766  232144  21969  6596  2573  14105  5748  11322  7771  14700  5556  1710  276  3851  67  7679  16934  27573  11215  6593  49652  14369  8995  23730  
19635  2758  4447  43602  2502  3979  78120  258754  19342  4427  10959  110347  483848  137886  59264  5738  4114  7320  4753  158496  23342  5867  2091  2789  1017  1589  3077  8279  1096  867  178  3899  96  2251  41661  28207  11671  6868  2701  6257  2893  11658  581  5944  199205  1342  2191  18960  1.26202e+06  4266  3785  21015  627670  0  354550  190682  2899  1462  12797  2390  368875  40242  11314  3223  19388  7986  19778  11905  16653  6187  2051  406  4614  103  8004  22041  22462  18658  11635  68079  21045  9940  21968  
21068  1842  2829  37488  877  1795  19006  165574  8124  80382  186751  42127  139686  702162  282935  59679  15606  23578  7451  395360  38588  8103  1906  3575  1753  4048  5446  7554  972  897  298  5301  245  2297  18471  11358  7216  6042  2566  12581  2253  7454  492  6010  111356  1047  2065  10197  911964  4135  18468  866427  250559  637188  0  506167  32172  7704  49781  5185  858125  61195  14673  4446  17514  8879  21069  16510  15028  5481  2558  1150  7692  468  7044  25776  23228  16752  10319  42434  39632  8724  16905  
16488  1304  1967  28924  482  426  7745  52504  1780  1357  9347  25335  29586  56728  476846  7380  6468  21597  10464  318688  80884  26914  5495  8028  2594  5764  6879  5778  1141  1058  200  3684  118  1672  20992  8961  5627  3496  2427  19540  2370  7424  606  2513  43279  773  602  7009  188758  1083  1735  3699  130447  140714  498308  0  2841  3415  109791  10174  1.8855e+06  280610  155866  17399  538108  56028  244761  151639  42492  7501  4678  2676  8820  151  3628  44415  15748  9732  6688  13518  227693  20318  16630  
1733  1801  1090  1693  1125  2269  12268  24938  7711  113636  76789  337  679  3377  1096  199556  44090  18225  6826  25391  748  255  1665  420  652  467  740  1340  768  1015  532  7435  468  1829  16377  5593  7890  10704  1812  3325  2852  14556  5207  3032  2733  24224  75479  54512  84970  56532  2.41184e+06  67619  1594  1610  2923  1101  0  1.92839e+06  617889  59004  18856  1592  911  10089  1634  4691  549  3822  10997  14015  16679  11250  647401  408440  591574  335292  241457  409157  383173  8464  126929  39879  314110  
3138  2879  1261  2330  2275  3562  17486  27468  11633  52810  99584  775  1507  14658  7891  339532  105999  95873  26529  200520  4127  907  4663  1165  2065  1871  2914  3518  2384  3348  1556  19600  1393  4714  43669  9277  15871  12261  5904  12674  5461  24934  8637  3797  4787  63444  296093  115665  69794  67580  429317  30398  3506  4012  10593  17092  2.18407e+06  0  954911  1.77892e+06  155695  12554  3424  68477  6102  14687  5370  7227  19193  77438  363289  445168  1.9512e+06  378120  417579  295764  291465  185862  106274  21861  59269  38056  148900  
6756  6035  1903  2774  3752  4510  27393  38404  19723  36971  47885  828  1256  9171  6190  219092  147645  213276  112051  255743  13193  4552  29932  3907  7533  3197  6179  11153  8837  10410  3100  36263  1664  10588  136587  14267  44839  30597  7079  36049  14679  27838  7986  5723  5518  11998  31962  151111  109489  137073  100171  22759  2654  2852  5586  14171  533404  796915  0  3.13848e+06  976083  113115  21571  704104  42081  115657  19723  11966  25255  56067  46933  16894  123726  3083  27605  235433  29979  178947  119905  9293  81603  43002  235897  
5739  4775  1647  2723  2888  4858  27570  41243  20264  17177  21415  899  1577  7646  8865  68815  69621  138978  95951  276898  7035  2491  14195  2723  4814  2680  5585  9413  6958  7444  1779  21125  811  7613  101022  12621  38179  27136  9253  34073  13289  70382  19371  12551  11405  44375  138826  351945  101590  363838  84030  4006  3279  3307  6164  37992  20278  2.18218e+06  2.59053e+06  0  422739  26638  7952  1.78328e+06  21838  170764  23317  20684  54187  472840  1.15793e+06  987880  424434  3480  59266  329128  42735  293309  153952  18286  182645  69600  250275  
35440  13317  6491  45986  6139  5039  50547  162632  19634  62848  140447  46346  79409  129891  295831  174921  133537  398139  225651  1.98159e+06  297052  95284  82980  39980  25468  29987  38276  33666  19148  20812  3893  53377  1951  21038  286372  36927  95094  61968  14088  153671  33643  29642  6385  11696  79812  7946  5974  69936  500717  7903  25582  459275  224906  281790  618121  1.91262e+06  26064  37097  1.19899e+06  95057  0  2.08942e+06  804323  102605  623429  99635  215039  126954  79748  52608  46689  23139  81013  1486  18026  229820  41692  97887  63310  25479  272793  44496  195706  
2976  1591  555  1927  624  307  3689  6831  649  1140  2549  998  1752  1854  8558  3632  4495  56642  29325  77522  195319  96477  30849  12499  4788  2579  2445  3776  2665  2752  278  5285  117  2739  43507  2729  11795  6779  1410  16830  4015  4010  1085  911  2870  1317  357  7266  18024  360  1337  914  6768  9294  8739  124696  868  1777  216601  7885  1.10091e+06  0  426546  141322  136704  20816  29088  18071  11686  7953  7177  2640  21933  130  2986  50361  3464  19450  14279  1959  45559  8459  29171  
807  380  135  856  117  64  946  1906  124  173  559  389  493  602  3226  534  679  16909  3866  18762  49302  64151  17157  12975  1990  1239  1075  879  535  500  25  991  17  442  26156  685  2111  1203  591  17963  827  5198  918  682  1657  918  110  4987  7416  93  402  228  2880  3555  3930  172297  198  432  62300  2943  486810  325322  0  92793  548349  32777  86501  37379  21704  7487  5753  566  8210  21  1034  38443  1554  10427  3924  1189  105514  6066  8520  
3415  2561  920  1577  971  1074  11539  14459  3004  4055  2266  424  710  896  2436  5044  5384  95178  28196  60763  22274  21112  75517  36501  9733  3342  3039  5456  4220  4242  312  6898  97  2968  121226  4747  16653  11071  5908  21120  6139  29587  9504  5866  4981  18754  13678  142172  59078  49092  11742  2053  2016  1779  1514  19792  4297  35114  612580  1.54283e+06  189953  177615  137261  0  347611  680420  42334  25035  55407  1.10747e+06  798919  53665  270214  555  45832  310388  21980  260189  154021  11991  102592  81967  191344  
1810  745  435  1969  248  155  3085  5596  272  433  713  960  1108  861  3250  713  790  19804  5323  18708  28500  56925  17314  168147  4259  1920  1883  1703  959  964  71  1689  21  719  47236  1972  4593  2728  3033  24967  1986  38527  9626  6172  7998  7816  610  46350  32971  545  1760  546  7046  6385  7026  749046  693  915  65797  20249  586470  187755  612037  405240  0  1.72556e+06  940295  242509  104318  86486  53513  966  51284  57  4791  118848  7563  70991  15093  6311  455147  32574  42321  
1707  1046  578  1433  344  274  4215  9071  702  878  963  1319  1984  912  1758  1340  2110  22650  13795  24816  10396  6675  11738  6630  9404  2831  2319  2247  1674  1455  117  2598  62  1200  36566  2687  7162  5028  4334  10764  3019  30767  7479  5042  6804  7009  1313  44862  40508  2433  2688  734  5877  3249  2855  105873  1140  2517  62742  80719  72386  36235  59956  1.35631e+06  1.68253e+06  0  1.69181e+06  1.0253e+06  360148  2.78219e+06  97722  1658  60060  125  7858  186367  16553  73902  32195  9856  681138  126906  70050  
529  169  156  909  59  45  1014  4662  231  217  259  1304  1727  442  594  318  307  2379  1130  3403  4277  2517  1582  1221  3071  16664  8570  408  219  148  17  300  4  99  5418  810  1154  1132  1197  2615  456  11896  775  602  3571  513  161  4584  21844  264  316  150  5797  2346  1682  186020  194  330  11436  12487  49724  19960  42884  69411  548225  1.33374e+06  0  979943  113245  53297  14556  275  12120  20  1070  19667  1956  9919  3529  2125  380617  22318  19292  
1035  327  353  1800  96  114  2218  10743  709  333  1443  2441  3330  1710  1504  824  560  1939  982  5057  1245  668  1312  579  1401  8029  4674  673  251  176  15  378  16  135  9406  1387  1248  1047  1510  3893  870  56107  1753  917  8740  1168  354  4982  44401  460  819  455  9711  5173  7509  187695  672  888  14958  3747  60882  12722  20997  16166  74319  1.06788e+06  905776  0  383363  13381  2931  325  7472  47  22539  95608  8231  12077  7856  5340  732334  354385  28596  
1826  894  831  2015  250  250  5165  8018  791  1637  1117  1000  2458  1341  1227  2426  2291  5531  3634  10865  2518  1452  2403  1446  1128  784  1227  2799  1586  851  105  1725  31  419  19113  3791  8174  6330  15357  8957  5126  250861  14766  6468  28215  10850  2169  45697  40072  1961  6214  1819  11134  7823  2679  20828  5832  6634  41943  22583  29902  9870  13825  77564  54572  464954  53418  497473  0  428450  256874  1595  401747  243  68574  632521  71744  145818  94485  48980  769340  1.01857e+06  135995  
2601  1946  787  1416  996  1187  11267  14426  3219  4092  3659  413  855  1703  4626  8405  13213  43734  34421  89164  7073  5625  8825  2991  2426  1430  2364  4147  3159  2941  504  6820  231  2969  39633  5226  16792  11661  9873  15617  6357  59679  15898  9285  11018  80930  55097  317017  50558  55981  18032  1678  2265  2023  1882  20213  3674  32587  98693  258869  75557  24214  58968  1.73025e+06  164070  3.86375e+06  29977  77011  603820  0  4.99057e+06  21679  197923  347  24499  251316  32095  183573  98324  15848  242508  84910  140946  
1999  1878  963  1478  1243  1741  16917  17760  4269  4657  9445  473  862  4257  4667  22133  24091  56253  26486  122507  7609  4870  7536  2511  2004  1355  2013  3046  2289  2335  685  7081  315  2278  39990  6039  14108  11114  8333  12235  5102  52216  19374  8580  8573  340962  174790  685852  60199  86857  44903  2505  1779  2018  3688  17138  9285  495493  137419  618815  106066  30115  53826  890132  135548  133962  12658  10627  357473  5.00688e+06  0  1.57871e+06  3.85275e+06  1070  38787  235457  45695  180683  86729  13052  122472  47556  171444  
493  513  232  314  376  459  4331  4018  1003  1037  3569  116  188  1558  1431  8431  8868  18081  8082  42221  1022  268  1037  215  441  321  563  696  514  628  220  2102  122  548  9800  1594  3164  2578  809  3027  1064  4839  2522  858  744  141888  53922  224731  9305  11267  14341  591  322  418  1089  4945  3297  647957  29751  862220  32966  5219  1573  218721  2525  6859  1844  1539  4618  93896  2.18407e+06  0  850643  757  8752  28172  10848  18240  9290  1396  14320  4240  16164  
2748  2180  1205  2594  1444  1816  16595  26151  5329  19536  47344  902  2254  9742  6035  116817  43548  75862  19624  152683  14273  5578  7974  3384  2583  1960  2345  3851  2696  2606  878  9874  654  2521  43357  8772  17643  13419  19698  13665  6895  129823  42726  11336  22430  152285  145533  215533  119932  8272  245605  17653  7071  6317  8242  14364  475552  1.55391e+06  257797  241623  135216  50270  57246  405744  139663  82186  10683  21847  445731  194483  3.58715e+06  892242  0  771764  781325  373332  177738  491511  117375  40398  147788  218563  212713  
125  120  66  146  111  181  1135  2094  421  2313  5529  61  130  803  409  16089  4036  4584  653  9378  219  53  138  51  100  124  126  98  70  102  45  598  53  165  1892  493  489  444  316  417  173  3279  1163  444  511  4744  5326  6269  11170  423  66214  1843  272  355  784  430  212675  251304  12758  7269  7635  579  159  1985  298  850  164  820  1947  2007  4960  5552  468388  0  336623  16764  16270  44582  11321  1430  2881  4124  11007  
1306  986  902  1960  1026  1860  19726  39644  5115  12644  15899  598  1734  2961  1527  36970  10458  14574  4185  29302  2336  1062  1487  585  455  352  522  799  487  524  186  2139  131  606  12189  4018  3594  3165  1917  2248  1257  1.16641e+06  246079  16582  13400  1.13607e+06  1.6116e+06  172336  292429  10319  1.52305e+06  15882  3450  3826  5313  3996  1.44323e+06  846015  109351  74195  44459  8812  11536  87027  25315  23267  2646  33969  69980  96442  109110  50020  1.5431e+06  727981  0  163633  118897  511046  65488  11561  31035  85628  69432  
10194  7730  6636  18619  5221  7581  101037  256533  21061  35265  17816  3589  10164  9995  8995  23534  19331  51125  34753  99194  15675  8596  25801  7991  8829  4996  9349  16197  10276  6730  1030  11933  359  3306  311627  42994  58083  88250  77191  52876  49923  400698  95733  141723  81096  100370  44393  964526  1.48214e+06  43521  572309  171925  25447  25009  23931  49060  558072  185283  1.13116e+06  309506  672967  73342  64895  439135  163102  546486  51104  188314  714849  632525  249343  16143  323278  4992  49497  0  1.96462e+06  1.04671e+06  1.25848e+06  437256  2.93246e+06  1.62271e+06  4.36035e+06  
8815  2617  3414  9659  906  509  23409  23814  1806  5069  5715  783  1824  2657  2563  7664  3703  9621  4250  24216  1402  1101  2698  1939  1798  1384  1578  4561  2699  1371  178  2462  69  579  18673  12268  13766  13773  29355  8984  9389  414806  139872  95452  71959  149264  14894  1.09779e+06  384640  13318  107382  51517  8637  6868  4719  5601  118066  85742  104028  27180  88499  7253  5109  30588  15081  47370  4437  17596  72985  58895  20169  5048  84478  11953  49417  1.3437e+06  0  568390  502810  846068  261760  144121  390474  
5986  4922  4686  10265  3129  3463  63691  153213  15190  43542  13979  2482  5835  4761  3371  16298  8188  18781  10285  38764  4605  2086  4490  2003  1544  1068  1390  3168  1787  1379  300  3170  144  946  32982  17952  19276  16741  21593  8042  6135  609347  156059  122624  73039  214328  24325  1.04708e+06  1.08258e+06  45330  542900  96041  13981  14074  11941  10962  469658  113206  406159  191852  144465  20322  16543  239978  26285  70651  7067  23776  80849  269629  86899  11609  119140  4241  124865  563204  1.36467e+06  0  2.09494e+06  245798  118687  104617  309293  
1556  1041  972  2577  840  1221  15929  41625  4116  12006  5143  628  1523  1634  1217  6413  3332  7527  4454  15346  1937  536  2016  697  856  633  697  1138  807  655  160  1314  68  418  17276  6185  8072  19403  5354  3411  3557  65574  32427  32097  12170  31127  7465  167027  347242  15932  251934  40883  2890  3311  4398  4036  256165  35252  174996  73922  64565  9058  3168  107214  4666  32424  2461  5195  17920  153675  37709  3631  25758  775  9544  355393  370763  1.89182e+06  0  25335  303415  71797  787752  
1276  421  433  1949  100  49  2373  2530  145  432  350  607  2393  1361  1163  690  616  1472  953  4208  678  477  826  500  340  170  320  966  344  248  29  480  11  140  3239  3417  5435  3146  9803  1710  1934  256365  10520  14343  66416  8058  619  112651  15222  666  2536  812  14342  10533  2898  2707  2284  2416  10075  4520  10850  2034  2776  11213  12219  19288  2076  6651  36165  22876  6240  353  10888  163  9746  186049  518304  180142  26591  0  44492  43287  16676  
5764  3691  3179  7380  558  368  14655  18898  1056  2249  3976  3731  8276  5963  5358  4013  4808  14613  8389  28195  7036  5288  9428  4363  3515  2431  5879  8030  3677  1941  189  3822  92  1153  78663  9498  14877  16137  27649  37764  17573  49308  3774  5161  24321  2930  1235  27912  69096  1485  30412  4084  39664  28923  24843  245248  20706  4722  52660  19336  139824  40848  74898  94134  252247  427193  422637  838646  397940  158000  31159  1109  48157  189  12994  1.71946e+06  75238  95127  154369  58662  0  1.44576e+06  180340  
1819  933  767  2194  176  171  4127  4836  561  2035  947  552  1699  961  849  2296  1675  3233  2262  6152  1471  603  1683  665  699  440  990  2132  896  509  79  1174  32  331  16589  3205  4615  6804  7529  5565  4805  75375  2142  2113  8376  1699  592  12619  18256  1010  7086  1485  8576  6136  1992  7780  5663  4648  32765  13353  20480  5598  4553  32695  9163  67349  12903  699222  576366  74874  9077  1012  91252  214  24183  651571  58427  40749  81416  32147  1.38649e+06  0  152737  
38907  34948  23393  20539  25174  31101  161482  681708  37505  579057  244751  2226  4461  9517  15668  605260  206220  356833  260642  467122  16645  12888  123031  35289  73849  43460  70602  86675  47404  46398  13008  71362  3362  24674  2.79378e+06  596607  643493  2.72318e+06  59498  166742  284612  48368  15285  14379  15083  22301  25186  173197  583605  44768  652892  125130  3546  4543  8603  14991  553664  86341  523145  160477  263318  30496  18718  217746  43556  135127  22920  48342  121446  137827  60590  9160  96180  2360  23951  3.10284e+06  417281  920772  2.77035e+06  36330  892770  454837  0  
