0  1.32659e+06  105405  698516  206358  126666  486016  62293  3226  8002  2648  9736  1153  1812  7776  13241  54697  30346  23926  33550  5795  20339  21623  70613  97351  7015  63373  283288  88274  128671  18570  225271  3800  1.27391e+06  133135  132385  329292  54971  13884  74857  74729  13298  215  3365  41168  480  385  4059  16926  1364  831  492  1468  1360  1245  1917  719  350  7655  1308  12127  1405  1939  2251  3216  1837  224  432  3092  2138  1075  176  1153  21  1957  5749  13121  2662  1454  5397  2214  1332  53326  
899183  0  13877  2416  654548  192525  401710  80790  5300  8215  6730  396  663  1493  13184  18038  46462  43215  24600  78908  9948  24116  19576  88147  129979  9798  38409  57007  52994  55473  20012  56166  1655  47316  977966  865921  437856  113291  10678  169301  59634  347  169  297  602  1228  819  6490  15554  2645  859  490  174  125  377  1391  816  396  9172  1860  15067  1892  2587  3811  4536  2599  299  230  595  1994  1340  195  1077  31  342  13388  1529  3873  2551  593  3367  1480  204957  
70174  6027  0  113802  175  103  200029  56900  317  527  290  300  79  164  574  669  209  1761  745  3017  428  1005  814  3800  6899  576  4471  10321  5087  2072  160  727  19  497  15060  54029  33176  5701  5311  8801  6698  2202  2747  5666  5704  1086  88  30738  18673  90  471  64  271  232  202  229  131  63  706  223  959  164  278  553  949  890  78  411  2006  730  254  28  437  3  762  1869  6990  1936  285  6709  810  2446  5147  
759663  1321  157152  0  770  323  19642  648849  705  1247  807  1.11634e+06  6700  9417  6459  782  235  1217  458  10971  653  503  301  1747  11390  1944  42114  64552  865  607  102  6877  43  13111  13018  69710  7418  2818  10286  5300  5710  83901  8545  152801  1.44448e+06  3265  719  103947  290019  574  1083  858  78984  32494  19639  14699  305  112  1111  478  18804  570  723  1458  5261  3695  1009  5762  23937  4793  942  46  3467  8  16246  7573  98448  6691  1386  35793  2602  6277  5386  
246745  1.07913e+06  2832  2094  0  1.59668e+06  1.25864e+06  311914  120362  153097  7374  394  2936  2400  8807  30116  211110  35185  117644  49574  5770  19632  17490  57288  71187  4226  14120  9738  59254  198168  121572  142292  4775  267687  631809  339006  284110  60247  4679  41129  21846  332  282  348  763  11813  12498  72253  98920  30029  3436  1159  529  335  437  1020  1628  575  7185  1396  10281  1511  1913  2582  2816  1764  205  219  665  1596  1182  194  957  23  1112  20538  3139  7679  4827  254  2810  1483  179556  
191487  289541  1871  1501  1.10741e+06  0  519934  718501  808863  1.53817e+06  5030  306  2012  1788  3718  39393  214006  19625  83620  20746  1673  5963  9063  17011  21431  1461  4089  4999  38790  132664  81871  246427  10712  965928  167424  69235  151728  90462  1453  14912  5301  287  180  258  585  5105  7569  38520  103110  35308  14722  2657  416  243  348  547  2544  579  5606  1249  6016  566  563  1395  946  885  124  145  464  1191  1017  177  852  38  1180  11516  2153  6497  4258  143  1891  1088  112335  
644454  436479  318580  22960  1.94412e+06  641485  0  2.17692e+06  1.74606e+06  358872  12154  956  1303  2725  10908  34974  79941  45412  246360  79424  7365  15768  62400  55908  115569  7278  25395  38588  221433  292032  103207  30873  1448  23184  691558  698695  339508  118793  12704  106020  36226  2345  2710  3988  5609  64468  50565  407242  361769  82434  10858  2081  802  447  643  1626  3681  1269  9567  2490  14578  1696  2369  5119  5146  4561  437  772  3156  3912  2752  389  2370  39  2846  51156  14545  20529  10321  4633  6276  4887  212039  
53156  72457  126881  943473  107666  340585  2.08031e+06  0  2.09045e+06  677156  720181  945317  1.65083e+06  1.17699e+06  371798  67923  38845  118364  98736  763107  27241  18547  20886  77671  72012  43869  65075  32754  21251  57175  39280  66714  2685  73441  664220  347035  543560  256529  11340  104914  23623  41588  15648  96154  353550  122724  100515  844656  4.49916e+06  361524  537320  281401  248662  134606  170275  77881  49164  6715  50626  21018  194581  5323  4640  19754  21584  19268  15112  6752  16326  18587  14866  1596  11199  312  19972  220939  122474  136028  75158  19404  32696  13844  395600  
4489  21724  2805  1915  101245  999714  898815  1.86525e+06  0  1.98819e+06  2873  681  472  716  809  12014  17516  97793  219517  9810  317  526  17618  1513  8476  376  3296  4229  33875  50969  18579  33996  423  9987  65362  49916  77291  67593  2834  6436  2954  427  340  253  484  3418  7062  14784  207659  59230  139295  8747  144  90  339  167  19037  3402  8369  5114  4012  171  170  2761  437  973  83  147  636  2678  2515  326  2902  79  1557  9487  3133  16567  11001  264  3991  1194  70898  
43886  61603  6788  6086  107128  1.26472e+06  252128  1.1213e+06  1.69459e+06  0  161026  4237  2984  8663  5331  2.00976e+06  353420  123839  180955  43612  1684  1805  16608  5037  14043  1926  16939  19233  53769  251320  197591  472238  78157  740356  213096  260605  444218  476808  15108  43067  12992  1031  378  305  1862  2349  2133  7373  139428  12160  215929  57929  1174  1227  7345  932  38441  5022  15432  3308  12389  413  425  1919  1071  1199  238  367  1291  1572  1658  420  3918  115  1953  11054  5786  14955  12547  882  8499  5464  295583  
1783  1555  1297  6389  1033  827  4723  747590  4882  275312  0  14013  33186  1.06828e+06  22822  115236  6749  21859  1607  719722  1367  633  403  2369  6190  6961  8549  1868  883  2086  1401  7735  1629  8064  33212  8134  23663  18571  886  14687  1877  844  473  822  7317  1919  1084  4776  182975  3712  246953  627696  9866  10005  83376  3821  173586  11222  73979  2192  98949  562  240  1035  894  998  731  420  1285  1416  2476  1454  9153  612  3041  13400  4367  19291  15452  652  8621  1459  35801  
25684  988  4106  953017  580  544  9528  1.1236e+06  796  2798  11138  0  481334  342996  155925  1400  624  2864  1155  236110  9071  2864  432  11010  5329  3527  31945  24085  1181  1006  283  3934  130  13422  11928  6100  5197  2391  9582  7950  4257  17973  587  23843  374533  3621  1314  23210  272255  754  1687  3610  429983  68620  30654  32563  1480  327  3785  663  54362  964  713  1310  5716  2528  3860  2522  6187  1949  1040  120  1342  17  4223  10747  12876  5671  2382  7006  2816  1767  5725  
6418  1782  4500  77742  1416  1519  10870  1.32477e+06  1864  3662  51247  602964  0  1.01831e+06  277426  3352  1370  5194  1975  424048  10749  3589  758  13920  8572  8588  16519  7310  1969  1820  499  2959  256  6026  21705  5516  11872  5863  2911  15905  2850  5185  616  6433  91203  2885  1807  19643  304229  2845  3828  17669  219257  408778  171488  33909  3800  629  9306  1005  106714  1371  818  1401  4774  2282  3416  1727  3143  2030  1468  276  1507  34  2212  11718  6097  6999  3392  5122  3290  1456  11895  
9394  1564  2291  103030  1011  1028  6565  870676  3060  44125  1.41077e+06  464692  776225  0  623531  28509  4751  14326  3169  831708  10946  3940  852  18742  13538  17090  35689  12882  2727  2861  1096  6585  842  11897  25449  5021  16129  8523  6058  35475  5598  4981  371  4980  62018  1430  1145  8373  213103  3748  29176  167112  118019  106242  466278  49262  44003  4649  42563  1810  187521  1833  934  1686  4774  2425  3371  2174  3434  2919  2926  1010  5192  319  2841  11416  4869  8519  5729  3905  7959  1964  16521  
11945  6613  4587  72450  1886  704  16201  175251  798  3414  6242  194670  156625  573911  0  3926  8493  51736  22780  1.59264e+06  71593  55578  4608  558251  43463  77692  63433  17559  20553  20434  5138  32081  3801  21961  108321  14460  62414  38782  9275  134222  16412  4502  754  5062  32024  1531  553  8702  70172  698  1601  4774  38015  21848  128924  372269  5114  3058  49981  7981  332574  6061  5180  9210  15625  7430  3987  2613  4426  11329  8772  1577  6862  213  2879  26401  6060  13163  7305  2872  14764  4416  50238  
36920  51254  2937  2119  40922  74976  49705  83921  70630  2.11951e+06  113943  1222  1122  7158  4465  0  2.043e+06  500912  160124  57620  1449  1384  11251  3397  9758  2006  8592  13523  55681  345274  292311  613452  245529  602034  96472  57530  298901  165885  3109  26029  5257  480  274  238  717  1403  1261  4455  21085  4130  22764  47355  337  284  3932  1102  135910  29038  67434  1958  41573  436  345  1270  862  1127  337  386  1443  1653  2820  1754  18358  711  2526  10943  2749  11743  8432  438  7273  2935  143206  
84240  187137  3446  3012  196816  165426  126265  78163  53415  223437  71211  3209  2558  19502  25907  2.61345e+06  0  656079  1.90899e+06  375774  4247  2940  12435  6886  18469  3904  12269  15731  82826  641436  649121  2.58319e+06  660659  640752  90036  29516  119047  48058  5792  43444  12699  1343  676  803  1855  2182  1366  7350  25438  4029  7108  26824  1428  1133  11973  6694  109009  33969  229575  10713  170826  2194  1234  7224  2804  4017  1401  1460  5352  11515  16218  6919  29133  952  4720  40379  7365  24156  19636  1455  26345  5572  73699  
34540  30792  10403  4011  6700  7381  58931  118627  108100  107224  29493  1475  1262  3971  15598  459237  524469  0  3.29326e+06  817264  146522  52205  592293  68695  157335  40519  34201  54245  134124  89976  11097  109852  10035  83739  165209  20496  298387  98126  20007  217947  41077  2982  1575  2064  2660  3115  1032  12375  23651  2310  11409  11936  627  533  3574  8370  43838  23638  200512  31536  166012  17551  40913  62887  47958  34049  2319  2137  9645  42251  36374  6881  28357  658  5179  94071  11264  37541  21731  3772  47620  10461  110978  
51092  59515  13791  4534  38098  30412  202658  127909  193378  66301  2719  1958  1885  4286  39830  90327  1.60942e+06  3.03766e+06  0  159020  8812  5511  1.20892e+06  17752  344095  23005  40809  77997  780056  1.63599e+06  779903  378733  6795  128684  133250  23441  378349  107849  24634  298876  42472  2237  1094  1531  2233  2393  961  10558  24107  3255  8442  1767  531  452  1537  8678  4661  4254  93182  18486  111605  9955  10194  27932  16452  18527  1522  1294  5283  26517  17649  1999  11171  193  2708  46591  7183  26527  11579  3492  18251  7131  86212  
42777  39127  15807  111019  7616  3520  76581  529402  5018  20187  778809  280431  209489  780373  1.80258e+06  49671  61625  984746  143366  0  1.33739e+06  609739  64831  1.07044e+06  232566  263738  138897  69915  140087  105960  20875  129373  13246  75012  439616  44503  304686  135194  30816  694713  59892  11574  5383  11176  45236  9705  2895  43087  214675  5387  21629  81175  60620  23628  65119  145326  114731  42725  591539  89395  1.96764e+06  91079  201559  229717  235680  115739  12913  8657  27187  125650  101463  17088  67178  1659  15265  250998  34389  104194  60508  9503  151844  29255  230630  
2309  2461  667  1278  367  91  3899  6096  39  171  92  2259  1250  2576  22348  179  217  204488  5526  753927  0  690766  57855  284169  54105  83410  8100  4438  7269  4251  227  4366  127  1990  40757  1260  19059  5884  1686  58504  4444  291  156  233  547  311  62  1316  2417  79  114  141  402  183  306  3241  132  114  13758  2759  56923  85495  95353  23999  45054  11159  768  312  628  4352  3041  88  1200  12  309  19713  636  3423  1166  260  11245  903  6795  
2768  3209  644  649  581  106  4320  6498  44  108  92  697  431  1101  17706  120  117  114136  2463  257416  624774  0  21886  566736  59234  62091  7124  5983  6258  4519  175  3882  44  1463  26274  1145  26844  5232  2267  36397  5853  210  107  160  402  223  60  964  1948  76  79  118  202  141  272  2445  119  60  11328  806  29297  82909  91461  12303  53385  5779  689  222  398  1545  1106  39  604  7  171  11355  495  2379  680  312  7116  621  5366  
12658  11386  2517  1334  3561  1090  19039  25872  7164  2607  254  352  327  594  4083  2579  3469  933886  1.23703e+06  29852  62285  23036  0  330075  838577  44635  18055  22287  837841  696345  2647  65999  383  27260  117217  6210  123944  41738  9115  58997  28847  436  177  259  555  431  193  2265  5044  456  604  148  101  68  106  1920  247  212  26319  5151  56129  15033  43876  48822  42295  22244  829  317  811  7979  4670  97  1161  5  309  55564  1029  4897  1375  811  12331  1379  20489  
18215  21282  5375  3553  3262  663  32634  38733  245  570  363  3805  2362  9738  421553  524  616  206810  17707  813879  327026  914631  506103  0  1.80532e+06  622842  65102  36535  78574  31362  852  23763  351  7317  154482  5628  118922  17391  9054  340655  18772  889  288  701  2255  763  247  4109  10424  278  377  1109  1473  1419  2235  18496  964  200  19793  2940  57276  39297  79127  52040  159125  28069  2846  780  1523  4597  3010  113  1699  18  535  55476  1512  7355  1480  1220  37600  1943  24205  
23056  17317  8149  6674  2954  1032  44823  43128  7818  2519  518  3477  1805  8376  61465  2367  3426  232372  255789  111670  75662  171629  1.17211e+06  1.683e+06  0  1.53903e+06  1.3214e+06  145202  3.18224e+06  78125  3993  30991  411  13092  549779  39468  125805  41450  30662  934173  197969  921  224  574  1919  612  256  3349  11710  498  720  704  859  515  691  3703  632  401  23005  5043  40135  10462  24186  29721  41289  28456  1453  526  1481  7669  4360  201  1809  23  512  36039  1803  7689  2217  1409  17661  1997  50106  
3084  1901  1268  1076  236  49  5151  9344  165  383  534  777  370  3017  42141  870  275  49072  10706  66858  43708  101067  45078  308027  1.49995e+06  0  332145  7620  60065  4845  225  3269  114  1715  21469  2433  14464  5878  1792  261098  10112  175  46  144  588  97  36  500  2800  42  64  127  296  145  130  733  113  60  3069  680  5905  1372  3498  3443  4673  2089  186  74  171  900  554  27  273  3  76  4137  339  1106  326  170  2286  244  39397  
24720  2024  4723  11670  602  205  8977  43295  357  2590  1628  4504  2117  15243  90700  2885  952  21102  6302  36433  7819  6158  7968  18848  944002  393847  0  251791  4656  2835  485  5503  474  20998  362961  25734  63982  97548  56274  633136  548870  8965  103  1529  13331  244  105  1484  15665  160  1006  2644  1442  1023  1766  1367  2032  450  7531  936  8966  668  1646  2280  3443  2142  397  339  1861  1458  934  159  965  17  1193  11899  9939  2722  1199  2697  4423  1243  95158  
215122  16262  24862  43043  1272  745  58766  18404  1201  4571  1058  5062  985  1635  5746  4816  2938  32485  14541  22560  6605  15570  18324  45941  176641  6454  491564  0  216025  384585  4375  452945  643  131891  257562  31700  298126  141625  87096  174517  525459  24542  146  4199  44042  300  107  1956  14544  198  1433  364  1627  1730  1511  2145  500  283  6207  1756  10281  1680  2668  4288  7623  5307  463  603  4949  2683  1412  132  1708  13  2743  12167  25550  12580  1850  7889  5911  2584  86626  
41750  31460  10432  2772  9909  6660  147216  37342  37235  15115  1125  1020  823  2577  36790  8507  42164  249065  600882  92651  19157  42389  1.12883e+06  163561  3.37353e+06  95900  37952  389524  0  4.18048e+06  125760  97228  772  29648  112247  13015  187870  51999  13758  222424  22161  755  372  556  934  910  353  4323  10465  1340  1851  494  308  221  619  4342  1040  1039  42780  9119  60595  10803  11251  22646  18613  17712  870  564  1855  11508  7522  520  3805  64  861  19818  2454  11347  4256  1497  7523  2652  49723  
86820  106001  10532  3421  89807  35881  316686  72578  58304  30951  14104  1846  1756  7582  59606  20454  672506  324834  1.04888e+06  269229  26678  60373  501086  177707  257625  23360  30964  561157  3.92748e+06  0  1.70592e+06  3.58122e+06  3343  95271  116370  20250  237977  81642  11688  145988  22803  1244  644  892  1496  1775  808  7798  22021  2786  4342  3947  724  552  3873  10476  11602  5971  102924  10853  134708  8056  8048  15352  11943  9273  2031  1636  3811  13598  11125  2377  9057  219  1981  31625  5059  16798  9560  1819  16632  4497  73325  
5272  50375  494  316  73015  25346  182934  29596  14634  11370  4082  266  261  1471  5703  6622  1.07173e+06  27323  659808  40756  1398  1260  7996  3210  6966  1289  2275  3710  58738  1.53266e+06  0  779033  2449  12713  14185  7277  35908  23219  586  7401  1389  129  74  95  170  328  269  1746  7097  939  1767  1036  115  99  769  1078  3299  1173  15663  1065  16518  302  252  838  471  502  179  168  417  1255  1314  417  1375  35  287  3660  675  1963  1521  139  2174  650  12382  
370133  299995  8978  22581  272032  180460  151064  133859  23395  342123  40753  4668  2699  15891  66286  489858  1.9865e+06  551311  524147  517760  35910  49690  251970  146381  130320  20563  37666  673325  153114  4.51865e+06  870915  0  790134  1.5918e+06  98137  23720  459623  61549  17107  87323  40866  9011  647  2301  17653  1958  1138  8675  30980  3109  4053  10389  1658  1562  9105  14892  31067  11644  160380  10806  192915  6120  6668  12214  9907  7468  3038  2406  5891  13489  13429  4008  13777  431  3575  36888  13177  19505  12950  3899  22940  5208  67174  
12032  16463  126  163  11228  8904  2163  7337  284  71980  4944  189  182  1448  2606  153904  239642  40520  6997  46037  894  385  1330  715  994  288  1021  2223  2197  22245  18605  524676  0  317623  2240  1756  27638  1018  176  1129  296  52  33  20  92  102  63  339  1407  156  213  1105  77  60  637  460  3701  801  8558  300  8749  107  80  249  170  182  92  93  181  433  551  210  857  39  151  1407  264  812  665  50  881  200  1752  
1.50618e+06  438590  3526  7125  588476  1.61005e+06  57824  250841  8319  1.08649e+06  25999  1699  1736  6923  17346  1.23881e+06  1.03376e+06  245110  99567  207295  9181  15280  50507  43390  40649  5156  54809  150478  47156  238806  132464  1.64814e+06  872444  0  73224  32650  735429  24018  7199  22964  15820  1385  207  501  2764  1385  1393  7891  31963  4887  3850  6209  555  421  3008  2846  14661  3846  42728  2356  46574  1533  1673  2776  2313  1786  598  520  1308  3078  3142  1066  4182  161  1103  10651  3200  5669  4067  751  5227  1300  33027  
228692  281940  144812  87652  96841  18331  873067  1.72484e+06  35117  382618  215908  11138  19676  41497  118977  422230  50783  581017  113229  888041  68592  68626  103125  172189  699779  78413  793807  373339  188857  104631  14650  103876  11699  86793  0  3.19846e+06  789572  713466  509190  2.33282e+06  1.23922e+06  4892  1865  4323  13235  21984  12629  119290  404719  25279  24722  15022  4248  3023  4839  9483  13034  3365  54481  14320  94147  10579  20984  38144  45458  31786  4094  2567  6188  10756  8424  1218  7394  154  3292  267108  22548  49841  31192  8110  67240  31642  3.15833e+06  
188938  107181  154018  31627  15452  4267  547089  235459  9225  59217  95469  1360  1476  6154  15688  121862  17058  55027  9072  182239  6751  6690  7280  16835  121211  13858  175485  127079  25378  12753  3166  28766  7576  38401  1.91467e+06  0  474565  468605  714355  343439  143578  1013  335  1174  3040  2120  807  14789  35396  1402  2141  2527  542  373  1222  1387  3952  728  10554  1452  20106  943  1363  2778  3051  2455  322  304  1072  1411  1169  270  1342  36  535  20946  3961  6946  4666  1926  4729  3629  528988  
420529  264943  265242  43118  67195  11281  881428  1.37397e+06  18340  472722  200065  5052  12823  25885  58277  434916  34690  347366  102365  435127  27662  43403  75885  122601  144737  18984  85695  130771  66906  66326  18290  77904  5220  106999  385340  947666  0  1.8258e+06  358426  139676  122078  3850  1291  3368  9928  13813  7720  72799  264096  13771  28936  25110  2799  2304  4414  6199  17290  4053  47394  6929  65378  4774  6732  12645  16255  12149  1582  1219  3981  6662  5700  1170  6102  187  2342  42297  15097  44702  13588  11244  15379  7098  249449  
78765  53254  62063  10161  13924  2782  206181  450030  9274  224599  63919  1708  3461  7329  21205  145148  12292  137309  41812  190708  11014  6351  24644  13455  27096  7237  38952  22118  23476  21719  6950  8469  699  6493  231643  473988  1.7293e+06  0  65279  80449  89395  809  372  856  2158  3149  2051  17080  64094  4708  8389  5361  731  575  1220  1778  6823  1605  15735  2587  22790  1412  1822  4311  4414  3748  463  357  1169  2130  1752  400  2246  73  716  16775  4577  15674  13244  3446  11863  10874  623540  
49394  1330  31639  17638  162  126  44159  9146  738  3999  969  777  382  585  1597  2282  538  5596  1984  8050  932  1771  1813  4759  26822  2334  134660  86852  5562  1448  208  2926  86  5056  128544  429421  222384  17810  0  31988  47893  3959  33  651  5170  83  43  477  1834  59  528  114  295  257  235  320  206  95  1507  860  2086  379  552  1721  2187  1881  107  171  1229  664  346  42  558  13  515  5078  5671  7694  1136  4946  1739  2099  14767  
31489  11428  12655  23880  1096  402  42041  63847  934  6572  7582  11737  6227  55916  153572  10794  2984  92170  27246  178514  40237  49980  53018  157984  537704  378034  995032  90631  94300  33339  1756  20380  827  16544  2.0631e+06  92469  101636  93729  46042  0  1.2301e+06  2874  678  1898  6199  1232  334  5646  21951  489  1727  10285  2040  1145  6906  12017  9578  2583  61513  7644  82963  6883  30853  33370  69948  34085  5866  2877  5065  10843  7400  1297  6830  147  2043  110876  5654  20113  8606  4442  87928  7995  224147  
12754  1872  3337  21391  619  132  8150  14678  296  3080  2238  5632  2834  7591  16761  4757  1018  36708  10350  26301  6718  5264  12731  10689  91836  39707  1.09451e+06  160087  4791  2775  335  4181  169  8708  1.037e+06  39135  75260  247794  44580  1.23196e+06  0  961  55  245  1786  235  85  1100  4404  178  805  991  471  233  613  805  1052  254  4987  956  6628  776  1337  2746  3527  2557  396  318  903  832  607  91  661  13  380  23471  1369  3503  2476  1370  6316  3147  239266  
4522  344  9497  15596  179  137  6719  13236  750  741  1702  1188  304  725  874  2099  631  4166  1261  6101  1103  2702  514  9676  2234  385  5068  5033  671  473  113  829  65  632  5354  5555  1819  1070  2052  2492  638  0  1.47071e+06  88720  917288  464356  94189  681187  61800  7110  18552  2834  11768  10270  7903  8665  12302  10373  26004  21016  31307  10344  18857  82247  186434  183557  4298  21056  214709  91237  62033  8196  333561  1114  1.44913e+06  183018  229309  425410  30271  22167  39033  22424  42510  
1350  314  8548  4015  148  93  7320  7022  472  478  1004  71  69  227  311  1317  452  2634  785  3901  751  1594  371  5316  576  168  283  234  427  298  84  449  52  245  4685  668  1297  1266  300  1509  377  988517  0  6410  2299  1.04549e+06  34513  552083  15919  5972  10985  2440  181  168  406  2797  8420  5654  27405  17748  27993  8993  13203  66445  90344  105428  2286  3150  30428  31858  28142  4326  33961  508  24694  428688  492685  367191  70211  6985  45594  12486  91677  
11226  201  25716  45853  58  19  9830  10273  84  59  83  213  25  73  62  87  30  186  54  262  54  133  24  403  163  23  302  426  56  29  9  50  2  39  636  15346  331  125  413  185  114  61451  1405  0  218313  565  167  118666  172933  228  571  151  131  93  93  359  427  107  1214  725  1334  451  829  2926  7103  6608  260  466  8279  3664  986  36  1830  24  6457  9486  97230  32616  1326  18312  2141  1726  2063  
95959  1397  68658  1.21686e+06  739  395  27741  298319  652  749  1537  411498  14022  21121  16164  921  275  1429  450  21880  1309  813  232  3386  13628  2539  41791  48108  482  379  96  2863  56  5490  9207  129784  3370  1692  15884  4582  2725  921094  1944  233620  0  3837  1577  36307  994146  849  1164  2901  875550  140434  60613  48156  793  269  2953  1335  62279  1919  2342  4894  22041  15402  4022  10228  61301  15414  3068  122  9558  28  70547  15824  321781  36941  2698  48635  7148  8378  6247  
1078  3316  4613  2267  3838  1538  51276  52429  3935  1747  2626  135  198  569  678  2871  1007  4433  1473  7029  991  1435  556  4563  1000  215  470  403  785  767  310  898  91  622  12298  2164  3498  2527  417  2060  711  512091  817041  5601  2305  0  1.0725e+06  1.11191e+06  105541  27206  41791  4342  410  354  767  4527  21821  29343  43802  32402  44966  10581  12854  71792  69463  89159  2464  4964  23097  45747  81690  20721  68434  1927  376348  590053  401969  383548  101583  3541  60681  20124  145475  
589  3162  1282  1212  4827  8413  56216  205638  81804  10271  4892  242  928  876  1031  3645  1354  2516  2603  4370  321  436  1255  1437  1237  228  555  367  2434  2383  1008  1281  66  943  19107  2431  8887  5286  286  1284  683  71033  51270  2487  1671  1.03208e+06  0  779002  445212  847686  1.70601e+06  6901  1276  894  971  3250  46856  67610  19650  20408  17613  2693  2867  20030  16060  23996  1140  1903  8699  59025  130508  34648  132740  2457  1.02983e+06  151648  195509  187201  84672  1697  31367  7308  91597  
28009  23681  160342  81130  25657  17282  495980  482959  17750  4574  2809  719  520  946  1215  3852  2621  4521  2978  7382  1114  2307  1493  7627  3474  446  1612  1302  2006  3596  2339  2472  119  2022  52140  19600  16170  8061  958  4432  2129  402415  479543  228865  33009  1.8115e+06  1.26106e+06  0  1.81631e+06  1.43756e+06  130837  4357  1311  856  928  4957  15963  8475  34208  18165  34855  9020  13111  59525  97721  108105  3250  3951  53036  82074  56712  3169  25067  563  32101  389775  760110  426248  70333  41261  55188  16858  127750  
69358  42031  229873  366291  43347  63949  690160  4.62817e+06  423675  119823  164850  135034  89381  88590  99420  25759  9794  23803  19199  143582  7399  5658  9520  25228  33344  14550  47952  40636  16835  17130  7478  12304  678  12100  284931  104396  105589  63442  11889  34353  11040  139469  20185  234136  1.49007e+06  163239  193908  2.24242e+06  0  1.97772e+06  648631  810282  1.54653e+06  1.22414e+06  880411  559778  47860  12138  133740  100820  798237  16792  10999  67094  107029  60634  91275  34039  47688  47207  58385  4102  32598  736  106832  466555  496372  482534  250954  18803  94283  27534  352454  
1053  5618  1699  1308  10470  31633  109995  294577  149512  21379  2258  151  223  322  366  6201  3178  2647  5923  3122  202  278  3057  795  2418  124  590  682  6522  6661  3140  3326  110  2136  31310  3628  19533  10171  305  1121  948  2955  4254  1607  1009  67936  1.19428e+06  1.69532e+06  2.05818e+06  0  1.86218e+06  2890  234  129  194  604  15446  15579  26437  124791  5317  697  667  42452  2555  16646  604  995  6483  111754  98831  2805  11653  228  27278  73196  121455  93055  62159  950  17200  3599  73160  
2442  1850  5502  3026  1893  5465  23711  459894  238606  167692  24403  1260  917  1508  969  15583  2319  8018  7741  7466  369  373  1573  1048  1598  217  2191  2005  3114  2750  777  1795  161  2954  20894  5089  20042  11483  950  2304  2280  27962  27124  3039  2487  116921  1.71592e+06  222060  1.11153e+06  1.68838e+06  0  62803  813  596  1215  2530  2.27226e+06  179037  77857  125751  25828  2661  2063  47095  9847  20735  1239  6063  24285  94135  165459  41547  508189  78180  779117  152001  444878  419239  259433  2961  92199  18507  177317  
1407  1064  1921  3274  844  1109  6924  330602  10976  358224  454648  2175  3333  17986  3250  87484  8145  10652  4427  25698  285  198  335  577  1077  580  1689  1442  817  1104  488  3049  557  4297  13142  3726  13948  7310  496  2559  915  1539  352  723  12487  2050  1359  4704  682260  1937  173850  0  17189  23866  976299  3924  87277  3806  70966  1110  448649  1729  429  1349  1626  1583  546  572  2191  1878  1941  711  5146  550  3131  16253  7823  16538  11531  750  8002  2734  20283  
13892  2169  8034  257442  1261  904  23600  490258  1436  1693  8245  646207  178933  172821  90765  2997  879  3632  1333  117915  5409  2194  408  9820  5242  3046  13251  11642  1035  977  281  1919  130  3635  17434  14158  5789  3606  3207  6326  1622  28073  664  11332  1.37847e+06  8493  3407  38095  1.45456e+06  1695  1610  11353  0  759301  264188  191648  1350  442  6251  1023  229605  3987  2331  2201  29590  6872  17074  9092  16235  3961  1796  204  2870  39  9714  20501  19664  10299  4366  43444  9032  4758  10535  
3908  1320  4310  43705  1347  1952  14413  375779  3125  2666  14207  46380  257131  132785  40022  4803  1325  4982  1890  84499  2530  1433  519  6059  3604  2727  5550  3234  1141  1043  375  1478  168  1601  21098  6775  7115  3967  1016  5773  1150  21719  456  3039  254622  4936  3430  21664  1.29728e+06  3568  3927  22015  496837  0  632552  257349  2336  589  10661  1097  316913  5563  2747  2053  41686  6711  16491  9952  15758  4312  2063  331  3275  61  9357  19187  9894  11073  4780  50512  14701  5172  13574  
4633  1595  3285  31342  1090  1016  10293  300676  4302  29583  182936  28733  64379  449856  101875  47066  11818  28182  6662  172674  3315  1637  988  5791  4693  3240  6953  4467  2818  3307  1340  6527  929  5199  20622  6083  13330  7062  1477  10279  1962  20923  531  2145  193007  2898  1865  9104  1.02724e+06  1869  25029  1.18129e+06  306223  566233  0  471866  15355  3048  64793  2422  1.04497e+06  9645  3410  3362  43225  8731  20106  20304  16279  7190  5211  1410  6834  243  9671  24509  10913  13485  7598  30973  46800  9956  19572  
6801  2377  4001  24696  621  346  7495  67200  623  1070  5719  15622  8144  67444  341306  3976  4416  52732  17191  172666  10237  4883  2397  14599  8167  4183  9753  6948  8024  6650  1287  7691  842  4351  29204  6562  17288  9007  2579  21698  3751  19443  1168  3333  123807  3614  1467  12064  243988  782  1413  2378  166151  205507  671064  0  1551  1963  58956  11292  1.88253e+06  126452  75450  19443  653683  42470  171113  65515  24306  14274  10994  3146  15447  695  10860  68470  13446  31524  18090  11940  122095  26620  41357  
1454  910  2097  1202  726  1439  5278  67162  25217  74631  55660  557  458  2853  734  102591  13629  9737  2736  12742  340  230  321  565  635  238  1183  1340  641  1231  686  4026  749  6024  9949  2878  13266  6208  635  2797  1701  9447  8029  1982  1783  27455  29523  25647  73631  68936  2.16703e+06  53289  562  399  2394  2612  0  1.73503e+06  727792  126861  37229  2341  1251  56590  5077  16582  1279  4175  18226  84396  143620  33972  821359  352665  677788  156388  156182  341264  255324  2562  99067  17823  179408  
2678  2420  1745  1304  1468  1682  8352  30189  10157  32412  82229  1184  1173  14829  7051  138442  35314  98802  15186  139302  1303  715  1682  1391  3080  1600  3835  3323  4052  7561  3683  17302  2762  13910  35896  7053  28366  14517  2894  12467  3189  10651  14396  2002  3036  68765  131849  45412  71390  117703  447204  34404  1886  1756  15211  12877  2.0758e+06  0  1.02662e+06  1.65099e+06  372628  6780  2936  35669  7782  29347  2586  3735  25767  186595  590857  538959  2.06796e+06  423586  401130  114142  61594  131483  66454  2993  80168  14007  92455  
5672  5873  3352  1960  1394  1061  13105  26891  5878  11241  17988  695  680  3964  7373  48538  31349  153730  54382  122024  18948  7572  18581  14711  23588  4960  7745  8844  24926  17746  3910  22726  2447  12247  100141  7483  46341  20995  6920  42513  8600  11557  7714  8336  6523  15456  4862  43379  99346  85509  68790  25651  1239  1101  5610  12190  928280  799180  0  2.98753e+06  788539  123949  77662  940566  113807  173031  7911  7714  31860  181700  161441  11589  100072  2509  39024  248879  38332  254339  131660  8881  100118  47224  173338  
2776  2867  2737  1817  742  533  9160  22712  4758  3319  6174  555  513  2343  5356  7518  8419  64060  22379  63134  4343  1981  6388  4970  11297  2156  4321  4320  11978  7781  1566  9531  966  4946  46883  4581  23248  11852  6582  16708  4897  12120  10397  9011  6736  21893  12518  67492  92065  161617  91641  2134  1341  1182  2740  17083  101007  1.55488e+06  2.45875e+06  0  263681  13316  10909  2.42958e+06  53129  370555  9733  9355  40933  962620  1.67175e+06  595394  238710  704  28105  266935  49782  267520  142619  11391  85117  73991  168926  
22989  22050  9463  28467  4690  2519  45793  182456  6699  34052  114362  36206  27910  104145  266132  95925  48744  493033  183272  1.46982e+06  125328  50707  90402  80963  116159  30304  40313  35157  105721  61073  9812  67987  5934  35542  359119  23225  157644  65913  16330  165228  29338  19276  8674  12140  86959  16828  4555  59603  453370  4476  10261  320756  117929  132805  608110  1.77143e+06  24132  16944  1.28965e+06  49290  0  1.90893e+06  945965  400716  1.1919e+06  358525  151980  54775  49835  229233  140936  12414  90310  2023  26649  333496  43235  179624  87337  12170  250226  58502  200172  
1169  1284  533  483  235  68  2180  3306  61  188  304  311  189  570  2126  375  352  48287  11250  45125  129979  59917  17102  29990  15083  4306  1873  1858  7977  2753  264  3170  148  1481  53147  816  8966  3003  1252  30401  1619  1754  902  1358  1624  1248  180  5322  5093  191  401  139  531  622  1179  50894  268  368  169217  4091  878838  0  629917  164067  351451  62432  30780  6080  5905  18741  10594  433  7923  58  2137  51008  3666  15945  7624  1586  39547  8688  14367  
499  518  363  393  94  27  1067  1875  39  80  226  232  113  383  1387  180  160  29032  3850  28236  48910  40685  10132  32362  7241  2923  1120  803  2749  1047  87  1132  64  517  34556  425  3763  1304  884  29547  740  1919  875  1404  1801  1126  77  5541  4139  107  201  68  530  605  1175  71302  107  86  79215  2285  326315  467147  0  160341  565730  50786  32966  5351  6130  5504  4336  156  6086  8  1499  48966  2993  14949  4607  1596  48554  9577  8773  
3645  3883  2746  1692  694  231  9311  15226  632  787  891  260  245  824  4715  1395  1338  114315  31508  92299  53643  24040  47892  61795  38750  10306  5600  5728  21570  8409  892  10327  660  5263  183533  3528  28573  11972  5493  88610  5535  9514  10071  8820  5277  16745  1946  58362  42096  18281  6491  619  693  666  1014  32080  7316  2384  959477  1.7306e+06  483586  259105  381291  0  683014  797873  16691  11487  24694  911895  973307  3194  90756  79  9521  274964  34521  215852  59021  8607  74649  72060  98107  
1987  1477  3190  3083  230  65  4959  9509  123  218  807  740  343  1135  4175  571  438  49848  7692  52403  39954  61360  22259  194422  23543  7512  4470  3052  6992  2618  220  2666  136  1240  131009  2205  12371  4271  5943  113734  2247  26656  10082  19242  21012  9675  704  57913  32185  859  1057  248  5141  5960  10006  752324  477  618  157841  51351  579615  296843  675735  625650  0  2.12803e+06  493379  64631  95525  59740  46068  792  73093  49  14597  152166  15333  102328  9715  14781  295791  49355  42797  
1914  1711  2129  1731  305  181  4924  10663  987  627  1488  366  227  774  2971  2273  1735  29858  12798  29125  7989  6631  11039  27437  31128  2660  3304  2769  16101  3944  585  4825  402  2544  57622  2279  13297  5943  3675  27701  2581  14832  7126  10932  11138  8116  1429  43799  27967  51843  24367  453  2212  1999  3114  103913  4980  4491  71082  89123  115622  41386  89038  895319  1.632e+06  0  1.58954e+06  781507  468075  3.10062e+06  286173  1653  51327  34  7895  172340  29680  73603  9860  8984  597418  42769  48183  
311  153  393  728  58  35  706  6585  86  107  370  381  171  347  691  524  273  3013  895  4017  1293  925  659  2475  1392  277  424  375  694  334  70  450  44  268  5363  434  1465  667  711  2872  261  2059  432  986  4263  676  216  3200  24201  621  447  111  3440  2632  3030  289607  236  186  17944  5801  62900  28534  34167  37229  307684  1.18504e+06  0  654174  113111  41994  7821  164  4802  21  1619  25534  4771  6016  2714  1811  283669  27810  11337  
836  92  1658  2471  26  13  1229  2251  73  99  426  562  159  356  398  638  323  1735  426  2519  315  432  294  1240  730  162  858  870  288  167  35  315  31  197  3307  1331  850  489  677  1933  273  24687  346  1456  15859  566  185  2478  7009  336  682  221  4608  3883  3461  17322  453  340  6904  6669  10345  4171  5143  18887  18709  988716  857896  0  278588  16839  3106  137  4420  21  17358  110852  19244  19297  24307  16882  379198  312395  35753  
3189  213  5614  7158  89  57  3830  4841  266  358  970  1032  340  697  750  1541  593  3572  984  4996  687  1082  527  3134  1990  406  3616  3855  738  389  81  633  63  548  5805  5092  2826  1748  3358  3417  1081  144080  4815  14010  66693  5431  1339  26216  18279  2714  4731  659  8924  7792  6775  11300  2850  2471  16225  17642  18104  7892  11852  50809  53171  366821  36447  220261  0  284971  303762  902  389314  189  167428  342122  57787  85636  45923  44762  403336  456324  71005  
4174  4029  2846  1936  974  638  11049  24464  4681  1787  5365  492  549  2308  8546  7178  7123  81926  32587  88175  4964  3373  7558  9703  20656  3386  6902  6044  20310  11049  1925  13560  1314  7161  43380  4845  31117  14793  4134  21464  5980  12110  9201  8287  7679  27264  28657  87397  49882  145250  85923  1360  1549  1615  3562  34982  14960  42783  113624  231200  184233  20280  17058  650296  131521  3.12024e+06  54271  14296  637054  0  5.31292e+06  28191  84299  93  7018  119412  24211  109154  12011  6364  208716  31276  50029  
2659  3049  1908  1521  1455  1667  14486  45423  16686  4904  30557  750  717  7128  5660  43713  16681  64588  17275  98829  4574  4176  4414  12380  8425  2001  4136  3614  9217  7222  2174  12513  1854  8319  38619  5403  23883  11985  2851  13816  3680  11782  13205  4504  4545  120331  226090  252014  99611  254876  172609  6454  1426  1380  7662  28230  28752  457837  164404  656855  266794  36300  32405  608360  212777  289871  11205  6540  427628  3.50985e+06  0  1.66848e+06  3.52224e+06  665  15412  128000  44387  115988  26126  4073  75434  24122  69387  
749  945  400  371  706  769  5455  18428  7691  2935  19757  442  412  4594  2424  27606  11387  33815  4937  55828  945  352  564  550  1073  616  1362  999  1405  2631  1349  6170  1033  4284  13553  2505  8776  4968  599  4180  1051  1621  5417  472  809  60103  120364  92308  31345  74193  73982  3862  697  631  4795  8334  13036  714803  45559  420952  121916  6252  1572  13736  4606  6596  1442  1012  3521  45759  2.30844e+06  0  1.17974e+06  1340  9217  30244  18682  18495  9979  625  9219  2938  19786  
3000  1975  4224  4137  1264  1328  12571  35315  8724  17137  60686  1086  914  11835  5035  109773  21843  51768  8966  99655  4896  4394  2280  11546  4640  1573  4137  3791  4065  4605  2119  10943  1950  9614  31493  7176  21938  10560  5171  11447  2981  222471  49345  15967  33753  155471  242705  157043  122921  45824  462121  24856  3976  3560  12938  27009  485747  1.80163e+06  272410  345294  383218  60921  47786  395199  209164  269930  10620  12567  274169  132547  3.62508e+06  1.17482e+06  0  663600  1.02995e+06  262279  87980  326370  82192  19639  128038  108473  126618  
74  86  125  104  52  62  663  2268  311  1211  4490  50  58  1024  259  8675  934  1319  216  4457  229  89  32  126  134  83  166  100  105  133  61  361  83  471  950  250  836  337  53  334  103  3950  3763  246  257  12192  7589  5176  11134  642  92563  2669  166  152  981  1828  270830  274995  21973  4271  30061  1560  328  1918  1439  1701  380  817  3585  2966  13213  15103  491043  0  411680  8483  7600  42214  10367  297  2271  1528  6841  
1356  1152  3686  3919  1197  1493  16736  55106  5491  6398  16019  769  1217  3340  2031  20704  3203  7143  1728  15722  977  1052  462  3193  1164  458  1515  1310  796  934  417  1685  267  1683  10052  2823  4866  2521  899  2325  699  1.05874e+06  155382  18006  26155  849350  1.71634e+06  141782  371183  22995  1.38938e+06  16306  3685  2872  4495  8549  1.40165e+06  667148  139107  55363  85614  10576  8396  62116  47127  57769  2902  39670  176841  60511  128054  87248  1.61277e+06  864462  0  103665  63927  409437  41107  7265  22378  66248  47849  
4901  6721  16926  18923  4189  2864  75633  236180  13915  12164  14357  2238  4490  5602  9215  14461  4286  32708  10577  59002  12441  14126  8428  35383  13963  3650  9588  6278  7326  4907  1099  5039  507  3336  303490  22632  29783  37174  11745  49414  22699  116561  102942  171687  98596  173282  38460  751373  1.41368e+06  52863  401452  127620  10808  9217  11066  74506  296497  58820  640057  254808  640902  153458  146185  530336  369886  507974  78370  268738  920668  330856  115114  13675  224336  3515  79282  0  2.58533e+06  1.23664e+06  896937  255242  2.32458e+06  1.55537e+06  3.69742e+06  
3940  720  10602  10697  345  233  11028  26211  1217  1741  2500  269  349  785  1224  2223  677  3503  1204  8743  971  985  420  2401  1231  310  1365  1489  808  541  115  700  77  503  11316  9112  3810  4795  2362  3170  1668  104731  115905  155978  59230  85472  25287  604551  172784  23229  85005  16547  1229  1009  1338  11038  50620  20413  79141  18086  99442  12460  10884  32062  35079  74365  20493  36034  128130  49851  18016  5016  46878  6396  32080  1.34743e+06  0  739249  531868  496524  512404  101194  421071  
4267  2489  18021  11057  1168  1201  32672  113264  17758  22850  33445  1553  1455  4114  3419  29097  5000  15949  4450  33314  3084  2779  1627  6652  4448  875  2384  3001  3051  2118  621  3158  434  2696  22367  10651  25601  14334  23400  9671  3312  88944  81136  147225  45652  149711  30614  508659  761558  32912  379877  109210  5497  4479  6854  21825  313448  44139  355608  131936  285407  31714  21807  142544  61856  95099  6837  14841  52049  68954  47112  10410  83363  5335  56546  628240  1.43076e+06  0  2.11767e+06  224372  124664  90444  357010  
775  864  3103  2456  521  458  8765  33889  5201  5795  8026  303  435  1106  1362  8079  1615  5723  1618  12257  1334  711  511  1220  1035  332  802  591  902  716  237  1066  139  796  13266  3680  6079  12909  1440  4939  3102  9406  17594  15817  4930  39644  7894  84681  290946  17962  212742  34958  1309  1098  1768  11162  145978  16928  143587  52759  124847  13333  6896  37147  12035  22014  4155  6343  18872  29560  17875  3682  24203  1157  9609  389030  568237  1.62995e+06  0  10435  317819  60985  699881  
2326  81  8445  6285  23  10  4674  3047  53  78  144  339  144  241  224  174  66  510  145  955  142  258  68  877  427  70  1085  1024  85  44  13  113  5  99  751  4114  1147  452  2146  405  158  41042  3086  47557  45980  663  472  43516  16002  347  1010  264  5874  4937  4279  3271  674  305  2795  2116  5246  1454  2497  5991  16791  15678  1123  6342  40540  13727  2362  74  7319  45  9335  77554  449239  148633  3926  0  16271  19749  3439  
2467  1070  3654  4574  308  199  5020  12718  1378  2317  10542  1557  575  3640  5167  16408  6951  33537  7226  42917  3604  4641  4981  14301  9388  2749  4768  2866  3416  2991  908  4547  659  3126  61030  3508  12632  7055  6034  44503  3360  10288  2875  4719  25906  4070  751  17391  40398  2207  21430  4887  8016  11054  25521  148191  12817  2344  38897  13531  79586  20791  36690  59982  174142  386100  632040  664808  408996  135712  24787  720  32288  110  11927  1.39392e+06  154867  73758  140451  12462  0  1.40726e+06  183118  
853  163  3033  2005  56  27  2860  3329  176  546  967  330  135  432  682  1449  443  3419  1015  4702  883  939  506  2169  1030  294  826  666  615  374  71  502  50  331  9020  1563  2195  2944  1435  4529  1961  14724  983  2174  20875  1702  574  7560  10328  1006  4364  910  1676  1976  3370  14482  2958  1826  27847  30885  21874  12607  13334  66686  29259  43158  37658  520200  331698  19607  10297  572  41791  121  31933  895532  68436  58484  115834  23775  1.36936e+06  0  178625  
42825  62873  31157  25111  27839  7859  212981  775436  25759  341073  162424  2251  5786  13228  39425  280442  23543  253112  53237  377113  27049  14824  46808  39906  83681  20122  117629  51864  48019  18930  4472  24335  3296  21819  2.78848e+06  800997  563495  2.39368e+06  36229  308895  282509  17492  24555  25846  24955  54111  17311  185671  710979  35355  401176  85984  3868  3057  5243  31840  221926  34022  327036  141522  335820  57427  39190  184637  96125  137156  15312  35969  66538  53479  40958  7827  52297  1454  20050  3.07876e+06  630928  887852  2.52976e+06  16407  646689  296312  0  
