0  1.18968e+06  63520  739259  238162  115108  493066  47039  7047  18515  5054  32944  6070  7172  10153  22579  74482  33870  15759  25628  9903  41364  79794  89895  74591  4831  37954  248274  91651  171375  10988  241134  2850  1.10558e+06  367497  534612  626420  72859  331548  64565  62210  2957  1119  1747  22069  591  503  6530  8958  2046  1202  931  3879  1131  1071  1996  3076  581  7243  1244  11307  2039  2066  4287  6890  965  217  186  552  756  765  248  781  59  314  9135  5668  4730  2220  3441  3497  1429  237977  
999463  0  15414  9581  863202  69892  784961  36737  3599  8245  4508  2342  901  1442  3535  5708  34478  20142  5166  17821  4361  9148  14773  15943  16538  1394  9413  21865  17599  33478  10536  38761  633  15720  713648  941871  195919  61902  86039  42846  26349  4934  10611  7485  4578  3039  767  28512  19613  2126  864  525  509  252  310  554  1115  198  2304  433  3666  737  686  1666  1679  667  275  244  409  484  419  66  317  21  180  10911  8905  4910  1941  1941  3686  1293  220064  
69266  20346  0  163933  1885  298  152261  79010  544  551  389  1356  536  680  771  320  340  1663  483  1923  522  1758  2582  4243  5005  333  2272  6629  4573  4961  301  1631  19  412  50797  179213  46136  6903  71992  6221  5516  21482  3854  11644  19713  585  97  12422  7695  240  106  45  317  193  187  257  128  22  316  88  780  150  124  302  347  130  56  71  196  165  127  12  110  6  76  2382  36480  1032  339  1585  711  488  31925  
757153  5422  165061  0  2248  696  16853  1.06477e+06  929  1161  3891  1.27034e+06  19366  38540  37459  981  552  3849  463  57182  9103  2436  2019  2901  77501  1365  127079  83049  4705  3350  176  4269  51  8125  46241  262880  38177  6990  142565  13595  18433  277494  12151  123463  1.43892e+06  2133  1148  76237  206168  1765  736  741  125876  33869  24298  16252  554  224  2388  635  59212  8233  1800  2229  2327  1661  317  851  11094  5601  6843  184  9930  13  7496  10509  267808  5341  1707  53184  3817  4081  21590  
485830  1.02397e+06  4750  4308  0  1.40902e+06  1.59325e+06  185976  56473  54005  9012  1234  1008  2749  6752  24975  157149  49068  26610  33741  8432  10200  26185  12813  15347  2205  7853  13563  22296  95846  47632  134703  2755  218138  716146  694320  257451  63847  7013  52767  24787  1723  6990  1999  1651  14673  12498  130771  86939  24850  4300  1261  535  1124  503  976  3010  470  5438  1425  7285  1545  1172  5135  2102  1372  490  373  620  1437  1492  244  818  53  622  39064  15952  19947  8657  1740  7313  2466  208648  
313543  304958  3073  3526  1.37456e+06  0  563766  394785  401573  1.50685e+06  8933  857  638  3320  5245  125921  228400  62397  95108  24912  5522  5626  20126  7131  9967  1056  2859  8984  23614  122280  66092  226393  26559  976087  224441  150565  198076  45783  2824  15802  7586  1329  2126  1168  1455  6648  16146  99461  139663  98717  25672  2546  403  2110  616  888  5620  680  7000  2726  7741  1384  768  4922  1365  1535  260  250  527  1790  1727  287  1352  78  2753  35292  23778  15633  7129  848  4794  1972  108175  
415614  694635  357688  32392  1.95952e+06  592549  0  2.13873e+06  1.59837e+06  251038  15278  6061  3658  8089  13379  54767  55723  88062  119229  58505  11987  15057  43822  25868  57439  4433  16786  39807  157281  234980  58273  43015  742  6574  1.09192e+06  1.37709e+06  242867  84748  136177  98857  48242  22075  77261  26054  14492  71984  58660  695914  422535  132739  15359  2195  2635  4958  1249  2585  4762  957  11399  4453  16164  3739  2320  17396  4778  4080  1019  1026  2106  4950  5451  544  2609  153  2941  182299  90661  92761  38736  7266  22175  8657  381764  
41011  100403  204624  1.18586e+06  293909  210324  2.48706e+06  0  1.92454e+06  395287  609374  1.26988e+06  1.6709e+06  867960  474774  41542  28834  160025  39447  1.02604e+06  125336  31116  101924  36662  118945  17773  63622  46482  133151  106538  48190  60543  1652  27285  1.1228e+06  1.12157e+06  484297  164799  61060  136154  50607  138340  97354  125483  363650  85142  120166  977639  2.42941e+06  638799  242009  114681  306703  313037  86263  66681  42623  3626  45182  21467  463909  54522  13655  37315  15004  11823  2655  2590  8960  14342  14992  2053  13857  502  23589  303337  330044  138418  58863  31514  42724  16180  501639  
2363  4893  2617  1392  86523  391470  876963  1.64423e+06  0  1.54198e+06  4458  512  380  1257  1501  26708  34747  57549  170753  9527  1749  1399  40604  2096  40754  521  1536  4091  91274  99614  30159  15504  336  3900  65398  23331  41715  18127  1298  6420  3453  1300  2385  471  570  6172  23727  109024  188932  195175  95334  17806  189  2725  650  614  14252  679  7528  5188  5291  1022  459  5430  688  1993  226  289  570  2322  1964  254  1706  66  4673  31302  34323  13684  6775  679  4645  1665  53912  
61482  48760  4190  5387  135133  1.27636e+06  216400  1.13448e+06  1.48944e+06  0  153345  3846  2043  14952  6088  2.5212e+06  300430  133001  101199  36706  4960  3539  33004  3693  18358  809  5889  21482  38887  126242  52824  479593  94676  666045  189075  123069  491937  295234  3765  10987  13489  3612  3173  687  1344  6675  15556  43868  187838  175528  569504  126871  1201  1753  7149  1749  188905  8532  29680  16218  14887  1935  835  12630  1420  6020  476  1030  2210  11809  7256  856  7337  468  11106  48130  220432  51175  41696  3576  20848  5403  235596  
2070  2858  2309  21303  5378  2539  10177  788727  5504  206069  0  22091  52363  1.22112e+06  20509  79841  20135  83549  1804  1.06787e+06  11850  1538  2910  1562  3363  650  3122  3193  2475  2600  658  10126  1981  4370  56980  37745  24641  15036  3754  8932  4395  6741  4054  4362  12062  4554  4676  23609  194987  59113  369392  355770  8734  15319  128826  6105  260109  28289  56145  14727  203239  8131  1484  9833  1722  4407  670  836  1940  5984  4708  1854  12749  1052  9740  40229  60955  31079  21614  2358  13612  2959  54585  
44045  3077  7212  1.0155e+06  3851  1175  17436  1.25328e+06  2278  2212  12992  0  612421  404120  327356  2983  1597  11033  861  402154  38793  6940  3245  6446  85051  6855  201582  68326  10387  4855  353  3807  103  7062  42885  25595  76077  7330  94501  34485  35491  63316  4867  15975  268386  5140  1958  32815  209495  3085  1970  3303  645904  154242  72147  67920  1726  592  8698  1462  278985  29420  5627  4433  5165  1664  540  737  6958  4335  5442  511  6680  55  4078  21438  48771  13561  5346  33277  5020  2517  21737  
5019  2665  4222  88975  6181  3521  21375  1.07888e+06  11400  3764  30458  814154  0  863207  507316  2704  2131  16971  1097  603039  49365  7697  3018  6297  21305  4780  39214  13644  6708  3919  649  3440  128  1185  50120  20352  39903  7901  38974  34600  23221  15911  2799  5525  53278  4832  5426  51389  157226  11013  5177  7727  169054  456365  108682  85713  2882  796  11715  2211  299007  27994  6143  5914  5503  1576  672  590  3467  2863  3813  710  4034  95  3766  42858  23633  24092  10856  17296  7127  2994  37265  
4514  4043  5274  78068  7193  3186  16028  888936  6350  12194  1.13947e+06  370450  1.04585e+06  0  830195  22319  6928  46607  1785  1.25741e+06  63720  9831  4980  8606  21872  8813  37331  11614  6437  4856  785  6139  318  1602  93061  36287  37568  9529  32285  85551  19387  21640  4764  8736  58626  4344  5041  35784  237040  35351  92443  108405  68634  146546  718565  161512  33144  4725  31295  6132  511235  36899  6995  7495  6518  2922  1051  1034  4879  4424  5269  1464  7155  287  6467  36906  34936  19773  10232  17236  11190  3120  36583  
5316  3402  4631  68245  3801  1172  10696  223257  1713  3193  9540  193095  218091  627464  0  3617  13525  77301  3697  1.87845e+06  217991  170011  13249  501592  34035  101751  45412  11533  9771  8892  1600  16939  930  3440  206445  23775  37017  15615  19084  244951  27424  22215  2235  6997  52634  1808  1694  15580  100790  4537  4938  10117  40454  36981  128222  397282  9639  3602  57659  10247  466808  43966  14342  11555  12008  4265  1722  1596  5580  5656  8080  4169  8232  330  3498  34141  23074  12512  5544  16257  16430  4270  48107  
38079  26666  3280  4351  50891  110039  34169  71050  51689  2.60539e+06  199897  2803  1656  7911  6763  0  2.10673e+06  745360  82194  112862  7283  3039  25738  2878  14792  874  6338  26354  25164  89264  36531  579820  209135  547562  265075  131708  410642  266945  5454  18980  14252  2267  1686  489  1108  2573  2288  9524  17466  8448  80889  61564  988  910  9134  2749  265367  42512  69077  8948  47064  4048  1082  7220  1518  4197  695  889  1910  4681  3868  2089  17205  1975  7403  33386  33939  19156  13864  2912  12851  5902  265479  
84844  97761  4617  5504  202762  157154  97303  84613  62772  199487  148202  2995  2179  9817  77470  2.42863e+06  0  1.09902e+06  1.81524e+06  548100  72812  15806  67217  15288  59043  7928  15624  40318  111644  349171  366789  2.0161e+06  763887  551135  200763  82355  294971  59025  16274  156657  23822  4146  2741  950  2025  3103  3142  15498  26929  9916  30577  45998  1648  1721  16954  17683  252153  39035  209628  21928  164182  13786  4852  18432  5816  10942  2317  2382  4378  10146  10742  8003  25654  3058  9933  90733  25049  33716  18411  9276  25476  8489  119530  
53284  28977  13524  12623  30378  36702  67717  198484  120104  240948  155864  3249  2164  11071  21131  848674  867890  0  3.5062e+06  812052  97851  41040  1.1284e+06  43011  254477  12871  39801  83704  267592  221775  26164  188215  6565  44390  326090  42336  356207  128401  36261  271132  41236  12518  6775  2199  2725  3818  3447  21448  34119  16319  31346  20204  1634  1492  7150  12860  88260  28540  282445  75751  190870  40737  21937  107085  30070  28804  5902  5444  11345  28599  26341  11117  32350  2849  9044  213515  28091  74971  21147  21636  71582  18929  261284  
56178  37547  13820  12968  83090  94438  233196  242440  351440  193764  15371  3153  1762  7057  30727  151007  2.30708e+06  3.32864e+06  0  147715  35757  23943  1.64109e+06  29769  364883  9585  40425  104516  788533  2.14124e+06  1.04277e+06  370814  6745  53843  212403  39769  378612  117076  37322  306415  42064  5235  4204  1394  1891  2892  3687  22260  35896  23254  24647  7292  1208  996  1974  8026  15211  4902  107893  26648  99145  22487  13027  57996  16084  11778  2326  1958  4690  11239  10173  3125  8709  509  2410  88711  17148  44164  9942  18583  28723  8005  138171  
38953  24647  19186  125828  19736  7639  53061  852504  11095  25797  1.3131e+06  245358  351407  767249  2.37302e+06  53702  97648  1.27537e+06  39898  0  2.48331e+06  750421  128659  984671  156319  212728  105497  72536  109803  111679  12423  152450  6049  28398  491365  96154  277780  106752  61126  548519  58020  44056  15365  15107  86732  10608  9656  69743  394874  33872  81127  130320  77040  76632  191477  257103  282134  62338  687203  138410  2.51445e+06  197006  81234  228241  78393  55494  12084  11080  23652  51754  55808  29297  72117  6409  23521  376048  79147  131099  47166  39026  125180  34660  319334  
5526  2955  1926  4481  1417  524  4539  24908  636  1479  2484  2809  2704  6725  133981  1016  4537  156296  8866  1.00684e+06  0  379676  121896  139529  27243  21631  11167  7979  16942  15040  1411  20946  582  4099  62032  6203  30901  12257  3990  67158  6131  3464  1318  738  5463  678  459  4137  21325  1772  2362  2483  3826  1746  6140  17053  2967  1284  76089  25426  161342  204004  98889  71826  41715  9493  2389  1761  2442  4888  4636  1078  4258  203  842  54595  4324  11471  3789  2934  23909  3700  26190  
7285  4153  1864  2258  1399  332  5023  13529  306  692  496  1780  1406  4117  99497  332  1797  42010  2212  257038  411189  0  163382  705755  42983  32492  8891  8648  8711  16643  960  19763  233  3199  63192  4108  41393  11352  4214  85147  6699  1369  709  332  1172  309  164  2123  4763  434  485  470  710  403  1248  6813  572  205  19437  3065  48489  85512  120288  66090  86348  8420  1813  1085  1157  1572  1638  205  1684  40  282  21463  1536  6077  1619  2595  26272  1998  17238  
34147  17704  6065  5631  13881  8578  50791  150966  54439  18584  7507  1364  905  4323  10830  11039  53413  837016  1.52749e+06  71930  133671  202432  0  427321  1.07908e+06  24831  34523  52035  1.4863e+06  982812  76695  225125  789  34437  131892  16566  220546  67609  14471  106771  32363  1936  1994  634  916  1495  1353  9937  14516  7286  8290  2979  506  440  729  7272  5095  1433  111193  18646  158101  41580  38912  131374  33663  13947  2954  1834  1907  4122  3678  729  3117  203  823  87143  6781  15640  4546  6648  45650  3627  82506  
40894  21030  10847  9857  4009  1204  22300  48172  956  1171  962  4269  2907  9852  562411  725  2733  43509  5643  551534  294670  807446  777369  0  1.88496e+06  821247  63790  57390  92755  91039  1529  60318  299  7558  161474  10915  162972  27191  18836  407574  23884  2157  1921  780  1892  858  284  5550  8164  878  757  902  956  632  1353  5499  1150  450  22816  6243  52170  19280  23974  60343  218569  14510  3546  1919  1934  3061  2542  303  1761  61  278  37295  3133  16972  2361  9811  43631  2522  57817  
31571  14062  9397  15156  4349  3031  34656  79807  18883  6942  2710  7899  3646  13563  41921  11265  12882  76456  70566  66532  27730  109038  1.46118e+06  1.85859e+06  0  1.94074e+06  1.28258e+06  196464  3.70839e+06  194704  6362  56787  575  9373  286271  34781  157732  74135  29382  1.26071e+06  354895  2346  1293  688  2394  718  676  5404  9087  3132  3963  3212  1235  883  1983  3729  3333  1316  35156  9142  39839  10118  9286  23823  23438  8266  2107  1418  2658  5028  3862  928  3119  195  711  35018  4916  19023  3899  10158  26688  5407  110677  
5497  2635  1915  2350  607  179  3476  11234  452  414  388  1500  924  4505  36839  348  1245  13100  6200  38777  19254  36341  132577  437635  1.76877e+06  0  452142  19526  102876  22144  900  12425  87  1740  33616  2405  31957  6079  6168  519750  14005  470  243  145  435  122  86  924  1999  366  597  782  196  189  531  1038  482  153  8036  2160  12600  3504  3835  8171  5912  1680  623  388  558  1055  783  103  527  30  107  8887  697  4600  626  2368  9152  820  35951  
36816  1897  1899  44352  850  293  3173  25870  326  1359  1584  30628  4971  16843  38565  1795  1553  13802  2328  33014  9425  7064  22327  21268  971800  465705  0  221457  12269  6113  604  6381  196  19595  139257  14966  40213  38877  10190  702947  437260  5115  256  458  8011  177  198  1420  5240  856  2653  3907  3940  1598  2605  1761  2231  540  5808  1009  9066  1409  1196  2439  1553  930  404  314  912  1012  1084  232  1126  67  440  7624  9002  2555  918  5515  5428  1249  54933  
154237  19250  14854  145345  3098  1312  23930  43759  4781  4420  3164  31033  4159  5663  9885  7196  6038  24340  12010  22404  8346  29854  60503  62842  320632  15430  209215  0  379767  775598  5535  454009  805  61831  141245  27390  270600  64544  51136  135669  222450  5588  706  1024  11314  293  229  3071  5647  1089  838  643  4113  1454  1292  1993  2171  592  7973  1488  11216  2144  2845  5405  7298  3088  476  312  3814  7075  4597  339  2810  60  450  7666  10176  21745  1668  15670  5188  5082  65096  
37303  16164  9487  9018  8833  8386  102932  120478  96672  19683  4333  3037  1515  4632  24137  25445  44608  128064  344205  64108  22197  77688  1.41588e+06  229202  3.85039e+06  113081  49975  500948  0  4.02219e+06  40629  166771  705  13991  161039  22196  167144  59644  34658  464291  71189  2065  1435  582  979  1094  1638  9576  12911  8535  6656  2687  721  608  1286  4892  6481  2566  52534  10919  48971  10959  7382  21902  16940  6019  1349  965  3833  7950  6330  1771  4806  287  978  34867  6567  25335  4801  11625  15112  6907  64681  
62621  44458  9575  9029  92291  51159  229893  125333  174827  28657  36905  1910  1354  5764  34316  42901  592383  277207  872069  203932  55457  94706  831708  139803  299238  16758  16852  667003  4.12918e+06  0  1.47493e+06  3.70002e+06  3187  41980  180206  42079  265842  104023  17804  163505  30110  2584  2349  816  1426  2568  3433  21094  29107  17023  11432  11589  879  1026  5578  9932  60004  12080  105684  12512  98546  15101  10542  33715  16840  7776  1672  1375  2739  5986  6457  3815  9753  982  3402  56849  12888  22623  8920  7518  19225  5528  128686  
8295  28119  1423  1448  91828  41081  94911  40315  42575  11312  7084  609  528  2048  26203  10307  692764  115891  780160  90989  40293  28271  103082  10019  41185  4457  5443  11144  70755  1.94823e+06  0  1.23592e+06  4339  8508  44014  21609  55756  24307  3041  31300  4028  973  684  245  603  760  1027  6394  9842  5080  3288  2362  452  490  1722  6724  10795  3304  38182  5328  36968  6285  4067  6066  2594  1963  645  620  901  2061  3166  2447  3423  269  971  17055  4093  6453  3104  1685  6750  1886  31080  
277948  100155  9031  24969  152460  199512  79223  148107  25980  254683  125489  3065  2565  11087  87648  433953  2.01001e+06  669082  190177  603513  175396  142737  602333  117431  180754  23740  26938  735031  190697  4.73712e+06  972944  0  1.14682e+06  1.43646e+06  266127  71242  779678  115875  19263  152510  35025  5178  3967  1388  2935  4201  3527  22431  35900  11297  14789  25216  1834  2024  15552  23228  161076  27499  277269  28102  222810  23796  16734  36733  17581  14581  3138  3125  5330  11460  12842  10021  26274  3164  10163  125243  26245  38919  21616  10224  34586  10781  200232  
5222  3397  134  208  5808  13088  1324  4414  342  29638  9209  74  62  351  1476  134025  338948  22241  3485  17698  1837  577  1954  395  1146  195  375  3887  1112  5190  3664  572517  0  261391  7530  4289  40992  4888  240  1026  586  141  115  38  75  142  130  648  1051  386  1470  1754  49  54  730  375  10632  1293  7565  625  6014  328  137  558  138  342  49  60  128  258  225  159  803  117  410  3349  1258  996  706  168  719  295  6396  
1.59588e+06  377057  4582  24898  947832  1.6343e+06  59577  148821  9831  1.12736e+06  46837  8033  1301  5502  17128  1.37343e+06  1.35831e+06  235892  49552  108501  22724  22172  82850  27511  29871  2846  12523  143666  39981  188495  79916  1.84412e+06  843304  0  98164  67048  1.35397e+06  38046  5317  19285  21574  1260  1263  638  2924  2538  1864  18659  23020  6563  5765  7860  1064  681  3242  2640  37954  5105  31555  3364  29633  3192  2015  5557  3399  1960  370  378  769  1563  1525  847  3685  492  1672  23586  8774  8983  4970  1550  4895  1838  60590  
152137  203363  186449  137955  172035  28778  773221  2.06654e+06  68432  555950  276545  36213  24037  97534  198783  274708  83834  1.0663e+06  101607  790033  150680  130132  339640  147307  433655  47475  418850  255105  349191  285290  15465  198739  9616  39248  0  3.6671e+06  763401  701476  428464  2.01874e+06  1.14061e+06  18648  25532  12852  18136  20094  15203  159594  314314  83023  65910  41222  7312  6987  9971  16847  37651  5632  65346  14930  112343  21416  19822  44653  26845  17513  7696  5447  9294  14176  11406  2264  10030  621  6363  272938  67469  113246  48408  42370  113759  45654  4.4984e+06  
107222  287338  260520  153803  135445  5856  868841  576255  5789  102910  145987  2598  1895  14140  21864  72191  32430  169147  10274  212793  21856  10963  27071  11887  56823  5242  49868  33332  47560  27493  2685  40724  9640  19391  2.40504e+06  0  262171  299570  542182  285265  136486  7703  14700  9553  6587  6459  1712  48954  56621  5329  19499  16700  1468  799  3780  3313  17181  1907  14442  2594  31816  3076  2102  5949  3044  2424  979  733  1387  2391  1915  505  2097  176  1182  42375  22035  22755  9463  6578  13053  4366  517003  
222407  237245  191298  160608  268771  48852  449074  1.42205e+06  28918  306833  122580  45031  25207  97678  117926  352725  96574  435080  100239  260084  52859  46219  162011  55057  100645  12513  39032  130655  98734  255596  100959  212712  10859  188597  313833  740293  0  1.62406e+06  257739  68413  104968  10717  25306  10449  11309  26225  9633  154811  207141  38429  49279  25340  10208  5973  7142  10361  36144  4924  34945  7935  59365  9142  6322  21250  10456  5619  923  877  3564  7278  6656  1187  5938  406  3586  125440  67689  106257  36321  39592  18237  8183  281980  
13296  30038  19868  15576  46391  7767  67703  400403  16007  222400  53064  5764  3853  16841  30381  199835  21790  181733  46889  105202  22455  9466  44239  6555  35463  4095  14632  8801  51335  117153  35360  32133  1480  6447  197649  304223  1.68459e+06  0  43316  31352  71229  2134  3306  1779  2459  3502  1935  23696  40900  6825  10251  6180  1595  1198  2006  2735  12118  1731  12272  2386  18633  3243  1815  5325  2134  1699  334  346  960  1823  1490  373  1782  151  913  28926  11472  19379  12150  6872  15730  11876  554952  
149554  31356  100671  171969  1395  183  102353  30670  242  1219  2759  24441  9017  10257  9725  1609  930  9058  1086  16815  2707  3237  7321  5383  33918  1891  32962  17619  9373  4100  215  2425  104  744  159266  484538  177361  54168  0  31021  56874  4122  511  1099  3331  160  115  1992  2639  270  280  227  3517  1156  1013  2149  625  146  2670  828  6470  1201  1695  3816  3415  1832  312  216  2117  3866  2749  81  1640  32  173  4686  6789  38546  3529  34493  2799  2347  52947  
22009  10229  11387  24963  2337  649  18927  66521  1475  2779  5458  37745  22778  78666  230678  2609  5035  94976  14272  200630  49922  57771  88409  144990  595734  251343  1.15186e+06  102720  210763  72651  974  32115  465  3175  1.53836e+06  54098  130249  33119  63395  0  1.60892e+06  9097  2226  2006  10869  1135  1026  7525  18186  3364  9276  13048  5368  4489  9289  16039  16267  8538  95300  14831  105207  17331  24842  38725  28103  16077  8007  5521  9191  14241  13563  5411  12703  766  3490  109137  14424  56516  10952  39689  112901  22971  185395  
50948  2897  4571  20818  1247  338  8624  18752  743  3376  4365  20988  8746  13937  31875  3205  2133  21739  2761  28429  6455  6043  21211  5880  287163  4612  1.1483e+06  97636  48924  11184  341  6674  294  21682  933148  76288  77354  199217  35370  1.3573e+06  0  2145  470  399  3755  296  271  1927  3966  854  2032  1249  2981  1469  1633  2598  4340  1937  9443  1407  10405  1415  1215  2775  1776  2072  482  464  2183  2787  2043  479  2258  142  781  13657  4708  9448  3206  9088  10208  10949  222362  
1835  2205  10386  30245  1107  306  9974  20490  1325  2938  2506  2122  1145  1666  2037  1999  1319  7671  736  8256  2432  5051  1636  7357  3604  147  4500  1801  971  806  125  1111  58  289  16840  14843  5402  3478  7158  2862  2406  0  1.23976e+06  44351  817655  264365  125266  591291  63882  12111  30461  4530  13473  9218  6348  10487  23908  9604  40905  22858  33973  12307  14894  116032  57054  38760  3134  15223  96667  92424  177300  8653  228209  3192  981845  679770  632033  735087  114444  291265  70803  51434  310260  
2807  20850  42784  28824  10667  607  92718  86762  1921  1045  877  671  201  385  554  852  504  2269  295  2733  602  1020  800  1631  871  116  463  604  701  762  140  482  26  114  24182  23861  7692  4399  1777  2194  1172  1.1284e+06  0  11077  2657  556843  36141  451825  30865  13188  12383  1684  865  650  540  3706  7523  1842  14746  3406  14190  3315  2097  16295  6869  8861  1216  2415  6782  10690  10305  565  8861  148  5742  401467  673330  129511  33442  37097  38186  15573  116521  
3087  7421  65548  122682  742  115  24087  36668  240  99  121  1642  90  324  326  55  49  201  25  545  175  130  98  181  387  27  511  431  117  153  33  74  3  23  2960  16350  1238  403  2352  373  284  41589  7734  0  176305  900  439  96789  86055  790  305  87  165  137  293  449  210  64  548  215  1343  356  173  1269  636  494  66  140  467  555  487  22  323  6  286  12325  125710  14366  3185  19132  1530  980  5556  
22750  32994  180336  1.32864e+06  3727  948  84471  349389  1734  949  2368  345842  15579  29701  30581  1643  701  3027  388  52107  14577  3305  1095  1969  11938  936  22690  11319  1642  1468  224  1343  46  1047  24255  97641  12654  4024  22666  7330  3922  979383  4007  220899  0  1979  1375  21193  782258  1724  950  2051  897575  112533  55184  31946  1148  402  5297  1279  149568  23758  4195  3928  4754  4064  670  3319  45211  9085  12484  282  36656  54  35140  22109  386187  9823  3091  91491  7941  9713  18099  
937  10815  5174  2691  22405  3159  106630  96643  10587  3864  2154  1099  1457  795  929  2179  1209  4039  609  4787  1169  1194  1170  1586  925  138  448  570  998  1581  495  1122  51  296  33349  25063  8837  6436  1226  2483  1326  346818  723273  3105  2240  0  1.09842e+06  924678  55743  94847  95080  4990  946  1619  690  5789  28580  10472  35989  11889  24947  6550  3098  41166  6593  10676  1552  2061  6297  30608  41640  10078  36356  1688  177419  512518  599818  135634  52412  3607  49974  17227  204279  
452  1680  1233  1443  10163  8568  47425  114596  37341  17425  4146  564  4792  1437  1132  3246  1446  5369  1480  6438  1655  1287  1503  1445  1194  132  444  559  1703  2832  958  1383  73  436  23184  8871  7677  4345  1077  2258  1251  395567  105934  3093  1977  1.22196e+06  0  776438  201481  541802  1.59142e+06  8791  345  3595  1155  8403  87238  48918  52898  36507  26958  8235  3824  52062  7495  16049  1866  2217  7637  79519  171865  33257  152459  11522  1.02905e+06  387341  515484  170361  65309  2260  45228  15350  193193  
9246  71170  114491  89670  149388  27311  771245  727357  121397  16448  5437  8034  4917  3892  4184  4553  4372  10452  3033  16699  4340  3516  5353  4750  4820  595  2656  3685  6034  10618  3205  5842  137  1424  220477  177653  58845  36096  5781  11852  7094  359033  590778  250059  20302  1.76752e+06  1.24357e+06  0  2.4429e+06  1.37957e+06  162183  4566  4939  7496  2572  9310  21059  3788  49044  30683  39340  9183  4062  50699  9451  24683  3001  3788  7981  47016  32825  1732  9718  335  12752  399010  987696  144984  49659  97629  47971  17751  216637  
17534  73042  150259  326187  179804  120977  898903  2.58446e+06  527537  294867  101918  81503  45390  74381  76093  28418  14138  53252  20078  286119  121453  28626  22744  16800  21754  3202  13141  12982  26989  41916  12896  20795  720  6170  440941  311094  140479  71141  20085  44655  16946  138976  98898  156438  1.21127e+06  137079  168176  2.34176e+06  0  2.33619e+06  544595  711874  1.01245e+06  1.72817e+06  705126  198174  40489  6257  140569  67727  1.32814e+06  326626  60649  84072  55309  24970  7671  6120  29584  24549  28786  3008  39314  866  61428  535428  1.55632e+06  262982  148982  47370  83986  26471  439372  
1143  2249  1066  1278  14591  37342  61496  384846  212071  135633  18196  342  1493  1809  837  9018  3454  11410  7678  8970  1427  804  5438  1003  4110  194  667  1455  7646  12414  4374  4296  179  1703  49293  10205  23544  11288  912  2963  1840  5797  17193  1814  972  56709  715007  959149  1.89751e+06  0  1.9475e+06  11400  282  6295  1114  1336  59116  7400  67795  72256  11988  2152  880  87917  2134  54980  2985  5214  4350  153405  139195  8039  12986  378  21634  48156  325444  58942  32599  1488  16408  3355  68488  
1077  1450  946  1263  3884  10797  13948  313981  105586  541095  148680  668  1661  7584  1421  66592  8074  22753  7862  17950  2019  1065  7015  915  6359  206  1024  1377  10312  6342  1309  3418  560  1497  50488  14705  21555  21058  1157  3555  2267  62707  29881  1998  1870  81797  1.3646e+06  131786  882032  1.83222e+06  0  122964  1500  2373  5324  4748  2.74139e+06  161083  182437  109363  26752  6207  2396  69359  3526  40820  2295  5482  11376  131206  149050  30917  638472  245599  975068  144220  953870  214773  154405  14248  65833  13013  158213  
1110  1192  1472  3406  2831  4431  9009  325971  64987  464169  385533  1566  5351  47488  3371  167094  20496  35996  5341  56567  4871  1001  6954  825  5794  344  1092  1438  8715  3500  804  5480  1079  1938  46099  13081  17804  15644  988  5066  1852  2573  1298  1326  6173  2161  3393  8714  668107  19112  158838  0  3554  62566  817379  10870  126317  12122  114564  11772  482123  15821  2707  7775  3513  2043  817  686  1495  1901  1903  954  9149  1336  7715  28947  33153  18911  14004  3625  9290  3143  46452  
6387  2387  6578  271999  5394  2150  24657  305371  5255  2696  8406  563249  111660  106736  93610  6863  2224  8344  966  165077  45563  9416  2678  4945  18129  2662  42092  14436  4910  3738  492  3203  114  1691  40777  28601  31994  7590  22091  18604  12154  34308  2926  6300  882851  3238  1426  18192  1.08724e+06  2859  1720  7426  0  689557  225262  113164  2795  931  14015  2019  479258  80252  12545  4961  10563  2686  1223  2296  8499  2772  3212  506  5096  93  8142  18370  23629  9300  3832  107492  8027  6661  23204  
1772  2125  3819  27942  13152  13566  53707  304315  48971  10448  11837  88488  307616  110050  68164  4056  2312  10058  1763  142058  34803  7306  3026  3743  4727  1199  6053  3352  3671  5246  1695  3746  110  1025  49965  19188  21218  8724  5434  11835  3933  11638  1843  2623  87107  2743  5694  29741  983985  15951  3752  34254  383566  0  350648  156439  2341  765  20275  2536  460150  88315  16844  5600  16753  2778  1768  2261  6671  2216  2740  547  3739  99  7889  21653  26933  12351  5426  45948  9222  4282  34441  
2594  2240  6574  47020  4311  4662  13911  225951  30026  103061  193397  47413  147462  831814  191868  80457  18505  52067  3647  441549  59536  10462  5628  5182  6459  1745  5694  4116  5717  5848  1091  8929  840  2304  54511  17559  21298  12301  4670  20851  3851  16694  1908  3451  96986  2225  3172  13950  792932  10134  14665  851268  200084  577455  0  507625  24687  8253  82098  7464  1.2821e+06  142114  22682  9672  25250  5560  4126  4137  10356  4229  5248  2276  12217  1125  12703  33733  25313  18777  9794  44003  27413  6786  43297  
2562  1976  9112  58045  1882  854  7911  64846  1961  4999  21636  37426  33955  148910  521541  6601  8045  42617  4044  329420  78558  18829  10075  8974  7084  2017  5735  3900  4239  5509  1312  10902  377  1776  43160  14017  15930  7014  5563  29512  4002  19969  2341  3583  95540  1897  1529  10684  195402  2897  3127  5840  134388  120393  489088  0  4760  3886  180384  14872  2.04912e+06  277692  203937  28765  631571  75070  224334  76475  16957  9993  10536  4839  12497  648  9222  106592  22995  22676  12468  31916  395968  22911  36406  
1343  1265  708  1010  2426  1878  7013  51541  11017  178580  130793  517  1066  3300  1931  289900  50031  74012  4187  77445  3538  1211  5036  1085  3613  287  1753  2189  3893  2887  684  11956  2274  3479  44015  10785  16713  12972  1699  10198  2731  34999  14532  1330  2403  40497  58287  22049  55965  152457  2.24477e+06  94512  1515  1862  8041  5648  0  1.84258e+06  1.12269e+06  99381  44759  5966  1848  26622  2843  16309  1367  4328  14933  53618  87419  33602  1.03636e+06  446553  637446  207222  243708  367245  280198  14005  107857  19284  253217  
1600  1409  867  1231  2131  1290  6677  19216  2963  32830  70375  624  1126  2986  6020  195135  42623  112918  5064  99792  6520  2575  6097  2227  4871  653  2433  3093  4244  4594  1187  16288  1894  3748  54402  9895  19398  11298  5437  16873  4658  40611  27114  1984  2941  73008  130944  27065  37423  64145  286861  22212  1450  1674  18216  43208  2.45027e+06  0  1.42347e+06  1.91201e+06  182142  28199  6263  154164  9854  82955  10513  12811  23701  209416  600813  677069  2.26264e+06  465973  464815  258528  106401  235477  149014  15517  88717  31947  202337  
6392  4112  2520  3354  4042  2448  13561  44474  8966  28671  39921  1513  2319  3581  11894  75978  53588  288281  39737  162983  28773  22717  65101  17405  39583  4508  10060  12476  26771  25244  5357  43918  2073  8150  146810  19155  75001  33230  43359  68367  19285  53714  19186  5488  6225  12326  20614  51763  125679  170668  185182  45853  4387  6338  15909  35042  904177  1.14734e+06  0  3.52919e+06  1.50171e+06  179072  32077  885065  70199  181758  18318  23217  52262  165437  129611  27265  148078  11536  58688  316573  52778  324106  115056  42689  182862  84565  216739  
2799  2143  1756  2611  2965  2131  12922  40201  9498  20034  11631  1269  1737  1912  6040  14181  12399  103000  18516  60638  13068  10563  30561  10067  21736  2515  4502  5992  15453  11415  1865  14025  604  2748  59539  12046  45722  20080  44111  27870  14647  68354  27395  6981  6979  22724  51947  74065  143601  317390  187868  14164  4245  4341  7058  33926  75134  2.60754e+06  3.04605e+06  0  362660  52145  14571  2.42791e+06  45413  406125  28026  39636  82978  1.08419e+06  2.01096e+06  1.4077e+06  532152  22680  60364  357922  69675  396757  152661  48275  150149  126866  214086  
25521  18448  37954  159800  15608  8230  60261  358867  22714  72325  266848  78541  73011  196616  457488  107232  102516  709860  117144  2.08949e+06  443374  130444  169544  68273  99533  14673  34671  43117  76689  81564  14111  126806  4726  22956  409209  79963  192248  81126  44485  270610  37331  85211  19812  19860  344673  12899  10299  70712  1.2636e+06  24616  35274  451692  322907  220719  1.01587e+06  2.53894e+06  83744  35273  1.90932e+06  151111  0  2.40659e+06  1.06226e+06  264302  962618  187854  331187  159148  56733  77685  79663  32951  82870  4778  27291  400031  135270  185703  70217  50516  515562  69873  262757  
3127  1822  1833  4449  1188  483  4493  15004  1124  3222  4637  1381  839  2278  22177  3204  3902  102478  26699  101374  207434  80843  45843  14735  20457  2619  3845  4533  13060  10701  1137  11139  433  2452  46778  4941  21293  9810  4687  36404  4323  8273  3134  1401  8106  1404  921  7469  48972  2022  1749  2004  5079  2637  8286  194144  1598  1798  351366  21129  1.30392e+06  0  428798  216873  267259  42889  58980  35044  9668  13413  12469  2602  13294  433  2336  75134  10200  29851  12563  5541  116647  14972  34365  
605  390  503  1380  303  135  1237  4551  231  527  1056  593  472  1204  28441  594  1155  15962  2921  46185  75741  96971  21516  9873  5662  1013  1287  1032  2332  2135  216  2396  121  507  24129  1666  5572  2598  2945  24477  1444  6813  2062  763  2182  573  320  4683  12609  677  606  395  1463  1108  4030  212706  539  416  86293  7025  598026  409979  0  175160  649173  73781  120145  34724  12006  13441  9584  726  6861  174  1017  41333  3550  18296  5398  4160  128516  9508  14209  
2244  1769  1307  1912  2517  1293  12115  28499  5113  6946  4542  1038  1240  1335  6384  4520  3339  151611  25668  82705  53931  55256  140596  49927  56645  6148  6975  3708  19054  13920  841  7311  234  1560  85932  7908  20736  9268  10634  66827  4866  45328  21316  5072  5195  13511  9776  49014  78687  117589  30030  3800  2134  2082  4457  61109  10788  104740  1.16036e+06  2.19858e+06  385199  298979  178899  0  459360  1.104e+06  52238  49143  57223  1.00798e+06  1.06945e+06  39932  201083  3331  20334  265941  27019  229308  64242  17365  154609  63263  106811  
1988  1353  1119  2823  785  254  3579  8348  534  939  1467  1082  557  1410  17752  975  1030  15465  3107  30256  24988  144902  28627  274453  12263  1595  2527  2571  4587  5261  246  4136  71  813  32256  3329  16786  5943  12494  32257  4402  39357  12344  4026  4675  1882  947  24175  28210  2587  1456  597  3487  3192  7977  963230  1099  1108  95104  12481  692946  243470  763190  771586  0  2.1568e+06  719106  119428  73834  89767  61087  1274  28871  320  2815  104494  9977  82375  9883  20022  456631  31556  40910  
1114  897  775  1326  1006  626  4812  11244  2606  2983  2416  614  504  833  3359  3343  2493  29523  5501  20456  9587  36398  13209  37989  10846  1448  2296  2851  7119  4363  417  4188  208  885  26544  4076  13981  9768  13196  17962  6861  37394  13113  4076  5100  4257  4838  32821  30329  80631  12890  1563  2980  2690  3361  116705  4787  13047  127967  142600  125635  55828  135235  1.41616e+06  1.93357e+06  0  1.59104e+06  1.21026e+06  384389  3.21839e+06  227957  6439  48785  1579  9965  276756  42087  102352  27676  30491  908333  160185  69475  
101  103  131  288  153  155  646  2221  518  584  919  107  101  326  929  686  497  4008  641  3915  1978  3256  1726  2481  1018  152  307  222  542  447  80  521  23  109  3793  502  1639  851  1330  2513  479  2663  826  282  611  339  422  2589  9863  3917  787  1035  380  536  1106  232799  440  995  31750  9777  127323  41401  80876  98695  351469  1.46714e+06  0  812316  21581  21805  7678  805  5305  260  1112  17576  2086  9994  4039  2062  224856  22268  19889  
238  144  183  540  216  175  780  3402  672  1046  2047  279  269  1080  1559  1164  1148  7254  858  7531  1754  1971  1506  1612  1132  161  569  436  743  744  184  1256  54  235  8207  920  2453  1390  1380  4608  781  9904  978  324  4533  734  560  2568  11810  2590  1719  2029  5479  4585  3869  155181  1754  990  34902  5821  98975  34101  38107  37384  89292  1.09376e+06  556991  0  261642  21194  4668  786  9328  500  50606  74824  8182  14138  4701  9429  526657  298932  25448  
400  278  607  3452  312  110  1711  4830  558  1509  940  1154  734  2021  2094  1096  813  4488  592  5905  2115  4296  2218  5624  7681  1663  2373  3421  8277  2654  90  960  39  179  10291  2465  7784  8823  13890  10154  10541  82582  7346  1934  30003  4136  4913  15035  12334  6327  6630  1118  16471  13841  9717  11377  5638  2968  25326  13266  22510  10876  13224  60246  46804  241477  7748  289616  0  437012  429624  3024  497873  840  106700  215233  37819  70140  21907  71588  172832  425210  94537  
1228  963  824  1344  1480  1112  6618  17764  4950  5164  3235  552  660  723  3309  4573  5150  41391  6495  28750  7236  12330  8082  15160  7978  1439  1944  3362  7468  4739  689  6246  353  1369  27442  5570  16481  12050  16116  13633  7429  33801  22061  2805  3083  38989  92659  64100  36041  198645  80585  1869  1360  1381  2987  22215  9235  56184  128323  306367  76195  35301  48213  1.4855e+06  180865  4.24475e+06  65071  135520  808820  0  5.07984e+06  61381  100812  1245  11095  168208  40422  82797  23534  24723  331169  34647  50131  
1467  1719  1257  1726  3019  2026  13310  33163  9206  9486  7528  802  1002  1344  6095  9801  13576  67441  4920  52690  9056  10421  8085  12719  6385  1012  2183  3083  5290  5671  1379  11243  448  1949  41830  9063  19195  10503  11291  15622  5483  53231  73911  3884  3210  189526  557393  178494  59482  267039  305065  3647  1288  1470  6158  33125  20767  571351  193695  797820  139261  54861  34619  959862  101316  279870  15249  13709  397297  3.93468e+06  0  2.21047e+06  3.62123e+06  2020  42051  155959  92864  94226  26501  17047  73584  23915  81483  
875  822  500  671  999  680  3837  10300  2466  3110  3359  293  392  748  4599  2756  9037  44794  2988  35313  4166  1967  3028  1327  2671  390  1355  1903  2538  3681  1180  9336  316  1391  27113  4089  10649  5170  3522  10485  2523  9442  16485  808  794  51031  240746  44339  16481  71044  148635  1175  514  672  1904  23594  11571  1.09759e+06  101169  1.01178e+06  93544  23185  6150  118572  8130  43679  7080  5999  10522  125189  2.27334e+06  0  984043  2185  13948  41048  27743  28139  9046  4265  24708  7512  23496  
2075  1866  1873  5218  2837  1489  11717  32440  5127  13803  27928  1620  2046  3647  8587  54059  34489  144896  5624  109789  14922  14172  9293  13968  10061  1589  4509  5148  8336  6405  1293  16098  1074  3463  64928  13054  29687  17902  23737  23093  10549  443722  94647  7750  36277  189431  366894  79112  86653  60734  528679  17565  9823  8693  20940  44902  713255  1.54606e+06  480063  310823  243968  111846  50005  647796  94360  130407  15994  20653  446951  126958  3.94786e+06  1.53054e+06  0  752494  1.74144e+06  276503  137600  373433  65349  62778  97462  123079  162413  
131  128  68  94  179  89  685  2011  268  1260  3442  58  141  224  546  6104  4266  16711  392  12313  520  248  435  156  390  63  221  263  291  313  68  1356  115  330  5272  904  1632  860  282  1446  414  9150  4677  201  223  15185  18495  2179  4606  1306  130129  2195  95  119  1783  2820  383254  311857  51023  27043  22177  3226  836  8778  956  5126  866  1179  2823  5350  13316  15722  607185  0  413858  15636  9972  27463  7489  975  3171  2308  9240  
706  941  1258  3263  2286  1719  10347  54994  8452  15226  15488  1399  5026  4184  3428  19637  9800  38599  1583  32919  4431  2914  2325  2212  2006  267  1403  1141  1591  1627  360  3646  303  1045  25014  6987  8448  5105  1915  5192  1584  1.41688e+06  95858  6025  32289  623973  1.75934e+06  74645  197121  52194  1.80508e+06  29449  12336  10497  12251  20984  1.62758e+06  516182  269367  103720  99100  28415  9853  111476  15184  44739  4185  49386  119973  53662  123847  54733  1.9899e+06  1.04248e+06  0  182785  117916  424529  74008  25379  32867  70795  114098  
5347  15135  15704  20092  33286  9933  175926  406389  37174  34229  34282  14138  37183  13523  19604  29638  15691  83036  9362  96944  34619  34267  24702  32693  21054  3159  10461  7603  13533  12428  2085  13801  743  3555  343951  112052  84569  73548  31566  66741  26267  473854  302192  104255  103459  198969  116168  702174  1.4771e+06  190619  486754  147042  13620  14341  28894  240052  474354  70116  1.0502e+06  215132  883928  240013  111939  611037  180547  557193  88568  199682  467573  387616  232661  15487  184245  7717  87293  0  2.2982e+06  1.34163e+06  1.00076e+06  400468  2.6293e+06  1.35582e+06  5.17698e+06  
2283  8690  14596  20601  7357  837  52267  58398  2944  12986  16209  1912  1035  2028  3639  16066  5937  21283  1205  25250  2811  1885  1930  2138  3370  413  3750  1872  1464  1523  333  2918  228  710  33813  30425  11264  7859  7100  5491  2342  334725  408716  145670  59272  101050  63679  980019  370644  28690  152459  44730  1310  1247  3531  28621  132936  27887  115776  19523  123933  20406  6280  32754  10607  59203  6010  17712  35767  37276  16958  3520  30951  3872  25401  1.22635e+06  0  282672  249813  431497  257229  69990  304002  
2880  9257  12160  17137  21400  4892  115433  230055  15266  26461  18055  9991  16055  6902  8434  15425  6958  27316  2646  35480  14723  8865  8631  9300  9459  1303  3828  3861  7833  6006  878  5342  297  1333  123727  75732  77033  44010  61125  15444  14395  379214  237536  130879  61125  246877  76381  477022  820002  107924  256829  38831  11113  11544  30881  71499  318957  26948  293951  94025  203037  57058  19835  164129  31287  58096  7300  13720  43093  72095  47692  6183  65354  6209  77326  564453  504989  0  1.80704e+06  288658  132948  104410  506301  
625  2182  2725  3898  5219  1465  26319  57728  5135  9018  6348  2009  4161  1584  2226  8692  2712  10165  919  12868  4038  1644  1768  1196  1485  201  799  661  1211  1464  286  1586  112  406  33877  17687  13278  20045  2689  3800  2704  37325  43641  20106  11598  79175  29483  76793  353465  89024  161470  23655  836  1413  7169  24882  161141  10443  149462  38643  91696  16416  4076  29536  4845  18485  2826  3875  6492  17532  9378  1999  12606  2483  9868  306816  271745  1.66471e+06  0  10913  342492  42512  860306  
718  689  2041  6466  258  50  2629  4427  150  419  388  2394  1888  3423  4571  257  262  1351  135  4727  1601  1433  948  1465  3750  155  5373  1771  732  357  39  349  10  87  3588  4101  6956  3431  14207  1775  2191  180231  29126  38886  24165  1500  1083  163397  20643  1071  1467  287  36079  33417  27137  20811  1494  788  4567  1961  18936  3400  3750  8900  10317  12660  1064  5060  34656  23832  22514  375  13893  120  11422  69056  415709  120758  5681  0  22225  30858  8677  
1984  1863  2109  3568  1217  449  6870  13951  1200  4682  12065  2220  1336  5286  7577  8827  6907  42435  5477  37062  8630  14585  15648  15392  15208  2314  8301  4060  6479  5998  1015  8375  410  1587  101237  7415  18905  15134  11810  83438  9396  34114  7380  2802  26602  2503  2166  19579  27962  7050  16889  4031  14612  12998  23584  286057  14074  1907  81870  16336  170346  55784  78744  94747  212300  539686  276734  814579  243649  118973  31837  1033  19963  397  15724  2.2011e+06  119191  107820  95650  123778  0  1.44641e+06  247601  
478  417  653  1349  395  131  2333  5033  458  1749  1039  771  558  840  1377  1455  916  5450  609  5199  2666  3613  3529  3180  5329  597  2453  1275  3250  1343  88  1023  40  185  28021  2683  3445  6143  1928  20955  6049  30129  4577  1938  27749  1581  1069  12024  12240  1778  3185  1036  6707  4995  3919  28362  4079  1631  38060  11145  31816  18860  12763  51842  20666  104552  22507  376679  319586  24484  13738  601  58222  646  49447  883617  72840  54828  62150  64094  1.33895e+06  0  260447  
50173  43330  54521  40354  45823  11373  175563  674968  31908  574825  196035  4880  7332  25185  42191  332090  37120  464921  54909  292736  44588  27160  106629  31083  92415  10536  77811  31093  70095  80379  11685  41730  3181  13553  2.67946e+06  828357  630044  2.45136e+06  113172  211387  317051  120172  58512  20305  46718  41480  28553  146155  488241  181005  469680  115249  3927  3660  9334  44059  433712  27772  335914  80373  219257  53266  21395  151621  57237  95211  15649  30521  87326  39017  27601  4106  43830  2429  37449  2.57131e+06  309370  995195  2.65462e+06  40751  865221  471938  0  
