400864  
412388  
579932  
474442  
853546  
534064  
402803  
259922  
307062  
213927  
563407  
638909  
615593  
795470  
265999  
580341  
219458  
932277  
711120  
649921  
751301  
305256  
521827  
669229  
408837  
406230  
468068  
493272  
588522  
273718  
225988  
283569  
593110  
455000  
379250  
474908  
519657  
727540  
838911  
728592  
869239  
648931  
432461  
482733  
604730  
429144  
833254  
640478  
440075  
634958  
452087  
875977  
567821  
557196  
649113  
964143  
783986  
622910  
880024  
582565  
814495  
630325  
670906  
536738  
599093  
568039  
574586  
693687  
552084  
662558  
518469  
601920  
615590  
408917  
395046  
298847  
423110  
614402  
534217  
751449  
797935  
514849  
791816  
511416  
521529  
499311  
423056  
540364  
803221  
498343  
931335  
481123  
458829  
568527  
474057  
495470  
539155  
679147  
482807  
569825  
405084  
525948  
665125  
390092  
375329  
790919  
421655  
813084  
457149  
380358  
615932  
519284  
329889  
281090  
274123  
813357  
931769  
280328  
229746  
281557  
607904  
274254  
276251  
557529  
367224  
416598  
474023  
513688  
741481  
501801  
634720  
356867  
452320  
476896  
344487  
461581  
421154  
181637  
468002  
367300  
562463  
299373  
258004  
189134  
189750  
234143  
225324  
199191  
249718  
173996  
375080  
150783  
133676  
216608  
212794  
126397  
235591  
442785  
463074  
266875  
75893  
107722  
129641  
125404  
267553  
120562  
122190  
124310  
201467  
340425  
285908  
788139  
286359  
257703  
215773  
432513  
369000  
531239  
376293  
793216  
766791  
527257  
620408  
335879  
438473  
545531  
539877  
270139  
522394  
632747  
203170  
762989  
703320  
225952  
459404  
202832  
806103  
363638  
415555  
598591  
865389  
563678  
652831  
334024  
411191  
641827  
572475  
382251  
475739  
186291  
524734  
339016  
183827  
194424  
265699  
302260  
249795  
163715  
226303  
154563  
183369  
233067  
326101  
215942  
148911  
141914  
161933  
227197  
214165  
98681  
138781  
182616  
129808  
131574  
360166  
566663  
474733  
323896  
417811  
647457  
828947  
307543  
486168  
824363  
433363  
654540  
924392  
306821  
479216  
595221  
611740  
746824  
594470  
454729  
328326  
566911  
537760  
483750  
181144  
156466  
316888  
381131  
321798  
305363  
249240  
326293  
378994  
300547  
354369  
606546  
378617  
350469  
214089  
333019  
344500  
460933  
225504  
192203  
201275  
161453  
263576  
370029  
373462  
695714  
508995  
353731  
266587  
585407  
556177  
632838  
443555  
224724  
123526  
363137  
415998  
328820  
309453  
373802  
421901  
450392  
828602  
594442  
565309  
375415  
724897  
389006  
341461  
400320  
431286  
373727  
286389  
403505  
562904  
437658  
559686  
532363  
675299  
575966  
736573  
801668  
374374  
543579  
467120  
441310  
878011  
701019  
641849  
649739  
572988  
938080  
460400  
216630  
307264  
198314  
249424  
277580  
291535  
275183  
140317  
129703  
323419  
221189  
221003  
181121  
322441  
213134  
304656  
119846  
228680  
40697  
94557  
73509  
317205  
285463  
345263  
93527  
310776  
393729  
442454  
372426  
195162  
140151  
236506  
289072  
311398  
215354  
392184  
485825  
498131  
602077  
439103  
415118  
394969  
157817  
568740  
180475  
257159  
244266  
327692  
378819  
522693  
264140  
288081  
240129  
257147  
268939  
310698  
409561  
469371  
568971  
275792  
324893  
604250  
423286  
413772  
395732  
462547  
422895  
905621  
499357  
914859  
853226  
832682  
810455  
1201954  
374626  
297439  
429885  
299660  
587087  
457212  
1411005  
719648  
862053  
906979  
777461  
627630  
1158733  
1074484  
798696  
639816  
569437  
619996  
464124  
901978  
560523  
888016  
836108  
592230  
724940  
738649  
1061164  
655287  
564035  
442573  
798815  
658055  
542380  
562684  
467641  
630929  
921534  
679614  
763867  
844817  
916677  
431905  
816179  
815326  
866611  
682862  
586320  
417746  
502474  
538287  
765640  
701956  
450051  
369964  
359710  
394067  
605465  
567880  
517670  
593538  
713339  
475192  
415377  
504575  
562469  
423934  
349528  
446198  
398952  
699438  
571449  
449078  
743835  
389431  
528352  
735693  
959149  
401349  
265373  
195138  
296267  
354263  
417655  
408458  
318479  
590086  
701830  
402049  
411256  
513337  
480183  
819653  
467169  
513387  
451704  
1113188  
10881744  
3788172  
5933056  
2251953  
676155  
4212965  
2200734  
357639  
514835  
580757  
612015  
968101  
699016  
444756  
252629  
244795  
250171  
638451  
730620  
624100  
991385  
265449  
695548  
365098  
960341  
731343  
515303  
535325  
122429  
461235  
709196  
446677  
451786  
537660  
310706  
453202  
325365  
199685  
260285  
346945  
312984  
364617  
478657  
404363  
450555  
850491  
888774  
579123  
263230  
800175  
514676  
736750  
450646  
949779  
525522  
504615  
540706  
437827  
877457  
616643  
554203  
599165  
1073369  
970240  
519882  
704013  
467766  
760583  
499937  
536682  
758900  
627748  
676861  
607947  
796953  
597411  
730724  
409627  
454549  
519469  
451064  
293545  
266691  
267883  
440084  
447200  
593232  
694044  
708476  
781864  
579882  
454387  
532556  
535691  
445833  
869751  
514043  
836002  
546484  
305730  
419362  
420684  
493298  
524535  
604227  
542619  
526981  
478479  
378679  
742824  
294478  
469986  
646887  
528595  
903466  
470221  
461821  
579083  
514571  
375451  
251140  
297136  
917214  
1283070  
448877  
306784  
353249  
763827  
304023  
273202  
571290  
369627  
365574  
464839  
505610  
962603  
618924  
739262  
390048  
476580  
381249  
346527  
391361  
609760  
192990  
312384  
283228  
595964  
363796  
277985  
188298  
186855  
255903  
257655  
248272  
291179  
175093  
305604  
166086  
83778  
161074  
137875  
173977  
229790  
354989  
228837  
178039  
115620  
86957  
96047  
126900  
259711  
64827  
146651  
342504  
147281  
244446  
80876  
391095  
351203  
317053  
227986  
245774  
487269  
358720  
280816  
797453  
807711  
733866  
650291  
196557  
300399  
391730  
504780  
290084  
604539  
460514  
261862  
674684  
524174  
258944  
315263  
200028  
1045639  
356790  
338868  
500930  
812514  
421712  
594801  
372592  
237023  
781882  
649140  
470253  
564442  
133058  
392910  
292063  
218634  
209812  
232155  
371582  
208507  
105672  
210912  
156285  
140185  
305195  
395608  
188300  
164278  
154799  
161496  
208112  
300250  
163834  
92267  
130551  
189770  
217616  
302109  
539040  
275716  
476884  
298732  
559330  
802323  
502718  
426348  
787728  
396114  
730670  
808541  
158313  
409200  
519139  
698908  
696543  
334605  
183714  
524053  
803761  
500113  
483508  
94326  
164194  
323506  
200946  
296174  
413908  
500711  
428003  
292907  
466710  
342862  
639515  
372948  
340323  
250863  
334799  
314324  
419637  
197615  
241224  
148197  
214994  
451238  
348700  
285996  
424808  
408688  
334572  
274909  
355750  
731315  
939169  
507047  
226867  
218780  
403734  
354594  
282970  
374386  
335858  
371135  
760995  
1139117  
346588  
159973  
291727  
286800  
509708  
324766  
642521  
448371  
301884  
345756  
287486  
637116  
521134  
486390  
519391  
643206  
557003  
657047  
679842  
484772  
554679  
391059  
481044  
775812  
803169  
741229  
463848  
549183  
916631  
443972  
105565  
372617  
210247  
353398  
359672  
221461  
212929  
144088  
253172  
411901  
191936  
137656  
208291  
253059  
45024  
84966  
173845  
206075  
262036  
246664  
311397  
1023897  
392870  
417420  
165939  
346170  
334326  
431224  
409939  
343621  
263615  
438929  
194293  
354225  
380303  
389996  
532638  
733531  
683472  
505274  
344182  
130285  
141481  
566731  
145981  
158466  
290793  
221730  
321153  
496899  
293192  
261638  
311387  
250430  
229603  
328979  
613527  
303161  
579001  
282928  
353987  
614816  
431415  
421145  
318695  
435093  
498312  
898141  
608612  
993857  
692332  
563538  
819310  
1098437  
217249  
237614  
492810  
258198  
660635  
785540  
1413466  
869697  
866637  
802612  
762812  
585641  
879376  
850545  
594668  
609191  
525098  
528821  
608093  
780639  
1015887  
928071  
1431284  
708270  
639384  
699683  
838805  
530517  
516237  
482312  
762129  
841724  
685866  
526575  
618299  
483286  
871005  
715061  
485520  
911276  
1031691  
452643  
709686  
872083  
954804  
753045  
806491  
422353  
613543  
636235  
808893  
798971  
726035  
347055  
346800  
383526  
428171  
263727  
564515  
548348  
660107  
400312  
413937  
535433  
534293  
360677  
300079  
296070  
388828  
722659  
618011  
591225  
688304  
284296  
431008  
905235  
1236264  
482907  
294745  
177308  
328097  
445972  
432768  
502055  
368829  
623401  
631101  
534800  
451606  
480194  
387672  
907576  
458610  
431185  
582062  
1092681  
9872293  
2845311  
4707612  
2324386  
592810  
3944826  
2226534  
9904449  
