0  1.19206e+06  103965  550622  180140  17854  671699  13375  594  11509  1299  20461  924  1195  4876  11263  16974  48638  32967  20452  11051  19504  90974  77523  35214  7648  38010  213642  70200  80816  1671  303723  654  1.05742e+06  67972  99055  475870  49186  62895  87067  28905  687  257  2546  2638  314  169  2373  4721  405  929  828  1695  266  344  831  979  566  7213  3305  7032  1490  647  1484  4467  716  444  234  481  1338  653  76  704  52  215  5054  2532  1345  1071  1694  3197  1106  50075  
931173  0  23956  6801  569520  12080  527496  20024  682  10250  3031  1583  473  527  5007  10468  10487  51759  22917  22396  7779  10985  40392  50457  27355  5150  14857  19961  36735  28266  685  21280  311  21247  529024  797110  561213  107821  105739  112951  36276  771  584  11272  4955  871  634  11106  18997  940  1110  834  262  101  194  630  776  466  5233  2241  5397  1115  595  1323  2992  519  418  281  528  1025  718  64  694  53  257  8542  1147  1597  1790  969  3761  1684  207755  
75599  9076  0  148456  823  59  221082  80983  51  679  286  590  302  187  528  665  310  3656  1865  2065  997  1524  4668  8437  4701  1361  3139  6468  6420  5091  37  1597  23  406  11506  142060  107534  14263  79790  11432  3341  2831  965  33501  16441  495  155  17667  35689  83  565  134  274  127  81  147  322  133  728  373  744  190  165  366  626  242  168  413  1495  537  518  13  912  11  988  2762  18312  1435  170  11935  1524  2834  5759  
629895  1203  188930  0  378  33  5800  424750  29  510  223  840633  1810  2074  1968  333  171  1759  784  2416  856  984  2018  3572  5357  1360  14654  34188  9212  5713  9  3278  8  400  9311  42257  29021  5766  34397  7340  6181  42626  5888  183212  794093  782  191  77507  115168  110  949  169  89226  2298  1347  1481  486  196  1283  610  2503  622  680  1520  2078  1263  431  1419  8419  2472  3011  57  7364  28  2373  8593  147338  7993  858  68796  5593  10426  7182  
246051  837173  3548  2506  0  1.20621e+06  1.30833e+06  100989  15567  85013  10933  378  261  379  6891  46641  92785  109651  93734  42881  8153  4997  26501  8675  16085  2615  19422  24164  34564  34630  4838  54219  1820  344464  882298  760319  424345  148552  6223  77840  49545  212  622  218  157  11696  16148  49788  43959  25050  5288  3144  83  69  289  732  2028  927  7427  3295  6942  771  506  2623  1074  633  260  182  494  1371  759  90  904  60  427  11401  1555  3125  3801  185  4041  1874  340041  
43436  72944  1834  941  1.13165e+06  0  557493  242695  449587  1.3449e+06  15371  139  112  226  2458  62851  176345  44270  152696  16567  2688  1526  10153  2449  4990  919  6368  11266  32445  75894  12131  219943  7499  925253  290771  151389  276326  84507  2053  18396  14038  211  380  129  73  5814  16786  19622  136610  81584  45204  18270  45  35  221  370  3323  745  6852  6009  4356  393  186  4609  363  1020  154  130  366  1580  643  102  856  64  622  9492  1450  4754  3600  113  3156  1054  165351  
503022  530093  394732  10035  1.76836e+06  540994  0  1.76061e+06  580774  326754  17106  1293  647  710  6138  26173  26477  102608  194546  39985  7613  10661  45746  42381  30456  5177  19553  26201  74712  74602  2651  16469  500  7586  774176  1.08566e+06  405572  108899  95504  119275  46649  2242  7114  31928  12070  91290  109694  566091  362736  102309  18769  7485  288  142  437  942  3164  919  10016  9716  7845  1375  700  7740  2805  1885  525  462  1587  3663  1345  160  2354  98  2053  21914  9456  11439  6961  2138  6399  3057  267871  
9105  24009  187826  565542  119511  104166  2.39264e+06  0  1.59861e+06  327845  438801  936311  1.66655e+06  1.2163e+06  264477  12801  5875  71479  92021  386413  60805  9623  20532  27272  12789  11801  17268  11310  14837  15297  641  12024  318  7479  287090  114554  224377  98902  8151  40016  12185  7808  11334  69190  114114  111426  188360  1.01275e+06  3.21181e+06  418358  156781  96220  161066  136426  31575  72220  8747  1776  23059  28270  128962  10763  4465  23575  16407  6470  4638  2054  4749  8568  3642  438  7367  265  6586  73678  25252  45221  23554  5735  19398  4726  247958  
507  6430  437  197  178574  914319  1.06222e+06  1.81418e+06  0  1.87151e+06  4256  63  15  50  158  3975  11387  13311  127132  2032  201  107  5417  227  3644  277  1068  1254  18644  26432  1372  7405  163  2367  29303  12149  36292  13833  452  1965  1669  161  261  60  30  3491  13924  13279  175709  85090  96145  34648  12  3  57  103  1534  203  2628  2727  1245  141  40  2199  60  433  54  76  242  1157  374  57  607  25  687  8098  1245  6082  2947  68  2645  434  33441  
22301  39013  6987  2246  210804  1.45668e+06  404149  867947  1.48093e+06  0  141558  688  288  1412  1543  2.27892e+06  199289  65745  99338  12655  1600  943  6890  1737  3759  1285  9767  25306  18853  53620  6748  314868  52223  576655  159208  50905  570479  326635  4942  10215  12658  983  929  376  423  5226  17158  11830  120848  55850  812345  96892  215  132  2181  603  112794  4719  22462  17051  7657  529  268  8836  455  1295  309  620  1188  5692  2208  403  2221  183  2731  15650  18871  22198  13455  816  7807  4942  296243  
429  965  2206  2159  1926  642  5665  645870  831  278272  0  5328  67920  1.31635e+06  11428  65330  4415  82335  3753  962852  10651  1498  895  2303  1131  1359  1813  1283  1098  1183  138  4057  857  2014  24820  3264  12692  10247  672  4569  1588  610  553  750  1911  2508  6310  8047  84611  16030  324474  459053  2741  9275  59605  12009  105337  17118  44322  7294  82292  4158  1311  3589  3238  1514  3067  2495  799  3799  1699  612  2956  485  1305  12605  5709  9034  5902  291  7589  1591  28887  
15304  383  7171  1.03047e+06  231  49  2810  701463  50  367  1080  0  222635  81473  99950  254  179  2460  739  66939  11456  2832  1766  9228  4899  4095  17691  24317  5864  2951  7  679  13  587  6357  1143  25659  2709  19998  12331  4824  7643  547  28949  316853  317  174  10057  282554  310  229  731  713850  27210  17017  26052  125  76  1207  575  42234  4236  1892  647  6735  657  765  497  3244  791  844  15  1564  19  588  2224  3012  1799  424  11967  2157  1911  3738  
1537  969  4099  21952  2646  664  15542  1.36108e+06  541  1702  25170  256539  0  675790  352033  1094  887  9656  2736  412776  78233  10113  1480  15765  3076  5747  8113  4178  1948  1615  37  1495  70  578  18520  2555  11925  3484  3006  24479  1864  1236  383  2996  23099  2512  5145  19552  411053  14168  2309  16988  162531  524233  116174  97382  1486  408  6270  3500  210100  20439  6938  2869  20609  2232  5300  1892  1314  1434  867  51  1160  62  439  10159  1339  2992  1841  1951  8751  1045  11609  
1790  1218  4331  18460  2451  706  11559  696705  857  20910  1.21063e+06  67249  537715  0  509702  7819  2931  45189  7686  1.14506e+06  123171  17242  2544  21145  5958  11601  16256  5403  3278  2962  114  3404  247  1093  33603  3074  15820  5146  4955  52944  3388  1292  573  2637  19906  2622  5067  14860  208669  15142  53621  182560  48548  218361  895145  127509  20376  2634  17426  6442  382505  37664  13679  4522  34065  4375  11286  6785  2060  3095  1795  161  2065  147  634  17297  2535  4497  2934  1560  18814  2198  18282  
2877  1900  2970  17735  1498  197  5994  140841  131  1457  7033  65699  129803  442076  0  2645  5499  83462  12000  2.03877e+06  233153  129040  15717  601199  31334  100488  56938  9822  7813  6339  194  7804  610  2738  96860  3667  20502  5678  6942  208064  10474  2018  834  4136  17953  1709  1143  5067  71868  2245  2943  19191  39707  57406  219455  425106  4537  1885  28347  10326  410665  29373  10227  8590  30493  5555  8317  4302  2282  3995  2263  246  2610  194  625  27554  2045  6076  5942  1821  28106  3168  39451  
22796  38279  6002  2021  101181  74369  111555  37682  22992  2.22137e+06  114960  625  290  1898  4280  0  2.37596e+06  761747  75063  70378  1584  852  4058  1520  2205  1685  7538  28491  16008  46830  6584  523314  233230  780535  265063  27658  755613  456710  3143  9202  7700  716  723  218  250  2419  2910  3128  8925  4013  110850  82519  200  150  3048  2308  106513  38804  67592  8655  46520  1154  521  3002  968  846  665  734  921  4923  2905  1290  6089  1178  1900  18821  6427  7743  9126  511  7230  3512  447145  
23759  64067  6225  2482  221175  129289  156433  50967  35369  318495  33788  761  531  2410  97802  2.0159e+06  0  913694  1.6938e+06  281004  8072  2661  12275  4917  11520  16958  35694  38003  282524  722202  390742  2.34282e+06  648099  679145  242108  58025  584851  174348  6350  75688  15770  2648  3003  655  672  8090  4532  8296  17808  6959  37451  64120  632  849  5971  15778  88361  55786  316787  41853  270920  5126  1903  5015  4258  2637  4049  3541  3437  21182  11937  4096  18262  3369  3630  99687  11840  28821  40743  1955  39873  11179  261884  
24783  33723  16824  5759  34633  8995  102460  115343  45275  155290  122462  1321  836  6454  21126  610363  896223  0  2.76913e+06  936637  165564  35579  581837  21960  94955  21737  31896  53029  84625  86626  4827  166477  7800  81393  312223  36506  317793  144366  9291  181876  39674  6436  5863  2475  1483  9536  5170  11986  18270  8280  44405  25836  683  621  2414  13352  44503  67895  388456  110369  255736  29147  11612  30428  19704  13313  9154  6221  9798  58584  30652  6981  37275  5290  5882  166668  11234  40954  33354  3140  97319  23210  304924  
55517  65972  20168  4727  135455  73310  465994  287535  178187  143678  11555  1074  373  1070  32798  33078  2.51856e+06  2.97885e+06  0  125217  11143  3278  1.02512e+06  13528  195081  34890  47238  89479  1.01611e+06  2.44237e+06  938579  509581  11947  232696  181549  31205  546711  133429  6351  190071  32089  2938  2719  1201  759  5066  4761  9269  27953  10539  40034  11185  381  302  990  5290  8435  9320  121278  57715  107766  8934  2630  14803  3956  6162  3572  2680  4288  26488  11645  1950  11388  1045  2325  62486  4965  19164  14972  1524  39735  9862  221202  
18797  23075  19288  19164  14716  1691  49332  272929  846  14573  721799  63449  182718  414789  2.18548e+06  37806  53011  1.31285e+06  131836  0  2.40887e+06  641163  76603  1.0795e+06  98757  141363  122772  58225  70977  79314  3121  117582  7881  35600  324024  31049  195564  79121  9585  636710  47513  12328  11161  6107  23667  14996  7288  27214  153231  11279  55428  142884  59616  85565  240638  353661  100316  81557  657314  212410  1.88296e+06  160325  64233  107195  189480  45526  29208  15046  18374  94491  49064  9268  56418  6278  7882  277240  19385  65916  49440  5738  216306  35557  264020  
4533  5193  4077  2475  2370  141  9931  13172  64  1001  1441  2273  4274  4983  102121  914  891  187786  11483  912443  0  291917  107537  190122  15832  17445  18278  12574  12795  15556  72  17062  171  5425  103555  3260  41796  13198  1462  164028  9953  1611  1567  722  2577  1009  343  2573  12204  488  842  1507  5473  7020  11246  30902  582  449  77063  24091  203146  119830  28950  33569  72530  13347  11865  3540  3295  7973  5018  131  4701  128  713  80188  1459  6139  1822  536  65010  5007  30517  
5016  5979  5521  2177  1896  107  12912  5292  29  715  460  853  442  1035  69135  450  266  68927  2130  205776  440041  0  87428  501139  15693  15327  12913  20146  16970  21923  33  19126  30  2842  73577  3416  54440  16580  1870  131595  14557  939  931  463  816  482  109  1425  3051  86  281  385  1387  1756  2212  8898  192  110  32257  4539  57907  127346  48652  18763  66369  7078  7505  2017  1914  2529  2484  30  2479  31  346  41594  849  3506  701  340  33793  3199  25185  
58316  55580  30801  7286  23634  5512  113085  80444  12034  6462  2572  1295  362  505  7574  2505  4332  810130  1.19412e+06  104851  135327  103422  0  429832  917676  74497  59295  76752  1.26214e+06  680312  3161  272324  670  74203  166948  18147  348546  99230  6059  112683  50120  859  953  554  419  1045  805  3405  5492  1356  3511  1568  271  159  271  9144  1315  1469  36420  15679  45525  27848  15857  35633  26032  12607  3387  1154  1562  4881  3005  197  2870  167  481  48963  1134  4831  2693  550  18583  4612  165623  
25688  24763  28290  8182  6026  304  61377  20265  174  1648  906  3025  1187  2278  526794  990  755  70422  15129  530290  342018  699221  524928  0  1.5708e+06  668310  60820  82819  110789  118828  168  83573  107  6412  137375  9633  188603  48432  5664  350498  45205  894  697  672  955  429  195  2246  4672  228  537  1184  1362  1385  1887  8717  510  189  14060  6318  45137  23626  12465  28725  198855  11330  9991  2894  2227  3105  2308  47  2301  35  317  45250  681  3271  1137  514  44858  3222  168708  
13101  12569  13458  5466  4490  1150  33054  24937  2607  2305  1051  3568  953  2283  25813  1639  919  135133  98401  48472  22281  21296  1.22766e+06  1.55329e+06  0  2.26952e+06  1.04597e+06  155352  3.03424e+06  132911  198  41798  232  7848  212206  21783  128111  61611  13904  557305  175469  315  241  427  671  364  283  1163  4036  476  1569  2340  604  272  499  2497  1197  592  8274  3833  12579  4631  3058  4199  12520  4782  3615  1071  933  1673  1014  71  912  61  182  19009  624  2644  2196  354  18486  1807  349552  
1583  1048  1517  816  487  200  3232  6464  386  506  238  1391  415  1917  25349  552  230  27013  18112  15684  8140  6143  90040  354769  1.87301e+06  0  442965  10377  92554  17991  28  3783  73  1637  20381  1137  12187  3166  849  278585  7624  107  53  217  376  93  53  226  1201  90  316  784  257  118  222  834  320  134  1982  1003  3554  1454  895  1033  3077  1119  1312  396  245  345  205  19  199  2  48  5882  150  411  404  58  6278  338  276088  
9959  2333  2874  6855  1213  118  5732  20339  145  1657  895  7690  2189  13530  70096  1144  687  27480  9603  35403  13495  9670  32314  31389  914917  630070  0  198719  30026  7855  44  4352  158  1549  194946  16224  70317  69060  14551  655044  395351  401  142  1625  2703  220  120  826  4059  204  1180  5768  1230  436  1499  2643  1916  405  6230  1555  10457  2448  1898  1573  5478  1971  3540  1188  808  938  621  59  555  29  164  17585  669  1898  1394  305  16217  1442  91965  
172659  14375  21202  97250  9670  1218  38615  20274  580  8144  1868  36384  3715  4671  10267  5470  5672  60747  34878  27124  16824  37113  137342  90905  208539  9508  378696  0  443019  379707  444  321265  293  96365  262638  35042  532318  190971  50144  213266  588294  596  341  761  3434  562  246  1477  5345  308  1050  783  4362  594  878  1780  787  532  10500  5555  10810  2554  1374  3356  6758  1272  696  392  1005  3142  2085  102  1528  96  213  10798  1533  9074  2906  1477  5920  2343  135901  
13667  13999  11466  3546  15133  6221  76087  31726  14942  17194  5593  985  271  566  12152  9436  51054  99096  365843  44315  15564  16106  1.33886e+06  59881  3.05201e+06  45388  68868  239936  0  3.86326e+06  14035  69663  995  10885  199363  23102  161562  106795  9167  179028  71403  472  464  219  244  1002  688  1657  3885  1082  6630  10764  211  132  725  2132  12890  5820  32655  8812  29076  3091  1340  4046  4644  1714  870  509  681  3727  1881  397  2307  337  490  13802  1423  4476  4298  393  7384  1951  145319  
25648  38730  14430  4582  101307  36225  186707  90437  30168  50546  24161  965  413  1265  36776  31714  990182  216125  1.60058e+06  149699  41740  52770  647880  143101  143780  17691  26965  324955  3.67185e+06  0  1.32047e+06  3.48721e+06  3872  43421  325494  39790  443855  267210  7235  223831  36061  1349  1348  442  445  3280  2243  5093  13144  3447  24256  44173  375  337  2710  6093  50164  21813  115071  23504  98068  6061  2383  7229  11550  3064  2154  1606  1781  10530  5301  1454  7522  1287  1659  41552  5090  12170  15154  944  19316  5494  344017  
2101  8171  795  304  36027  14189  32644  18014  2998  10459  3755  71  76  244  10513  6421  1.21947e+06  24979  934570  31492  3700  690  6499  1260  2508  2179  3865  2706  165917  2.08327e+06  0  1.17472e+06  1654  10716  39324  6472  80855  48604  510  9887  1590  258  317  77  64  835  515  1144  2834  664  3543  6557  60  80  557  1445  7174  4019  23465  4233  26203  579  186  619  464  295  387  336  340  2177  1140  397  1570  286  333  9082  1043  2664  3916  169  4093  1192  57123  
229827  97429  19744  7160  179169  234930  105218  78257  6529  224425  25263  1093  629  2204  108642  385440  2.1107e+06  640579  437669  462970  110755  66980  488019  138032  65675  31897  52613  560418  138222  3.80124e+06  461172  0  940267  1.28314e+06  285763  41600  1.01212e+06  156017  6805  213269  35856  2449  2839  791  746  7220  3595  8596  18624  6927  21509  34704  752  863  4533  15257  45539  36176  270085  45046  243780  9980  3981  9521  14424  4285  4271  3565  3410  20860  10930  2917  16060  2870  2689  99376  10082  26592  37498  1888  40112  11396  311113  
3344  4606  395  115  11599  7831  2541  1534  52  18869  2017  58  18  91  2904  78047  298473  22693  7913  19222  530  179  970  326  498  613  1435  5215  1441  4350  1061  582181  0  294777  6803  1300  89078  9077  192  2036  588  68  69  12  26  211  127  274  551  238  947  2176  33  31  255  527  3055  1458  11145  771  7410  235  100  151  192  67  126  112  67  348  258  71  483  104  90  3402  425  820  1400  51  867  262  12009  
1.13034e+06  184947  7274  2040  805606  1.53543e+06  56336  28953  1707  889278  8996  982  235  570  15477  1.16216e+06  1.16622e+06  219221  175690  92521  13473  4740  46147  9239  12047  5305  24822  133241  39469  94702  24841  1.74918e+06  1.0336e+06  0  71579  31361  1.382e+06  45766  2839  21685  17091  299  381  160  213  1201  1190  2278  6861  3782  6346  8595  232  154  930  2269  11039  5828  39088  4788  31965  1295  539  1211  1379  539  539  495  433  2119  1282  373  2026  357  391  13828  1704  3796  5475  311  4944  1576  67850  
31137  421538  100492  75688  372377  23176  879411  968619  10230  679932  237478  9783  4871  13190  109487  440937  86072  1.39365e+06  299905  520744  92042  93133  320219  130665  379829  54713  570986  461528  617098  328620  1815  154524  9962  50484  0  3.28898e+06  676799  594210  375319  2.41624e+06  1.38573e+06  2576  2409  2735  3331  7069  8805  30408  122233  21659  38350  43076  1835  1058  4850  14227  13953  6830  62306  19375  75114  13426  11071  21881  26482  12630  20377  9193  9640  12551  10209  801  9234  609  2192  303294  10829  21893  28374  3850  123450  47776  4.18217e+06  
24274  333125  187385  26170  163875  5900  1.2211e+06  145859  1522  71270  78641  826  460  1015  13535  122576  47647  232458  34306  148714  7673  5084  20365  6931  40171  4945  54804  37952  68483  30009  378  14465  2106  18713  1.96428e+06  0  312248  299583  450776  256676  138057  414  429  1692  1294  1951  1846  11735  12935  1940  9137  9109  216  141  922  1490  5258  1443  9816  2525  12969  1121  746  1906  1485  697  706  531  882  1560  1195  134  1144  110  294  21936  2316  3503  4662  1893  7324  3668  552735  
182391  565948  335555  64064  721997  61685  829695  566209  6614  491598  130141  17723  5326  5506  21170  422828  151016  458645  265031  145579  33820  19082  125457  39213  41176  11023  52706  128804  64300  83644  10411  130317  8192  420700  319354  658228  0  1.82246e+06  288848  70423  82096  872  889  3344  3867  3288  4394  22207  59945  11793  56962  37840  2543  794  1933  2668  13327  4054  26230  6350  24992  2365  1018  3066  3410  1076  687  525  963  3028  1578  299  2001  232  726  17675  4219  9604  6857  4025  7588  3238  257166  
6030  79325  17681  6666  146558  13428  94110  97518  2131  240532  35514  3091  871  929  9781  185699  47036  213581  133335  81286  13378  4556  39100  4187  13691  4295  19566  19039  18205  22493  2286  15759  889  13786  112947  158471  1.79634e+06  0  30660  20510  62937  262  329  409  618  1079  939  3940  9671  2395  12888  6421  444  195  553  1057  5387  1853  11431  2401  10309  978  406  1180  805  493  316  257  330  1167  681  130  816  113  262  8575  1488  4947  8792  1271  6147  3612  485814  
80918  16266  190947  92181  576  51  64361  3465  46  1347  457  4835  1888  2761  2785  1180  656  8376  2764  4806  1398  807  4579  1979  7481  1210  10118  9756  8974  3605  25  991  42  420  45915  380862  130498  37771  0  13522  25254  394  172  1224  2214  209  40  738  1498  25  199  98  949  213  381  633  235  126  1048  414  1413  200  162  385  273  168  123  103  435  391  335  18  298  21  97  3624  2114  4722  663  8389  1273  828  10616  
14501  10030  26791  19150  2204  221  32450  25717  248  3230  1282  12977  7437  44242  186074  1550  1493  62418  17716  98516  62735  44425  42176  157864  352042  434110  1.27844e+06  180721  231519  102615  138  24374  240  4982  1.57053e+06  29053  97087  26513  35691  0  1.17853e+06  2254  1414  3374  5224  1497  440  4192  7771  513  2799  15913  2433  1482  7018  19850  4983  1541  46048  25930  65603  23398  15880  15548  47139  17071  29647  10282  6751  9100  4815  341  4475  280  1753  126251  4324  9699  5618  2208  141897  11109  106875  
43996  5468  4976  21577  3523  288  11864  9786  252  5799  2061  4779  1148  2061  9797  3793  1509  35611  12974  16629  8338  13245  48097  11884  107276  10459  953606  449422  39921  17841  65  8780  158  6460  656554  51575  115847  147825  34109  936741  0  260  195  231  806  300  156  814  1840  269  1049  1015  683  203  488  1106  630  366  4738  1777  5437  955  712  1710  1580  500  498  339  592  1234  934  75  703  49  166  14818  1094  2241  2393  508  6128  4580  189181  
1577  759  7084  12084  409  154  3844  3967  221  904  912  2288  176  171  633  851  1721  9947  4356  7206  2849  14225  1150  6342  733  287  818  1190  1365  1424  75  2042  131  750  8227  2379  4034  2316  1239  3485  1417  0  1.53591e+06  43319  693106  237132  106090  580509  21900  5113  13819  2247  6877  2857  1093  5306  9896  11537  40560  28379  19695  13145  26752  104700  44605  22033  3164  37066  191014  45757  52370  6283  463185  3114  1.09713e+06  198627  134172  305907  69105  20087  36328  36048  77233  
434  813  4314  2218  477  143  4852  3324  211  793  531  482  26  56  414  508  1083  8092  3793  5373  2713  16247  1077  6940  577  181  615  912  1048  1167  52  1693  114  635  6827  1312  3199  1633  431  3026  1209  1.42712e+06  0  5351  1293  640398  62051  410207  32122  6025  9335  2265  808  390  293  4197  8151  4987  30905  16906  17037  10644  30953  99784  40767  16835  2055  2885  14366  31121  30283  3222  70010  650  25534  184530  307651  486408  38962  29889  33511  10925  53234  
1492  4411  48045  40730  245  16  26509  15192  17  80  51  1568  32  16  50  57  96  700  326  495  231  1519  119  838  87  33  176  260  158  123  5  166  8  61  915  2837  973  287  1193  368  213  41122  1483  0  184446  735  360  135467  82635  177  531  126  145  64  44  243  577  134  2195  1091  966  893  2365  5806  6811  3149  282  305  2437  4910  5425  165  5880  18  363  7723  31237  53680  1829  15798  4179  1348  2863  
10237  7053  93777  858973  304  12  40353  57555  19  147  96  182394  3629  3384  2775  95  100  964  428  2096  657  1566  398  1405  1101  302  3446  6145  1518  770  5  358  11  175  2112  7555  5999  837  7162  1625  1254  792207  977  191246  0  491  387  10833  407401  162  630  168  802862  3962  1861  2109  510  177  2428  1157  3376  1280  2097  4580  8701  5221  843  1854  17047  8277  9864  175  15539  24  2315  9057  67121  30642  798  56416  6591  4812  2926  
193  762  888  366  6599  1929  37762  16734  1876  3745  1983  32  40  148  975  1355  1173  6543  2384  6775  1453  2748  658  749  431  159  543  581  732  701  37  1090  92  432  7585  1384  3096  2653  325  2151  946  574907  704559  1032  490  0  1.30776e+06  926843  58965  66533  54922  13203  203  177  593  15542  35687  31581  64675  42180  62731  13847  6965  52050  5268  12593  5540  8865  45725  55388  35949  7698  59460  4125  262693  725722  560740  271329  164481  4346  90748  26399  186893  
153  754  598  244  10345  8235  62066  83193  14136  35541  11954  34  33  166  394  2456  1261  5338  3906  3998  681  1237  845  411  796  96  436  524  1314  1391  57  1073  75  412  12340  1696  7311  4628  232  1203  865  165793  106561  536  271  1.00297e+06  0  850073  232302  742164  1.78382e+06  24043  100  89  773  5368  63064  51124  34502  30279  23671  5885  3009  30317  2522  5789  2229  4554  35892  131152  56614  16825  174859  14037  954908  322851  178382  172456  78122  1628  51887  12736  136917  
1370  15750  32787  14173  113888  9850  713538  279019  10505  20033  3244  751  210  208  613  2944  1610  7925  5340  5733  1627  6016  1380  3030  894  224  1029  1233  1838  1880  77  1656  109  898  21510  11389  11997  5739  1002  3479  1879  353375  542761  178665  4955  1.22497e+06  1.36149e+06  0  2.48176e+06  1.56167e+06  167908  12919  490  235  954  5633  28215  9648  67149  94730  29049  6804  10430  126307  17694  23749  2577  3583  20468  71595  26780  3470  40909  1402  45089  260102  367219  246979  79474  27612  46445  13586  109392  
5312  40262  210593  146925  153481  124803  1.53398e+06  3.80091e+06  126883  99681  81861  145892  152938  93933  41346  7363  4484  30223  27823  118134  44279  16304  7710  8942  5647  2666  5707  6052  7816  7359  312  6032  214  4243  152462  37146  77064  37728  5117  18515  6569  16378  12669  92649  658119  85817  191391  2.02165e+06  0  1.88855e+06  407321  620718  1.24331e+06  1.02291e+06  1.0862e+06  363222  28471  8137  54434  35673  419081  60246  30795  34848  129686  18029  49017  15202  24160  18295  10763  2306  41200  1872  79126  320439  126996  324004  219001  7282  95313  12706  331822  
162  929  427  136  12724  26891  76009  116230  38334  41104  8962  28  17  66  98  1529  818  3176  6267  1579  218  238  1205  152  1382  95  419  450  1994  1916  67  1217  36  545  12643  1707  9325  4669  139  794  707  2196  4711  328  102  128132  853590  1.38778e+06  1.72667e+06  0  2.01369e+06  7472  47  28  320  762  19495  4976  25561  45936  3906  767  397  51263  522  5174  458  569  2583  154494  36916  2915  10192  550  12497  61057  75718  63402  35593  675  20860  2564  57073  
767  1594  6018  1449  4178  10563  19286  161058  30773  581308  107101  129  73  521  415  65443  7057  17331  18027  8352  986  852  3095  533  4128  362  1867  1965  6651  6239  248  3838  364  2071  29177  4909  20394  17432  955  3517  2924  20993  13726  1014  1306  106422  1.67397e+06  277673  615699  1.78189e+06  0  113600  680  383  4411  2731  2.37475e+06  191218  132763  82329  19535  3770  1219  38307  1552  5471  1747  4302  15902  135847  54620  18237  574986  121002  709289  171185  249674  412472  283102  11177  116286  24600  201316  
583  1276  1338  989  2876  3474  9530  110470  12218  424683  409533  822  5808  30040  3364  110559  16554  34367  9452  66976  4573  1329  1550  831  1518  559  1215  1304  4285  4015  335  6097  1129  3362  31619  5230  17231  13880  390  3673  1339  787  558  183  2582  2173  1820  3044  564350  1656  239147  0  7792  20462  812367  9883  134372  3289  24301  2100  458465  5733  1997  807  5028  891  2478  1184  1147  1480  1249  486  2837  641  2460  15991  7451  10330  8827  1352  6770  3039  35989  
9645  460  10221  261111  334  57  4647  261137  45  242  1098  926699  117970  44189  49171  156  135  2001  558  41545  11576  4191  920  4968  2555  2075  8699  12168  2999  1573  7  446  7  280  4011  1244  11848  1125  8010  7235  2140  10901  367  15428  661814  509  453  14308  1.23214e+06  415  389  1961  0  231702  38468  71428  265  86  1778  822  81479  10358  5601  1128  25729  2275  4186  1920  13548  2519  3032  31  5649  20  1547  3189  3045  3060  366  55581  4689  3146  2409  
1035  499  2081  18582  1693  608  13410  275550  556  1839  8840  29333  413011  143819  83690  561  561  6458  1758  137706  44547  13021  872  6460  1197  1933  2439  1464  938  916  28  1015  45  371  10402  1173  5023  1849  824  10963  811  5011  290  1326  42533  1095  1744  7868  1.273e+06  3267  2379  70348  268969  0  552174  195196  3095  436  6860  2755  343461  49982  20076  2250  57002  4962  15606  3854  6794  2521  2229  76  3417  65  746  10756  1475  3085  1520  19678  12607  2143  7837  
1314  945  2850  19959  1950  1009  12426  157341  1328  42458  150893  24576  93713  809216  166304  21304  6679  29959  6129  414992  97158  24252  1862  12230  2570  4134  4868  2380  2463  2677  206  4219  457  1451  23184  2666  9453  4982  838  23003  1682  3024  452  1457  41901  1274  1447  5139  879663  2639  35960  1.07034e+06  125399  414175  0  433329  20738  2288  18995  5961  949393  89675  31267  3779  72466  6205  17888  8136  4440  3889  2731  261  3487  269  799  17920  2417  4118  2693  7574  24934  3334  16400  
2698  1936  6015  38872  1291  207  6013  53199  176  2917  17027  28236  20878  74658  398255  5902  9476  65090  13604  451889  94738  34916  4365  15503  5104  5522  8158  5382  5943  7042  316  9288  599  2256  43122  4107  15641  6325  1838  46794  4049  6812  2815  2982  47886  5221  1498  6636  139740  1179  3055  8648  116206  194465  708564  0  2179  4309  102548  59382  1.57844e+06  105955  67353  30975  708794  39125  156463  34694  12439  18420  9691  570  10013  807  2536  69614  5910  21701  20112  6808  229474  19127  53098  
684  1174  3651  1072  2142  1317  6913  7548  1902  125201  54027  136  129  639  771  73930  24255  28952  6050  30995  1330  746  1203  605  732  266  974  1302  3117  3460  568  8869  1590  3660  22315  3921  12096  9254  1526  3482  1623  30023  20161  1338  1431  117575  130033  75874  40523  124687  2.39358e+06  131615  919  624  5432  3721  0  2.26325e+06  728443  65578  38421  5092  931  8877  1455  2401  2792  5177  16086  35725  34291  27725  783387  349646  693450  260672  182240  552245  376032  12310  125689  26079  331496  
1681  3122  4232  1332  4783  2159  11153  8374  3025  26375  83616  205  180  1286  3809  139691  134707  167869  28474  146377  4270  2077  2670  1408  1776  864  2566  3653  10990  14098  3149  45135  7342  12637  54218  8153  25055  13762  3296  10772  3540  39824  30132  1648  1477  123652  211358  67285  41504  45973  459024  43344  930  670  5136  16726  2.58408e+06  0  1.01711e+06  1.69764e+06  107196  5662  2499  15605  4388  4528  7019  8472  17126  191963  431365  616754  2.11279e+06  370844  479578  402830  170803  398996  285795  14783  107297  38727  319794  
9433  12946  8222  3506  9513  2290  25358  16827  2176  22056  21870  680  292  904  10232  36708  156425  429332  172170  249561  74432  37834  24728  11932  15786  5920  18568  27575  48304  56246  5338  102614  7093  25414  203071  19453  109834  46730  5877  112799  24664  16850  15929  4840  2609  35546  23941  49508  72946  143603  240941  12035  970  785  2316  51486  676463  906473  0  2.80324e+06  750583  203950  25327  714397  38370  64837  21558  18311  20623  69329  53321  6367  69475  6811  15954  213261  32583  164991  91345  7621  159749  53750  227233  
4402  5844  5030  2504  4535  1720  16928  14687  2068  19746  10620  452  255  692  5738  15258  46462  184491  69905  118452  26908  9882  14186  6401  10480  3420  8524  13120  20621  23233  1625  36890  2410  10043  87357  10106  49728  22566  5259  50288  12289  50383  44881  7500  3863  110002  118156  145543  85297  222131  281819  7890  1334  890  2188  78378  35025  2.1327e+06  2.52642e+06  0  431710  117540  12985  1.72984e+06  33126  81976  29860  30112  33547  1.26024e+06  1.73388e+06  1.81222e+06  385092  40468  56678  444456  80217  336562  131988  15490  200671  100607  276616  
19082  23905  19440  47494  15806  2611  50963  124618  3467  55549  138100  37169  46239  137905  293493  110915  143721  595254  258484  1.88601e+06  472383  130135  33729  63884  32691  21636  45153  55770  84078  95454  5468  138279  7114  40392  329197  31707  206759  83053  9972  310853  46971  21070  15765  9279  82236  19135  6201  29732  358227  4519  27813  712797  204061  271857  799180  1.8111e+06  67919  21532  755863  355636  0  2.27143e+06  824206  162698  959040  81480  157229  58962  37886  104755  66436  4914  70201  5394  11208  334073  27906  96425  58860  9613  376236  69022  304282  
2452  2695  2392  1476  1168  94  5805  4089  81  1310  1826  588  579  1433  4770  1280  1999  56086  19678  47976  140056  95966  17172  17659  8135  5409  6611  7572  9366  11128  113  10672  210  2567  66014  2137  23281  8421  1430  81360  6098  5734  6212  2075  2074  6895  1271  8597  13240  383  1856  1029  3156  3972  5837  77117  756  514  253943  92145  1.18135e+06  0  293506  172723  165110  23510  23167  11890  9285  19895  15606  221  19238  802  3040  130969  8009  41307  18032  2341  75670  28285  72208  
828  983  1192  950  368  40  2152  1720  34  347  426  394  228  461  3248  271  432  23992  4592  28097  59471  95811  11405  21125  6398  5878  5560  3101  3586  3701  26  3284  47  641  54982  978  8136  3000  608  73193  2676  4931  5271  2166  1684  2509  534  6079  7397  156  795  328  2229  2520  1908  92586  240  180  54188  19243  504866  254520  0  110320  524997  25937  28283  6631  8716  14870  15464  133  14875  62  1766  96587  5240  20003  3201  1710  83331  18392  30707  
3740  4591  5167  2477  2524  846  13085  8907  839  8212  5968  441  235  542  5576  7956  8590  160846  29681  109145  119765  80025  83324  49082  23286  8120  8816  11599  15642  16432  356  18376  581  3957  67695  5596  36029  15580  3773  58410  11149  45367  50840  11521  4757  69415  41043  126599  58898  118401  50321  4267  1625  946  1407  73166  6076  3291  844572  1.406e+06  315002  192195  273745  0  238675  912886  40993  33244  44414  1.24085e+06  788440  62427  174604  3478  28764  340183  54331  274769  70798  14294  167160  145746  238302  
1471  1619  2928  3389  621  60  4039  4160  65  789  1009  1441  576  1016  3708  654  703  24416  4749  28343  51890  102202  13331  225445  11978  9331  10099  5810  6087  6333  32  5384  60  817  94724  2141  14064  5640  1519  88213  5857  27334  18569  12611  8511  5569  1469  25264  22772  472  1798  714  8289  8931  4107  918202  655  522  97141  41596  650218  171240  462308  374753  0  1.91047e+06  797261  52659  69865  130529  112865  646  97718  188  5394  196214  12080  61255  6506  5202  413492  52939  89332  
729  822  2283  1381  446  83  2474  2439  60  862  1082  200  136  309  1583  954  1377  21125  5235  15838  17675  17894  10005  18313  7036  4729  6359  2759  3271  2976  57  3008  109  739  57563  2096  7038  3887  1647  34078  3635  28178  18536  11186  5356  9511  3524  28262  17069  2610  3380  917  1517  919  987  58491  1132  738  52357  26900  59084  27434  25781  762451  1.60478e+06  0  2.12815e+06  1.01083e+06  406544  3.02887e+06  146247  1082  99128  296  8129  298321  31349  73097  12021  14523  673130  119050  108360  
139  128  325  361  73  7  408  1383  12  176  389  193  143  152  602  135  205  3264  643  3178  5654  4785  1604  4977  1874  2056  1959  507  591  464  7  456  20  103  21333  246  1086  452  140  15992  407  4523  817  462  766  1023  375  1486  7883  144  2011  1379  1720  1175  605  89861  3563  975  14418  5679  33403  15001  15738  44783  318706  1.37972e+06  0  436303  97869  62871  9280  110  6392  78  2298  31878  1808  6104  2827  973  227733  36832  64501  
378  173  1676  1322  102  19  708  2329  28  396  1459  284  127  272  571  377  421  3646  819  3888  3553  2733  1071  3167  1588  1878  2258  470  588  540  18  579  35  150  22423  837  1281  668  315  14403  474  91619  2900  510  2547  12354  3617  4218  13751  344  3552  1584  2740  1102  1237  55254  3941  1365  13910  7754  24881  8506  8035  13864  32385  964511  617497  0  201596  36221  3861  222  6622  247  60807  60170  8115  20973  7527  7338  335890  202599  33435  
886  579  6167  3861  394  69  2896  2339  70  910  1340  351  113  340  841  778  897  6342  2411  5250  3229  8406  1996  3698  1595  1093  2127  2211  2671  1647  29  1328  74  405  20173  3421  5336  3953  6407  8414  3356  210774  11712  4789  9577  40011  17226  22309  21003  1452  6148  1419  3877  1794  1754  25850  4220  3267  44313  19326  23812  17822  23662  69929  26276  396724  31719  171192  0  322572  511345  1158  347677  875  175467  406539  57627  130502  33690  53268  422269  681868  99159  
1732  2353  2162  1014  2138  731  7395  6894  1036  8801  10308  186  74  368  2333  13790  14830  71470  29372  46733  10654  19361  5397  8864  3923  1277  3234  5090  7466  8385  515  13416  1151  4517  35130  4543  19442  8667  2217  18326  5148  22777  24010  6402  2570  76645  211258  138872  27413  144936  122762  6058  476  330  1282  23831  8352  29043  85541  466577  76310  35003  33450  1.28177e+06  94112  3.42366e+06  79599  68929  282356  0  4.04023e+06  222392  109359  1680  9290  247090  67264  100973  62869  7970  242045  33382  117364  
1131  1845  1774  877  1784  709  6627  9848  1406  11326  8725  121  79  316  2103  8673  15183  62878  19658  46662  7936  20985  3283  6362  2295  747  2635  3597  5486  5773  485  10743  970  3505  33198  4793  14571  7750  2457  11216  4616  29182  34608  3852  1769  176518  630897  148053  33436  182897  316697  6208  542  383  1047  22560  18483  429305  154958  1.56946e+06  84040  51366  52092  677168  54399  66323  16958  11121  293761  3.97396e+06  0  2.08183e+06  4.31533e+06  4147  18260  294490  129378  91870  49707  11047  162564  51326  120630  
251  390  294  147  445  213  1558  2976  469  3927  3197  30  15  114  714  3249  6936  21880  5661  16917  596  487  368  221  375  122  485  641  1445  1527  191  3474  316  907  7523  1325  3161  1850  394  1985  768  4562  5655  398  186  31874  165546  48584  7811  54234  104355  2056  85  86  340  5560  7144  633733  13486  1.11298e+06  21146  2254  906  31967  1429  2577  2455  2485  1990  212566  2.09006e+06  0  952585  3961  5638  47998  24851  23939  15944  1752  12161  4894  24873  
1919  2384  7598  4876  2472  794  9841  9664  1353  8307  20097  353  199  662  3912  25190  31178  106640  21793  91761  10975  29714  4982  10889  3283  1559  3845  5324  8029  7939  863  15957  1748  4539  51403  9626  20582  13072  10520  16153  7132  436659  147399  17573  14609  240527  487561  104665  74566  29790  417208  17818  2936  1513  2447  39756  681161  2.08673e+06  364029  419592  199401  111586  67280  389948  74457  56016  21236  32061  349459  208109  4.63018e+06  956599  0  909834  904183  395743  173112  584397  131199  38366  184813  190637  232747  
52  111  132  66  166  53  557  527  117  805  3309  20  15  59  274  3804  2591  7067  847  7864  288  172  144  110  97  57  137  141  329  381  55  917  147  267  2120  459  906  618  297  526  225  9328  4956  203  108  19578  24012  5750  4901  956  170475  4051  61  38  194  2585  210846  357531  35716  19781  18507  4278  335  4802  709  1038  1046  1220  3457  11110  11987  14102  560664  0  406952  15266  9735  53575  13029  862  5608  3584  13608  
281  413  1576  673  841  463  4922  7580  865  4237  7545  115  46  171  699  8209  5581  15726  3120  16600  1504  3288  623  1034  426  188  538  619  1058  1164  133  2522  323  812  7485  1580  3300  2216  711  2126  811  1.23792e+06  154596  2647  1756  790292  1.7459e+06  70572  76450  14365  1.61687e+06  18972  842  418  858  7891  1.21348e+06  968628  113943  79186  48850  11238  7498  55069  6061  9012  4471  43754  181800  126486  83014  48770  1.65492e+06  845032  0  186394  103255  404417  84199  8289  31473  56391  83667  
3016  4756  13006  10690  7170  2230  49342  76219  3366  20036  16753  1108  724  1903  13037  9892  8965  70152  27413  72309  26081  46656  15241  18458  13233  7308  24735  13990  11456  10563  357  12806  824  4009  293741  21244  38752  43728  7689  72794  33861  134126  339198  37524  19462  685327  172663  668473  1.09626e+06  40750  520990  182765  3903  3229  9942  250087  312920  174430  775012  310360  863777  251887  105926  284262  106870  261858  143358  183332  555751  488845  379931  13350  200003  8903  68502  0  2.0301e+06  593746  806354  385207  3.05305e+06  1.27539e+06  3.97047e+06  
1368  810  15761  7004  803  215  6949  6064  248  6921  7687  256  148  400  3678  3052  2340  13896  4565  18204  2472  5971  1057  2172  786  331  1087  1159  1357  1364  100  2249  187  802  11544  5480  4924  3624  1999  3706  1939  96972  485681  44011  16592  538767  58112  870247  163771  23370  93319  78658  2403  1435  2130  41302  79147  63817  78734  46117  126666  12764  13341  42773  11808  29733  12792  15287  49403  65506  50800  8184  52108  7375  14633  1.25166e+06  0  650980  135370  644795  321315  69437  161314  
1812  1730  24381  9731  1942  996  20686  27532  2179  25717  11282  1042  385  543  2149  6009  3474  16804  5913  16381  4332  7912  5015  4678  2600  1665  1609  3050  4739  3292  127  2939  210  833  16269  12453  25487  16216  37272  10345  2929  139095  199411  96934  31834  505804  114491  422381  374826  40412  455426  112325  14175  6708  5452  22992  460083  60271  292542  115880  130453  31578  19643  117311  11999  16251  10486  16170  44460  133193  37594  3595  50931  5250  86974  354012  648136  0  1.99289e+06  263981  141585  110437  248947  
264  377  1949  942  827  406  4779  7367  720  9369  3415  138  45  127  726  2738  1304  6197  2075  6127  1108  887  1530  786  754  362  565  804  1065  856  55  965  74  274  8472  2682  7512  11227  5917  3426  1419  30617  38734  3627  1702  128596  29508  76863  134575  21126  239051  36251  1205  609  996  11031  171361  17258  83978  41271  56198  9735  1610  23422  2706  4307  4573  5192  5230  49358  9192  1074  9104  1519  15817  153237  94022  1.62478e+06  0  14458  248751  42757  593787  
1720  556  20608  12327  72  10  3911  2109  7  159  99  707  209  112  658  85  147  1243  517  1855  608  1011  258  506  162  72  225  250  262  211  10  222  16  69  1772  7764  1836  992  3435  779  358  26546  10188  45148  49663  2048  422  45483  14344  165  2763  557  12373  5810  2945  5082  1901  2558  5554  4007  9868  2101  1849  4605  4736  7918  2513  5676  38741  14649  14231  307  17818  202  4834  205801  452394  125707  1974  0  70614  50020  6068  
1936  2118  14006  5481  996  155  7661  8960  146  5000  11647  1012  569  3161  5141  5729  5125  31780  11485  29416  20574  18720  7954  21190  12472  13676  21790  5070  5743  5402  186  6239  409  2082  167047  6310  13908  8810  3190  109765  5714  39934  7042  3578  9403  11298  3101  13949  50152  1485  16514  4654  8090  4420  9617  347952  6566  3061  62779  33990  143118  55637  56738  37599  249242  308980  412583  653775  297564  133157  100629  436  41900  497  37908  1.55909e+06  92914  58509  96828  68119  0  1.41694e+06  226079  
706  800  6151  2944  458  78  3114  2994  51  1865  4564  377  224  1355  2070  1812  1387  8916  2824  9826  3850  6075  2375  2996  2234  1694  4290  1934  1515  1259  45  1733  139  568  38501  3894  4566  4455  1357  15044  4435  23187  6971  1622  5124  9983  2474  11537  18820  740  5159  1708  3659  2069  4561  91552  3059  2773  48113  21387  51878  24283  26709  52280  32765  52945  40912  209070  326895  20968  25133  442  26265  493  47443  1.0226e+06  90028  49940  41757  73572  1.47992e+06  0  192230  
9195  84193  35171  25589  100732  12072  191076  369980  7934  796567  180494  2164  868  2699  33010  438529  50668  511418  167130  250212  47522  29079  132661  40878  105524  58992  123733  101155  63206  49381  1577  49335  3761  20198  3.01036e+06  882058  778188  2.16956e+06  53323  176842  334339  20929  35877  5250  3452  107884  49050  109244  471064  62317  588308  204671  913  1023  4831  80240  312350  98843  371117  129546  394802  67826  27141  105024  36345  49702  37649  39085  72788  78408  48860  5292  49109  4724  21863  2.77992e+06  312937  689028  2.51501e+06  14515  1.07784e+06  306327  0  
