0  1.25931e+06  33566  794707  172202  67847  337924  20839  1284  14732  4339  37287  1586  878  1195  18487  27238  30849  10207  15243  5562  13016  17763  61482  89910  4762  71892  627329  62975  200779  14457  758834  2800  1.00283e+06  101547  199104  497485  33025  44683  28731  79643  9164  1179  2569  10600  558  248  6051  5155  528  792  1100  6211  688  338  253  2449  293  3702  337  3677  654  896  1443  1015  824  55  955  5007  3287  4270  83  1964  13  1416  9910  22012  3171  1395  3312  1294  2143  54378  
819022  0  4072  12324  743935  49219  632668  35277  1237  8725  2305  2041  341  231  435  8286  8615  10551  6156  6150  3052  7397  8015  40624  35319  2434  14264  60279  25421  36420  4088  46573  602  54862  655724  863235  229701  63593  23807  32728  51389  9026  27904  17442  16368  4244  697  60057  40671  1142  1161  659  628  253  297  341  1565  148  2439  327  2691  611  892  2197  847  1020  108  1364  1536  1455  781  72  614  10  675  43296  23970  12171  6663  1665  3564  5435  259899  
19321  7158  0  125145  2508  285  203192  103289  656  203  152  394  100  65  91  305  107  458  249  407  113  219  285  1127  1913  110  1219  2915  1457  1688  158  1102  1  246  28851  70665  10750  2945  17907  2247  2789  10542  6364  12417  10950  557  146  26620  11843  256  74  50  671  237  292  172  104  10  215  61  532  155  153  331  138  157  14  197  317  333  197  8  148  2  164  7298  13769  3209  1248  901  659  905  10647  
837910  10521  164487  0  3594  1725  29230  619973  1800  1487  1352  1.22431e+06  6412  4608  4458  1888  539  3464  595  7372  1376  1288  1584  4783  115015  2150  167301  485274  5002  5909  205  117400  85  7428  58368  235504  80364  7650  149813  11812  27232  247105  15259  113960  906601  3436  1976  120009  92114  4126  864  555  103648  13914  7919  2917  949  162  1394  599  8449  1505  1020  2577  1111  1527  168  10379  35905  15509  25373  157  12166  32  34681  31438  367495  20684  6475  21574  4207  9212  26044  
235830  946967  4006  5813  0  1.06374e+06  1.40225e+06  137928  7648  32608  5883  757  307  168  588  27258  27660  21511  25598  13201  5061  13028  12422  74127  35686  2875  6389  23719  24541  24626  5264  35562  1619  288748  587685  646545  272669  78120  3404  54796  36241  1314  8067  1990  2159  17168  9147  60614  68599  15608  2333  1412  221  470  127  395  3943  363  4394  1069  4190  878  1163  3429  1267  2479  197  1459  2413  4939  2592  224  1494  19  1230  61403  38467  18896  13160  379  9040  4510  244877  
51551  102955  1916  4586  902220  0  666033  291419  528979  1.14394e+06  5356  443  284  90  555  61633  75194  29248  88117  11700  3372  9460  11711  45579  14662  1615  2060  15843  22995  28106  12922  126241  4061  878277  174118  166540  337960  62248  1102  15801  7560  635  1046  579  801  7844  18226  42027  89694  66913  9367  1617  146  456  124  277  4357  469  3587  1750  3463  602  768  2343  867  1869  135  832  1445  4138  2298  247  1976  15  1978  44442  25085  13391  9526  173  6536  2300  113066  
353024  596290  260004  64446  2.07059e+06  811630  0  1.76769e+06  945051  98281  7749  2391  540  351  708  19984  11334  17572  115139  11012  1923  4639  7565  23535  23267  1489  9981  26287  46569  34462  2659  11856  82  2006  612563  747727  145710  48422  24080  48909  34265  13447  63754  23713  23219  45401  48404  240860  299284  129417  8526  2365  844  1207  642  1077  7468  833  6142  3415  6641  1255  1950  8093  1755  5509  439  3577  5934  12270  7607  701  5409  29  6297  168287  135722  62035  37676  1878  23123  9040  264890  
10828  37885  93462  951419  94760  137602  1.5484e+06  0  1.85582e+06  352804  599971  882964  1.42776e+06  742180  353492  32594  5102  54138  17795  653590  67098  20501  9770  48576  38143  12979  24574  33655  24827  16239  1872  16176  245  3560  671789  757398  243999  151732  18404  79011  37451  67082  80556  56074  144433  107338  119728  456827  1.60367e+06  442799  296114  64419  45835  38804  15541  15830  50155  4683  27467  19114  59742  7780  7687  29367  6029  17758  1751  10582  21166  41154  28923  2353  23430  126  29225  527291  339962  253834  162977  5949  80558  22561  518175  
452  962  657  798  6158  752304  920789  1.62291e+06  0  1.62723e+06  4866  92  125  44  118  10697  3986  30785  108188  2863  408  894  21223  3612  8633  1458  677  2150  50851  20174  1137  4916  108  886  145072  180390  60852  47805  604  6797  2417  223  240  138  161  1156  11703  5189  103163  79160  56111  7811  24  226  101  188  8023  795  2652  2577  2348  218  489  1938  343  1398  54  321  608  2771  1194  131  1593  15  1774  28905  12046  13418  9899  129  5375  1066  122320  
24216  33339  1062  2919  65584  1.26541e+06  142716  1.07615e+06  1.77259e+06  0  97809  675  460  278  540  2.29036e+06  264983  76990  178821  13761  1605  3847  15216  15057  9233  1317  2678  21168  42432  45707  17423  326230  68459  519716  348456  357202  480256  308915  1988  12466  12224  431  628  344  503  1820  4512  5457  158745  47776  210577  49928  208  463  277  412  53251  4846  9966  5384  6556  531  1000  3413  730  2265  134  579  1063  4551  1721  282  2712  36  1509  63922  22177  30197  25253  278  14271  3497  427553  
613  541  405  11903  1545  2472  2139  894419  1981  166130  0  12102  27207  1.02305e+06  15240  90589  1484  66807  582  678818  11168  2222  1365  2844  1703  686  1052  1604  1758  1272  253  3090  438  1261  18539  13210  10585  6445  633  3574  1265  1589  1198  879  2902  2333  3233  8402  66954  10057  209544  198255  1385  5013  13628  3570  114655  9728  22913  5164  26202  969  1478  4510  794  3620  1253  2019  1359  6217  2211  744  4561  92  1569  41088  19554  14382  11499  360  9356  1833  29496  
126869  2153  8713  929130  840  410  5926  874668  221  670  4654  0  495085  180985  125954  717  168  3743  240  126335  15656  4382  869  6410  46486  3385  63274  222179  2983  1753  106  46147  28  1290  12902  23875  19361  3104  53181  11568  17647  97099  3333  19003  248799  3929  1679  28739  109673  2185  736  1264  398863  51327  18476  8720  787  148  1639  559  21748  3152  1402  2467  1052  1353  215  6846  22876  9495  15270  137  7374  26  16174  19470  145164  20022  8703  12468  2881  4222  9261  
11377  827  1886  24558  616  267  2262  1.02417e+06  239  731  16557  540021  0  800368  397938  787  77  7869  267  394704  48097  11610  695  14459  14712  7981  17291  24618  1903  1095  73  5071  12  291  9161  7937  10238  1661  27115  22846  8179  25243  1361  2489  40792  2486  1478  7637  69908  1895  1313  3676  68100  248180  43454  18446  1033  124  2078  399  39588  4271  1908  1827  1313  1221  629  3836  12520  5544  8608  117  4210  7  7380  10690  35305  9833  4950  5036  2326  2193  6445  
8008  523  1073  20325  877  1023  1581  648518  315  2742  976966  301712  857239  0  677886  4926  177  34292  471  1.0427e+06  91957  18780  2095  17554  12100  8258  14341  17162  2978  1404  107  4352  43  413  11537  6726  8777  1608  16066  26865  5846  22294  997  1526  36262  1542  1667  5782  47630  3786  28119  43169  29139  111926  303632  24572  9528  565  8182  653  62287  4731  3393  4160  2139  2294  1253  3852  9079  5466  6679  190  3909  30  6900  14967  30565  6687  4263  2800  4533  2019  8909  
3054  983  948  12000  799  456  1489  213760  364  519  3585  134881  137400  497879  0  662  353  72805  4899  1.50202e+06  95458  30396  2164  490231  26582  83950  27122  7356  5063  2851  592  10008  116  2606  20946  5891  12420  6356  4556  74016  6126  10547  962  1369  18527  874  410  4057  20821  705  1074  3507  12026  15479  106403  189561  2273  218  9557  322  96101  7014  3944  2535  3232  1725  1136  2482  4183  3043  2897  88  1695  20  2867  8382  14777  3503  2085  1766  4275  1447  34137  
23413  24773  1462  4065  39763  126251  57494  68628  127730  2.37683e+06  79487  1025  425  477  638  0  2.67853e+06  660020  310302  24214  1221  2350  14435  10142  9347  1139  3935  36996  60526  62350  25461  554454  389561  729217  149314  44733  492387  201783  2565  11407  17951  317  470  276  429  1001  1153  3054  11797  3874  17591  24385  297  106  118  271  73366  9385  21687  4764  8576  402  1297  3971  642  3250  133  424  834  6472  1890  1009  5050  115  972  17102  5450  5949  4812  289  5137  2621  198489  
41451  47469  2329  4835  78390  189559  48319  84974  51382  504615  128329  1212  519  612  3028  2.71588e+06  0  764192  1.45801e+06  165153  2592  4782  28143  17837  18991  3119  6293  57297  207995  494161  608633  2.19296e+06  816816  730421  137004  41487  635133  108203  3611  25596  22763  507  690  385  612  1462  1560  4827  14367  5325  18956  55753  270  141  284  775  108408  11659  42026  7061  24744  818  1946  6087  1274  4579  387  879  1247  8535  2809  1350  6256  146  1213  26456  8155  7894  5212  442  6402  2635  102362  
8036  9975  2560  4689  16284  22219  26939  80266  206959  147541  41309  1918  1149  1198  6412  626118  537145  0  3.05293e+06  990304  106992  42993  913741  85133  132649  33559  25926  42492  263141  98653  10803  150091  7216  35433  188393  41019  255206  98112  21037  258297  62690  3941  2107  1486  1985  2684  1437  9729  19936  4127  11994  16435  743  562  689  5854  53669  10130  156253  12132  176067  22233  71959  120422  46659  48436  2596  7316  10537  48854  13029  2772  14686  473  4371  107811  12483  36496  17037  6118  40938  19911  122074  
11490  23116  3089  4131  45494  249295  160073  84415  421071  184415  7236  1418  778  501  2113  96209  1.59682e+06  2.77232e+06  0  44408  5319  8809  1.35677e+06  29221  119940  18814  10648  33192  1.28838e+06  2.00474e+06  1.0383e+06  354354  3795  59024  152489  46450  257264  133219  10882  68921  41226  613  844  465  653  1549  1688  5228  18345  10739  6558  3216  268  138  114  785  5879  802  13082  1222  20434  3171  10156  21601  5425  8313  467  1127  1471  6450  1589  381  2865  73  989  21844  5346  11152  5897  1580  4987  5019  131895  
5287  4058  2603  20884  7168  4555  12168  602398  2977  9586  542822  134681  228716  562901  2.00672e+06  25579  2954  1.55773e+06  31261  0  2.03599e+06  925250  60253  1.16996e+06  166755  308149  161530  26932  96814  35476  2281  36804  1027  6874  205222  27318  86500  26809  14432  527080  38376  12732  4463  4934  16151  6611  4163  22483  100711  10654  27791  70009  15822  24526  69306  165863  105539  13195  391167  16234  1.18663e+06  82343  113530  156880  79423  68242  8497  16038  18089  73078  23512  4915  24951  707  9046  214500  37295  63869  39172  8062  80139  33164  146880  
339  475  255  1002  630  290  1102  15913  204  250  355  3399  4702  4620  50624  224  107  127024  2061  859843  0  758046  34071  358789  25109  59744  20315  3019  10064  5367  296  5154  27  546  61663  2255  7949  1939  1212  117426  4003  572  285  383  1087  409  141  1149  6400  206  318  527  635  1364  2389  9756  402  60  17398  288  78814  111272  47458  16234  32093  3862  1266  973  853  2255  733  168  1397  41  519  22630  1260  3811  1583  525  13016  1822  12366  
378  870  303  639  1485  487  1745  7173  158  229  147  755  906  1000  14196  129  101  41799  1027  350189  686873  0  91460  876668  25994  74735  8392  5347  9251  7986  251  6367  8  366  30803  3396  14289  1946  1875  67998  4989  310  187  225  439  198  75  805  2263  104  115  211  198  590  944  4589  146  16  9596  91  28502  73188  40475  10617  78791  1601  386  432  479  1208  564  35  619  8  214  9727  557  2209  542  458  6988  894  8769  
4179  5960  1396  2445  8193  6879  12549  30724  56128  6104  1636  1025  563  362  2154  3357  5458  793503  1.09025e+06  53979  30183  101166  0  473199  674651  30853  14502  20864  1.29321e+06  630916  12754  148343  303  10380  135485  18369  113064  48532  6641  74541  37072  1709  1290  781  1043  2270  657  5338  10789  1487  1999  668  438  348  383  4676  1586  271  50928  2279  99931  24038  61146  127982  35942  39410  2360  4473  4697  20561  4298  1799  12152  338  3377  81520  5646  29837  13526  2959  14330  15530  68109  
4343  12652  4100  6565  20639  5768  23696  73572  1427  2137  933  2266  1841  1687  398753  1330  973  104417  9860  552502  379518  1.1859e+06  556094  0  1.83763e+06  659283  30571  65375  114774  89543  2742  66133  59  2888  104039  41971  175218  19634  16388  307402  52356  742  1423  742  1158  1278  495  5476  8645  914  750  744  372  566  770  5422  724  89  9538  338  30605  31210  28533  28428  99190  4836  832  838  919  3121  986  120  1042  22  425  25862  3143  10706  2754  3043  18479  2029  59097  
7658  7879  4005  12275  10488  3008  17912  57510  12751  3239  1615  6568  2525  1779  17963  2594  1279  123284  86651  81527  51380  74849  1.11123e+06  1.85871e+06  0  1.88221e+06  1.14005e+06  199868  3.48722e+06  147182  3232  73174  139  4143  154836  48693  136073  48635  22175  714166  224287  1265  1184  679  1846  1084  389  4361  7693  823  2528  5507  1485  315  313  1692  2557  191  11348  579  23419  5794  13749  18713  11402  13696  1005  1337  1986  7759  2135  268  2381  62  774  24763  5121  12656  4874  3292  10511  4563  125454  
705  995  662  1279  1282  327  2839  9753  2373  727  287  677  482  551  18096  559  252  25889  14555  36907  34004  47434  69720  303106  1.48719e+06  0  432971  21872  115842  33441  602  16064  22  717  21104  7849  23658  4895  5595  319164  22270  150  184  103  218  167  52  658  1178  109  654  1959  82  70  101  539  618  24  1514  86  4377  1397  2265  1986  2362  835  180  147  161  472  191  25  192  7  78  3972  602  2984  568  967  2345  471  123830  
21387  1496  1661  31027  1015  875  2947  16709  560  1773  1207  18862  3039  2166  16654  2691  1379  38498  4862  42227  14775  9502  8729  30887  1.20461e+06  623443  0  225044  10864  5198  550  12863  190  7175  144574  14800  59530  67490  9517  732623  482720  1905  192  266  3866  150  81  873  2067  197  1921  6830  5662  476  318  853  2395  142  4782  171  8577  2982  5091  1798  5231  763  343  721  2270  1446  1718  38  848  7  359  10607  5904  1815  880  2759  7848  1394  87958  
348784  23422  28296  214845  10915  3867  54576  79787  1346  8748  3826  71054  7616  4299  2828  8586  4617  21738  4287  14219  4829  9920  11592  46343  337278  8239  196814  0  191411  270014  1710  634265  736  30312  76606  118977  378695  38602  48291  93936  375093  18604  2241  2670  23148  1449  452  8645  11679  839  1276  797  16875  1446  606  428  1485  202  4511  560  4480  808  1730  4123  2243  2823  118  1767  12245  11321  11255  102  4457  11  2546  13931  57349  19416  3385  14168  3358  7668  29975  
7719  15761  5182  6600  15024  22299  40127  63261  61429  27763  5995  1509  829  607  4051  28770  37993  161506  448598  79453  24898  56167  991974  265122  3.52216e+06  73242  28200  426131  0  3.57226e+06  171236  172711  486  10426  120601  39622  167101  72456  15979  212935  66543  1352  1509  864  1246  1761  843  6133  12619  3902  3749  3368  381  323  324  1817  5573  771  19492  1382  40386  5628  23171  45969  11801  25042  1028  2541  3276  19455  3576  686  5950  180  1864  41938  6568  21387  8319  2879  8798  9609  101289  
25730  46940  7328  8309  30494  65019  52616  84203  36141  54348  42948  1311  761  591  4938  80242  548257  245359  1.05575e+06  114879  30144  71392  560685  208232  152077  22030  11515  299656  3.67471e+06  0  1.67352e+06  3.61316e+06  3471  67003  137983  39599  296503  131984  12636  103065  45482  928  1300  728  1034  1590  1099  5595  13182  4530  7114  16037  279  191  229  1107  41696  4819  38387  4053  35437  4098  10740  20942  6370  10191  571  1438  1965  10284  3045  1000  5208  176  1229  31185  6708  15060  6693  1960  7805  5614  130185  
4319  8129  986  1523  11837  63109  13714  24674  9558  30752  13947  299  147  128  2143  38377  570240  86134  615084  34976  3676  6435  49113  16115  20781  4238  2884  11324  223243  1.81572e+06  0  932373  3062  18899  45929  10666  177900  91018  1169  10686  6294  177  242  142  210  434  427  1388  4132  1602  2861  6549  59  46  50  188  13182  1739  10852  1215  7482  483  1127  2256  843  1523  75  254  411  2223  711  227  1158  35  349  6562  1723  2389  1890  194  2077  1146  67217  
608761  157014  17525  148610  62834  123368  46876  123577  18774  236916  182096  30162  2375  1745  20469  568797  1.74874e+06  812272  187345  429151  50589  87542  278830  220988  125038  31027  28488  928831  241180  3.96639e+06  783814  0  840292  1.68248e+06  146349  76875  1.05892e+06  88579  26316  146043  118937  9206  2088  1744  10159  2457  1702  9402  20266  4388  18889  59101  5081  718  708  1998  156112  17560  116998  13588  77935  5228  9577  18392  8339  12025  761  2664  7604  21533  10770  2853  12902  396  3694  59687  35343  25749  10483  6856  16102  7788  99092  
6008  4827  147  486  6782  6586  1264  5675  566  53974  12597  120  41  44  114  134608  310102  34183  2417  14132  201  355  927  1247  711  127  362  8162  1813  4445  4584  501981  0  306666  2463  1513  75933  2415  152  703  1480  40  47  27  52  85  78  247  724  181  1316  4352  19  8  21  59  6986  687  2296  345  1390  46  125  333  74  273  28  69  65  471  153  81  349  4  63  1505  502  442  279  30  347  130  2018  
1.32314e+06  463138  2262  19105  707867  1.77849e+06  44027  103175  5912  1.3036e+06  38234  4716  685  446  2222  1.39109e+06  1.24869e+06  169585  37129  64234  5579  12057  23936  40920  18265  2873  8670  129714  29531  75670  41277  1.74982e+06  924942  0  47445  42638  993815  24159  2938  14427  32739  1072  748  394  1331  2449  1562  7737  13821  3698  4466  12325  889  225  142  352  22468  2453  12846  1629  8662  716  1207  2417  1068  1661  158  519  1189  3133  1558  341  1823  39  634  14672  7776  4874  3115  626  3014  1306  31151  
28247  105196  110392  119022  132070  98741  641027  2.02922e+06  104378  858503  333561  21161  14816  8646  19196  482467  42196  410174  49205  272252  34291  54278  79567  160305  518596  35711  315642  163914  240202  131300  6717  82585  1091  7100  0  4.29e+06  323311  338444  199543  2.078e+06  1.10529e+06  9574  21228  20335  19915  25561  16216  117356  230166  51321  72706  27514  2347  2285  1306  4207  42482  4078  50221  5846  50447  13539  21859  21180  22521  10075  1591  9311  10474  15781  8289  963  6904  127  4592  391052  77047  97201  66984  5632  61019  43153  5.13148e+06  
72101  196197  337726  269906  63325  21284  795069  677822  36162  138998  71572  19884  6217  3895  4499  119063  9156  45967  4400  37921  2663  4952  6849  19856  56038  2670  36721  25719  29200  17341  1178  10740  183  1041  2.71669e+06  0  151982  207802  423412  214078  160011  8306  19238  23110  21132  20561  6403  88999  100028  11841  21112  9316  1517  1014  657  938  14359  1310  8606  1943  6953  1146  1675  5837  1436  3276  299  3386  4507  6365  3465  281  2489  29  1949  139964  60787  46074  25576  1705  13788  12107  857968  
142357  93179  208365  259885  231475  147235  446680  1.24688e+06  73017  583038  153287  31717  19730  11382  13910  359958  64020  309553  79094  147820  19884  41687  73955  166488  179583  15198  98229  283107  103545  94559  17580  169193  6352  62006  123658  1.55298e+06  0  1.44556e+06  498679  104512  287043  6869  11637  13001  17011  14190  8491  64518  167828  34875  62624  28183  6094  2036  1093  1625  43201  4432  30554  5022  26132  2964  5143  12007  5047  6438  511  2197  4732  11545  5515  691  4968  82  3030  96916  44185  69777  34509  9906  18359  7676  150173  
7381  14712  18683  25020  66666  34114  108727  371498  17583  303952  66017  7635  5245  3157  4422  138812  14196  147377  64768  74256  3900  5275  21786  11838  20115  2776  11177  9246  28034  25525  9835  11838  755  1828  156754  387009  1.52651e+06  0  55708  22581  98153  1367  2675  2537  2975  3321  2140  15087  34065  6878  16889  8951  697  453  278  600  17801  1694  12989  1657  10332  969  1543  3733  1144  1989  213  763  1205  3416  1530  257  1589  31  765  30108  10405  19534  25996  1101  14439  19011  530522  
57264  4876  68784  221390  1150  251  48339  14105  422  1387  2044  13564  6226  4588  1998  3062  342  10002  1377  7738  1462  2604  4053  9248  29880  1925  19140  34403  10550  5022  138  5529  19  300  97820  403669  223144  42412  0  18586  61398  5851  664  2029  11993  235  115  2705  2549  221  369  361  1248  272  226  199  972  110  2250  206  1978  422  980  2590  1036  766  68  464  2612  2088  2231  38  926  5  244  9424  28424  13454  1210  13031  1219  2653  32426  
4758  5418  4666  11952  5370  1626  16387  48310  2211  5720  5650  11263  6707  7004  34446  5159  1376  166732  15048  163690  72650  55184  32269  175640  589275  376915  1.39248e+06  102443  202515  123608  2126  62598  175  3726  1.38218e+06  87770  127788  65530  63880  0  1.35717e+06  1924  1183  899  1862  1076  469  5052  9006  1210  4903  14311  1112  560  697  10179  11517  1632  66382  2694  91020  27074  43883  23410  53144  9623  1996  3189  4237  13839  5464  609  3644  101  1214  71146  6540  37360  6820  11607  61468  9605  134639  
4223  2205  2702  10451  1722  877  7953  16301  836  4733  3627  10487  5887  3605  3150  6616  1196  34389  4469  21064  6975  15354  20475  52858  404674  20871  1.40289e+06  138003  75577  25619  468  11430  109  4470  677801  88028  172077  288866  52371  1.14272e+06  0  455  291  354  734  297  178  1410  2602  460  916  951  940  280  170  318  2174  306  7453  442  6529  1070  1861  2272  2036  2136  110  443  1554  5207  1842  87  776  15  162  10544  2600  5092  2308  1600  3799  6783  155484  
7243  7307  11234  35423  1102  890  19194  22430  889  754  1174  6849  645  394  728  1288  240  11349  543  7594  1212  4322  1061  2018  3399  157  3517  12736  1267  715  82  3805  107  372  9287  12824  5103  1836  3316  1971  1364  0  1.5392e+06  28295  693049  299195  140601  433563  38559  3297  14760  933  14248  15897  6756  4316  10153  7954  19466  19338  19172  5727  11776  63473  28766  19697  1603  49436  224690  225023  296611  9525  806814  844  1.08502e+06  152673  182925  220946  62067  42292  23668  19311  47421  
1271  33047  12020  14073  10143  1205  95253  99089  813  823  903  1916  176  160  303  1159  195  5770  421  3844  656  2419  880  2872  2355  187  894  2839  1723  1283  144  1157  38  259  37970  45500  12592  5013  2290  2321  2686  910309  0  6264  9699  676833  42784  349845  43509  4052  4984  1220  744  365  370  1296  4818  1726  9751  12593  7676  2536  5822  31480  11462  16214  1069  7838  16611  49878  35986  2454  45043  38  31347  303619  279227  157307  65783  4422  48861  16485  84180  
1308  10113  12930  42277  746  197  19714  16771  124  83  97  3841  125  96  159  116  20  381  49  520  117  194  74  274  409  35  275  644  135  147  16  137  7  21  4660  10887  1904  559  1751  352  446  27705  3175  0  264471  438  249  118806  91915  218  173  136  540  277  737  729  244  45  545  240  2587  647  568  1614  737  729  93  543  895  1340  980  65  385  1  1412  21214  50349  10797  3423  6262  2678  1385  6482  
40416  21903  67904  1.09293e+06  2555  1052  55927  121214  858  620  696  388667  5729  3465  2804  700  98  1698  218  5563  1116  932  483  1706  27949  571  37848  95238  1381  939  61  16254  19  532  19616  65721  13431  2371  30323  3165  5963  716549  8693  240624  0  2187  1605  30929  536375  1686  1280  763  942026  34732  20030  9486  1522  464  1658  870  24029  5858  2403  3754  2359  3618  317  42106  78990  19972  25095  202  14729  176  32220  50073  316419  42836  9452  51262  6761  16449  18808  
274  4692  1800  4160  16489  8028  72676  118645  2805  1912  2181  973  242  82  193  3632  428  6092  681  4948  508  1352  731  2784  1779  184  441  1359  1314  1019  128  1080  88  327  50157  53484  10289  6512  874  3857  2150  496002  767593  1631  2144  0  853657  866652  107792  19357  29409  3208  290  481  355  2175  19380  11735  16143  31029  12145  2501  3899  31416  3672  22100  1538  12095  30781  73800  67900  8016  79774  572  310561  342109  246138  143781  90857  1034  68530  20397  86763  
192  520  516  2115  10289  36525  84081  193942  24077  5213  1940  568  752  327  311  2090  338  3611  819  3547  343  629  541  1417  768  113  259  592  926  656  98  861  40  275  26556  19851  10810  5727  291  1732  812  116161  48413  759  1396  798827  0  802535  275999  784399  1.3741e+06  2204  374  661  334  1813  43195  45937  12442  108425  8661  1491  1687  25495  1757  14635  626  7616  27294  70033  69888  11357  174929  3278  1.03008e+06  99663  124747  88856  40891  827  15588  6627  55373  
1874  29315  15820  24326  60066  53721  312514  403190  11543  5632  4788  3693  502  241  517  9381  1225  11993  2300  9879  1401  3681  2010  9234  6321  500  1793  4851  4533  3267  348  2719  100  758  180190  198106  37625  21161  2806  13019  7674  286476  493682  157034  19719  1.76601e+06  1.40022e+06  0  1.76426e+06  1.34666e+06  42087  5796  929  1135  1203  4332  19744  2614  18648  69563  19245  3915  6842  47806  11845  39189  1902  13551  23892  113171  41332  2778  16888  50  36135  482573  455509  131950  60576  7042  85751  26647  158097  
5639  53109  42995  168352  99865  148016  666967  1.71738e+06  189595  118993  90613  101718  28171  18005  17728  22653  2936  37207  8197  101116  15990  9533  5097  21583  15042  2034  5620  14507  11807  8730  925  8808  398  2136  350903  355435  120750  65484  8587  27058  16890  33710  57420  173141  653937  140326  222820  2.06709e+06  0  1.94258e+06  457120  642739  1.22663e+06  2.12859e+06  570415  169599  54163  5661  53865  17248  716581  108939  40462  38129  24335  44580  17074  37210  46823  84886  54223  6089  38188  213  53753  927750  994308  307610  181008  12680  188607  49351  376622  
248  726  438  1522  9361  73323  109428  314850  92849  25360  5080  340  306  196  209  2846  651  4983  2318  3814  306  637  898  2037  961  151  269  821  1908  1261  160  1430  68  442  34428  20309  28509  15447  322  1924  1008  1154  3533  399  605  11479  882469  1.16309e+06  1.69274e+06  0  1.56848e+06  4335  75  217  117  552  18428  3746  29580  87181  7013  611  721  18839  818  12891  261  1420  2679  33060  8367  677  7462  114  6680  119671  215704  36372  28479  258  17123  3533  77403  
256  415  296  818  1934  10269  16655  369666  99461  131494  63645  464  635  589  431  9634  773  9719  2721  7083  341  664  1194  1356  1119  175  355  1118  1845  1159  139  1620  178  474  38703  24775  18502  13580  463  2663  2028  18149  8103  716  1499  50015  1.20145e+06  74176  551993  1.51762e+06  0  102597  679  534  583  3174  2.50239e+06  245036  67704  102244  18773  2156  1980  14410  2293  8581  892  9149  42353  35135  41542  12859  574899  109664  841570  260991  375358  316668  228190  1526  103075  22620  274441  
491  586  367  1569  1064  2403  6537  145506  11931  252990  274869  984  2173  5716  2600  92214  3635  34386  2074  42033  1126  443  772  745  1252  466  753  1422  2319  1971  482  7362  1823  2855  39208  27121  16209  13043  405  2676  1488  540  309  1204  2901  1833  1879  2879  549842  1177  208682  0  4105  30463  727553  4479  119221  802  37433  517  402421  5882  1714  860  1004  1249  776  1178  884  1768  983  270  1297  36  802  11086  7477  4933  3472  421  3310  954  31093  
25211  3754  18045  342203  1881  888  15974  167760  688  1160  4413  765380  109863  50294  26367  1776  150  4180  298  49481  7514  2621  469  2850  20812  870  28185  67125  1367  847  68  10775  49  382  13472  25377  13004  2686  12366  3748  6195  57567  3901  26111  861735  2794  1168  21620  1.06959e+06  1031  1269  10793  0  462499  156933  57305  1616  415  3045  549  175195  31466  10191  3444  4591  3736  1307  46592  81527  6722  10910  143  9575  217  14439  25290  99635  36171  12557  71147  4702  22420  12569  
1713  1459  2826  23180  3244  2922  17130  142313  3948  3935  11977  31035  187093  98821  38763  3288  195  7197  385  78869  10389  3288  363  2848  1724  621  1469  2978  698  475  67  1263  75  269  14431  13172  5416  2465  895  2940  957  12811  1224  7360  40299  3343  1217  6492  939675  951  1038  32230  282400  0  414031  136980  1457  181  5258  369  339322  49885  18104  1606  9357  4555  6718  16244  26669  3473  4720  130  3801  61  3306  12603  15170  7922  3257  19429  7764  5824  10019  
1664  1289  4565  27600  971  1620  8590  52895  1981  24770  69725  19271  67447  377493  144517  14451  618  23597  591  164287  19095  5852  557  3844  2776  2121  3150  2647  1090  721  136  2629  354  719  9499  6522  4873  2345  951  7296  1257  8145  812  8657  38502  2594  1734  5878  641017  782  3602  731094  78307  533321  0  512320  6671  259  13174  384  777385  94312  28698  1838  9885  4396  5130  10280  15703  4629  4228  148  2973  50  2384  14742  14233  9129  3428  19500  8695  4932  8416  
998  1606  4126  17817  922  581  6958  24049  465  605  7028  9708  8664  11865  180228  2290  241  20159  769  191188  27478  10172  1688  7369  1957  1249  1636  1542  1341  748  102  1808  84  466  7921  4941  3673  1716  862  6204  1149  5055  1420  12996  40630  6322  1419  10394  166585  424  815  1474  34541  157297  432373  0  1163  220  23304  703  1.63497e+06  128201  71401  5410  595386  43870  176993  84079  18773  7112  3680  657  7169  396  3800  24631  14214  24091  8838  9285  115262  8461  27268  
552  853  506  1419  2655  2871  13513  86689  15382  54223  33344  843  514  254  313  60979  5209  27459  1771  13009  358  532  810  1267  1150  139  418  1563  2894  2503  626  6688  1300  2659  27189  16556  15608  11575  619  3501  2942  11668  7834  1333  2398  41111  69228  29911  83235  61194  2.44763e+06  80678  956  781  1093  4035  0  1.95106e+06  672312  155916  28542  2120  1816  23505  1820  16743  754  7321  34149  46872  32052  13889  803924  332445  646705  239811  138357  596984  360234  3250  133394  36809  314310  
1106  1457  778  1798  4094  4439  18377  59077  6961  42805  41664  1064  595  307  503  86031  8609  100315  2269  62747  552  949  1438  1873  1774  217  692  2721  3742  4540  1366  16564  3050  6599  41515  18392  25669  13985  1052  5050  3382  14960  21813  1742  2888  96709  254326  55086  95050  108170  414362  18243  1135  990  1125  5071  2.44137e+06  0  911103  2.08928e+06  54944  2988  2594  46709  2609  20701  1126  7422  33644  107585  372045  324933  2.33858e+06  198380  418429  191539  87279  367115  145968  4340  60845  22568  168587  
1581  1929  1004  2440  3744  2639  12214  44443  5846  13285  14593  1336  572  278  1070  32756  5750  206001  8603  120525  20634  20089  42994  13293  9967  1724  2178  5841  17743  8964  1411  18445  1678  5406  58982  15530  35187  16855  4862  30927  9333  10998  7660  3904  5291  20413  20527  33723  80491  110645  104590  28717  1585  1483  1830  10545  747949  795728  0  3.24642e+06  918939  177510  102864  1.07401e+06  54679  152150  10018  24488  33318  160532  40280  6257  86019  5401  46211  135265  24983  173693  54972  8819  93929  58231  89660  
886  1545  778  2000  5015  7512  22545  65107  8810  13548  19917  1124  504  212  521  30331  4840  88260  2845  59019  2318  2205  7957  3337  3054  494  820  2623  5453  3968  954  12179  1864  4536  35949  17763  21477  11007  1773  6945  3568  14765  37928  2752  3727  120000  364947  183993  86412  395963  159496  6754  919  1034  1365  5987  71250  2.09548e+06  2.8738e+06  0  170319  6707  7522  2.20372e+06  9948  240275  6135  12608  16880  689932  1.05034e+06  571815  158735  3364  42998  99528  53178  132765  48605  4276  34085  27191  63730  
4352  6842  7258  27561  8847  6726  29158  103816  10147  19034  112268  15527  10742  16992  102077  78380  8230  607589  31332  1.23138e+06  151445  69497  94422  47849  35930  10706  13481  17681  56669  24634  3194  49113  3304  13066  149733  31646  97484  40700  11086  127571  27493  18337  8536  27035  71018  20000  6679  43513  528081  5261  19640  314721  47783  128775  558666  1.76002e+06  34922  2703  1.39009e+06  30634  0  2.20047e+06  1.10031e+06  145174  1.10808e+06  165951  192055  143766  62380  154249  33453  6349  62896  3315  24575  252312  55652  140346  52617  18393  366350  69013  118634  
337  454  496  1361  638  308  2092  6338  416  551  2194  621  465  340  2567  1625  238  43402  3758  46320  168333  68511  32728  23254  7374  1922  1481  1337  8201  2764  202  3197  98  695  50931  2504  6188  2600  1152  41172  2063  2545  1211  1973  4235  2219  530  5228  22972  286  967  737  1802  4979  8929  66382  851  199  410695  2437  1.0422e+06  0  639521  135791  384729  27423  47941  25956  11602  13542  4930  1088  11098  431  3696  101215  4184  24234  9511  2605  135331  15160  13344  
161  240  213  513  382  182  1106  3194  190  203  766  231  163  118  850  476  103  12318  1139  12421  44234  63671  8238  17046  2946  603  724  823  3350  1125  86  1406  25  293  24704  1456  3602  1246  685  15980  1273  1888  900  991  1676  1101  253  3519  9766  145  422  192  615  1860  2474  107632  396  108  53502  538  394840  375245  0  98599  724172  29589  93432  33559  13004  7817  3909  358  5922  197  2065  60170  2119  12583  2991  1361  101774  8658  9157  
1322  2361  1378  3103  4609  2757  15243  44746  3070  3215  2256  1909  793  265  1838  3873  812  121001  16872  49883  22730  31238  87672  53722  20905  3468  3025  6709  44942  13639  956  15565  214  3704  52205  16936  33590  14413  4677  31145  9317  15371  15891  6155  8602  33216  47121  65374  83188  45213  16929  1939  1979  1984  2374  10106  9102  8409  734589  1.59385e+06  194220  139470  346176  0  361021  554209  14002  27628  26152  892730  748382  6213  84927  605  27424  103315  19828  150629  28595  8696  34838  54826  52167  
576  687  673  1517  681  370  2592  6442  316  384  791  440  226  139  946  532  111  16696  1378  14386  29731  114665  8744  130354  4004  989  1032  2403  4248  2019  107  2235  27  368  24518  3261  7179  2387  4290  17923  2939  21678  5048  5087  6213  2609  1116  23947  19661  453  1205  387  1422  2064  2378  691160  950  250  80120  2663  535225  293649  689781  493066  0  1.74984e+06  565731  107594  62470  97647  33111  784  18631  266  7847  77018  7519  33068  5480  5219  231415  31396  36234  
1101  1342  816  1927  2017  1130  5094  13889  1186  1521  1742  589  233  158  1540  2257  655  65606  6156  30936  10371  22499  15137  14272  9769  1589  2113  6174  18713  7156  618  11131  189  2581  21677  6973  24502  10848  9929  16358  11309  24414  7596  5309  6748  9490  11048  31454  33578  3158  4649  954  1636  1408  1366  82445  3855  956  82470  52285  85757  52355  91445  1.09643e+06  1.99456e+06  0  1.66642e+06  1.42265e+06  284425  3.14258e+06  84787  916  22963  182  7803  168792  28282  43725  13917  8195  491604  89536  48919  
69  121  102  253  220  149  844  1927  96  120  547  67  43  29  197  257  30  3966  321  3052  3643  4010  1461  2131  673  168  155  238  881  309  25  491  14  134  3664  755  1190  617  392  2342  443  992  409  635  805  1762  485  2411  19535  104  270  196  177  675  633  157486  553  74  16572  2224  56976  35172  40486  39929  408326  1.43559e+06  0  789749  108790  29891  3032  158  2135  66  902  20026  2930  6362  2244  846  208158  15484  53943  
937  364  364  2316  634  542  3118  7729  371  439  3632  1116  435  231  545  1168  98  7323  362  7097  1547  2861  1338  1694  1073  239  790  1871  796  384  48  1021  41  208  7767  2772  2047  1095  821  3389  701  24721  2486  1924  8411  9463  6177  7530  70817  861  7094  638  6521  5101  2818  201827  7634  2834  18473  2458  59900  19128  26913  28643  83895  994336  695668  0  348006  30960  4748  613  13249  1013  65558  148100  20913  39088  14994  11421  754485  379932  45678  
7281  499  656  13365  361  418  2664  8826  584  441  657  6540  1940  1032  910  529  81  6559  271  5202  1122  3886  753  1566  3133  200  3534  13381  1019  646  33  3312  26  194  4569  3015  2529  1354  3423  2120  1891  159187  15418  3028  40049  18075  12475  17340  24512  1703  13951  717  36707  20762  6496  8804  16458  7113  19384  5155  18916  7572  12830  39153  20662  121306  19423  288818  0  233875  280578  1647  363335  2209  195624  130965  42799  71793  20659  43046  111469  311368  26735  
1619  2281  1509  3672  4656  5122  18594  49728  5247  6799  8754  1356  528  274  2006  13098  2289  120207  6880  65797  5914  17525  10431  10981  9229  1857  2521  9267  18078  9355  989  15443  786  4140  35439  17180  33855  17820  17848  21387  18621  81468  49762  9071  12787  77184  146920  146508  88324  72150  40602  3661  2896  2375  2680  21150  22597  14190  153933  545008  119904  25483  52451  1.27004e+06  135274  3.87818e+06  25098  83461  564969  0  4.59418e+06  27020  118198  563  70635  230484  58368  132685  54574  13457  313566  89395  83320  
1608  2449  1769  4271  5697  6100  27823  68561  5014  7230  23337  1614  648  309  951  28552  4771  125379  3157  85671  4342  11080  6593  6455  4233  859  1357  5126  6625  5341  977  14589  2062  5144  41661  22364  25673  12926  6413  12027  7127  114197  90931  11068  13392  186365  231026  148582  158435  40207  43212  6148  2126  2297  2568  24545  27748  321956  151814  977946  141392  25547  39605  901081  59579  170566  12120  19421  294502  4.28783e+06  0  1.76248e+06  3.74041e+06  889  164142  161810  53466  176864  49293  7577  63713  45090  76606  
404  595  298  751  1686  1874  7989  18944  1365  2711  12147  310  126  78  218  16761  2386  44462  614  28127  557  534  815  775  644  98  231  925  1055  1497  436  6002  964  2346  14060  6285  8269  3979  430  2216  1129  12615  31942  1233  1450  100461  139051  21090  41269  5318  30932  2759  169  290  371  4571  16674  500886  29363  478509  31319  5212  2889  27005  4297  8007  1858  3078  6940  78844  2.00074e+06  0  1.50525e+06  2243  89981  45146  17112  47846  15362  678  10705  4566  20608  
4299  2363  1888  11190  4505  5030  25102  83319  6535  12604  26836  4520  1467  694  1511  43405  5155  107472  2591  78196  4394  6744  5632  5037  4222  653  2506  8881  4809  4219  1011  14451  2009  4793  40106  21031  23313  11623  4233  10759  5117  520001  127854  12513  27257  170226  228795  109994  198162  18770  297652  11439  12364  10882  5890  45054  631462  1.33528e+06  260568  278559  257617  49567  32922  223655  48641  75928  20533  36011  482109  148763  3.66632e+06  1.21726e+06  0  730473  1.31612e+06  125742  64402  273021  60290  14213  56129  46225  82946  
54  90  56  152  303  304  1485  5047  366  493  1384  95  68  19  63  2614  266  5097  120  3486  92  77  150  135  114  12  54  136  181  203  44  681  109  263  2023  1094  1173  541  69  402  169  3518  1774  130  400  9819  12296  2005  9946  854  73892  1210  184  149  151  1809  286933  208695  29059  3536  17157  1162  595  2185  997  2018  536  3013  15018  6558  5198  6948  507679  0  377309  3953  2876  23671  1796  394  1525  2554  2744  
900  644  512  4054  1957  4412  14552  54992  4498  2466  4472  1715  773  229  385  6641  816  16995  569  12976  876  1265  1052  1080  909  108  595  1956  883  687  150  2338  261  685  10540  6798  5196  2615  599  2039  840  1.00806e+06  89309  1977  13067  682051  1.69031e+06  30942  127155  15752  1.31322e+06  4240  3962  2082  1341  11675  1.33176e+06  588362  105099  36442  71881  9590  6460  33789  9512  18249  4320  50553  290452  104373  175127  33408  1.70392e+06  820530  0  40188  24005  109753  24408  7214  13950  44779  21802  
3407  15753  15446  30086  31214  26196  170269  615206  41599  55462  48768  11567  7595  4621  5302  32838  3031  92183  5567  81577  12690  32198  13617  26645  15550  2990  6750  12764  12494  8961  916  11430  983  2879  428838  201308  73649  58280  27215  45817  26635  126018  99517  111997  139562  106434  61884  523254  1.38639e+06  114301  825557  186849  12614  21050  29287  93800  824524  30950  403233  45645  396149  100519  115679  259739  130020  386550  52032  477050  572321  558644  142887  4467  61703  1310  23296  0  1.85493e+06  1.19864e+06  856528  110418  2.4065e+06  1.13511e+06  4.46885e+06  
10511  12255  13063  40370  9394  5361  65187  101629  5784  8335  11899  6301  632  390  853  19591  1201  17560  728  13437  661  1368  691  2665  7878  482  7886  24948  1903  1644  251  7791  459  1082  44350  50252  16735  7460  9360  3826  3598  256922  98428  153234  177344  28364  20384  501786  345182  42366  77203  24002  11451  2545  3210  4685  75275  6492  18760  4642  20238  3791  4056  11705  4953  33999  2482  34456  53949  51492  17499  1082  13936  442  7360  1.13113e+06  0  99052  77382  263343  166374  69100  159976  
4944  8454  9197  22265  17840  10227  91969  446860  32379  52265  41773  10469  6319  4061  3418  12784  1168  28626  2690  28269  3696  6348  3514  13527  9418  1847  4377  14378  6891  5135  392  6027  324  1107  100500  92415  56221  32643  26895  19755  13377  186856  60388  96276  103620  111382  48719  341757  1.08417e+06  96005  603508  92248  15438  14008  19716  43091  674599  53304  240497  70448  176758  29789  23480  88321  17536  49245  7677  24447  33857  96995  25310  2465  30742  466  16055  325523  295686  0  1.96975e+06  221908  190211  142530  410979  
367  2401  2084  5098  6519  3957  30263  118604  6600  14226  10072  2988  1519  538  736  5336  517  10380  1230  9785  957  854  1054  2634  1899  252  606  1611  1483  1106  191  1328  118  379  34736  30045  16384  26149  1082  6551  6300  15831  16858  21308  22467  34393  19065  77076  456111  40121  324899  45134  1968  3561  5267  14941  255982  14169  75748  28462  54695  7917  3750  11773  4119  12878  2589  6142  5283  25549  3602  420  6415  112  1934  225476  133212  1.64877e+06  0  12254  513587  104542  952806  
23087  819  2831  17449  93  39  2367  2803  39  111  215  6478  2642  1488  1537  171  25  1244  61  2522  551  649  226  743  10776  272  14030  44414  514  247  16  8147  11  171  1687  5245  3463  465  12249  1613  1731  91060  885  10903  43953  411  376  19791  8170  96  616  355  75013  31020  12395  3722  1123  267  2831  581  9290  1750  1584  4122  2105  4243  357  12283  52069  19022  27596  152  10878  114  3846  65848  398416  168533  4792  0  9889  57132  4070  
672  1029  1297  3054  875  569  4314  11771  766  2428  6323  1348  773  400  1449  3309  429  34009  1178  25776  6369  8668  3719  7245  4162  972  1887  2415  2515  1709  183  2522  151  528  35925  6306  9254  9925  6100  24428  5765  4811  3005  3634  7433  3811  1584  12589  52948  1498  28218  4634  6501  13888  12319  163432  22666  1366  35999  3829  88540  55805  73798  23347  153147  223763  217403  864698  185538  119160  21942  374  9514  187  3749  1.34405e+06  52458  71343  102938  28717  0  1.31352e+06  238026  
546  857  1220  2122  441  265  3257  6731  331  697  613  811  296  165  251  595  89  5022  346  3623  1422  5015  1670  1662  1103  154  568  1342  904  495  36  565  20  66  13226  5418  2226  3466  1902  4438  4108  4653  2059  1448  3440  1683  1188  6885  13133  757  3089  802  5271  2080  1161  7622  3851  970  32392  3226  23568  12852  21500  54540  12837  45286  12486  1.21853e+06  273712  27301  22807  466  19765  455  9500  657575  49169  79904  65765  52003  1.36721e+06  0  148428  
9114  15432  29945  36709  33282  42763  143309  887243  65253  986711  276893  5653  4876  3179  10357  425643  24944  328335  84662  165179  10985  17447  43541  41873  74411  38670  39278  16498  48236  33041  7305  27712  1290  4763  2.87476e+06  1.30422e+06  534300  2.08125e+06  40070  91694  144946  10720  12646  12761  16334  20625  23100  73933  574342  68679  744401  183236  1382  2856  3717  31919  735255  31678  287126  40110  192264  28545  31554  89384  26448  40870  15255  39390  30347  49414  13904  2217  19976  532  6805  2.50053e+06  241013  880617  2.21895e+06  3719  615751  178814  0  
