4282969  
2659693  
480166  
3660493  
3924700  
3777644  
7486560  
11954543  
4295926  
6967328  
2548705  
2382048  
2206506  
3273007  
2459710  
6012623  
7752931  
6475831  
7971490  
8380996  
1510884  
1512640  
3995780  
4286772  
7826054  
1909977  
2189395  
1985638  
8313814  
9134349  
2757489  
9824596  
770676  
7043787  
10727082  
3939270  
5554255  
2330520  
727275  
3994433  
2330820  
4842754  
2211397  
466650  
3409604  
3076133  
4407802  
7628743  
12920749  
5074388  
7056397  
2198102  
2791488  
1825460  
2701304  
2548020  
6081123  
7532721  
6729561  
8181745  
8516232  
1908984  
1212163  
4632711  
3776642  
7779554  
1992564  
2144162  
1477934  
9882719  
10260810  
3107290  
8707086  
886534  
6252942  
10705376  
2624395  
5159017  
2466547  
667521  
3437656  
2187879  
10383072  
