4649779  
2661775  
813897  
3852560  
4224927  
4353222  
8719732  
13651888  
3837494  
6716194  
3010120  
2462084  
2430390  
3665667  
2748506  
5615534  
7126236  
5856155  
7542263  
7986337  
1438959  
1341822  
3768723  
3724477  
7902033  
2015608  
2176567  
2222742  
8457031  
9730088  
2693275  
10084901  
825155  
7234851  
10915796  
4390579  
5530834  
2044637  
671574  
4510593  
2268010  
5000685  
2462647  
674214  
3639711  
3520778  
5111256  
7569453  
13359434  
4743682  
7283185  
2376925  
2591808  
1933806  
3270442  
2592033  
5643774  
7053029  
6016285  
8188356  
8162212  
1504242  
1136669  
4326004  
3921054  
7616308  
2027045  
1890567  
2052755  
8832731  
9909259  
3440534  
9367001  
984547  
7030223  
10564297  
3804219  
4554941  
2233017  
729099  
3712366  
2014938  
11244055  
