4329020  
2467348  
504877  
3528277  
3674717  
4216737  
7956720  
11889561  
3969132  
6309647  
2723489  
2433213  
2465118  
3554731  
2872900  
5259280  
6774307  
5565555  
7404110  
9111183  
1525524  
1427017  
3800726  
3863812  
7673844  
2215004  
1864428  
1660945  
7510569  
8769493  
2641427  
9301524  
781687  
6661639  
1929482  
1611120  
1371835  
1865844  
959968  
2408805  
1760274  
4018084  
6039640  
2359550  
830171  
2218697  
1536314  
85183  
486664  
675551  
1096116  
403719  
464554  
419746  
59586  
88858  
952622  
106840  
1035347  
3612254  
1137733  
4313531  
2145166  
484754  
3022565  
3058660  
4690250  
7746359  
12599263  
4665685  
6505277  
2245924  
2901284  
2030566  
3496397  
2833021  
5086085  
6302496  
5255780  
7072468  
8606395  
1806932  
1112892  
4436291  
3976853  
7743802  
2221063  
2066073  
2691940  
9517671  
10047121  
3333040  
8640555  
903909  
6526488  
1518570  
1660651  
1940346  
1699121  
1449796  
2417232  
1522895  
3343868  
5261237  
2252660  
801585  
2158996  
1613885  
67455  
514385  
648720  
1021165  
397480  
464719  
501425  
107163  
99284  
969487  
142659  
980523  
3304352  
1326546  
9316182  
11432630  
5181851  
217927  
