465720  
425002  
637694  
451658  
787851  
625069  
374206  
257503  
249216  
144807  
472202  
730848  
635499  
740767  
222320  
502689  
228560  
1017145  
662302  
648993  
753395  
198066  
303486  
687217  
370827  
277955  
562267  
546420  
591024  
202894  
186754  
239839  
543515  
486543  
384380  
463918  
499254  
584476  
723253  
640762  
881799  
669634  
457812  
446839  
608875  
420251  
845861  
678114  
408481  
663283  
418329  
779502  
509373  
443686  
606940  
730713  
721808  
600188  
825318  
576175  
779573  
514286  
627718  
488268  
550207  
548567  
618350  
653001  
532298  
706563  
463394  
598301  
599283  
382480  
336160  
238307  
323385  
547563  
318784  
707952  
794676  
508841  
685753  
402298  
369130  
420908  
376215  
493689  
784018  
486826  
792017  
425687  
410116  
535145  
388191  
436538  
502557  
631141  
476380  
519082  
368499  
389360  
607183  
331104  
342662  
682917  
416873  
743722  
338965  
379811  
610484  
547027  
306322  
249177  
290752  
672007  
900530  
204293  
212496  
254806  
615424  
288247  
190223  
561753  
372223  
433163  
495319  
515156  
775945  
414759  
657065  
367989  
423922  
399528  
378338  
487899  
420670  
157700  
416975  
392409  
563515  
327784  
187560  
151244  
183121  
230766  
223662  
153032  
165347  
178233  
459422  
160665  
134608  
193348  
148048  
133924  
163276  
373911  
457913  
244870  
55167  
99796  
101779  
129260  
239131  
94845  
64575  
118823  
131410  
253385  
249577  
680129  
207515  
239873  
233600  
411527  
390479  
532353  
374666  
956606  
757416  
521419  
614041  
318437  
460232  
537674  
593116  
245249  
521853  
574744  
213709  
710473  
678086  
217932  
469526  
206597  
784838  
318654  
388836  
599141  
874780  
439922  
578292  
348804  
416604  
624502  
559142  
345849  
409809  
165126  
471114  
311993  
154220  
186269  
277637  
291016  
222939  
152064  
191534  
124202  
144432  
189041  
284589  
103438  
81015  
123897  
98726  
234695  
219068  
102491  
128525  
163430  
108250  
93139  
334366  
413609  
350319  
304147  
375984  
495164  
745840  
315036  
393606  
740706  
350359  
635404  
849934  
304939  
432956  
507875  
583423  
733005  
605871  
463455  
341973  
570534  
570763  
395266  
122245  
149940  
215922  
187823  
159498  
192374  
153711  
194012  
302827  
205774  
340281  
609309  
290776  
252199  
179367  
308655  
331309  
448370  
206844  
172279  
174811  
95085  
192723  
350798  
367595  
607513  
501887  
308829  
216315  
424551  
520510  
635682  
447122  
165753  
139415  
382442  
403564  
292293  
218595  
388091  
416692  
465483  
928609  
600045  
532426  
332660  
713008  
401605  
281949  
376851  
384327  
329394  
299521  
423944  
586456  
476996  
554674  
454139  
645805  
571305  
751117  
673109  
331201  
428798  
433483  
421762  
858322  
701913  
647495  
671438  
570086  
932571  
415114  
214206  
307681  
202885  
238836  
215317  
307920  
259620  
140328  
123381  
335422  
179516  
187456  
156353  
242789  
218333  
265865  
150270  
230593  
57949  
124440  
105716  
223283  
305557  
285988  
97140  
336194  
415835  
461076  
383764  
163740  
131689  
196327  
308586  
262713  
171301  
387259  
511612  
404982  
576422  
250512  
358745  
350539  
158260  
551111  
163230  
199131  
252443  
265506  
364327  
517875  
243030  
288650  
277778  
309690  
294643  
273779  
397043  
475432  
597003  
315947  
313007  
565910  
432590  
359474  
381555  
451855  
427556  
932395  
564593  
969237  
843931  
799363  
688526  
771282  
378414  
297439  
384586  
288972  
524207  
469295  
1345498  
649853  
650555  
892581  
681444  
475753  
975942  
834026  
591811  
611797  
523166  
438628  
476821  
742508  
516780  
833252  
626433  
437382  
719735  
586339  
1113708  
564471  
452479  
373164  
685148  
595513  
466505  
508684  
453279  
621441  
820568  
656041  
627280  
879326  
955249  
387319  
733099  
703729  
774494  
762394  
541597  
401070  
499302  
581409  
775780  
703517  
402766  
343638  
339772  
384431  
540573  
671707  
587574  
568236  
738567  
509312  
439544  
556820  
493011  
448262  
334776  
431169  
369604  
786579  
644118  
489009  
694872  
393453  
545333  
811676  
877228  
421485  
249972  
191327  
272448  
352493  
416038  
389155  
329366  
523999  
660794  
398570  
424788  
519793  
539320  
807277  
494113  
456406  
506814  
1153463  
10462681  
3526765  
6300010  
2293309  
749788  
3763580  
2307991  
375175  
435075  
556457  
561902  
1043883  
622301  
375116  
294590  
219562  
192609  
462775  
753702  
597935  
749154  
236944  
495886  
310139  
895324  
758085  
416998  
457019  
120375  
411694  
660601  
472956  
427362  
531414  
365414  
536745  
284976  
184532  
253207  
342513  
295806  
377205  
480740  
421828  
385115  
739653  
797265  
553340  
222962  
738995  
524817  
731813  
447447  
902215  
544872  
523380  
564988  
402745  
879640  
683392  
482772  
427647  
858677  
958658  
446767  
618073  
492915  
736013  
441572  
515936  
738299  
551969  
567589  
560672  
740818  
525358  
688662  
326698  
390875  
476476  
352524  
204941  
207907  
256408  
425622  
211878  
552473  
550797  
650699  
619299  
390016  
397065  
524078  
504260  
411043  
792636  
479918  
766737  
478977  
289323  
407388  
380058  
446840  
479574  
644119  
489161  
494697  
403891  
311124  
664377  
317688  
393895  
532331  
530472  
739861  
468741  
406229  
544543  
540555  
318471  
189636  
232708  
753669  
1288647  
340889  
225068  
326427  
771122  
305397  
239232  
551178  
353440  
387220  
502805  
480584  
993932  
470624  
739889  
400917  
500817  
399858  
359882  
473757  
612939  
179990  
319125  
329963  
608243  
332695  
236886  
201395  
142311  
228926  
215145  
238919  
287075  
182886  
340103  
138280  
71437  
146573  
125043  
152464  
133087  
382085  
262286  
162685  
127682  
96452  
99329  
83579  
253760  
67932  
146042  
313651  
158478  
305310  
100020  
393418  
297933  
311943  
280468  
255752  
476112  
370701  
308174  
777579  
763368  
671862  
550613  
195843  
294220  
374487  
489837  
283804  
567949  
412016  
278687  
694986  
477957  
295310  
364873  
206407  
971480  
319901  
322512  
543047  
850690  
488419  
565045  
427447  
222953  
761961  
621891  
432562  
489116  
132287  
373728  
259812  
203605  
191577  
208219  
323586  
194481  
113652  
213273  
127798  
122139  
289450  
377493  
186088  
152528  
152274  
105810  
195629  
280334  
109915  
119878  
136234  
118814  
116064  
292900  
481113  
246265  
440577  
312788  
338745  
770350  
469380  
410835  
815956  
364745  
708332  
874619  
161427  
414350  
511439  
671105  
699153  
280950  
175388  
463284  
812221  
478379  
436913  
97333  
109634  
256119  
189257  
178236  
297580  
198687  
344856  
245111  
292813  
286789  
644686  
278386  
255791  
225962  
300991  
330167  
421808  
181010  
204912  
125159  
142812  
343230  
323789  
281401  
443448  
403706  
334437  
236559  
323854  
760916  
1005318  
573823  
183575  
183794  
376042  
370728  
235313  
317341  
336324  
347257  
813013  
1150901  
311106  
188545  
297313  
275622  
519651  
331960  
648037  
465073  
312449  
340748  
302662  
691370  
551889  
518410  
508603  
699171  
599212  
713397  
682527  
494709  
556564  
374073  
510066  
818636  
759163  
684060  
456887  
589720  
812033  
481201  
102770  
365670  
207867  
393804  
341467  
236458  
214598  
131674  
194839  
446906  
214758  
136706  
189845  
209156  
38536  
91530  
153147  
126915  
175202  
225321  
240466  
754813  
416458  
347635  
123722  
287542  
340454  
489814  
401464  
334449  
249318  
408358  
198302  
327509  
343938  
397863  
587121  
719148  
712591  
374923  
373351  
152737  
166229  
574535  
161212  
190162  
350069  
292104  
344774  
538990  
313749  
311356  
344304  
332700  
281777  
342707  
647926  
362760  
643117  
252976  
399152  
607863  
429162  
370926  
291886  
424765  
516660  
853235  
629423  
973885  
719624  
520148  
693984  
1031951  
193135  
240756  
448728  
274001  
583111  
575864  
1148709  
684220  
607086  
677833  
678438  
601085  
988123  
855657  
527936  
644629  
557359  
547943  
777265  
854705  
1047810  
965096  
1461010  
817404  
668923  
669986  
896232  
497931  
436975  
495936  
771061  
815331  
672353  
520884  
606239  
516013  
932106  
684954  
482706  
934609  
740432  
469194  
676945  
734497  
907612  
820844  
830883  
433462  
630165  
638566  
835581  
822837  
817600  
414275  
350106  
372044  
385472  
259316  
437021  
562120  
723160  
378944  
407218  
553504  
504279  
370197  
338507  
279339  
385569  
685176  
572738  
580440  
814852  
322337  
489117  
749747  
1094954  
538399  
291584  
156746  
320097  
430613  
432379  
499179  
368849  
508456  
635451  
505875  
421697  
440522  
401504  
853051  
444353  
362483  
569696  
1125060  
10576940  
3137106  
5995111  
2438824  
564721  
3683312  
2127298  
12673599  
