4185023  
2429112  
678730  
3528466  
3610337  
4396473  
7374085  
13359443  
3990365  
7256809  
3104303  
2347356  
2308387  
3723829  
2820804  
5430406  
7398463  
6479067  
7419233  
8855125  
1439637  
1188638  
3739379  
3461804  
7172033  
2100404  
1606433  
1995190  
7967109  
9155370  
2878792  
8862040  
755992  
6371940  
1808925  
1589990  
1372250  
1766553  
879967  
2397498  
1840349  
3726377  
5929392  
2535367  
783239  
2067764  
1482876  
85276  
490499  
704608  
1066867  
411061  
469993  
424361  
58846  
88959  
946765  
104019  
979343  
3528823  
1005704  
4875142  
2366603  
595155  
3481238  
3445727  
4867613  
7819397  
14121271  
4842528  
7338748  
2330568  
2529613  
1905551  
3532070  
2728270  
5820662  
7557163  
6848540  
7804424  
8849103  
1719818  
1233407  
5073210  
3685906  
7904584  
2297716  
1981310  
2180141  
9261847  
10248073  
3473333  
8606616  
875598  
6215415  
1497979  
1650609  
1911159  
1620372  
1380570  
2345410  
1538405  
3234749  
6091532  
2649905  
769603  
2174904  
1522583  
69090  
492870  
661980  
999103  
406159  
469160  
501287  
107045  
99017  
956194  
143705  
886691  
3308351  
1205065  
9396153  
11015870  
5265972  
213345  
