4279805  
2527965  
629661  
3053186  
4239710  
4267907  
7609191  
14753874  
4261700  
6497263  
2555859  
2333365  
2593188  
3400937  
2960178  
5517129  
7706683  
6011330  
7634372  
8388981  
1511345  
1226809  
3482213  
3198011  
6992071  
1855965  
2174660  
2085348  
7862942  
9294107  
2889085  
9216216  
846787  
6321988  
11064139  
4302372  
6415939  
2312209  
567714  
4993392  
2297261  
4062081  
1860280  
425157  
3050055  
3319676  
4640752  
8073439  
14313633  
5062918  
7289018  
1871429  
2487888  
2085903  
3312849  
2700184  
5936864  
7225174  
6104018  
8154001  
8175221  
1561265  
1179226  
4888677  
3274559  
7063239  
2056214  
1922074  
2083512  
8813539  
10089787  
3350297  
8762026  
961026  
6712832  
10130859  
2939704  
5007678  
2498950  
742548  
4120391  
2075396  
10713640  
