3702661  
2186074  
301207  
3400215  
3688789  
4214331  
6535195  
12258308  
3798325  
6806751  
2613472  
2551807  
2348207  
3303913  
2778752  
5583159  
7242758  
5529058  
7125035  
7992742  
1314590  
1018954  
3586054  
3383996  
6429860  
2130630  
1930767  
1496117  
6949150  
7862957  
2665428  
8207179  
821589  
6683949  
10267395  
3354443  
5925838  
2057153  
623082  
1512627  
2193404  
85005  
444885  
680864  
1099887  
410745  
467124  
423970  
58898  
87986  
950504  
102278  
990066  
5463767  
1448201  
3999064  
1857820  
282847  
2933290  
3083266  
4180360  
7207039  
11442410  
4530073  
6563679  
1836099  
2870447  
2045915  
3237051  
2642491  
5582724  
7369594  
6075857  
8047964  
7944037  
1605312  
1069878  
4126010  
3637596  
6322651  
2038344  
1793147  
1509389  
7535034  
8588772  
2961527  
8852014  
869369  
6862313  
10339284  
2270455  
4721561  
2402872  
607472  
1606591  
2020548  
65421  
475669  
649218  
1038592  
404757  
469183  
503442  
108292  
99254  
973395  
140902  
965915  
5616099  
1547708  
15180279  
