0  1.40709e+06  57383  610899  238241  56262  607682  129293  2320  10101  3676  1602  6291  2301  2081  10635  18881  23643  6033  11608  2208  27344  76444  66337  31189  4812  66999  242922  27201  57063  3344  265871  2172  1.23991e+06  157513  232049  331351  25611  47314  52992  26055  727  99  765  3218  542  1001  6138  20358  1926  1467  447  323  463  196  410  606  245  2874  358  4877  640  1544  3079  5245  846  262  501  585  901  453  96  687  24  957  10711  5051  3098  1991  785  2123  1708  57458  
992707  0  10651  5716  711964  121487  490376  50461  2075  11289  3082  565  2394  1445  2756  13215  57731  40172  6254  27247  4587  19344  41187  42273  52304  11197  14942  40811  43091  51374  7199  58845  1838  120705  950435  1.13881e+06  350850  119739  33301  205906  71580  306  115  345  721  777  856  7456  15666  1305  1275  546  171  263  166  551  861  424  4568  305  6460  755  1495  3534  3914  1095  351  671  670  1287  609  146  960  50  822  19147  4279  4001  3022  1556  3005  3332  248353  
22562  976  0  179819  325  139  152878  190153  87  122  126  61  140  84  94  164  97  857  127  763  101  836  1235  2007  1196  230  386  851  922  870  27  375  8  335  16304  34355  10176  1820  2104  4373  1737  4038  60  10542  16359  146  95  9415  12450  66  62  14  149  75  68  61  54  12  216  23  345  39  85  304  241  194  29  244  246  125  35  2  106  0  102  1977  13621  645  313  431  307  963  3620  
618521  342  162659  0  543  408  15992  388990  440  332  1589  1.31204e+06  21549  12822  7706  517  309  1864  417  7317  448  1235  2142  3295  10037  7613  110227  163274  8153  11311  180  10466  42  1900  15406  38177  33520  2122  24292  16114  26666  79971  395  166219  1.42836e+06  469  433  52384  180301  209  420  265  243875  22295  15573  9466  500  97  1769  167  11517  315  665  3737  3033  5303  1081  8545  15559  5743  1583  65  1354  16  750  11315  135959  6431  2298  33961  3049  5523  5728  
250443  959227  4659  3217  0  1.78311e+06  1.58206e+06  397151  57027  76961  10081  1410  14938  5299  5590  47900  179803  31928  17718  31617  2904  5623  19674  8656  12835  5453  6282  12288  19270  64017  27361  87848  4040  672126  328685  364977  159648  41913  4331  44774  17334  1215  1217  988  1142  16196  25212  111469  219234  18395  6937  1846  618  3577  1105  1387  4211  923  9478  1081  10598  675  1528  9757  2973  3213  495  1695  2487  5335  3237  449  4925  284  15493  81789  41564  32244  20101  1352  7253  4181  105713  
27470  115179  1332  1206  1.09041e+06  0  558170  690003  588790  1.6343e+06  12681  1346  17652  4332  4366  120649  280406  16947  27608  24043  1274  1038  5402  1537  3616  2831  2939  4749  27688  119742  49518  248225  35347  849054  51024  70026  54543  18640  700  4772  2645  1557  1247  475  510  8757  29665  62499  248532  72529  22629  3214  465  3489  1325  997  6603  1277  11060  3724  9704  397  1080  10096  2336  2701  388  1495  3180  4841  3908  547  7677  336  21552  74718  38550  37659  19242  676  7016  3426  42897  
394016  642017  334180  13073  1.95021e+06  943028  0  1.34784e+06  1.08818e+06  85050  11193  2000  10210  4059  6376  31344  171248  94129  57504  76025  9296  44372  90055  95634  69899  16257  20840  51750  122187  206430  69770  82713  1975  73366  1.23806e+06  1.55843e+06  539296  120929  37448  250058  86195  6660  3529  18181  12105  32434  41149  323151  483815  30309  10357  2200  1365  3146  1173  2729  7847  1985  21752  1998  24154  2110  4908  21745  12734  8255  1362  5643  6400  11145  5820  858  9091  459  23678  169155  123366  58019  33376  10760  17680  18742  269170  
17097  17382  224346  881684  167451  247897  1.85196e+06  0  1.83153e+06  442468  513225  820888  1.7549e+06  781132  86730  36478  30048  101358  85885  259306  10246  16809  45411  28703  56196  53900  50087  45693  45982  49491  8038  51801  2489  116590  1.08322e+06  1.28006e+06  469362  192227  20181  137139  65244  30252  10642  103491  131505  65238  129844  729374  3.1603e+06  342810  172216  45194  88082  65714  41740  23037  38216  4863  59450  18027  72831  3570  8224  62811  17390  21195  5132  17691  21416  29009  18876  2083  35060  1396  118536  504144  427111  259814  132632  26049  54125  37796  403196  
3212  5773  982  556  58412  628808  804783  1.49768e+06  0  1.32899e+06  2306  104  736  443  455  14951  60717  16626  179112  6453  382  753  6565  1251  4998  637  1693  5784  62076  58817  17718  11684  582  28638  83722  123410  52535  20920  736  4304  3271  2339  1899  387  306  6253  44304  64353  273176  195956  65439  1180  103  395  369  518  10173  1458  14801  10021  8119  455  1263  13450  2751  3643  279  1784  4329  6602  4962  528  11513  263  33386  101627  79522  60511  26429  804  11241  4955  82186  
19333  18930  1495  1220  55413  1.30471e+06  113174  1.18004e+06  1.18448e+06  0  77710  625  4677  7122  2272  2.36774e+06  528188  58563  125250  30628  1522  1781  12920  3187  8611  2242  4145  21658  58843  151542  60475  593097  147354  785768  111876  211575  316968  182138  1444  16665  8144  2096  1769  640  652  2498  8688  22544  340068  131517  184251  19259  288  929  2425  932  27084  3166  28130  10498  18922  613  1351  11745  2479  3146  467  2887  6719  4604  4293  1271  11149  692  44307  101587  95124  88854  38607  2055  22170  10208  160355  
1265  595  4082  5142  8496  8715  11607  498097  2049  242301  0  19231  99446  1.32722e+06  10696  162884  4905  29302  744  740331  2101  1008  2092  1395  1973  2306  1973  2282  785  1818  431  6880  1306  8748  47046  25412  37064  23444  878  4630  3297  1700  1167  1537  2064  1667  1831  11721  164487  6350  191633  145752  3493  14646  46818  4898  52169  4745  36468  861  57969  842  610  3175  866  1981  955  3247  5537  2131  3103  2326  11982  1675  22006  77117  78235  41129  41026  3096  24971  9214  63343  
4288  557  14318  1.06707e+06  1199  1007  28085  911885  765  775  9805  0  402452  123170  109332  1330  376  3309  374  44986  1844  1116  1378  1965  28140  65568  61918  24215  3170  3308  91  1524  61  1007  34445  38512  19327  4821  10560  14280  12958  10080  393  18896  178644  2449  1366  29667  298963  376  1584  1080  519485  71687  34099  24997  1089  247  2844  168  28450  684  678  3298  2231  3872  2535  8274  8019  3030  1045  119  1356  47  3311  21986  29825  11774  8501  29501  4581  2985  13337  
2678  1020  5640  43584  16052  21647  22744  1.00615e+06  5947  5946  96316  555196  0  689504  309354  6881  1947  11914  906  240137  7528  2795  3626  3615  47312  131319  111717  24537  2070  2933  363  4054  294  8287  54721  31588  46779  19706  5786  24679  12565  4436  582  8367  24760  4151  4790  33063  353244  3021  11583  13023  105324  618892  91448  36808  4844  1043  8990  426  69484  1597  1107  5569  2929  4359  6324  10235  5186  3027  2072  491  3785  194  8418  45452  22559  20907  18460  9361  8453  4073  35441  
1325  503  4504  24293  8517  9620  10381  772699  2131  36585  1.32564e+06  151838  422829  0  392181  42287  4096  29245  945  630025  12158  2985  2009  3099  9117  26289  22924  5971  1012  1946  445  5840  1112  6853  45865  22761  32185  18947  1708  8347  4685  2849  587  5592  15238  1112  2104  9417  186362  3551  94751  85612  26814  94403  642975  89994  36278  4061  31210  607  155242  2465  1237  3283  2525  3890  6397  8081  3692  2220  2923  2200  9915  1469  8279  51742  31438  18424  19529  4043  14684  5790  46525  
3850  330  2045  22758  2182  1959  4883  59608  575  1748  9853  142295  237632  511370  0  4463  4512  68826  2811  1.73464e+06  101596  124600  3141  531487  66669  301415  211669  32944  2634  3387  486  8877  1228  7022  39733  10630  24114  14521  3473  75409  16973  2638  232  5622  17181  439  461  4544  35631  483  3331  3098  17886  22139  71460  345196  4434  2531  23107  1261  200054  6979  7530  11000  9719  6519  10075  10949  3711  3034  2165  1042  4576  337  2097  33995  10945  7443  8846  4632  11361  6399  31379  
16951  19177  950  919  36416  94575  39330  85417  68980  2.57655e+06  159066  737  2978  7530  3481  0  2.48714e+06  779120  248180  104428  1683  1068  12845  1896  9490  2408  3290  17103  74692  128128  44273  441184  246499  677466  94480  40852  244305  115983  1861  17818  10909  1034  706  457  480  1183  1983  8758  34673  6272  20004  19392  231  481  2317  1264  43803  9311  66486  869  46448  795  1054  3224  795  2447  639  2390  2267  4084  6445  5078  17685  2260  5471  71974  27923  16758  23904  3729  15683  9330  119856  
12121  75033  1502  1798  129139  178614  172094  98349  123075  336418  87216  3097  6733  19797  29424  2.31489e+06  0  886584  1.51321e+06  577371  16381  3774  28058  6375  38497  28711  21627  20047  207224  620845  819614  2.18212e+06  528242  438625  72623  37016  169246  42177  3822  35869  16228  2614  1620  1300  1199  3313  3917  23139  61193  7690  15633  38724  824  1242  6043  7477  82834  26483  180652  2747  157823  2914  4645  12311  2979  9414  3543  8399  6626  12977  15017  11309  40856  4665  10245  237047  66098  40814  65175  9399  46106  25797  127290  
20457  4757  4198  3892  4158  8471  36709  138164  114081  176034  34166  707  4335  3185  29091  771528  623180  0  3.09656e+06  726991  107579  64948  658131  106372  66760  17410  15165  30371  56160  73348  9290  188270  15738  144619  179728  61535  270900  121257  20655  119000  62517  2315  851  1285  1591  1288  1717  13416  35430  5112  7037  2671  490  578  802  5425  7029  12360  129433  7289  152583  24656  63767  80085  17292  14881  4266  8356  6793  15203  12839  6753  20103  798  5229  151376  39969  28114  32015  10278  33447  30294  167063  
29252  7028  4288  4225  12921  30212  95743  225305  291719  174360  3753  906  5627  2903  17712  184074  1.96828e+06  2.69245e+06  0  139971  9788  6351  1.19194e+06  13847  248786  30251  24991  49820  912014  1.63166e+06  604909  468834  19843  252087  135193  54397  335334  101217  23076  129383  65875  1222  495  746  1040  1146  3307  11473  39054  10979  8909  1194  387  682  638  5138  2723  3879  41877  4715  77621  8861  21317  42272  7619  9658  2745  4883  4136  9115  5712  1727  8812  327  5168  79927  20323  20909  18982  6640  19078  18111  118271  
12859  3243  6181  14889  6956  7773  31016  211064  4123  19044  629879  57035  129479  493340  2.29227e+06  67059  34801  1.33926e+06  48849  0  1.74871e+06  745481  29760  1.00548e+06  133765  337547  193813  63121  23171  31395  4736  79494  9111  55037  222791  71472  176733  106963  20387  303889  88164  5619  2102  4642  8066  2919  3074  27992  105038  5605  22322  25289  12622  25063  70110  171904  31728  24765  265561  21959  1.19976e+06  79102  154855  208619  53239  51624  43142  41387  19294  34891  26808  12181  47351  2673  14193  340940  84861  65317  82596  18116  89766  67210  228467  
1389  272  352  551  116  120  2071  4381  123  383  407  811  1728  2355  107403  397  844  171754  4245  825309  0  525453  23966  264820  11800  31774  14463  4944  2405  3604  379  7720  367  5453  16162  3682  13903  5979  1379  41228  6699  193  57  137  224  69  65  721  2209  73  160  160  241  461  675  6713  135  199  9775  1598  73335  73392  80074  25678  16892  3676  4076  2653  859  1049  778  81  1000  19  359  11027  1387  1786  1435  576  5417  2110  7556  
3603  953  1100  1023  76  73  6717  4795  72  106  149  278  809  691  79420  135  263  79444  847  197853  340908  0  59858  716257  29542  50709  10627  7458  7235  9088  191  8808  89  3472  19171  3262  18658  3553  2453  63861  6546  215  22  147  225  24  33  466  1106  26  60  29  96  165  168  2915  48  40  2136  226  17013  38677  43917  13292  64302  2282  2206  1305  549  775  506  23  438  5  131  8046  519  1290  355  621  7069  1119  4094  
43778  10321  8556  6858  1622  1204  58919  92148  4201  5796  2281  636  6925  1923  3990  3709  10426  607537  1.01453e+06  37958  13733  66637  0  406753  830318  24233  11071  53703  944850  679721  9098  360035  2021  220655  90400  37484  371920  73712  34133  154526  59528  438  119  455  963  346  620  4243  13961  1194  832  224  207  451  174  1837  563  316  13185  1786  32787  10470  22245  31233  8046  3617  1674  1416  1417  3288  1614  156  1544  39  812  19456  3852  10660  2470  7295  9217  5356  69819  
23905  6362  8539  6368  290  391  50166  24144  442  480  442  898  2911  1660  676385  580  938  116214  5426  530295  192994  967818  522444  0  1.39561e+06  466325  32892  48065  69417  68644  907  42036  227  6513  78896  17937  113984  15428  15727  223198  27648  767  76  475  1076  84  113  1577  3801  142  173  83  233  242  174  5436  174  108  3170  457  13574  11918  25271  42978  183689  6415  4940  2592  1715  3282  1959  61  1314  13  359  25772  1603  5415  922  3324  28945  3569  21164  
27700  6251  8680  14182  646  817  49404  35650  4067  2312  784  6762  13823  9938  30951  2524  5882  121021  117671  36898  9670  62959  859009  1.74039e+06  0  1.75615e+06  745786  359465  3.23025e+06  182448  2744  65761  833  22454  258420  67121  149752  60012  37694  669165  224862  898  79  655  2240  180  305  2264  7823  542  655  434  1027  828  348  2668  1011  558  5674  484  9345  1828  5064  9437  17807  7038  3140  2413  2716  5909  1940  225  1863  66  542  31185  3896  8294  2968  4643  23252  8910  66064  
3956  578  1028  4093  212  230  5214  9346  451  335  216  8682  15961  13564  77902  505  485  17099  2803  27883  6728  23239  18828  195908  1.75384e+06  0  370160  70684  53118  22100  274  10429  188  2839  48988  9553  22172  13786  8459  440087  57247  366  22  445  1353  51  63  593  3394  93  167  261  1161  834  393  2000  469  189  1765  107  3462  555  1558  2628  5151  1524  1229  894  731  1342  625  97  650  25  172  10562  1163  1972  891  1139  8446  2117  59275  
39019  635  1268  39697  245  168  4658  11349  207  1128  511  17067  26456  21269  60468  963  819  15483  703  29116  3772  4127  3330  14980  978125  484734  0  398575  5549  3389  221  5531  479  13844  70321  14236  42748  10421  5398  575732  231680  1009  69  769  6428  104  143  1132  6404  281  812  1174  2263  1303  751  5511  2510  1014  7120  185  10036  718  2539  3295  2817  1734  1531  1682  1233  1545  1047  368  1776  124  547  19644  4059  2530  3264  1828  10532  2227  82180  
307102  6905  9678  156846  847  1217  49551  29184  2286  6747  1617  3304  3209  1629  3422  4858  2429  19051  5003  11003  2176  17126  34913  42483  317609  19187  317563  0  240617  338345  1894  381327  286  83618  156164  66512  361574  97242  69004  132677  584972  1554  83  537  8080  205  582  2088  9775  1881  1814  355  562  274  152  971  557  327  3376  402  4546  629  1656  5835  6851  6685  860  3194  6015  12515  1550  129  1423  46  823  15698  6603  13484  3261  5008  6237  20211  56557  
22347  5609  4902  5680  6514  16724  69621  41958  43955  11495  2578  518  2008  1289  5018  23845  50617  107065  320941  38640  6045  49859  1.36806e+06  136103  3.42033e+06  47073  26204  361687  0  4.22513e+06  43034  84722  2507  39171  125727  33110  110132  39970  20782  277669  61634  517  125  338  778  491  1411  4341  12127  3411  1384  311  127  181  191  1661  1545  1090  9866  1095  16237  2054  5763  11097  10166  3862  1827  1748  1959  4465  1938  469  2605  118  1325  28057  5317  7775  4483  3050  13772  7457  34911  
39619  18229  5184  5409  50942  84713  193804  89796  80641  33776  14230  947  3732  4686  13952  77499  703563  266555  609446  140087  18355  60983  749663  116042  287070  29628  21268  323532  3.53954e+06  0  1.71094e+06  3.17262e+06  11599  116310  107150  38531  199563  101158  16806  114413  37029  1093  489  618  865  2029  3619  14955  37003  6861  4333  3629  293  587  1117  3207  13484  8045  64583  2351  56179  3863  9023  17348  11774  5625  1885  3540  3194  7054  5761  3506  12329  954  4322  89921  24359  17866  21613  5275  19749  12961  92994  
2336  5736  323  352  25913  48649  96665  26976  31940  11026  3441  257  819  1271  5336  12873  988360  73658  338887  48377  7117  2769  35144  3789  19204  10528  7251  6586  82801  1.80106e+06  0  1.16548e+06  9987  13047  13214  6786  27707  19781  778  10203  3593  389  206  223  179  747  1203  5421  12930  2086  1449  1057  85  188  344  988  3510  3454  23842  606  16639  722  1331  3036  803  1699  474  1195  1075  2355  2092  1331  4376  279  1513  36888  9236  5824  7825  1156  6216  4076  21195  
586364  75098  6094  43764  85714  188994  133632  124580  21978  231380  65014  3327  7725  17584  36665  276610  1.69133e+06  649516  245672  446824  49629  64071  538455  109328  134646  60247  40012  597065  97643  4.24075e+06  1.46644e+06  0  1.12121e+06  1.60298e+06  119326  73053  553980  86140  25764  103134  77536  2721  1387  1532  2184  3278  3751  25353  71106  7000  13957  20503  902  1242  4808  8687  58741  29561  232904  3601  166428  5930  11028  21925  12119  12373  4643  9999  8128  17946  18289  12757  42188  3642  9451  254245  70385  46043  71624  11989  54819  32496  166107  
3063  7507  188  203  8894  19479  4583  12860  471  40805  13680  467  1001  2811  1728  138042  262957  21170  2664  32112  860  229  1303  329  1097  1321  993  1309  582  6311  4982  441756  0  259636  3536  3260  38283  4049  149  1143  651  220  183  113  126  297  261  1893  5743  411  2107  5902  93  150  735  610  11290  2266  14826  130  14430  228  208  568  142  599  281  641  475  737  1372  1102  4056  518  969  17552  5965  3537  6204  827  3869  1784  8870  
1.29387e+06  412039  12599  8676  737461  1.44512e+06  141211  307201  14339  1.33988e+06  50972  1467  10539  9693  7639  1.24993e+06  920621  181627  46101  113317  9394  13753  124370  17989  21654  9051  27585  80895  20444  129868  50339  1.28033e+06  503349  0  53897  195544  1.24783e+06  36628  1637  15008  19829  1274  782  888  1497  2451  7072  22833  115124  26561  32527  11372  449  1228  1846  1607  19721  4148  29787  1905  30603  1205  2491  6793  2417  2362  670  1898  2393  3139  3369  1894  8887  794  11067  58616  27636  23600  18218  1921  10767  5590  47161  
111308  77866  89804  58918  24695  16896  703385  1.30195e+06  19998  414932  159677  17026  124399  48703  54613  350649  25063  555897  47815  493637  43953  68277  186636  113988  417613  132191  294130  383215  304553  295195  6179  164634  6324  51829  0  4.55387e+06  489574  536048  401975  2.47264e+06  1.50586e+06  5736  2728  6629  10024  15921  21561  180256  502791  43291  53401  17495  5725  10392  5350  10383  21855  6208  71578  4581  90532  7205  14600  47144  22665  17913  8414  13297  12995  19109  10819  2733  17341  957  24112  461509  96450  89077  61742  30774  81398  69098  4.47261e+06  
57337  31884  62695  37469  9902  5159  501614  364218  6804  55457  37450  4427  21849  10309  9608  69134  7730  111139  5416  128079  9337  8665  20431  15022  87802  27310  48213  63844  58939  38172  1250  30314  4152  30883  2.40405e+06  0  273157  195126  713044  390882  231455  1871  1242  3764  5105  5149  5845  71019  177748  15294  29363  10630  1449  1656  1773  1774  12072  1751  17056  1304  22471  1215  2450  8299  3023  3183  776  2495  2767  3537  2306  865  4751  437  7964  71815  38820  22531  17585  5185  12404  11185  555602  
191667  54036  60977  63263  19740  9915  405748  1.52642e+06  18058  484116  112369  9207  130272  44953  29503  228300  51209  327853  52325  231651  23062  51029  166962  98127  51645  25150  34923  180677  40684  103858  15783  280111  6826  523303  255439  1.72502e+06  0  1.52143e+06  269577  94176  74684  3570  1673  5517  9950  6882  11389  80147  393596  43359  87980  18942  3318  8074  4240  5237  17360  3826  34125  3979  43527  3182  7146  21123  14030  7279  2343  4971  6996  10253  5941  1657  10508  599  26532  114800  70082  69653  35601  16284  24736  15567  177742  
4438  6470  7645  6569  4012  3180  54645  362221  5012  213905  32731  1794  27349  11397  7126  60628  8510  81324  13473  75016  5308  3539  15325  4683  13691  7119  8888  12195  17150  31698  4944  10287  1265  8284  74886  254582  1.14036e+06  0  23427  31976  85054  698  293  1159  1529  1442  2530  16630  76204  5781  15653  4416  644  1799  1104  1182  4189  938  8563  602  10835  627  1243  4588  1597  1664  499  1172  1552  2216  1213  390  2334  157  4729  27834  13989  13453  12039  3014  9075  12033  211763  
45998  1573  8951  55431  97  94  25121  13866  178  559  351  1161  476  279  575  969  263  6450  858  4163  732  2457  5845  5220  14948  3158  8650  20878  9020  8308  128  2628  59  400  72649  436616  205149  29518  0  19274  62736  469  53  789  8314  62  44  1559  2554  52  111  81  201  68  42  522  163  101  1291  113  1430  179  535  2548  1993  1106  450  531  902  2070  645  56  420  11  94  5950  2707  8032  859  8318  2282  2307  17323  
18903  2408  4754  18895  608  880  23783  19015  2180  3368  1260  7597  13577  11021  28739  3771  2128  44194  5082  80789  13473  28911  23420  91964  278276  278791  689608  136218  239745  86352  1195  34062  647  5842  1.53985e+06  89480  71715  44639  29402  0  1.11736e+06  2416  168  1388  4542  223  266  3151  8122  456  1153  909  1313  950  588  8285  1813  1047  11771  1042  20861  3047  12581  24397  21734  13751  13990  8366  6651  9827  5466  512  5051  129  1352  121084  7278  16781  8623  14950  105992  23513  202136  
8379  550  2379  6311  249  182  7488  9423  308  1822  760  2472  4722  3392  7478  1559  577  28057  2758  20088  3721  2896  11269  5901  101073  48799  821096  171300  16459  10074  139  5688  234  5648  624884  105054  44716  130067  41325  1.34859e+06  0  670  64  296  1338  113  164  1314  4212  288  526  271  426  341  167  876  616  459  4226  184  4577  418  1060  2953  1522  2242  577  1596  1823  2922  671  193  1005  42  329  21122  3778  5713  3045  4194  5730  8644  145696  
706  196  1321  13888  533  704  4562  15302  1626  1733  1431  3385  535  304  280  1939  905  3043  295  2544  317  2881  686  3775  527  297  737  995  329  514  107  1295  222  1143  9075  5227  3449  2321  1492  1881  1400  0  1.89156e+06  49359  745902  400104  107279  646921  99803  4420  13583  2470  4289  1170  708  5024  17221  8141  26625  7424  19924  2599  14222  128886  51290  21089  3962  18294  95256  41403  100085  5015  337624  4167  1.32803e+06  304734  167540  380092  43720  82238  24142  13992  57709  
233  176  413  642  708  639  4556  9214  1089  2003  2097  137  440  682  535  4871  2247  6001  323  4790  310  1219  573  1723  529  323  421  554  330  707  186  2399  539  1264  12975  6691  4102  3970  1912  1665  1982  881062  0  3065  1395  559132  32280  367978  31867  2804  9128  2167  643  1018  1085  5653  15561  2717  45116  2828  47053  3599  7948  61121  20239  28990  3434  11162  11591  38777  21367  3254  78536  640  66943  742132  694715  249886  62091  19226  62171  19092  73888  
519  241  20151  74314  95  65  7881  15658  41  52  37  265  125  42  37  59  45  123  10  170  12  50  51  90  72  30  67  110  60  57  15  57  7  49  1531  4043  390  172  426  254  181  37000  89  0  227152  61  51  79253  85601  24  63  32  237  136  68  180  124  14  364  23  470  46  148  819  531  493  84  543  496  264  135  4  152  2  124  5023  37051  5058  779  10210  624  1541  879  
8110  556  66182  1.46926e+06  277  171  25655  111002  135  159  390  266568  4038  2213  1800  208  108  606  87  1834  132  333  360  623  1340  1457  13653  15989  1010  1112  25  751  16  537  7153  20534  4710  897  4248  3120  3791  753713  201  220509  0  200  176  14371  452470  96  181  115  871923  9166  6546  4148  275  57  1006  81  4931  188  566  2767  2284  3779  634  7772  10205  2400  813  23  877  10  861  7167  100568  8343  1328  53227  1963  5354  2490  
978  1045  1377  1314  20268  18743  65849  148845  21813  4384  2595  555  4389  1039  701  3975  2704  6744  736  5958  492  1200  2117  1870  1350  612  1088  2254  1668  2587  468  4163  386  6759  61336  50480  27368  13341  2447  5170  3417  362809  841001  1281  1079  0  1.24467e+06  1.09031e+06  329537  24324  33826  4403  865  3437  2454  5741  29955  7786  71459  3634  67404  3742  5693  58704  11940  27071  2674  9189  11160  63516  26685  6003  42563  2731  431550  602930  513708  133416  66418  4261  55187  17358  87267  
2929  2270  847  855  19360  32509  61461  261749  84442  14871  3046  336  2732  1387  605  3851  2503  4983  1629  4621  328  622  3421  1048  1116  414  2092  5193  2527  3376  601  6986  270  32163  55474  51192  57035  12411  806  2740  2479  125061  155505  553  466  1.63001e+06  0  845811  717623  711512  1.63218e+06  5926  659  3229  3054  3504  58388  46329  27532  8947  27739  1232  1224  19880  2645  19924  1554  3339  4879  109180  69245  13020  182628  13846  1.07092e+06  161848  144645  47653  24355  1021  14990  5735  62723  
5103  8825  22487  15438  63457  55004  314913  497581  80820  14128  5512  1648  12084  2174  1921  10814  9377  23104  2637  19748  1797  4614  8905  7036  6658  2258  4663  10312  7590  10972  1864  16074  957  35810  276117  292782  102603  39473  9539  26428  15017  258797  293070  148482  6649  1.30232e+06  1.16435e+06  0  1.61699e+06  1.34586e+06  148994  5167  1818  4672  3048  10274  113596  8075  138641  78936  113817  6746  14735  153151  36388  115994  6446  17429  19236  274057  69103  6168  33929  791  66606  1.0766e+06  1.31464e+06  381007  137850  72420  96728  38012  202634  
21807  21274  87765  268232  115520  154302  608388  3.06716e+06  402825  297313  61581  86233  261160  87173  23779  30925  19449  49416  21915  78823  5564  8091  24219  12332  17734  13581  20225  36934  20704  27048  4282  47062  2228  184253  626899  728167  393771  136696  16192  54179  32189  25421  16698  208852  593794  82160  255262  1.9215e+06  0  1.87132e+06  554741  477672  522625  1.19241e+06  777396  140287  70742  7609  171659  27124  315897  9498  14589  122398  34441  40841  30614  60034  33480  42627  28511  3128  56601  1995  189404  905643  1.29671e+06  559379  340867  63391  124198  52172  474430  
4873  2897  541  446  6995  24597  18802  335188  155915  82728  2846  160  1076  1031  679  4641  3673  7194  5495  5187  336  581  4276  863  1144  439  2494  7504  4027  5603  1184  10555  456  60035  65151  84734  95188  22144  529  2294  2398  1842  6345  435  292  34173  916642  997245  1.86729e+06  0  1.88419e+06  1439  202  689  623  1443  63190  42740  30708  88559  12875  581  743  38674  1847  29325  1017  2109  2866  136172  53079  3325  15188  213  19922  110789  193648  72751  51273  816  28127  8559  83336  
4423  1460  585  913  3491  11455  11179  287795  96876  167543  21903  296  1851  2729  986  9704  4014  9519  8418  7877  426  639  3552  1004  1373  639  2048  7529  2409  3442  746  10669  670  50342  77916  112692  98399  42112  832  4566  3518  12230  12437  1746  1210  32418  1.23097e+06  246298  1.20675e+06  1.76753e+06  0  78337  885  2465  3871  3835  2.75952e+06  254706  72324  88228  36843  1459  1365  38653  3316  31097  2193  8766  27173  122599  85553  12887  353410  89435  910643  217890  443002  371268  273683  2971  119554  32785  201115  
1697  496  483  1319  1490  2308  5209  45364  3206  147006  171169  2097  9844  47410  1997  56596  15668  5535  1082  21828  680  320  771  355  923  962  1108  2716  402  1170  437  10093  2681  12761  53745  81440  33807  34909  605  4930  3007  503  409  524  585  809  2355  4726  562013  1601  217177  0  9238  31807  802682  3419  64772  1439  47563  221  531034  1474  413  1622  586  896  837  1411  1434  900  1302  729  4058  737  6070  20648  14650  12454  10059  1074  5053  2692  53917  
3868  803  34928  447364  3363  2582  51034  170142  1404  1437  4845  779294  115525  41378  36619  2117  782  3724  504  38964  2327  1522  1409  1762  8595  19501  19804  9150  1739  1943  111  1661  159  1390  42721  45069  14040  6704  3225  8271  5556  20150  307  27618  599691  1053  762  18472  1.11222e+06  312  1518  7692  0  675843  259695  147279  1447  313  5022  185  186456  3479  1811  4656  6102  12134  13893  39332  25602  4249  1227  138  2048  62  2813  23085  37944  14415  7642  129277  15001  7760  18050  
1480  999  7734  37672  13868  18697  28840  209781  10852  6017  23386  89183  586073  154884  44271  3695  1470  5362  737  87257  3786  1714  1773  1756  7640  16843  14122  4548  1033  1540  236  3110  239  8062  38700  22868  25795  11610  956  5029  3333  4178  523  5549  22621  2317  7064  14761  1.0919e+06  2750  7983  27518  423425  0  454836  170356  4233  791  9990  453  223831  4478  1931  6545  5649  10226  21319  33614  10892  2753  2085  315  4142  165  11775  42490  19870  24636  19480  22862  18122  7318  30358  
1486  594  4394  22209  2871  4569  9015  78992  8081  53704  111521  30606  66993  704396  77755  42355  11986  12208  1329  183823  7979  2610  1123  1834  3546  6691  5608  2993  847  1797  585  9745  2633  10312  40744  35032  22803  19392  909  5561  3567  1749  452  2790  10517  1521  5805  9881  787613  2490  52642  912936  164050  378022  0  464447  21070  2275  43766  434  1.04784e+06  12184  3365  4030  6445  7685  16847  17495  4980  2235  2381  1065  5520  462  9111  39293  19038  18147  17681  4641  14377  6325  43453  
1307  238  2916  16510  636  735  3809  24619  603  1210  4014  32143  45093  118219  488068  3028  2896  18944  2996  186192  12305  6799  2712  9568  9988  34921  31719  5598  1416  2044  339  5794  833  4298  18685  6556  12113  7880  2209  15262  5462  4769  292  2666  9520  445  738  4389  104242  444  1669  2679  79630  142478  414303  0  1631  3309  42883  946  1.8482e+06  68910  63080  11113  563277  50760  163606  188877  35736  8096  3264  697  7371  444  7647  45735  11235  12015  12705  7094  147712  33297  26840  
899  339  326  815  1141  1848  4313  46551  9535  35865  14001  224  905  2987  863  30088  11129  5710  1829  9707  306  247  732  365  712  525  706  1644  509  1035  348  6008  1678  9307  26493  21600  17885  13100  738  2372  1926  9880  14453  1916  1751  13085  41563  83261  154431  189711  2.33899e+06  58834  922  2062  4831  3211  0  2.01607e+06  622117  97776  50664  1387  887  36603  2239  27082  1882  11608  52379  89190  62891  13111  518856  519150  741026  144842  125310  440893  270147  5236  86102  26608  160226  
2281  805  802  1821  1731  2663  8225  34393  7686  14698  25593  1250  2953  10372  8841  74233  39885  107897  4200  81555  2534  1008  2598  1241  4785  4161  4577  4889  3146  9222  3345  48239  11633  16691  102143  32170  35710  41514  3126  14134  15884  7041  23855  1322  1727  26674  109549  127339  83941  226064  363258  16218  4993  10962  14734  79452  1.98076e+06  0  1.07426e+06  1.85463e+06  523671  13543  3165  53827  6921  79906  28919  36380  31887  292383  591901  386953  1.65425e+06  460368  430625  113201  47134  161057  62707  7788  37369  21587  103153  
2288  815  1030  1718  1296  1897  8783  30623  6354  10787  10667  352  1344  4132  3059  36798  27002  97340  8911  52182  7139  3640  16559  5271  5176  2308  3104  4820  4243  9128  2480  34664  7544  14196  85663  29981  37664  36012  7335  17163  17578  11345  8421  4155  3342  5233  7681  72430  124684  155283  54399  15482  1229  967  1842  14354  629741  781085  0  3.13692e+06  997066  124928  27082  711124  20739  82254  15476  28679  47430  79802  74225  14499  197720  5513  123765  306735  61120  235994  158689  15852  93050  91339  219884  
2011  684  756  1754  1204  2267  7208  32532  9039  5566  2152  493  1163  1320  4069  6396  8486  68522  10287  42338  3460  1934  6231  2353  3772  2121  2675  3883  3657  6044  1139  16626  2046  10915  49239  19208  30256  22447  5786  12860  11734  11210  8632  3122  2831  13605  65568  235883  94806  454417  115923  1041  1849  2524  3363  41236  30102  1.94509e+06  2.56244e+06  0  451107  12678  5795  1.6684e+06  14406  274631  32792  39843  50397  667282  1.3988e+06  656553  537520  3177  129851  197693  38802  157936  97304  10233  71426  69779  141582  
9713  2686  5240  16803  3200  4416  25648  89684  6066  32070  55629  21247  41028  61588  165217  84409  51852  387160  57796  1.12689e+06  129016  60557  89141  60947  27841  28669  24980  19998  18812  28836  5304  88462  15522  50692  201808  71454  138973  94723  17813  75354  50963  8562  2873  5638  9594  3005  5278  31640  307839  3353  21952  398292  91898  200110  526865  2.7548e+06  22356  19876  1.07472e+06  53024  0  1.94214e+06  867801  295232  949163  254738  510504  317718  66474  47721  31846  8736  69737  2579  32226  316381  67720  98780  97600  20048  246714  117184  227056  
1340  359  468  482  116  132  2849  5294  210  790  929  208  758  695  5478  1546  1859  87978  11825  69458  110437  47411  35686  32034  3586  2746  2243  2462  2668  3687  394  8185  873  5671  16117  5437  17276  8075  2265  11134  5126  769  197  360  430  180  195  2108  6655  158  414  493  514  1391  2178  110893  256  644  239917  7248  1.16726e+06  0  561176  169133  226118  35798  71096  40802  7430  3307  2170  238  3969  89  1836  21505  3845  6676  4948  1706  31075  10756  14431  
367  96  177  287  21  38  955  1482  44  155  202  77  168  133  1997  289  390  33947  2802  26408  31778  30290  17674  45317  1468  1343  878  749  736  1098  89  1982  173  1315  6208  1579  4446  2071  938  4888  1364  1238  235  606  708  39  33  2492  2694  34  78  33  298  408  379  107435  74  92  34980  358  384112  310915  0  140481  610720  26965  58246  30172  5809  3658  2705  36  2355  7  830  10991  1518  6352  1040  1280  29504  6503  4306  
2231  752  1643  3543  813  928  9227  25589  1923  1562  595  471  1182  431  4479  1051  2684  74837  15352  48676  7637  29512  23427  65163  6193  3364  2884  4301  4731  6413  622  13279  1284  9825  43256  15209  34393  18871  14453  24349  11319  24411  16186  12230  8912  6438  5996  119130  135952  33090  7723  413  2360  1277  766  24250  4854  3655  643863  1.17257e+06  155915  136739  199023  0  470740  894103  37922  51422  62910  1.21076e+06  1.22987e+06  6240  346207  730  79290  167778  33183  298679  30561  26125  135993  79959  104440  
688  233  572  2435  124  143  2477  5118  195  241  193  362  441  268  5151  285  296  24766  2013  28460  15023  84898  16162  204646  5934  3916  1689  1976  2108  2398  95  2279  128  1090  20627  3060  9087  5545  9516  23010  3701  22402  2715  10112  11605  307  224  40798  21730  240  425  101  2155  1784  1569  681141  601  237  39535  2821  462503  154730  628897  475693  0  1.43798e+06  271485  68596  44134  104216  51067  184  33823  69  6117  71322  10020  67982  2424  14832  220176  28502  22171  
643  204  575  3084  339  500  2705  9308  1069  626  689  892  1755  760  1579  914  974  14993  2177  15218  2149  8012  6456  21048  6463  2441  1510  2698  2499  2650  166  3222  280  1919  27000  4858  10874  9538  13001  20714  6795  19885  3081  7286  9156  2204  4172  52747  39318  24388  6231  216  5967  11059  7487  242465  4777  2735  57723  168453  76277  14329  29823  1.04081e+06  1.82478e+06  0  1.54378e+06  1.06276e+06  262424  2.96574e+06  100013  1294  41164  292  15345  296018  47355  82950  25675  23942  965796  126480  65987  
158  44  289  1559  98  154  783  4346  201  188  257  1210  2503  1119  1502  315  296  4298  637  6806  1680  1428  1860  3620  878  603  495  632  602  617  47  898  72  563  5356  1520  3918  3286  5108  3340  1907  3531  201  1337  2402  176  440  2856  22597  609  479  117  8223  17802  14624  341081  344  474  10440  1596  97926  20341  22583  14558  393481  1.44322e+06  0  904224  46080  86037  7093  163  6249  120  4209  42491  7016  9692  5042  6930  537598  47484  33467  
247  67  438  3290  155  218  1140  7005  367  754  1341  1767  3099  1358  3471  1080  496  4458  464  5699  918  894  1431  2903  784  1229  1202  694  366  477  68  943  116  684  5986  2058  2444  2044  1217  2530  1248  31876  1556  1159  5335  400  646  5284  37071  637  1781  249  11259  23705  14868  207050  1933  551  10917  1206  49101  9508  9463  21197  57414  1.14562e+06  688340  0  378432  26602  2045  110  14483  130  64524  63372  14151  25218  14075  9750  384811  223818  38182  
1012  74  644  18019  232  256  1761  6249  513  2085  669  1308  495  267  470  949  571  2868  312  2460  383  2758  1553  4436  1511  536  1319  3294  1236  1443  56  1299  137  670  8291  4274  7400  7312  13731  4697  6097  158115  6725  10489  37245  1368  1546  36881  30038  854  5565  632  8109  3168  1559  17553  10513  1657  28163  4835  18154  3773  13585  128305  52829  290003  17541  398563  0  437118  357863  885  320908  410  91630  138536  52478  129621  30868  66039  87340  289770  41665  
799  321  408  1251  1112  1586  5065  17789  4725  2628  1581  201  513  585  1061  4797  4989  25196  2645  17092  1061  6402  3092  10703  2883  1438  1302  2723  2335  3336  587  8751  1336  4584  27812  10154  16569  15320  13314  10774  8662  9030  35512  3662  4229  46534  118227  312344  55046  190468  61438  430  1032  933  920  25247  12813  27750  71632  258381  54707  6043  26404  1.63625e+06  176358  3.35694e+06  50186  39744  260028  0  3.89511e+06  27477  92768  570  24038  153884  32763  68402  22991  13397  199709  28759  49296  
1335  551  541  1893  3018  3811  11382  37428  9420  6939  8320  392  1127  3104  2188  26757  17214  40491  2905  31815  1593  8991  3578  13022  3182  1790  1919  2949  2364  5347  1642  24496  6083  9594  55765  21088  24303  22191  9371  12943  8873  18572  72600  6301  8306  106789  258551  397705  97305  204526  120841  1292  1519  1916  2408  30971  55031  507807  150656  589992  151314  10942  40512  895681  161772  160491  25114  22898  268462  4.29996e+06  0  1.70991e+06  3.34912e+06  1759  33507  176086  50111  63685  18691  13150  82464  25203  81353  
421  186  161  226  1204  1462  4221  13335  3194  2461  3454  114  445  1372  753  11556  7405  19411  748  12165  333  242  614  335  796  458  647  882  673  1943  698  9667  2306  3511  20456  7859  7684  7902  700  2647  3043  1406  27653  315  300  39089  103271  97258  29090  48513  46669  486  323  730  1025  5869  36661  538899  38784  475946  53815  2204  741  19331  2198  10213  2973  3330  2485  80730  2.52523e+06  0  915896  1108  12380  24688  14469  6244  3697  1035  4286  3174  16692  
2383  910  1030  5470  3024  4304  12149  52332  10732  19741  27545  1124  2607  10707  6393  88739  40188  74471  3575  68842  2998  7465  4737  11216  5013  3711  4041  5305  3295  8376  2956  45663  12641  17820  101071  34318  39030  40710  14663  17100  15319  225693  103446  8875  13988  67814  153218  156308  141741  33417  291285  8939  4533  6846  8777  56332  320682  1.7501e+06  474839  251412  497708  31659  40313  759391  133919  98988  31405  36732  388214  187204  4.08546e+06  1.10617e+06  0  930234  938592  220416  65969  200307  30226  24252  80229  48419  125925  
75  52  36  116  160  239  591  2558  480  2715  2984  52  194  640  517  7891  1974  2036  177  3260  123  44  118  70  221  252  232  211  95  229  89  1344  423  770  4057  1516  1474  1437  108  496  522  3379  5819  129  154  5498  8458  4267  8315  714  30076  2494  230  607  669  2648  191994  311507  32506  1328  23595  753  262  2380  511  1187  1065  2026  6082  2543  7564  7059  535967  0  334259  5047  2517  26409  8492  479  2671  1588  6822  
1685  837  1063  2190  3717  6512  13581  119196  26672  45167  14560  537  2575  2920  1771  21399  6562  10311  2702  12321  730  971  1738  1509  1126  908  1291  2751  1206  2094  506  7567  1368  17629  39039  37484  33705  16131  1420  3492  2856  1.09379e+06  352279  7756  4352  686310  1.4024e+06  221036  502121  47626  1.50158e+06  17215  2068  4592  4921  12317  1.41207e+06  981675  249089  39452  142938  7852  6263  127457  13666  32583  6159  53088  150792  72176  63934  26542  1.44908e+06  911120  0  98954  96395  518257  37323  8611  18930  42728  58125  
6205  2944  7097  14728  18538  19201  78826  308050  35798  40691  21623  3493  15182  7791  7352  38322  15470  59904  7054  56689  5432  12549  18053  21626  14012  7846  11426  13873  7441  12376  1585  24207  3397  23807  475808  138637  90540  85545  48855  55650  62739  127040  40105  72622  33231  43908  28041  559091  1.62313e+06  35643  334330  46500  11244  22935  17628  77999  366316  11320  900521  26976  763094  58886  70079  510087  155419  555034  68057  388997  328320  456479  151215  5364  138816  3268  71858  0  2.1806e+06  803012  620426  265317  1.80313e+06  1.25493e+06  3.86455e+06  
1942  1085  5960  14353  5456  5616  34290  103609  19123  32447  13070  814  2950  2542  1603  16837  6825  13380  1574  12138  629  1015  1737  1485  1571  997  1421  2565  1409  2602  599  7317  1275  9647  54559  59206  26163  17957  3343  5791  4955  81907  16064  114338  53153  19261  9345  660503  599622  14846  39989  10780  3175  3752  3683  10872  30137  1295  99399  2812  99691  5365  4919  33093  10099  37376  5690  27042  19884  22862  8763  811  9550  326  8547  1.19055e+06  0  285013  138150  542572  133001  56595  137062  
2654  1538  5944  15989  7820  8557  39862  239116  28603  96669  15993  2428  7196  3132  1940  12019  4728  12698  4794  12605  1086  3613  4901  5569  2935  1371  2152  5405  2348  3386  535  7919  786  20868  75712  94706  66362  40512  34853  10438  9813  123714  50750  126173  47696  34419  32740  596155  1.53089e+06  182338  475500  29253  13050  11422  8104  17579  426877  32578  285229  26820  156897  12447  18435  198962  41182  56756  7737  38868  72166  131781  31611  1837  59044  8049  141708  274552  1.02594e+06  0  1.70258e+06  469306  38801  51246  169193  
570  343  816  1664  1755  2357  7192  48839  6041  11646  4246  403  1811  1209  912  5693  1878  5709  653  6331  430  375  997  632  721  472  624  989  576  999  178  2481  445  3929  21145  16239  10151  19073  3064  3470  2906  4216  6355  6531  2667  5735  5881  76498  379746  63297  224059  11594  1167  2931  2813  6802  123198  7033  108038  11474  85109  3767  1806  23439  2790  12476  2747  6920  4597  20309  4764  470  7466  2043  8548  181608  110857  1.33943e+06  0  8536  248603  108224  438479  
419  46  712  12302  62  49  1271  3639  62  125  101  4336  863  322  360  238  141  773  65  996  136  1051  383  1340  391  234  688  1013  246  302  15  282  31  119  2790  2378  2307  1364  3774  1292  1366  93171  2455  60516  71823  189  273  50955  22684  169  455  100  46872  8309  3457  5087  1157  217  5150  631  5646  743  3557  19520  19533  26239  3201  40571  49076  21693  5227  124  4736  45  3692  23720  363756  205647  4797  0  10455  42839  3165  
1237  436  1362  3040  262  292  7147  8872  787  2867  1874  874  1270  908  2970  2360  1078  22386  2029  32261  3656  10788  16851  42957  10792  7761  4783  4201  5267  5175  178  4196  263  1475  103519  14025  12771  14379  13638  74448  8690  10496  688  4417  8009  513  671  11084  29868  1997  30080  2965  6247  7985  6000  237950  15466  694  34858  2966  89080  16435  35338  64897  151664  494414  728579  577049  150377  133106  19982  210  20841  145  8516  1.33693e+06  107287  35848  158375  31004  0  1.6445e+06  221801  
280  128  569  1646  181  175  2452  4336  350  945  412  410  476  258  1389  774  396  3675  370  3636  471  956  1502  2939  1179  877  886  1055  744  844  43  939  95  404  17590  5534  2827  5908  3571  6007  4412  4722  489  1544  3129  319  264  5459  17250  419  2211  239  3095  3014  2114  32205  1309  179  29544  2888  23239  5275  6981  85605  10745  115879  27702  438871  229372  13610  2574  88  35522  45  7730  647144  60561  49975  67242  33748  1.42051e+06  0  179651  
17868  8670  9736  10035  11256  14090  94239  519304  27868  487839  136663  3407  22829  23824  22939  304098  25843  321238  20815  357421  19785  11282  43137  27633  69159  51930  72394  44371  21928  37911  3619  43063  5669  33137  2.85958e+06  1.1028e+06  243393  1.54249e+06  66696  212299  376286  13585  7344  9585  5348  13341  19918  128441  708932  76969  486406  75450  4758  13621  15772  44485  439930  16563  564056  23195  597970  37891  26338  263672  55051  86198  40916  75730  52784  48675  26468  3751  43721  3733  55113  3.69645e+06  509672  387534  2.15402e+06  22646  878625  391025  0  
