4355985  
2424943  
639096  
3512296  
3945485  
4209486  
8939991  
13765224  
4429846  
7148818  
2967954  
2502569  
2497039  
3501992  
2707357  
5995291  
8548282  
7012316  
8633548  
8786593  
1439284  
1250817  
4266111  
3936305  
7934852  
2020744  
1947201  
1822172  
8564651  
10418228  
3051390  
10002029  
842714  
6694811  
11646841  
3230713  
5497761  
2431532  
761513  
4750546  
2174606  
5217991  
2203787  
566924  
3321361  
3548888  
4646589  
8273269  
14020643  
5269849  
7410080  
2251269  
2541662  
2196878  
3464584  
2822425  
5896391  
7649528  
7146685  
8313137  
8942134  
1831260  
1271340  
4593230  
4013550  
7499002  
2209830  
2097422  
1826288  
8467994  
9851200  
3178128  
9053621  
885732  
6787454  
11840548  
3202806  
5287383  
2549581  
743426  
4590588  
2158617  
12699930  
