4315620  
2516892  
556400  
3418050  
4358925  
4416222  
8571496  
14105663  
4386246  
6825784  
3348704  
2654127  
2566345  
4039054  
3279147  
5737019  
8017730  
6377745  
8876657  
9613802  
1511261  
1256293  
4188642  
3985299  
7817275  
2272235  
1927590  
2100537  
8198842  
9166626  
2861240  
9542423  
779525  
6586045  
11158219  
4113466  
6165206  
2706207  
747513  
4496166  
2309008  
4849042  
2482231  
526410  
3136989  
3343256  
5206636  
8603397  
14183778  
4987018  
7978663  
2458444  
2722237  
2244863  
3624431  
3006504  
5898158  
7843254  
6794689  
8944963  
9203798  
1747845  
1223501  
5437020  
4335983  
7494454  
2275531  
2179227  
2207548  
9142340  
10009147  
3439537  
9401716  
985417  
6999261  
10906246  
3374146  
5704025  
2887225  
692055  
4210523  
2281860  
13454222  
