0  1.07217e+06  132728  996741  201930  15459  438359  18800  556  11890  2113  10247  2024  1500  1271  21470  29962  31790  35144  23048  7980  6895  78552  102490  38397  1876  38371  148685  116864  137873  6597  300413  4272  1.11181e+06  49647  205055  482524  23533  10537  25036  28876  3171  2643  4214  15557  1017  425  5857  5471  382  766  262  1587  144  209  348  1171  253  3633  1253  6015  1072  1439  900  5088  428  224  552  1250  662  1422  179  1754  100  1346  4506  8731  2159  1002  6942  914  664  28366  
754151  0  21595  14938  971191  12965  360962  34276  483  3992  2102  523  314  538  1349  11363  13956  20264  22148  19723  5621  8016  75499  124720  33427  2695  23792  6520  56030  38361  2922  42499  1351  94683  331488  548141  501643  58868  9481  85071  45774  2304  5619  7142  2491  2339  750  13458  8252  561  645  236  94  21  54  413  1055  225  3872  1407  6396  1306  1733  1007  7409  364  261  429  289  290  374  139  770  81  1008  7644  4141  2754  1952  224  1642  1261  85120  
66003  19901  0  182352  3899  114  221884  64106  74  462  364  109  73  102  215  1390  458  3229  4166  3053  811  1477  12357  27607  6675  426  3938  1737  13650  9471  545  4000  91  5132  40914  113665  100639  9011  2740  12723  6683  2935  7029  13319  5392  2592  696  15398  7990  453  253  53  33  7  15  114  352  68  878  341  1292  286  398  481  1427  141  57  165  104  107  250  46  302  20  740  3362  4162  1873  734  161  572  282  11393  
853387  7000  121231  0  948  331  11910  660452  303  1204  1776  1.16511e+06  59697  38265  15066  2587  860  4241  3780  26390  3730  2124  7518  18212  47963  2937  110373  116240  43401  42858  836  61515  143  9532  48484  177794  103823  7170  70551  30601  40746  207552  19207  175654  1.38167e+06  6185  3124  54230  143143  2126  1968  607  353639  18354  16551  5560  1778  485  3181  2110  18822  5359  3059  6458  3528  1800  579  3403  10136  5892  15437  484  11256  60  13432  19544  257783  18165  4118  63431  2449  1944  13044  
355322  923710  6464  7301  0  917184  869068  191516  17219  24086  5082  294  1710  1904  3756  36171  85779  31563  60066  47223  7955  3604  36818  21904  16898  2378  18990  5372  20382  15706  5421  95904  4268  631040  500106  434724  283674  66270  2106  69142  40232  557  774  1170  723  3032  6892  49065  43756  8840  2696  517  87  111  177  732  2144  520  4723  1559  8042  1012  847  1127  2261  572  424  1088  638  419  706  321  2266  134  4957  22961  4569  6312  5969  156  4114  2742  123013  
94332  85098  2165  3986  906416  0  548887  330756  556732  1.34556e+06  1665  165  1554  1631  2464  101845  237378  25232  99538  16017  2441  756  5869  3112  3190  431  3605  5161  19030  28084  15065  210880  10448  1.01749e+06  105864  92591  174649  53930  361  9346  6326  653  462  563  538  551  8249  27871  132374  23117  8203  345  50  153  157  381  1385  345  2271  725  3308  372  276  535  404  305  178  951  629  226  401  101  2004  67  6024  18205  2260  5573  3636  60  1945  1577  60259  
439883  604095  275443  21725  1.32809e+06  669735  0  812107  661061  89140  5661  396  1142  1502  3441  24375  17516  53470  136807  52742  7574  6930  60316  85099  26572  2794  21655  6145  39540  26966  3692  29476  1075  51433  575840  591690  394502  77542  4629  81601  45208  6629  17081  17236  5592  17766  31999  279905  162387  63717  11572  732  116  131  289  1775  5071  1237  8992  3590  12964  2043  2022  3775  6998  1771  1006  3411  2060  1198  2467  735  7463  260  20946  72586  25165  22629  16986  332  10340  5489  168844  
10380  17394  85262  805006  77528  115338  1.1427e+06  0  1.42863e+06  392307  424313  675546  1.56544e+06  878492  283035  42712  10503  32128  26074  683805  77432  19163  28308  40463  18832  6919  23362  9248  19013  11570  2200  28358  1160  46841  549880  650194  323420  135877  8649  73266  39735  35095  52318  128466  150865  26589  86019  393301  2.49442e+06  286469  285193  22586  45905  20463  24951  22929  22323  3628  32538  11211  102836  15776  6850  14950  7207  6374  3756  14420  8824  4130  7308  1460  21025  629  64072  350982  109760  127335  79861  3130  31059  19234  302858  
828  822  713  1397  16980  355857  744491  1.68501e+06  0  1.42562e+06  2573  22  39  96  193  22752  3824  39574  77683  5265  406  133  1455  591  1588  151  1090  1054  2607  1626  315  3313  102  4136  58027  50987  29030  18832  178  3350  2484  541  381  253  206  434  6549  9591  260069  67592  39155  922  10  12  67  174  2082  238  3387  1154  2085  161  120  348  150  228  100  762  589  203  312  67  966  36  3636  16303  4401  7369  4984  35  3031  1105  38921  
24741  32540  3137  4996  67628  1.32347e+06  134593  718033  1.22458e+06  0  33522  289  441  767  690  2.04759e+06  285915  42400  67773  11494  1103  286  3284  1463  3596  506  4808  10932  26275  17196  8288  369759  46231  654138  197256  216337  499302  392765  619  18430  8032  324  345  501  600  329  1675  5343  133556  15531  149297  10938  105  47  493  342  11570  353  7942  1904  4034  432  244  526  261  246  205  506  428  193  276  104  953  85  1796  11696  4750  6758  6659  197  5466  4973  270260  
508  280  252  2400  430  396  1227  552703  473  97071  0  4402  24576  1.15754e+06  4969  88402  986  6723  321  518890  4657  858  137  932  662  813  891  483  661  470  151  1971  424  2222  9710  3131  6183  3439  176  2143  818  761  502  542  711  296  485  1618  38904  1526  240601  196272  1028  2344  11920  3178  109835  1483  21011  892  36662  680  247  209  304  303  1330  1791  1024  257  552  410  3416  521  3865  18793  7107  12537  7038  356  4716  1402  15737  
67071  1393  4317  1.1132e+06  337  267  2909  1.09044e+06  247  527  6866  0  430567  230001  74003  1348  237  1639  513  125160  12740  3374  737  4269  23261  1254  60027  50272  4514  2889  57  14193  74  2639  14550  11166  9894  2063  14435  9706  11146  54476  2071  18247  307722  1043  2373  12112  175873  1287  1237  1624  654454  34374  33687  14610  1731  252  2152  813  39633  8848  2372  1735  1900  840  918  2171  3648  1566  4151  156  4335  57  5229  21286  76020  9842  5887  22225  1841  1549  9233  
54907  267  1047  120060  1268  1243  4625  1.07191e+06  888  827  42008  604015  0  936413  191133  2697  503  3346  936  366322  42522  9403  1047  8979  17082  1310  42006  38508  3039  2202  108  12453  127  4150  21277  8296  18044  5805  8340  7179  6960  13804  1119  5606  28671  533  2690  7196  172904  1212  2094  9781  158264  311268  60004  26991  4844  362  3674  864  65348  10909  2801  1056  2552  689  4128  4670  2307  945  2232  166  3173  105  3660  15762  23022  8841  5297  14143  4128  1455  13812  
53010  355  865  171187  637  793  2112  722902  453  2817  1.07415e+06  394779  939614  0  532518  36512  944  7347  836  723100  40538  12064  512  13104  14045  2056  32842  34876  2647  2184  128  13403  436  3024  15744  8369  8771  3165  5720  8275  4188  14782  2045  8245  37732  783  1051  6769  104353  1397  17822  51453  64391  152627  608000  144699  54275  1494  16591  1191  188059  33990  7186  740  6423  1162  14482  14357  2617  1065  2400  429  4901  562  4489  12940  25801  7206  3644  11914  16062  2177  10264  
14961  345  873  69851  695  652  2922  294778  288  507  3936  115227  231758  641948  0  2351  786  35559  2167  1.76694e+06  158210  110659  1477  467033  15983  53089  21906  9968  3776  1548  116  6001  400  2839  27870  6745  11533  4660  1984  69312  3777  5983  1047  4488  16494  444  688  3906  50425  787  803  6073  15734  11563  79120  328549  11204  981  12003  2400  151841  16859  5921  1048  5917  1160  8695  8377  1139  816  1619  665  2865  369  2009  13315  10337  4359  3043  3998  14703  2075  13004  
17635  19481  2030  3015  40487  208514  26178  37693  50061  2.32414e+06  47661  398  415  2678  809  0  1.8123e+06  544018  176148  21685  1255  270  3438  1499  5834  603  4325  14167  48438  31750  15691  538474  141227  653179  106658  32781  376029  167529  948  11414  5600  446  342  419  436  251  584  2683  10246  1130  8517  7734  95  43  462  400  51091  1717  18508  838  15169  386  212  367  249  281  249  657  856  258  563  471  4016  719  3593  12138  2599  6957  4174  350  3518  3792  127287  
44072  72159  5146  7366  218435  185352  76081  101955  46022  266468  20059  736  1318  13342  6842  2.01889e+06  0  651633  1.44718e+06  250686  8095  1517  8790  5926  12923  2177  9328  23859  120799  390536  362903  2.29409e+06  547960  957949  192602  62154  669673  87256  2441  16668  15034  1059  860  1096  949  681  1885  9029  24065  2504  3715  3822  210  175  1082  2142  55479  6465  60453  5872  74601  2129  1193  1137  1115  1179  1174  2499  2497  1425  3746  2854  14906  2563  9043  40822  6026  17700  11564  709  8399  6192  109293  
12195  10750  8300  9552  13873  26502  54662  42717  117811  86635  10000  855  529  921  12118  545970  500427  0  2.54181e+06  400238  139071  57433  640126  124535  229053  13251  21291  12549  104577  52843  4511  138824  11643  68210  153515  27201  200845  65931  4369  139099  39230  1200  649  1096  1105  329  682  3281  11432  1389  2044  788  264  101  225  4849  14791  3093  89019  21045  136758  46614  48028  16739  27255  5379  4106  5081  3075  3973  3564  1818  9455  1418  4762  66516  4260  12019  7607  1110  15887  9085  112526  
16168  14337  10127  11766  70161  66138  159701  62440  226515  69775  2812  635  628  1920  5191  60737  1.4297e+06  2.40405e+06  0  149507  9877  3992  1.08588e+06  71149  354363  12336  22256  13061  920944  1.41118e+06  785453  433233  19259  85836  168867  39826  224910  77339  4053  106181  41159  823  486  999  991  294  1431  7014  21935  4103  2093  405  148  81  238  3007  5062  2165  40175  16408  84933  11801  11820  5543  6052  3258  2002  3307  2282  3141  3548  1978  7028  919  3715  41724  4286  9722  8156  875  10733  8834  104534  
15876  5760  6592  65754  4684  2049  15510  459236  2292  7125  506383  99190  189427  621020  2.05579e+06  51867  14068  651134  53278  0  1.86969e+06  953732  18270  1.00485e+06  140487  200246  116550  17793  85091  27788  2332  51439  7713  35414  296819  52460  132439  64786  7230  470355  59333  8356  3493  7893  19038  1796  2906  12761  105043  3565  12676  25489  25594  28995  82396  103589  81360  17805  314054  108621  1.42071e+06  191831  116861  35129  88809  19049  17267  23080  14376  20253  24132  14157  49835  6950  23378  226579  29624  60345  46910  7610  68060  37796  189408  
560  493  542  1121  187  60  769  8558  58  84  283  748  1582  2399  117979  357  204  194372  3264  754871  0  854950  35755  315204  6755  8841  5235  627  3539  1803  77  3080  123  1094  14023  1537  6994  2791  353  27553  2984  422  239  369  590  52  104  535  3226  84  88  226  1309  1890  4077  5798  667  241  18514  5303  84738  167895  70770  8255  44300  1707  2077  1840  883  1123  693  216  1285  132  734  12382  803  3368  1437  377  6007  2127  6198  
633  575  871  863  106  16  695  2241  16  29  89  217  270  588  57190  118  89  144627  2877  165531  680766  0  54581  620962  4294  2082  1423  364  1946  1540  59  1799  52  554  5976  1105  4908  1208  217  10115  1484  254  83  241  424  19  36  216  1388  16  36  61  790  1141  2284  2914  100  39  5378  542  37821  117098  76218  10119  65880  626  931  861  426  483  258  25  293  20  290  4163  316  1374  263  273  2469  830  2247  
18226  23133  22471  18127  5980  598  25344  39336  852  878  201  770  401  360  888  1607  1830  538569  1.15239e+06  31161  45286  84167  0  391654  1.04252e+06  14282  22072  9779  1.10376e+06  616649  7841  92464  1179  16112  82142  25912  155727  42802  5054  83872  50804  461  282  764  989  119  231  1490  3593  342  286  51  170  28  45  1050  460  134  16375  3466  30541  17117  35059  9161  15646  1940  1008  1281  792  1060  515  140  839  84  584  21528  1425  3444  1231  549  4545  2913  52809  
16053  11944  22837  21509  1016  96  13894  13219  180  252  172  1405  812  1285  377289  423  560  142424  56539  455690  283692  566462  438487  0  1.61055e+06  275848  33365  12931  114003  54718  1467  20134  245  4766  64331  33389  92658  11163  6823  181349  33638  506  126  661  1289  56  91  738  1944  91  193  82  598  514  953  1715  352  81  7753  1197  23377  25301  39158  23051  172741  3019  3257  2177  952  1145  469  74  562  28  385  17715  1705  2834  636  873  13504  1476  23818  
18949  9586  15230  22537  2321  702  14470  21913  1742  1483  511  1881  826  1079  14403  2951  1882  129283  313941  78412  24200  15138  1.00755e+06  1.74863e+06  0  1.68098e+06  1.21059e+06  240108  3.19763e+06  139272  5016  32296  900  8801  242549  63029  102033  34837  12889  564247  153603  710  213  646  1471  131  351  1845  5781  435  536  373  369  61  113  1173  1743  329  9039  4083  16401  3892  4830  2211  12862  6739  1614  1763  1173  1434  821  284  1481  165  906  18439  3308  3855  2088  1633  7294  2663  86680  
2702  712  1307  4125  280  75  1226  5860  199  1153  396  574  316  1491  38378  669  388  19630  17651  66930  19318  7935  20942  289361  1.76054e+06  0  656415  6685  70238  12947  595  4264  203  1467  41823  8869  17643  10567  2617  414236  35069  180  44  105  333  28  57  286  2150  67  217  667  105  33  96  653  1628  116  2347  702  4997  1126  1745  586  3173  814  1424  953  361  395  234  82  437  47  252  6866  893  1101  511  403  5720  698  56142  
76326  2943  3861  62909  1496  409  3824  13199  440  5118  1599  13407  3287  4270  26346  4885  1479  32744  10916  41662  20010  6398  25244  38699  899744  641636  0  323600  62603  23868  877  16689  397  41943  248331  46678  161678  93616  26357  686778  471803  2908  172  768  6474  108  281  1474  4911  262  809  1327  2912  247  388  1239  2798  323  5179  1941  10002  1610  2000  1413  3429  1358  1518  2005  2171  1431  1628  214  2154  107  1359  14803  12326  3469  1450  8898  5922  2212  105154  
279463  6277  10841  203372  1980  474  5440  10084  288  4111  1582  31594  7709  4582  1430  8614  1743  15487  8233  12605  6074  3602  26015  36382  127223  1513  334170  0  137385  343227  745  455942  398  88972  40046  37225  220631  25022  27913  21972  179112  8843  219  1419  15265  123  217  1380  2958  188  703  205  6241  501  596  397  607  184  2202  1102  3819  859  1002  1240  3200  1053  205  1529  4887  2608  4547  133  4519  46  3046  3151  36271  3080  566  29597  655  1038  12884  
24584  8863  15525  29048  10160  9285  30072  23546  4978  4464  2435  1946  752  1230  1705  24818  20857  102920  637478  40136  7303  6308  1.16052e+06  111336  3.16993e+06  18816  133239  469215  0  3.69502e+06  147158  98121  1520  28789  97188  42991  150136  41355  6859  141424  69887  714  236  628  1477  151  510  2240  9022  1742  876  501  372  45  139  790  7309  689  10701  3875  15519  2270  2512  1458  4736  1176  597  1039  1026  984  813  326  2053  254  1348  10986  3381  3990  1951  1615  2732  2070  49559  
78913  23039  36146  73833  32417  14730  57579  47449  3969  4030  9509  2068  1031  6700  5001  43192  579316  191727  1.15394e+06  140029  41004  14191  623552  176660  306101  9978  87533  522815  3.9424e+06  0  1.85928e+06  3.90407e+06  4747  96350  132060  75732  335616  82135  5971  83246  60280  1175  677  1207  2462  380  901  4921  12967  1657  1771  2309  397  106  584  1381  29697  3335  35087  5865  43442  3394  3453  1767  8530  1444  877  1779  1961  1441  2242  1378  7850  1186  4764  25138  5496  10762  6481  1859  5449  4106  82900  
5869  3330  1915  2699  16552  7645  24184  13727  1456  1402  2706  130  198  1695  950  14373  793428  21677  848284  27460  2881  729  26214  6795  15728  723  2142  4670  192950  1.81971e+06  0  1.12652e+06  1145  31088  29549  9725  107003  39895  452  4242  2918  174  148  194  189  109  352  1815  4285  636  567  763  31  24  157  252  10014  835  8151  854  9320  367  244  199  449  188  128  318  330  196  452  378  1997  329  1347  5968  937  2725  1729  112  1232  963  24888  
483327  96322  28012  146854  144948  140509  50152  121450  2617  291033  24602  8220  3172  20457  15514  389927  1.96796e+06  375435  422580  422086  80820  19780  267649  126772  123234  10924  24276  493384  196390  4.03947e+06  772741  0  1.07516e+06  1.7747e+06  155225  105386  1.17334e+06  71692  5215  40415  33435  3322  1308  1900  5419  868  1863  9334  25237  2104  3524  3729  1609  328  1639  2955  50849  8460  79857  10358  96507  5116  4192  2417  8498  2221  1812  3711  4402  2528  6027  3719  20386  3368  11633  52735  15946  22859  14541  8387  10729  7389  89221  
4795  6831  347  510  11331  10615  2023  6962  116  29610  1515  62  100  1587  557  80736  329848  11703  8577  26209  714  147  785  439  905  160  620  2690  2560  4106  2003  596346  0  388678  4265  4301  126565  1859  98  595  622  96  86  80  80  60  100  505  1323  108  190  256  19  14  112  159  4010  528  4900  343  5343  124  76  65  74  83  83  184  199  81  247  212  1179  202  751  2552  380  1412  780  41  509  285  2759  
1.25212e+06  304034  17132  33134  999703  1.36161e+06  58038  135763  3254  1.07818e+06  15396  3115  1622  5188  4453  1.21783e+06  1.34742e+06  101940  94067  142626  11334  3137  36190  15339  14561  2171  22515  70931  51774  74653  32639  1.68933e+06  967578  0  40235  51047  1.44149e+06  14756  1621  9290  21879  822  428  810  2216  447  1797  9330  21119  2418  4664  1840  687  123  495  799  13121  1637  15528  1921  19600  969  760  580  1272  488  447  950  1007  522  1156  678  4128  605  3410  14250  4171  5810  3693  1818  2401  1480  19676  
61877  70712  136344  149363  89437  23422  363688  1.5853e+06  74791  219041  102545  7588  27532  28873  61994  412600  90610  462503  199802  917532  118460  35112  178233  182768  391819  85273  714764  132985  367669  118046  11534  91234  7899  55677  0  3.23912e+06  589702  542245  228364  2.51853e+06  1.77581e+06  5617  4723  12730  13664  5639  37239  151162  529246  41816  47136  10337  2347  2069  2934  13046  21932  5507  74029  24893  126576  20836  16880  24285  23339  10918  14890  19007  9809  7736  7630  3346  20283  1620  31479  442844  33966  75109  67985  3753  107407  106411  3.7143e+06  
52903  134619  179095  188335  60391  3548  294674  662235  4130  58228  63803  1164  1167  3730  7292  90919  15797  31205  17481  109693  7449  2867  15724  27828  77300  17030  105198  20173  67324  23548  2410  39487  7251  34687  1.82167e+06  0  375411  260439  681369  371764  179642  2488  3582  11554  12832  2500  2629  22249  46689  2670  6775  5120  305  198  540  1539  11269  1150  12316  2994  21468  1949  1367  2225  2122  1081  930  1821  1126  907  1422  617  3280  391  4054  39136  11534  10632  8417  945  7459  7530  355687  
127953  149380  201183  250600  82033  14935  232195  963941  24831  308406  89626  10577  10103  13161  17150  486885  50185  153655  125367  265434  34320  14681  101937  145081  63709  8596  78454  98735  106776  68994  13975  258240  11619  337726  423280  1.4195e+06  0  1.81046e+06  308696  80234  120214  3899  3551  10826  15915  2678  7535  38946  181193  10024  42182  15998  2198  780  1693  2589  14493  1943  21797  6085  34939  4038  3661  3935  9566  2532  1404  3643  2967  2259  2791  1038  6363  683  8094  61282  20008  26883  15644  4587  9674  7279  260919  
14808  22859  37415  35041  11464  4001  39747  207647  5017  148658  27933  2877  2457  3550  6914  131047  13255  57433  94834  111489  12066  2850  16634  14184  16449  4068  19976  8041  40685  23218  6104  12183  548  7165  175531  300703  1.61302e+06  0  21551  46463  88585  808  556  1764  2346  426  1275  6530  24030  2024  7511  3369  586  161  371  1105  4404  673  8496  2406  14100  1706  1081  1367  1523  945  637  1217  875  760  835  415  1985  244  1819  16596  4604  7920  10018  993  10206  11583  347360  
20533  2355  6298  71492  360  50  3016  8720  49  1532  1102  5657  2205  1754  784  4852  713  4140  2232  6551  1510  933  4842  11261  20036  2691  76555  34245  17506  7811  320  6184  95  3923  87707  444469  213924  21497  0  34439  40642  2471  195  1135  5402  87  66  776  1190  62  786  210  1315  129  190  250  528  64  1182  483  1854  373  449  691  867  322  131  486  1115  769  1115  58  1024  22  707  1921  9959  8131  541  8657  503  695  10588  
13835  3232  5790  31542  1717  277  7150  19317  548  4833  2203  12359  4469  6163  31367  3001  1610  80784  22958  156861  50438  16668  20291  109032  303578  673703  1.23492e+06  28129  207809  42035  1995  10522  753  7729  1.67335e+06  145964  75056  61169  34771  0  1.18781e+06  1922  987  1662  7052  408  543  3510  8856  536  1242  2114  3788  425  772  7796  6661  2124  43623  23732  78969  12431  16710  7761  27889  9077  20391  13312  4867  6160  4238  1874  8358  991  4046  78554  8388  13417  9513  4217  86812  15238  124539  
18102  2373  4115  19039  1239  240  5323  15680  578  2337  1110  7312  2750  2753  5808  3596  1570  40898  14042  23639  21645  6929  41067  30459  150999  54680  1.19608e+06  81954  42905  14665  542  6523  202  7649  1.03863e+06  110764  170271  225660  64709  1.46272e+06  0  999  404  876  4178  175  373  2192  5641  390  956  401  1987  202  280  1263  1414  358  6432  2463  10909  2077  1888  2190  3548  2003  2238  2784  1837  1547  867  267  1407  123  896  24831  5592  6547  3970  2656  11720  8191  230877  
4860  1912  3085  52639  473  65  6092  13264  624  651  1605  2022  131  258  200  2621  303  3133  888  4506  1777  2123  822  1555  2093  200  4450  3594  1320  951  47  2066  130  644  6687  7668  4420  1164  5163  2374  1726  0  1.46754e+06  81139  906686  346368  304131  372058  29693  2380  20300  2013  1747  972  923  6112  23133  15794  34642  33296  23752  10188  20261  94157  21045  18333  5365  23256  93889  33349  115138  21000  124250  837  1.23718e+06  183339  211686  320075  36361  31994  15632  11888  37071  
4869  10554  17781  49808  1802  93  35558  69601  279  415  1023  78  46  163  194  1979  294  2191  676  3686  889  509  634  731  497  129  644  244  747  471  36  686  108  647  9263  23467  4116  1170  738  2334  1047  1.00739e+06  0  9644  9132  846678  187395  267985  16751  3451  5565  1142  77  110  192  8300  11132  3636  25558  14576  30421  6205  6443  42044  6449  12622  6390  15216  7354  8345  23608  3371  16311  267  96996  316112  401164  132881  32109  1383  31139  13394  46281  
5849  9483  19922  120469  275  38  12954  47738  58  99  191  392  61  62  49  357  87  486  285  719  258  297  441  1060  818  107  1378  832  1221  815  34  499  13  220  4653  17700  5304  606  2801  1906  1195  26017  1669  0  112519  888  476  89668  72841  380  540  137  150  80  80  716  1084  305  2577  1611  2479  908  2152  9295  1877  1264  556  1360  1172  2193  4540  273  1345  14  3592  21231  67451  28794  2726  4163  2499  1109  3972  
56296  14199  50119  1.77024e+06  505  127  15174  224990  145  523  768  293731  12593  7874  3130  1365  369  1898  1315  8597  2233  2138  2048  5577  17693  1018  44026  35764  8500  6363  187  12527  84  2526  20432  72374  27373  2683  27158  11331  10282  880861  6413  135782  0  2398  1656  19479  476308  1042  1175  678  1.13361e+06  39179  36291  13019  1732  893  4725  4749  35892  10503  7859  18028  7903  2801  869  4089  10802  12120  28571  1165  10650  48  23435  18534  322647  41679  2767  33321  2651  1996  7045  
4217  10077  16576  29067  17629  691  112836  94487  1541  901  2054  129  118  313  359  4022  937  3727  1296  6793  1291  528  1201  892  1033  190  1160  343  1212  684  104  1886  200  2998  24970  35997  10477  2853  386  4538  2404  792873  1.35708e+06  5530  4043  0  1.56767e+06  918432  59307  12690  22731  2065  124  219  442  13348  35304  14840  51076  26447  58404  8479  5387  36511  8472  20394  9479  23067  13714  15297  42014  19630  56068  1015  445993  474139  182854  151249  46798  781  43550  18014  86834  
1171  2564  4550  9071  9491  2264  95731  146988  28155  2343  2168  97  250  278  346  3102  613  2702  1615  5003  925  454  1005  806  1121  194  1542  396  1324  619  102  1472  111  2193  39880  30013  10378  3514  244  5829  3498  492752  523086  5980  2586  1.36281e+06  0  961243  336999  722029  1.05476e+06  3161  84  377  1001  8928  58719  53665  36749  53638  31216  5336  2892  23191  4985  20292  4839  12025  8674  34435  42523  31688  187000  6059  1.28217e+06  183919  73980  86030  31780  529  20811  7632  54789  
15477  35006  54391  142127  40353  4967  365902  318318  24703  2619  2730  294  199  423  498  5347  1450  5083  2889  8585  2110  1115  2649  2398  2035  383  2583  1028  2701  1606  228  3251  202  5192  50519  83737  23461  6030  2188  8913  4718  220740  275550  189346  21836  1.39182e+06  1.39873e+06  0  1.00927e+06  920585  59174  3516  203  295  694  12011  64467  16889  67996  48543  55546  11810  9400  71789  12749  42618  9737  28354  17762  66943  83855  21666  64688  1239  251397  529681  344916  310057  114808  2628  70340  19554  181141  
16139  27992  46553  214851  34890  22595  458304  2.34192e+06  458561  158156  24042  32839  64107  22588  12188  14222  3304  14417  11989  84625  16749  11979  6485  9795  6054  971  9051  6126  7120  4023  537  12928  548  18207  241270  129985  114550  51614  4512  23285  15849  24543  22249  163295  553207  22484  150107  1.53114e+06  0  1.60134e+06  507485  521516  602284  575840  880864  134856  62210  8115  100793  33070  610459  96751  31804  66031  46054  20229  14882  23908  13925  10201  28726  3265  36934  809  123069  432872  734739  458426  234398  4342  106925  20274  327691  
737  1787  2025  4531  3035  3847  62096  108790  77381  10749  516  21  17  65  103  970  238  1970  1823  2389  229  96  291  247  310  45  342  260  489  266  52  844  60  1132  11924  6241  5888  3020  108  1172  762  2659  13945  5065  2572  9276  809310  703868  1.54494e+06  0  1.7196e+06  787  10  22  99  660  37754  5835  109458  68478  10124  644  473  3585  422  3605  607  3321  2710  6839  3659  729  4932  285  12503  78900  428090  63433  63942  300  31742  3963  69811  
930  1870  1749  3322  1955  1947  26287  162892  52400  66913  8104  117  107  367  144  3870  369  2409  1271  3338  372  138  451  365  466  86  562  571  584  314  48  1401  107  1990  17601  6540  12752  8754  556  1736  1479  30503  14168  3787  1856  15239  1.05537e+06  67973  1.00714e+06  1.44724e+06  0  56393  100  100  5791  2037  2.1315e+06  201128  185939  81198  14514  1266  817  6619  1379  12322  1989  20732  28835  18854  26415  31550  374814  58415  874884  147439  487016  291034  247751  2080  120335  14511  192143  
546  353  288  1310  405  173  1621  82292  3625  196181  236669  852  1341  6347  970  20374  655  2536  377  9315  649  383  125  271  349  170  642  615  591  318  70  1249  178  2551  16330  5778  10788  9252  117  1934  1195  212  122  380  1622  98  386  743  524518  318  189794  0  4361  11930  844409  9215  182504  218  20235  196  294481  2625  817  279  1987  191  1130  993  307  117  170  88  878  138  1148  4871  4453  4572  2894  395  1496  801  15565  
38643  2466  8027  518311  649  180  5659  204444  242  617  3193  863013  133048  49117  15059  1145  302  1860  783  50546  14505  11702  721  7213  14503  727  37790  29800  2890  2015  70  8471  77  2360  19220  16620  10167  2260  8117  7385  6532  43918  2325  21036  917565  902  914  8442  842198  592  700  5314  0  454045  316064  82919  971  184  2031  685  284199  80792  18788  1394  13238  680  1090  2035  3172  1388  3481  129  3244  41  4069  9923  68319  5489  2666  23905  1446  984  7529  
1353  277  851  19915  619  549  6305  86138  3382  1076  12767  33405  572929  189323  13317  1812  336  2272  813  95760  21879  15988  446  7798  830  209  1521  1068  619  329  54  1230  107  1368  12474  4196  6651  2964  391  1920  1374  4035  310  2805  48957  214  1048  1723  922721  313  994  17470  513612  0  564523  95335  2224  265  3826  697  425988  103218  23900  1035  20647  704  2943  2804  1573  489  958  130  1663  89  2901  8760  5944  10699  5777  31864  1803  1001  8732  
5433  440  911  34873  480  248  3045  143551  2105  39933  113997  46758  116067  677437  77938  14366  830  6150  1163  121678  27614  24630  343  12090  2014  726  3940  3763  1039  610  97  3009  324  2628  20195  5925  10029  7833  775  4467  1590  5054  463  3243  35605  250  1209  2059  696396  319  9281  1.00383e+06  238402  421444  0  510121  26050  409  14544  829  1.16544e+06  160281  33091  1083  26265  1042  8758  7893  1515  550  1026  191  1811  125  2745  8748  9662  9867  5144  29571  8893  1662  17223  
3330  384  899  25207  344  126  2341  36989  462  1380  9260  25143  35875  136754  378924  4179  826  9917  3504  152421  26402  21230  619  10134  2150  1135  3161  2369  1450  724  66  3131  456  2020  14339  3402  5882  2917  758  8611  1699  3832  474  3891  29000  337  4710  3128  111945  281  1151  4758  114623  177327  677021  0  2303  605  25618  8234  1.64443e+06  175026  84993  6120  638178  11312  74326  41249  2930  2436  1956  489  4595  487  4491  25756  8351  23025  11535  21992  50541  6336  16082  
490  549  808  2749  643  174  5474  18240  2188  13449  11144  106  77  470  159  21043  1491  6101  740  6558  431  164  308  453  531  112  488  323  1105  666  200  1805  476  1343  9013  3601  4012  2619  1069  2103  1270  32229  18565  9093  4800  15189  57348  30679  91039  84536  2.08153e+06  34191  217  204  1135  1867  0  1.87849e+06  1.20127e+06  129877  16752  1365  967  7462  1774  15227  2180  28257  69813  23980  56630  49595  731108  283045  945505  185295  159440  518314  236380  6128  99090  19150  216893  
1001  873  900  2701  1135  290  5978  15994  1743  2885  20088  179  194  3557  3421  51438  5074  41430  5628  67780  2904  687  590  1099  2120  1102  1953  1074  2971  1782  473  9273  2049  7459  42679  8988  17597  9041  908  8417  2978  44248  24742  7915  5226  32917  173766  64824  43178  29487  331152  5391  196  216  571  13426  2.53371e+06  0  1.09253e+06  1.74328e+06  126183  4273  1712  43673  5244  73105  13259  30056  48815  139393  353353  590230  1.87718e+06  230539  567752  98118  22858  240228  65854  4474  32093  18419  88245  
1518  1456  1523  3566  1186  269  5793  16690  1676  3475  9948  162  151  1598  1489  30339  4695  77856  21230  80235  27020  7588  5659  6756  5706  1427  3856  1793  8630  4033  546  12803  2406  7746  61920  10689  24808  13591  2525  26575  7980  15869  12522  10143  5595  5080  16924  24045  65389  69355  63362  7286  256  237  672  15589  809425  794711  0  2.7774e+06  583769  127327  52443  743924  102819  176084  24436  31118  27541  49665  47554  12492  105017  7664  70036  133508  25762  215561  90502  7292  65819  58250  123395  
2074  1881  1788  5136  1862  442  8654  23264  2651  1585  10822  272  248  2209  4049  20597  6922  73344  26498  123043  8904  2313  3062  4206  6521  1928  4869  2447  9176  4296  648  18219  3312  12730  92568  15929  37860  21084  2974  27266  9555  28725  15069  13955  10957  28247  156120  176429  62641  122719  54833  817  375  315  602  33487  56918  2.15698e+06  2.59795e+06  0  358064  19710  14150  1.8677e+06  56612  427249  57394  74496  38673  599823  1.03446e+06  1.41052e+06  290721  12274  80740  139846  29059  173934  76789  7581  73184  66218  113282  
9300  6576  6647  36958  5140  1460  18193  118337  5002  27838  106929  27030  31929  129841  156761  90925  22304  381020  137660  1.55266e+06  197606  100995  26247  59815  36059  12927  25035  10553  44556  20509  2358  66787  11552  42757  320216  53567  138832  75562  5621  155547  39554  9920  3426  8134  54397  1687  4735  11293  336907  2396  11377  276176  200719  285570  1.03748e+06  2.03649e+06  37486  7363  653455  77939  0  1.79844e+06  931824  59141  982293  78073  245462  179075  27733  27058  19600  6657  37960  4036  23367  146706  27366  98597  58219  28144  189299  54048  187283  
684  660  692  1641  400  65  1658  4931  161  212  586  364  250  871  1972  809  978  54294  14986  46028  195039  69801  8600  24452  3951  1447  2403  844  4711  2203  147  5128  825  2763  26545  3756  11164  6138  832  26452  3980  3240  2804  3120  2448  584  297  4446  10329  160  359  178  3208  4895  9020  79505  428  242  173131  8408  1.0889e+06  0  720188  84747  537107  14903  38290  29342  6286  4964  3923  313  5297  273  5080  27934  4148  38609  11319  2219  34153  20191  21834  
248  178  287  900  121  20  524  1430  43  51  199  119  61  169  570  240  216  14541  3667  11308  70641  51119  13059  23193  1285  536  758  270  1339  653  30  1255  202  695  11313  1085  3122  1624  469  12210  1217  3142  936  2917  2085  164  107  2085  3649  48  169  50  799  1251  2117  52395  208  134  77427  2792  424529  466586  0  93348  611428  9713  21145  17438  6346  5728  3077  97  3051  58  2903  18662  2954  16052  2114  2208  22045  11685  8521  
981  999  1732  7851  463  69  4448  10522  720  252  514  183  60  130  494  1122  400  32788  8074  19078  19138  14062  6869  31666  2928  766  1856  886  3446  1779  111  2379  294  1192  21189  4599  8363  3820  2850  16370  3670  59883  18360  48282  25021  7417  19863  70613  48382  13480  6287  203  476  303  349  15208  5580  7930  689883  1.34154e+06  210610  90774  217890  0  518046  865350  41658  67708  43602  1.11777e+06  962230  17344  76651  496  46599  108394  26620  219767  27722  12472  70676  80011  54609  
547  287  488  2732  116  33  914  2748  105  109  465  259  137  177  833  329  189  14161  3016  11298  36947  59897  4505  111603  3561  1427  1443  520  1980  884  39  1149  148  533  35393  1530  4001  1563  2641  43960  1690  11245  1354  9014  8204  462  1050  5211  13876  302  783  108  1503  2539  4026  459613  1060  598  188758  44679  584423  359173  765550  718270  0  1.87071e+06  282333  98673  42765  77914  19804  661  18864  229  12127  72184  12579  44196  7506  12623  139185  45519  27328  
478  240  373  2094  201  60  1400  3632  525  224  865  107  45  157  377  1421  454  7371  3019  9162  4807  3449  1781  9593  6394  691  1034  551  1872  673  62  1546  252  839  20366  1760  4969  2556  3122  17602  2395  10300  2350  6059  5479  6423  20581  40800  19059  8875  6389  213  368  385  583  52424  7732  5326  160249  204948  80989  19858  34983  1.21466e+06  1.93348e+06  0  1.83283e+06  1.80508e+06  265573  3.40252e+06  104640  6011  17625  324  11144  174842  19276  50521  16846  9547  342450  53718  35191  
150  88  129  499  79  31  571  2001  127  188  1084  41  54  221  449  477  298  4045  1470  6317  3352  1678  706  5548  1088  691  690  185  783  328  28  800  147  505  19495  756  2095  1124  958  19563  805  1240  306  888  1069  217  838  1488  16828  236  426  148  247  732  812  178802  642  503  30514  19741  88393  15631  18325  33912  276521  1.15439e+06  0  985994  40880  44834  6174  448  6668  325  3271  45827  3732  9066  3297  3392  295458  26842  20719  
1162  152  198  3664  163  46  1257  3784  511  455  2083  409  141  320  459  1258  414  3923  2013  7476  2334  1727  930  3362  1314  471  1401  1018  1190  483  44  1535  215  740  15227  1530  3700  2288  1853  10866  2140  31975  1613  1946  11099  1427  2418  6593  22372  1571  7046  569  2153  2129  2152  82228  8496  4025  30844  19431  50319  13593  16499  44322  68776  799324  630047  0  259875  102402  14842  1244  11523  871  79357  213909  24433  80820  19818  30534  529947  344173  36385  
3652  210  448  11464  168  58  1518  4850  1015  793  1855  1015  143  268  152  2828  308  2365  1013  3696  1681  2333  1160  3265  2073  235  3224  3094  1676  757  41  1923  104  495  5834  1990  5383  2279  6705  3658  3594  116359  4565  8025  30730  2768  2274  10182  22675  3027  20199  1341  3185  2202  2016  5702  33222  19334  35505  15513  23364  10343  19964  52067  23215  175928  5295  314002  0  289617  330541  3494  356818  2668  230826  83556  51070  177351  16544  60061  44186  124583  17343  
512  291  463  3612  183  58  1495  3915  898  245  1216  100  29  211  258  2696  514  5955  2338  8393  2155  2190  918  2171  1024  210  804  531  1073  544  63  1428  266  897  7781  1964  4155  1815  2470  3519  1387  20911  2195  12292  12578  10887  40722  72404  28813  21232  9893  270  346  185  211  5198  9819  13491  96820  317953  33177  9348  22781  1.2922e+06  56310  3.36812e+06  146109  331859  413193  0  3.90708e+06  15142  25647  433  11498  48115  15212  38199  9646  8157  47386  17183  18831  
1616  1018  1314  10413  1055  261  5894  14609  1045  1376  13295  356  188  2479  3172  29497  4104  38582  6301  61947  5122  3979  1254  2852  2436  1134  2528  1479  2996  1766  359  8707  1772  6838  40489  9738  17336  8103  1557  9050  3105  74817  12017  32909  35850  46147  101701  173223  31007  17542  13736  1229  776  389  628  25253  19741  299701  153793  674398  101090  25978  33244  644385  59132  134495  23130  43436  418924  3.6001e+06  0  1.58662e+06  3.4085e+06  1573  60994  65017  33169  92776  18086  9571  19691  19750  43013  
693  552  563  2286  778  185  4716  10204  735  846  9123  131  118  1813  2208  19714  2764  26234  4027  44084  1936  478  383  709  1459  746  1343  741  1807  1008  245  5793  1201  4622  27643  5889  11143  5659  432  5584  1924  14831  5922  5943  6082  39663  83917  101898  14473  7984  8740  756  132  99  312  12980  10042  592534  64379  932005  48830  7112  1906  60365  8786  32599  10576  12293  12697  57743  2.28237e+06  0  549766  1111  28908  34957  11508  49204  11471  1841  8965  7769  26459  
3067  1378  1932  16110  1555  376  10248  24283  2571  4585  29244  913  278  4717  3111  77735  6227  48104  6540  71653  6044  3825  1706  3473  3212  1030  3756  2780  4654  2831  638  11257  2539  8051  46834  13012  20892  10117  3855  10586  4193  225441  59902  26127  44673  55621  222806  70563  69731  7698  255739  6672  1472  853  1201  55771  471666  1.77606e+06  322127  316076  262078  38103  32027  202940  69417  92739  40587  48702  546457  131474  4.2539e+06  953843  0  874793  1.46649e+06  85616  64709  327492  37395  22610  30130  27918  59086  
83  80  89  248  85  25  575  1295  108  509  2796  16  15  389  111  9025  520  2839  211  3730  190  51  36  72  97  32  91  68  287  183  62  646  178  460  2409  721  1018  503  46  350  147  12578  5773  801  414  4779  19002  2824  4228  359  55777  899  17  17  41  1671  139010  236689  17700  7750  22839  979  326  992  715  1161  914  3587  11314  1488  5611  9387  545475  0  449609  3391  2159  35031  2452  324  1036  844  2892  
1481  1641  3061  11789  3241  1070  39324  77762  13931  5229  14735  310  165  1137  436  25383  1542  7586  1433  11013  1176  554  614  714  934  187  1286  888  1359  846  183  2435  458  1967  18163  10396  7107  2746  798  2929  1650  1.45119e+06  451635  40361  20309  628479  1.98659e+06  209466  191873  21393  1.64634e+06  14357  600  541  754  12382  1.36865e+06  1.08609e+06  127696  60456  77814  7548  4405  34787  10882  29240  8837  85170  169413  37035  109358  109587  1.73382e+06  857840  0  75443  39248  267877  23532  10750  15766  45389  38706  
3799  5158  9911  33071  13327  2450  120424  326530  26802  14453  19749  1482  2590  3253  4080  29492  5647  54312  22086  75465  22981  14979  12784  14362  9599  2407  9668  3225  9416  4488  647  12754  1709  10133  396809  74329  57258  45481  10043  45982  31903  148941  57117  148266  42599  42743  24521  364934  1.37481e+06  54451  409819  67415  2217  6290  14158  208661  435552  42598  587163  128851  768080  150768  129508  261284  118193  414171  202642  905519  425428  206696  61199  10887  89411  3491  99600  0  1.51532e+06  1.18109e+06  986566  108132  2.16027e+06  1.64185e+06  3.86859e+06  
8809  3413  5725  52773  1846  158  17965  39929  1091  4048  7360  870  183  804  620  10259  827  5766  1541  9546  1477  1307  1016  1947  4744  468  9943  7472  2558  1501  119  3905  277  1513  20080  15967  8586  3583  10649  6199  4974  115756  85967  147764  100875  13180  6658  138480  212035  52838  95373  16989  1052  784  1087  15371  74051  9057  61072  11179  82324  6985  10422  25191  11550  21331  13780  44224  27756  19075  18890  2500  24730  2654  24206  1.13469e+06  0  487242  275003  505532  213611  51958  293137  
3802  2836  5349  25101  2176  415  20746  74231  7515  18690  19622  894  463  1098  998  17088  1321  11179  3879  16372  5002  3629  8006  19821  6909  1039  4174  3068  7340  2990  276  3419  416  2194  33652  18112  55892  17544  98744  17885  10813  129208  47507  130253  62482  15346  6144  141473  441657  41431  516591  58675  3423  3045  3986  47190  390688  20360  233425  57149  188229  38871  29960  101647  23500  53524  33879  85121  56200  52257  36336  4694  41019  809  93464  585986  658216  0  2.10899e+06  320948  120906  114533  299396  
352  590  1049  3613  1018  273  9848  26735  3636  3997  4225  101  216  397  390  4807  550  5113  1868  6959  1349  515  797  800  1039  210  573  224  826  389  76  1062  148  849  21728  6380  5250  9151  636  4980  3284  14650  8305  16081  4803  3960  3863  49803  209937  27098  201907  14691  144  517  1365  22136  135080  6623  85991  28297  79302  8265  3238  11224  5106  17689  13870  18566  7140  18904  9654  1497  8265  316  15298  352941  170626  1.46019e+06  0  4139  380394  90520  751374  
9024  871  1690  19635  48  7  1257  5849  44  178  386  2328  863  793  417  621  116  921  436  3007  1560  1796  485  1709  3615  212  8550  8016  1339  1006  27  3120  36  311  2968  2921  4095  920  9273  2326  2390  48524  712  34571  49030  309  544  8002  10252  346  1736  409  31282  27466  25030  6124  3119  970  5932  3483  24874  8840  7022  13283  9306  13692  2583  56285  78771  31020  25394  655  36216  124  38810  57901  400311  136690  3260  0  13021  36519  3046  
1022  372  446  2551  377  111  1791  5709  461  2106  12002  689  397  3481  4056  4312  1205  11556  5477  21505  5597  3429  2670  20192  5739  3552  5097  1111  4184  1536  135  3450  590  2047  101778  4280  9665  7683  7057  82132  7207  4574  865  2384  3540  725  1085  5136  31809  3036  28019  2551  2797  3370  8277  132693  17139  1750  41636  14255  76110  19160  22623  31179  65753  196131  685662  984843  83605  42857  7853  664  9373  277  17290  1.77182e+06  105744  97994  157577  45762  0  1.42e+06  225409  
306  152  209  1079  214  48  1569  4676  290  359  874  172  102  224  301  1082  383  4583  2070  5434  5568  5368  2457  3025  874  279  786  330  923  395  39  985  150  529  20976  2135  3828  4232  2607  4881  3640  8806  914  2653  2392  558  427  4815  12664  562  3496  684  724  683  907  11641  3966  1334  64127  14875  29199  42237  60936  169565  31259  36118  11036  620680  80059  12816  5911  434  13151  201  43170  989829  49753  156910  68235  41494  1.30901e+06  0  173778  
9644  13285  20486  24885  18604  5717  83356  387752  24885  332988  101732  868  3212  5555  11572  366888  26928  150343  77698  235785  42983  11439  50987  41685  68161  18874  59535  15999  45454  22495  5620  28145  1993  20593  2.06175e+06  577920  443227  1.63186e+06  10170  141116  212336  22787  17078  22098  7961  14185  12629  114828  563240  65109  482310  58239  556  1234  3480  76274  361024  21982  308287  76378  330469  80886  34005  81748  37557  48571  49237  69535  28830  29085  15685  5294  28063  1664  42518  2.74079e+06  390103  915449  2.36807e+06  6010  881755  291733  0  
