4104592  
2643657  
600177  
3919214  
3647100  
3926206  
5561642  
11169550  
3807539  
6020315  
2437408  
2582141  
2447663  
3500950  
2783159  
4961590  
7129750  
4741711  
7161051  
7824047  
1497559  
1319251  
3760086  
3355399  
7797529  
2232423  
2164047  
1518787  
7877704  
10126739  
2906101  
9731228  
844010  
6972743  
10891765  
3655779  
5515708  
2188273  
739455  
3989427  
2380490  
4272330  
2309871  
447759  
3848732  
3682905  
4661694  
6551137  
10854849  
4645885  
6654558  
1939970  
2577962  
2007535  
3317550  
2746582  
5662245  
6998891  
5380807  
8108977  
7970500  
1820590  
1207171  
4526347  
3824126  
8251510  
2058581  
1897940  
1672957  
8143554  
9205176  
3120392  
9314457  
916453  
7421735  
10498154  
2780542  
4773056  
2292014  
729873  
4023009  
2198472  
9497317  
