4507801  
2631312  
689568  
3743450  
4039752  
4426258  
7726971  
15092162  
4239556  
7171625  
3215741  
2253537  
2521663  
3902984  
2896347  
5859354  
7356631  
5892854  
7257876  
8843914  
1412223  
1251101  
3853771  
4108527  
7570819  
2211717  
1969683  
2288816  
8273637  
9792061  
2792393  
10595971  
818160  
6929530  
10341652  
4330333  
6009616  
2503303  
789678  
4216303  
2289730  
4365230  
2207592  
388148  
3222737  
3917070  
4905110  
8229634  
14830757  
4794673  
7374518  
2483180  
2772884  
2291558  
3713280  
2787406  
5669344  
7496595  
6621093  
8678333  
8484109  
1763096  
1126939  
4732476  
4063313  
8191083  
2159520  
2093383  
2215620  
8714972  
10294014  
3114558  
9402216  
938046  
7160055  
10149066  
2928096  
4950890  
2497835  
684973  
3778305  
2259061  
10541668  
