0  1.21056e+06  73852  739342  187421  32059  455775  60510  5707  13875  5637  75605  44338  32218  6956  11221  18276  25676  9906  34803  3419  12044  21799  61453  15813  3177  14816  129707  15048  81528  6995  145768  673  713743  33477  94055  245285  35596  14495  25654  38254  11557  492  2157  18751  611  477  2170  8409  247  1018  1324  7210  1539  948  1127  772  344  3190  502  4769  573  436  847  1397  744  108  283  1492  1294  912  70  1020  27  1763  8895  26779  4077  2754  1609  1541  739  27564  
916533  0  7947  5877  636199  45230  444518  77336  6831  21607  8054  309  1045  980  2532  11948  15713  36289  21480  27306  4463  12448  20359  94224  21551  3807  18012  24030  18737  65620  21718  33223  189  13732  376376  741597  462620  114910  2114  92976  34106  536  1615  433  470  4494  3807  7548  16640  1942  2895  3155  171  297  333  738  1442  512  5729  1116  5621  1440  923  2689  2341  1585  253  627  866  1683  872  128  609  46  388  38242  11562  15770  12128  234  4087  1960  204812  
33470  7623  0  149672  497  1528  204949  90032  2307  2754  1259  177  171  251  385  1677  391  6350  2242  5308  1172  3011  5045  27221  12763  2003  1844  10833  5890  18382  574  14207  22  258  33865  120887  132587  9553  19728  23197  9730  7330  8136  12156  10707  1761  195  18206  8369  117  530  740  824  739  673  600  681  208  1968  440  2346  672  666  1324  1506  1299  102  1038  1388  1729  866  63  350  9  338  43305  69060  9322  2490  2435  3756  1911  17479  
902647  3533  176293  0  768  1567  49605  610066  1336  2742  3493  640021  36072  21723  5427  2456  908  5976  1273  18765  1548  2160  2595  12301  6993  1074  19282  64344  3378  13957  368  32093  109  15773  29138  139447  92316  7501  58479  13011  19215  83278  7627  92678  631807  2177  793  90589  74079  298  1040  1609  69034  12799  7904  4044  2460  745  4410  1329  10249  2206  2913  6093  7047  4439  410  3659  6919  7925  5201  154  2455  39  4450  120841  301025  38326  5704  18651  12602  6541  16284  
279093  1.05413e+06  4091  3441  0  1.10617e+06  1.05801e+06  285693  10193  49565  11843  1220  10541  6503  10350  30824  53422  54278  38208  44634  5277  17656  29062  62647  13505  4728  18826  15488  23404  86954  42402  41498  1028  248479  365345  367432  521402  76484  1985  61813  23466  1155  2440  940  1148  20108  23030  37123  56936  7619  4864  5378  810  1957  1057  1707  3132  1082  8483  1816  9280  2215  1476  5659  2579  2722  407  1677  2557  5969  2789  253  1196  75  811  138926  31421  60957  33934  365  9447  3938  139829  
40708  67592  2008  1734  925395  0  389475  503634  562603  1.13441e+06  9612  659  4609  3481  4618  57107  100647  81904  77963  28380  2778  6384  11399  16228  13378  2615  4026  11988  117053  178964  50479  91260  2098  637451  35831  46609  202265  19819  759  10188  3280  1924  2225  1281  1704  16520  54352  44406  148400  28941  14511  10640  625  1536  1534  2211  4547  1381  9547  2864  11305  2913  1514  8192  2088  3927  545  2406  3845  9298  4977  348  2187  104  2646  212330  61792  103507  50500  449  18330  5480  69253  
501457  840905  239229  41564  1.60384e+06  588481  0  2.32521e+06  870941  44005  13291  895  3710  3495  5283  10464  12859  76374  78281  46687  6747  16543  27891  144606  58193  6657  20210  41560  160444  239040  69397  47818  144  1868  335397  571022  459946  68764  9690  126698  40301  7974  44066  12432  6346  66213  44912  130198  120032  17047  5753  6171  1009  1702  1520  2994  5388  1809  12975  4148  15455  4333  3268  13152  6347  7505  818  4591  6577  15283  6875  406  2156  111  1712  313684  141578  129157  55749  1596  20172  9451  164253  
47157  99056  137231  542083  199149  366399  2.10193e+06  0  1.51288e+06  729042  942225  574161  1.10231e+06  899737  201658  38022  11882  117279  46763  573968  21963  18808  32189  102900  121952  32463  67174  40248  109157  50027  6806  38614  693  11716  1.5641e+06  1.85374e+06  1.19937e+06  433574  32618  204420  64999  51877  47941  84755  98150  123174  78861  253730  1.11489e+06  38110  85635  121943  58085  112094  47853  30842  26785  6534  48443  11139  99619  17536  10390  35089  16749  19425  4054  12390  17488  35047  17625  1270  7861  410  8490  784312  505032  449144  225044  9285  105785  28347  924117  
1981  7914  1664  1310  15827  550331  865921  1.61474e+06  0  1.77076e+06  8227  267  509  1206  820  10928  16257  150236  163787  14681  642  634  7267  2605  53608  1581  2533  9425  160774  71515  7275  9392  107  1687  37748  33705  57191  17979  610  5796  1850  1046  1101  610  1051  4852  19709  12183  70268  14228  11339  9359  240  518  771  968  2227  656  4723  1279  5278  1463  747  3366  863  1702  256  935  1542  3285  1993  198  1070  63  1609  78173  38406  48677  26623  457  12163  2513  50298  
16770  26218  7219  9066  82346  1.10101e+06  177141  1.27343e+06  1.68939e+06  0  231906  2492  3823  10293  7610  2.23192e+06  227787  205733  120973  75312  3412  3826  8584  9576  21058  4457  9330  24525  70940  77618  23464  141479  11841  378422  273187  375712  475218  296811  8766  15793  7451  5182  2792  2993  7082  7684  8030  10338  148473  5173  112977  135393  1828  2377  5793  3838  22141  3444  22973  4367  24020  5492  2319  7828  2517  4969  882  2916  4241  6939  3753  393  3432  428  4499  248328  198804  181753  181294  4316  98714  12531  362262  
12086  2660  3559  7996  6535  6110  10499  946443  2056  215871  0  24944  66742  1.1283e+06  28161  132887  6159  56452  1537  896130  7410  1806  1763  4296  4551  6047  9540  7083  1831  2343  260  7010  736  3543  276724  307167  106384  98461  8413  18612  6068  3016  1685  1584  4419  4747  2659  4922  85332  798  89112  188943  3274  8502  47054  8392  74444  17629  56611  1997  62644  5585  1485  3892  1578  2635  1477  2123  2790  3557  2411  1080  13185  2690  5874  172320  92681  71721  86470  3078  49009  10623  236417  
149501  203  2321  773887  385  469  1910  708781  127  424  16136  0  524625  225898  76924  439  244  1397  181  149104  5202  942  289  1933  1844  2008  11849  24422  223  641  40  9325  31  7215  9832  12870  10134  1767  36227  5056  3673  45513  1101  27115  165106  2044  753  16599  92357  210  744  1551  388038  33565  13371  12886  956  310  1751  508  26634  2205  1042  2127  2853  1029  461  733  3194  2777  2193  74  1801  17  4480  19421  41376  14131  2474  5182  1960  983  5244  
121308  902  1025  46997  2199  2087  4515  949678  506  1572  76057  590272  0  886764  248373  1324  538  3634  420  433403  10952  1794  774  4582  6733  8072  37315  73366  659  1549  109  21494  70  18183  41326  33614  34558  7473  123928  17398  9295  6084  1320  2077  10957  5200  3741  5648  70117  810  4295  7181  38717  174174  47466  24365  2291  781  4761  532  55698  3786  783  1938  1950  1120  1815  1092  2398  2215  1410  118  1417  57  1849  34604  14218  23591  8304  5817  3211  1497  21827  
52291  2637  3176  23263  6168  4684  13422  919726  2538  10318  1.31864e+06  167889  598102  0  603834  4775  1899  11442  835  915206  25469  3429  1083  6656  6055  8845  19614  27088  1073  1832  237  10672  356  7649  96273  85090  49367  22344  40444  19495  5843  4308  1517  1970  6441  4091  2837  5694  70970  952  50770  73947  12266  66562  230485  88186  14445  3512  23777  1364  110700  6901  1297  2790  2204  2246  3562  2712  2257  2591  1701  510  3754  300  2213  79453  44137  47836  42901  3870  25016  4425  89822  
39596  822  1212  13069  1966  1288  4243  172300  500  1177  23405  82934  267145  628594  0  1671  1933  40587  2940  1.52614e+06  52211  28694  2070  489702  28252  154494  69078  18609  2321  3338  154  12401  368  5564  35533  18393  19219  7583  16496  106349  7922  4092  543  1592  6373  1604  879  2553  29366  291  2432  9868  8673  31499  144587  327828  3735  2669  26493  2771  158603  8888  2102  3244  6546  4910  3077  2490  2054  2133  1435  491  2972  130  1496  21648  7280  8372  5006  3121  6640  1927  22207  
15473  17667  4695  5963  56325  89754  61908  83926  89047  2.37267e+06  303154  1950  4408  7078  4443  0  2.02386e+06  677444  81128  150238  2522  1958  4361  5316  9984  2907  7002  33543  33234  26251  7441  213037  77049  447785  68708  80707  445613  112612  6864  8493  3513  1279  1008  467  1186  2051  2052  3072  13772  967  31420  45544  534  530  3168  2314  62621  12518  35112  1017  27496  2409  565  1523  721  1185  567  844  1193  1839  1281  578  8102  1950  3146  63481  20363  20058  28699  1029  18931  3998  109028  
25097  40006  3303  4126  102434  192049  42108  66429  59515  409466  182666  1860  6494  8776  55724  2.15964e+06  0  1.13162e+06  1.45624e+06  845985  25683  4342  8705  11364  38028  39232  46784  38354  85787  417934  533553  1.85595e+06  512503  403943  38573  33980  379817  41646  5013  74554  7233  1457  859  573  1727  2245  3030  3153  17617  1344  15077  35174  599  952  3978  7580  129249  36771  271891  5357  148854  6020  1383  4322  1842  4664  1863  2292  2844  7163  8937  5708  29845  3055  5123  136932  17740  27390  49825  1212  37374  9741  116857  
8565  14608  8913  9180  31739  57476  78728  142776  213681  160781  69286  1178  1380  1436  3601  462638  777446  0  2.89437e+06  879172  189959  13293  910722  25485  231928  35298  45903  70179  157475  74667  4044  149489  7159  32349  210355  61197  350382  148427  13941  177978  84538  2908  1915  1323  3574  4195  2907  4876  19489  1391  4688  6052  924  923  922  3850  11479  20951  145210  36922  71777  14637  5434  24066  13330  51684  4375  7903  13560  20834  12365  4951  25504  916  5399  128211  18623  53389  33958  2037  27318  27701  207508  
7797  24306  7474  6490  35319  80608  148188  154261  282313  97766  9196  633  1166  1238  11222  28651  1.87954e+06  2.93556e+06  0  203132  13193  4442  1.21866e+06  17409  526758  46764  49214  73255  1.06248e+06  1.64288e+06  956710  200401  1860  27997  102451  33166  214729  69033  7829  147955  56695  1027  1054  506  1169  2048  2631  3530  11997  1553  2468  3107  340  348  435  1549  1973  2397  30906  7858  23408  4433  2095  7226  3441  11737  1103  2123  3601  5254  2788  754  3522  93  1400  44855  9365  18188  10728  687  7612  7612  87879  
69944  7449  7998  30793  17658  9764  25780  362578  3719  30441  928092  125592  275874  659336  1.83695e+06  56001  31984  1.09125e+06  33078  0  1.61638e+06  496652  18927  553843  71654  127487  123234  62965  13460  26203  1476  96727  5796  23741  301439  133459  221504  119094  30738  258748  62763  8778  3607  4880  13928  10344  6837  11562  94025  2361  20428  48604  13046  37441  92683  176570  49806  63398  545653  108946  1.29557e+06  103043  22058  84080  63384  130696  15501  21484  29715  53796  31571  13140  67448  3087  14329  347882  52215  128864  97006  5971  82725  63858  328065  
905  773  755  1001  1794  479  2057  7374  142  356  1843  628  1467  1614  80797  447  538  98764  4194  834807  0  472684  35072  127521  6739  7262  7877  6194  1464  3551  114  8577  76  1925  20002  3896  23683  7509  986  22125  8598  642  315  361  941  733  299  735  4784  97  251  446  496  2879  3308  12792  334  1072  21687  11065  98732  135100  30205  22313  23618  19537  2299  2701  2848  4258  1547  206  1961  47  1065  19784  1864  9578  4081  384  5623  5083  14488  
1170  2186  1407  1146  3914  637  5306  12107  160  186  296  212  438  404  20564  146  202  25410  1171  122128  400652  0  67323  563998  5628  7032  7441  13472  1638  7583  139  11058  18  1919  25952  4082  44372  6898  1078  47247  15625  407  389  233  491  536  116  682  2099  33  75  110  172  608  546  3099  97  120  5126  1517  20701  90258  46720  15419  80751  5503  781  1595  1592  988  554  27  717  11  453  18819  1074  4402  1356  181  4883  2745  9253  
4365  15509  4121  3610  25386  8712  24186  60607  21601  6142  4834  271  523  495  1346  1933  7659  704494  1.21975e+06  85727  80994  68313  0  477665  1.16705e+06  71932  33016  29777  1.0717e+06  447525  4828  94943  324  14478  38468  14512  126860  31036  3163  60625  24074  398  557  194  395  810  637  1382  3677  410  538  692  120  137  122  709  697  670  7646  2363  9661  5609  3208  10905  7445  8555  477  693  989  1291  681  117  964  43  341  17333  2889  4333  2411  237  2672  1762  32266  
6297  14914  8768  5922  18701  2491  30738  66067  1599  758  898  1093  4182  4044  393395  483  832  42288  9697  393187  86910  599589  440108  0  1.41641e+06  463718  48278  59197  21287  50815  765  49365  72  5210  61870  17856  176553  18217  3162  190887  53380  832  1550  513  908  1548  279  2712  5108  92  207  223  378  401  296  2110  307  352  8312  4299  16226  8194  20003  34781  145977  11696  1802  2761  1924  2225  1010  76  979  23  653  36688  3455  6252  1982  349  12855  2512  23350  
5438  4748  9136  7278  4849  8087  35326  91891  16258  7015  3727  1933  9832  9189  21336  1917  4417  175623  210550  93670  16406  19576  947777  1.54246e+06  0  1.80962e+06  1.26152e+06  167602  3.09468e+06  101558  1025  54763  179  4760  110350  33032  99568  51172  5737  836147  120500  717  817  442  863  1057  946  1970  7392  596  763  1098  585  866  305  855  762  1222  14601  2848  11450  2012  1450  3055  7254  5573  742  1363  1555  2339  1424  381  1509  57  708  27056  4662  7725  4803  340  7477  3198  45611  
2799  1280  4729  3298  966  929  11784  33252  2302  790  1074  1643  10256  9688  61644  259  619  40157  24480  42109  8339  5278  83955  375572  1.73354e+06  0  612978  19116  70300  33900  387  26548  48  1655  20200  8131  26626  4304  1416  460184  35295  227  245  141  381  288  151  593  3207  45  115  185  519  950  162  372  171  164  2127  458  2649  624  596  992  2880  1299  300  519  261  359  216  54  241  9  130  9124  1036  1435  647  108  3224  484  11081  
14737  884  3832  11887  1017  856  5783  62733  881  1476  2760  11358  20080  16000  53153  1596  1438  31862  9928  38909  8527  23281  29038  42657  955432  607068  0  182959  34978  4956  217  6189  205  5682  231055  43798  106264  115275  25881  656312  522696  5948  493  401  2885  1034  366  1511  7856  120  399  555  2131  2475  447  778  598  739  9888  1384  7661  1079  875  1663  2864  1849  357  851  1911  1829  1220  198  1465  36  1920  17083  9195  4922  2611  1435  3885  2037  55948  
209448  5084  39030  138527  2908  3310  40718  51589  3020  11451  3922  20770  18880  15098  4634  21026  17209  39719  9519  35231  9935  49422  41235  105345  149434  6287  205374  0  160608  245939  2265  277197  1996  68138  158365  98668  449958  183581  39212  124724  627295  16938  910  1787  17226  805  363  2363  5748  116  445  679  3315  861  610  822  1041  764  9921  1611  7832  1128  980  1913  2842  1800  202  671  3320  2725  1875  204  2232  54  3900  12859  37190  4768  2491  3235  2214  2312  41102  
4266  9377  3790  2772  8769  48171  294127  129100  272421  30144  2963  220  550  583  1482  3823  34100  162213  514155  43557  4297  9988  1.06141e+06  68405  3.23456e+06  45425  54120  231811  0  3.54544e+06  45156  70740  165  3137  44924  19321  49520  18544  1791  105473  12235  346  601  222  352  2088  4937  5189  10969  3079  1045  1292  137  176  182  411  873  626  5966  1299  4253  735  512  1665  1385  1529  173  468  804  1591  872  161  794  28  419  22568  7015  10229  5393  154  2661  1543  21376  
45472  115068  20632  14363  113704  225969  580473  140261  225204  74111  19007  566  1420  1395  10337  22710  500067  256990  969117  177193  19295  40843  428726  200534  162500  26596  24704  210085  3.0207e+06  0  1.76833e+06  3.01025e+06  585  30631  128444  53467  226166  81269  5378  167697  50163  994  1777  681  976  4034  4647  7483  14992  2438  2726  4319  300  373  566  1600  13098  5487  56656  3166  28876  2476  1503  3723  4645  3533  528  1193  1658  3451  2840  1315  5547  365  1148  48223  12083  16685  13440  479  8774  3976  70825  
4499  35295  1272  974  40101  72072  109014  15834  13940  18973  2378  64  255  268  3365  7215  843537  30619  560224  32174  2224  1013  7148  3740  8104  3693  4059  2923  35368  1.73385e+06  0  745611  186  3855  7875  6745  27267  14192  341  8586  1205  106  206  51  122  710  542  1117  2562  299  640  884  38  67  115  226  1775  771  10500  374  5281  281  108  346  215  361  51  132  197  513  524  254  769  48  131  7305  2145  2844  2320  66  1401  561  9518  
262891  79067  34222  80577  141273  179757  166998  124810  21185  162017  73952  6397  7778  7193  56966  269977  1.86065e+06  540162  280132  752313  93301  72953  217812  225002  141640  74873  77153  436053  54925  3.23116e+06  663447  0  897804  1.30869e+06  159509  76572  844822  89826  11765  253727  96570  5082  1677  1493  6750  3201  2715  4862  19122  1254  5849  12122  1425  1041  2530  6720  39825  41569  344306  10300  150398  8655  3256  8847  7767  9413  1815  3067  4855  10731  14314  10373  43487  1636  4497  144840  26484  34050  41918  2052  30447  13885  141411  
3211  2550  353  475  8665  4148  896  3726  120  15406  8192  174  484  649  1146  92273  255130  13966  1729  27097  915  269  748  561  915  900  1363  4289  327  1175  360  629429  0  207958  1612  2001  52484  5072  701  1840  343  112  68  45  142  131  112  140  787  42  850  1841  51  42  255  328  5235  2514  9755  199  5447  260  55  160  83  199  95  112  168  260  279  243  1896  173  280  6022  910  1561  2399  87  1642  458  5686  
898692  163815  3472  10045  597861  1.05119e+06  15883  40895  2216  910514  19299  1679  1921  1889  5057  958811  913268  127139  20223  111652  8631  12347  28463  25574  12688  6037  14433  87825  9073  89233  18616  1.00197e+06  475922  0  13370  14993  816492  18184  3124  14506  27111  811  237  173  1033  628  1247  1270  5822  771  2099  3806  321  181  478  924  10649  5317  31344  1002  16520  981  349  948  821  1003  247  388  652  1211  1244  816  4665  309  755  20758  4709  6471  7127  282  4704  1577  19230  
22300  32010  117828  94571  37372  10976  180177  1.90774e+06  8564  418750  748563  9933  38657  28983  79583  218716  5094  456352  68665  1.03496e+06  92693  68908  79148  159552  158756  55213  504585  305889  76387  173178  2697  170483  471  9367  0  3.96782e+06  245953  194460  352959  1.78267e+06  816829  8743  28472  10785  14411  47266  19551  75022  236385  9017  63106  87730  3957  6263  8353  21929  37497  15550  166733  18693  189645  59393  38619  102045  32423  26913  5975  11868  14332  21560  13589  3043  16366  1031  5662  934872  176588  179815  123789  4884  86378  51348  4.1928e+06  
15542  11028  160936  135073  5333  2939  167750  818460  2278  22595  131445  2061  5969  7386  10251  13653  738  31693  4260  132932  7760  6890  6179  16199  34948  6490  97252  63551  16700  27361  420  24372  66  1204  2.68208e+06  0  152623  142734  488473  292367  133615  10625  43114  14789  14513  50830  31023  96492  224469  18805  55370  44213  2105  3099  4423  5173  16922  4961  32942  4886  35264  8011  4633  15513  5591  7752  1163  5419  8420  13538  7029  746  5012  426  4496  340416  200553  179913  98142  5490  49395  16940  576816  
82942  107092  274196  306352  259075  104469  328555  1.93482e+06  13834  536924  162432  15850  19575  24946  26840  504432  74076  518637  55346  367743  30464  40253  60557  93177  62047  17898  87451  168752  64800  140342  33812  168038  6990  117677  105453  1.80741e+06  0  1.48901e+06  199289  61722  132978  16748  15938  7437  15682  23526  9720  40040  166915  5315  59873  77558  4910  3820  5957  4672  20175  5892  43309  4578  36828  5412  2880  8539  5612  6492  1018  3537  8611  10424  6469  1009  7618  521  8088  207417  139100  128639  98539  10604  53968  10657  148357  
4884  14479  21140  18739  25806  13840  38593  319958  2474  263985  107059  1969  2673  4297  8339  167892  6543  174272  20228  163897  15477  6892  16869  8189  22452  7129  22153  21802  25463  35312  9505  14936  706  4688  83929  357587  1.40598e+06  0  55775  25763  71223  1734  1490  808  1728  2250  1228  3732  24318  514  19682  22793  635  647  1453  1207  6484  1792  16083  1578  13407  1902  797  2252  1127  1883  270  1008  1870  2212  1406  347  1966  178  1223  43607  23506  24170  29614  1993  18501  9265  210834  
27527  460  56937  123365  198  180  24157  34206  174  1429  5678  28394  26323  22009  3963  1609  243  5317  904  20007  1250  1078  1380  2484  6097  524  34911  57827  1396  4270  98  8943  42  1989  167016  441456  169001  12247  0  16447  29991  18385  1613  2235  7969  499  189  3386  3520  64  456  712  2607  912  699  651  818  396  2455  396  3085  569  445  1328  1252  1397  75  3108  12163  5844  3743  77  3928  33  8494  12704  48339  8153  2765  21706  1731  12501  11923  
7580  2665  9310  10075  1728  1592  21895  117101  3476  1902  4179  6854  39645  21361  108815  1120  1502  57698  13282  123199  26961  20205  17122  67242  359519  319595  1.54541e+06  90204  69222  65436  762  52532  250  4744  1.17601e+06  51604  81431  39660  39056  0  1.3986e+06  2132  1059  1102  3235  2104  1114  3023  19118  346  1797  2421  2518  4143  1041  4175  1952  5659  100836  8712  70035  6112  6926  9047  34223  16309  3849  9594  7084  10248  7306  2181  6792  235  2469  164130  10616  22407  16250  1304  57063  15846  64863  
13642  838  2434  6590  782  271  3537  23628  201  887  3667  2623  3948  2566  9317  808  435  33758  6966  33227  12605  48445  39995  57962  36586  29379  1.27878e+06  223404  2715  9447  108  16385  59  6249  748428  59084  137745  251846  54128  1.12053e+06  0  601  485  232  963  732  238  1109  3741  93  702  927  500  402  175  654  760  827  14354  1676  9827  1724  1289  2833  2205  1727  227  750  1250  1426  971  261  944  31  387  21490  3956  4053  4111  618  3919  4441  154518  
4575  610  11759  39151  594  767  13256  23834  377  618  1906  6796  1841  1436  534  472  439  6220  762  7311  2828  3703  1135  5458  1397  231  2808  7965  420  985  55  3016  63  607  16541  26741  12556  3372  5109  3292  2086  0  1.13183e+06  98301  1.00998e+06  343520  64336  670525  106321  2682  10394  4062  67702  29684  18441  8523  18989  16956  22088  17852  26315  9434  21216  59862  58270  19993  1603  14736  85917  57786  111982  6592  137078  2466  784794  120969  136712  236300  24246  17524  17212  9149  18184  
1136  3456  15294  10047  1086  875  55437  53034  537  1714  2084  157  146  216  355  1313  267  5146  1029  5794  1479  2816  2630  14251  3066  448  3991  3239  1406  2795  180  2269  41  148  81880  149297  57355  11605  1566  18783  6492  896694  0  12301  13261  584688  12462  413764  84942  2388  3392  3444  1543  1203  1266  2565  6533  2850  9006  4460  9671  3602  6775  19776  14664  7528  601  3247  9902  23574  19688  920  13582  135  7389  211127  103824  117893  34583  828  12068  5881  50791  
1779  366  16974  40992  192  256  10945  20810  134  243  410  341  101  123  109  151  42  848  146  1248  393  600  326  1675  515  82  376  601  240  530  24  544  5  62  7584  15095  7449  1242  1283  1726  741  57198  3628  0  129554  3351  1027  146387  177670  527  548  757  648  2775  2398  2352  1581  543  2703  983  4945  1331  2545  5376  5910  2665  252  1937  2727  4324  3351  129  1478  21  1051  79268  93652  34608  4643  2868  6918  3087  6648  
29471  659  39505  483904  327  424  20361  64402  230  566  1482  70668  7778  5068  1581  380  167  2706  397  6876  1988  2159  754  4146  1265  220  1663  6468  494  1418  51  4548  22  1191  13602  47080  17780  2479  10497  3436  2029  879120  4039  157553  0  4496  3395  27298  547627  972  1690  2870  793092  71057  36912  11477  5740  2503  9246  5115  24121  5720  10671  22575  31981  11315  1026  7620  32034  24765  22355  594  13324  144  24531  89305  249325  109436  6471  44445  13017  9069  10026  
758  8655  3662  2291  13715  11650  71267  204011  3519  2701  4707  242  614  646  837  1789  719  7709  1379  12603  2347  3053  2221  9882  4091  617  8906  6879  2770  4645  464  3776  46  475  182559  227569  63120  16447  1064  29798  12976  361080  689883  3285  3124  0  773704  728630  181489  49165  24883  5821  1273  3466  2222  6065  19540  19729  21578  21073  19447  6994  12296  82872  21567  23095  1751  4182  7112  139469  73120  6100  14592  1074  232520  152240  58162  233629  55787  686  10412  5431  65810  
583  3128  1101  1044  10852  41369  43526  116690  16526  3755  3894  230  1546  675  563  1460  1291  5516  1040  8349  1456  1117  834  2194  3047  327  2020  1660  3287  2076  391  1935  59  1533  99568  54093  54331  20195  518  5957  2988  75968  43770  1622  2391  1.02855e+06  0  640211  556794  594829  1.39052e+06  7153  1773  9604  6971  6110  60374  55483  29550  56585  23169  6785  5272  83039  9500  33934  1992  8331  14173  230634  92417  9660  56911  4321  824513  27642  13554  125485  18303  762  5849  3602  52779  
3472  19056  40078  41963  44291  62640  225267  523995  19830  7799  9928  663  1898  1703  2259  4624  1843  13160  3137  26204  4252  5489  5252  23659  10815  1637  17829  14434  7881  11861  1516  8629  66  2152  444734  560298  186475  48336  3917  63958  25742  365102  365639  151201  34715  1.28635e+06  894601  0  2.13854e+06  1.2074e+06  33063  6254  3308  14537  7216  12769  7602  7666  18302  60424  29420  8094  10508  223561  26566  66669  4084  8530  13934  362706  89216  1221  9810  165  6240  274431  195459  163554  36730  3179  26996  10539  156435  
15921  21488  47413  92517  41265  113423  223297  1.61822e+06  67686  48542  74831  37547  36017  33967  24157  11225  5284  41108  7640  120768  33865  12394  8095  29530  23256  3694  23674  18997  21050  14857  1720  16046  550  4019  752052  712565  338462  137237  10311  72405  36560  82413  85706  205651  561152  290393  381903  2.35907e+06  0  1.47318e+06  457896  809187  1.54707e+06  1.28311e+06  907914  229596  53030  12360  148209  47281  557915  84222  26255  89208  56489  53025  35615  37046  45414  97457  50122  2666  24505  843  28271  1.89287e+06  1.94602e+06  907614  516609  14505  304806  60970  887631  
632  2423  1065  1018  6574  51241  32234  137366  32314  8619  3334  205  1474  516  402  1134  849  3648  1178  6152  1013  685  804  1403  5408  252  1699  1268  6612  1756  281  1554  42  1152  99584  54550  51825  18670  546  4241  2641  3013  8379  1851  1903  76205  852385  1.14656e+06  1.44529e+06  0  1.54831e+06  5753  1598  9800  6079  4276  9874  20095  19511  133223  16695  5517  1752  98030  2823  30754  1823  2868  3790  212369  65059  819  7130  144  5023  88786  68565  93123  38040  478  11106  3824  90077  
1278  2281  3149  4265  6197  13075  13933  203022  9681  24703  37862  636  1025  1360  1119  6514  2181  14435  1781  26475  2381  1559  1328  2898  3173  735  2905  2346  2750  1836  250  3056  212  1121  210823  140807  109264  55328  2755  6900  4939  30758  22064  4853  11040  128124  1.35255e+06  299432  1.34244e+06  1.40563e+06  0  205424  2654  5720  26354  7210  2.18686e+06  151498  114140  159405  45153  10284  4647  85202  7408  35595  2448  18868  32201  148122  70384  10834  158288  54974  715823  204411  211426  483786  264826  7129  89633  21779  266118  
1216  1715  2596  3508  4524  5621  7118  144960  3857  65403  220868  507  1132  2514  1914  29754  6662  19919  1536  88101  5092  1376  1239  2261  2506  1047  3048  2399  1859  1680  207  4066  688  1542  269308  238888  91147  71585  3586  8162  4505  3350  1565  2145  4598  5533  6518  7274  525225  1878  232964  0  3060  16341  845696  10892  158925  7594  164631  1509  594390  13285  2009  4192  1941  2492  1186  2145  3058  3699  2240  427  6428  1958  6318  170561  205732  84691  85089  3552  46561  8769  218395  
31685  363  6461  127029  485  519  5078  100421  169  520  4000  429467  79890  38439  14618  321  132  1365  182  28716  4123  1078  306  1413  1006  541  7500  14013  240  681  33  4303  21  1908  12177  24949  10182  1935  27445  2686  2920  187783  2204  25496  599766  6024  2381  10256  1.05423e+06  415  823  5562  0  510185  98003  32644  1953  773  3080  1317  56816  7422  2697  5449  8577  3236  2587  3346  20445  10311  8248  189  9927  55  25468  28947  80494  32460  5189  35963  3620  2401  7306  
4847  482  1911  11802  1040  2038  4699  87602  681  1122  11358  14659  138171  71672  12555  459  205  1912  225  38136  10702  1562  246  1190  584  556  1653  2367  295  417  43  1186  20  519  18717  20783  9106  3840  3135  2547  1171  37613  2925  4934  33568  17299  9241  10381  911523  1467  2104  16165  293298  0  423475  80530  2460  768  4706  1113  156208  20648  2719  5444  8862  3337  10376  4432  13410  7051  4765  186  5265  50  10884  55778  41297  48549  16074  40592  6200  2193  20897  
6507  1404  3797  17606  3428  7535  8912  136847  4093  27648  104772  9797  46588  249103  161903  7754  2323  13021  1083  131916  31998  4447  889  2288  1876  1159  2951  3516  1308  1169  160  3839  326  1225  130113  98024  61727  36599  4635  5726  3093  43360  2348  7965  29325  8786  9948  10183  831200  3008  26188  1.00053e+06  117681  767814  0  420684  10938  2568  31391  2967  700492  74223  6022  6533  8782  4945  10082  5387  16312  9180  6043  450  8117  296  14624  131738  164755  76011  52071  46342  36877  5583  138756  
5791  447  3065  16767  859  908  3556  27909  399  2622  25383  6510  17902  55205  339335  3429  3666  36172  1276  214954  34054  4840  640  1925  1136  996  2119  2940  426  917  131  5636  449  1158  32554  18975  12858  9553  2902  4501  1874  23527  2339  12864  23540  10924  3174  7625  165120  686  1467  8805  21595  233617  567055  0  2511  4926  50359  17834  1.485e+06  103724  19382  11147  520657  38837  159400  65370  13016  15232  6790  945  6956  286  9572  42080  34172  42875  16563  19284  71131  10017  32343  
920  692  1493  3982  1602  2380  4712  33503  1092  9770  41082  714  461  526  501  22869  13424  18347  844  28230  1471  873  707  1298  886  323  1624  2327  533  819  123  3863  919  1047  72375  43079  22334  16148  2732  3135  2828  33406  20929  6192  22103  86078  93784  60011  106297  69474  1.69878e+06  148866  4819  5470  6141  5935  0  1.92375e+06  687869  186975  52482  8383  3537  47781  5681  17811  1428  28714  70611  96600  53753  10994  469038  355146  639155  164376  93680  638034  277615  21676  93386  34415  183909  
886  837  1236  3102  1998  2975  4675  25342  1060  10045  81805  592  576  660  1229  31618  19213  116385  3676  129202  6523  1319  1209  1295  1725  535  2216  2931  947  2173  346  15974  1878  2795  101158  43426  27931  27211  2728  4834  3845  23931  16354  4838  15307  74192  144193  54336  66051  102557  242020  29195  3529  5029  7435  45183  2.03021e+06  0  989527  1.84057e+06  480020  73163  8039  43690  8962  33761  7703  20276  46035  207425  436416  294766  1.49408e+06  330902  452512  115986  35907  400914  97321  11776  40163  18180  121995  
1679  2191  2057  3773  5506  3727  6194  35546  2049  9112  64637  601  630  605  2043  25076  30632  222836  21655  160672  40413  9559  10173  7972  8685  2384  6720  9783  3624  8163  1009  46384  4013  8069  153011  44389  70511  51654  4749  18320  14636  11186  6167  3848  14092  23958  24530  31087  78617  98676  79451  78468  3034  3498  4564  23614  827296  981835  0  2.9014e+06  1.18193e+06  302302  32558  870258  33365  188288  17164  28250  34485  81481  36971  7600  86048  6263  29464  216232  39660  290051  213011  11526  91780  83028  236041  
1023  1614  1518  3438  4018  4295  6957  27561  2139  2569  8438  647  456  376  1108  3057  4665  82247  18123  59891  22463  3404  7232  3960  6872  1840  3850  6160  2523  4116  321  12940  558  2949  55100  21752  37650  18792  2116  9202  7958  12121  9429  5080  15461  42699  71922  135086  75409  316336  83091  4751  3564  4311  3789  49020  38289  2.35552e+06  2.43216e+06  0  566475  185388  14009  1.5992e+06  25995  368528  30342  47431  62969  857862  1.04486e+06  796984  77999  2540  32106  118851  28458  287823  187250  8144  78002  107024  126011  
9148  5114  5704  15939  11896  7909  13836  101509  3792  27152  254263  7843  18120  23991  71587  50477  46830  498381  46060  1.10752e+06  266248  39905  21944  22165  21988  9354  17889  21720  7805  15651  1477  76696  7021  15901  319517  122492  152242  112601  9851  51036  28581  19946  4026  10632  25203  13160  10343  14792  367242  3030  19618  390000  29565  232532  754556  1.7969e+06  39575  33402  1.28852e+06  161738  0  2.07721e+06  659216  144966  734390  211686  109580  76603  39011  56805  25179  6200  45977  3100  19802  274211  89910  142893  98209  11703  137424  76399  331593  
516  802  609  1151  1666  622  1548  6741  253  1080  6048  279  480  429  2604  1702  1604  36796  8311  52956  213409  122908  10020  12727  5510  1853  2710  3214  1174  2171  110  5296  262  1229  27362  6859  15134  6314  801  8627  4250  2384  809  1288  3885  2766  1104  2233  16899  350  1007  2820  1305  4946  6016  78888  1119  4549  236099  55580  1.23433e+06  0  277863  108349  94421  48768  23044  20853  17639  17296  7846  1370  11351  340  6309  68859  8674  54496  33351  1806  31093  41306  54309  
139  211  299  611  431  158  757  2434  44  130  421  112  93  68  610  110  74  4444  895  9443  29869  67961  3781  17004  1352  504  1119  967  254  493  18  805  6  142  12368  2291  3397  847  247  5067  1349  2136  1159  1499  3227  3541  629  2239  9149  74  226  262  792  940  814  18644  333  503  23776  3514  377408  195877  0  115401  400449  11057  4222  7921  13926  7026  4693  124  5399  92  3529  29537  3054  36525  3424  919  14721  19952  24665  
1030  2500  1952  3809  4143  3260  7952  25906  1350  1405  3903  721  602  386  2238  1154  1216  67416  14904  88865  84065  27898  28986  113155  19272  6116  4731  6641  3322  5124  161  7696  176  1342  53071  19306  28445  8543  1666  14415  7352  15355  13033  8818  19211  52828  25610  105570  87619  90515  8717  2436  4471  5475  3715  27310  5215  21722  867430  1.54774e+06  296719  167145  159210  0  743196  985205  28174  54085  78333  822245  657977  7054  88667  1329  27907  126929  22606  287043  93326  6356  74259  117519  133368  
720  718  1332  4008  1253  381  2684  7173  107  233  772  876  392  323  1279  205  233  11856  2983  22590  26361  77024  6777  161491  5659  2003  5586  3647  876  1940  47  3024  38  578  47873  6276  11992  2911  1125  35227  4758  15670  4244  9891  24452  10489  2805  14180  36874  645  933  529  6163  6345  4513  566408  1556  2782  53579  25214  576903  115620  373912  378702  0  1.67382e+06  322021  95626  86447  143584  53597  772  26997  405  15123  81173  12681  101806  7895  5448  291305  56049  43330  
630  709  1102  3106  1378  793  2703  9001  309  556  1968  709  339  249  647  541  763  23942  6238  22165  16191  7207  5420  14565  7315  1500  2857  2981  1044  1777  92  3938  125  908  29300  7754  12421  4553  1076  14413  3534  13274  6858  7160  20775  25441  16991  33060  29794  13176  3474  1050  4723  4600  3083  43819  2312  12886  121133  133251  131091  37639  29488  958494  1.59381e+06  0  1.6795e+06  1.64439e+06  298280  3.12062e+06  87708  1498  28595  507  11134  246083  24171  80693  28851  7175  1.08531e+06  193786  44187  
97  99  144  497  171  122  382  2026  45  83  416  115  315  175  138  104  110  2576  635  2846  2019  823  575  1386  631  208  440  333  116  233  10  432  20  87  3556  1189  1638  637  122  2185  421  1207  570  996  2335  2228  880  1993  20389  515  308  172  1767  4367  3127  153151  359  1328  10920  10514  33920  4949  6542  38279  473139  1.38666e+06  0  915726  13609  61317  7262  203  2293  58  1108  11308  2518  8893  3929  831  393025  25492  5377  
273  128  218  788  233  151  612  3249  79  437  3265  171  568  305  262  654  472  4419  791  6059  3270  2732  897  2783  855  286  1093  1252  149  332  22  891  30  187  11713  3717  2801  1860  1018  3899  1115  9438  926  801  8817  3989  2358  2955  17197  941  1956  595  5226  6076  2164  114904  4188  3403  17516  12452  25635  12884  13689  60657  86602  1.16056e+06  796093  0  214671  62011  7904  422  4782  962  23101  111409  10193  48544  37982  14709  565353  390283  36357  
3036  197  1844  10216  336  286  1950  5776  131  351  1688  2546  1371  1058  373  334  514  8057  896  8715  3943  6284  1030  5399  1230  274  3719  9662  280  706  46  2968  49  613  13089  10238  4904  2116  7885  1950  2552  130048  8838  10294  91394  18667  14232  24051  24572  2850  7937  1366  32869  22148  12482  7246  22990  22988  27322  19573  34130  20417  43092  122327  80625  346109  5834  419015  0  711843  565301  4491  386059  7923  149469  163755  42355  249205  49415  46996  175944  434690  55567  
622  1127  1306  3720  2191  2570  8255  23864  944  941  3521  819  361  324  547  944  2281  33761  4575  27224  7629  6200  2539  8237  2159  585  1965  2601  893  1659  176  5147  224  1008  33660  24239  16554  8509  1234  5495  3306  26042  52021  8838  24538  232963  245182  222102  52337  169846  28017  1566  4988  4719  3332  23188  5699  106426  61410  252521  108833  46504  40997  1.15061e+06  110105  3.32588e+06  35070  122107  451770  0  4.44514e+06  22266  58641  1173  28269  114367  21638  129446  52539  7099  271950  38694  52627  
757  1412  1613  4147  2894  3441  11567  35211  1289  1577  17516  979  487  468  875  2042  7742  84218  2793  81571  8032  5476  2311  7102  2294  592  2359  2776  1043  2204  289  12468  864  1727  63388  36202  23907  17296  1583  6465  3810  54915  84900  12880  28698  343292  371601  138683  89520  105698  44221  2351  5475  6116  4667  31819  16088  561164  57886  498558  136141  55938  37503  586130  85255  149840  8594  48469  568228  4.21912e+06  0  1.50595e+06  3.03448e+06  2733  64744  94993  21275  159700  36327  5677  74399  38516  69858  
233  424  406  668  904  1008  2799  10876  458  948  16187  119  151  162  531  1518  6751  69178  848  67283  2870  615  537  612  757  157  761  942  462  1121  194  9767  786  1207  33093  12515  12353  12460  748  2021  1491  12263  21641  1144  2273  87239  106524  11874  18900  10188  20118  1152  533  974  1045  22467  11285  870543  20298  669220  83546  32055  4095  18681  5329  10271  3600  3564  9277  83669  2.10018e+06  0  723737  2805  28759  18181  5249  39898  8706  1006  5810  2511  23246  
2252  1037  2618  9494  2276  2661  6964  28182  1082  5960  76513  2263  1149  1053  1323  17068  16255  159477  4075  149518  11894  8086  2690  6626  2829  694  3602  7192  1206  2558  358  22889  2438  3137  95524  41056  28316  27005  5246  6047  4495  220502  51009  22316  73491  161470  162643  53158  95672  8459  116173  14056  19561  15235  12290  59563  311839  1.34959e+06  213893  119631  307318  126675  49009  273710  102182  112545  17291  30647  503745  144995  2.95127e+06  992430  0  829683  831506  89207  37165  426872  73274  18333  51992  63624  98927  
46  41  77  213  107  139  286  1626  74  739  7637  34  42  58  83  1674  674  8293  184  7482  485  100  74  85  102  26  123  177  54  88  8  964  158  124  7798  4095  1300  1691  175  262  190  3065  1227  384  1315  4986  4280  823  5487  189  28072  7468  322  487  870  3477  148361  267670  21572  2236  25725  5562  687  2005  958  2107  642  2820  7864  5365  6698  5531  495053  0  269660  3377  2157  46319  4493  879  1602  1398  6401  
967  436  988  2803  1072  2342  4954  19919  1206  1449  11959  579  594  405  282  2510  1713  19180  855  18079  2497  1906  665  2221  932  142  1451  3384  507  637  69  3205  302  519  23004  16391  8485  5256  2303  2008  1531  788953  66008  4686  24994  780691  1.47574e+06  11721  102894  4638  1.00557e+06  10612  5975  6117  4497  11768  1.15451e+06  760225  90890  27139  62716  22420  12560  65152  23330  33901  3073  77483  249430  105602  150158  43909  935882  606382  0  27674  16014  493244  24314  7904  9850  56470  19916  
4736  11789  25237  34853  22389  33681  113487  496137  15313  48427  118067  3155  4759  4131  9373  19458  8796  136845  24027  219082  57974  44472  19260  32998  18416  7523  39385  20389  8910  11242  1028  19989  1116  4331  1.18485e+06  493395  188672  117761  23033  75237  82600  96356  24768  133446  121767  49436  18432  247955  1.29788e+06  8591  342367  493181  18454  41176  47339  191569  329996  22111  693791  54924  1.0339e+06  325810  141942  258275  139639  381970  48687  483523  544470  608930  254846  3136  58025  810  12293  0  2.57722e+06  274743  295615  124650  1.99361e+06  1.07557e+06  3.47202e+06  
11690  8719  55139  131904  13568  54150  108348  339247  31138  29017  32781  5611  2856  2402  1866  6263  2172  16670  3083  29928  5034  3943  3420  12024  9934  1166  9014  8807  9205  6312  599  6628  197  1649  312481  333426  155132  62081  13794  28305  14265  95795  12924  103107  151665  8507  2736  155494  431350  1904  13059  56531  34402  36434  40210  22124  16576  1964  42354  2893  91057  21461  7424  11832  9211  31791  3809  35509  41787  48764  18717  316  4899  91  3639  1.492e+06  0  90136  81825  293376  170245  60088  259789  
6849  4145  21382  64949  6701  10662  45975  235311  5910  17842  48231  9821  5064  4329  2274  5570  2824  28985  2665  41712  7627  5380  2545  9675  4476  912  6546  10192  2760  3707  352  7058  318  1442  191951  171571  106781  46186  13332  15298  8381  221891  39697  175499  279700  108337  38467  304451  1.56824e+06  19282  203518  221299  61277  76894  78033  48754  468794  85517  439430  67374  195548  57905  25278  191743  35394  107873  10386  48253  114395  230714  54070  7772  63989  10202  159670  145936  938766  0  1.77831e+06  277843  25680  90677  173412  
379  753  1649  2440  1748  2150  6234  48140  1105  10000  20092  273  520  543  564  2461  561  7340  1059  12170  2161  931  956  1561  1107  375  1477  1034  747  850  97  1399  76  342  62622  46671  26130  24237  1056  4131  4944  6857  4991  8302  8465  22691  5363  15228  296738  3434  133182  102169  1789  6907  7847  13822  154275  9304  122938  20657  87815  25305  3544  41378  4954  23772  3484  7329  11033  66662  11927  717  5732  440  3340  105438  173562  1.25378e+06  0  8843  222372  89035  309802  
5480  131  12768  42739  88  74  6354  8055  41  230  796  5818  3237  2226  452  162  86  1079  166  2543  754  583  196  792  606  69  2278  5888  163  601  17  1492  11  284  4800  20739  5947  1148  13586  959  1976  28703  345  9062  92995  651  697  8337  14699  247  779  1750  52596  55928  30818  5309  3097  745  4222  1446  11678  2246  2306  5788  6818  5357  483  5239  38218  24199  12866  155  6257  48  4995  70055  414989  179442  4907  0  11205  10969  2923  
516  449  827  2219  901  399  1465  9112  219  2235  11515  434  514  384  898  1888  2302  27222  1728  27680  9750  6433  3179  11112  3105  1386  5289  2680  658  1667  137  4749  217  884  61161  12018  12902  9399  2651  32288  5009  5984  887  1875  13412  3265  2349  4016  18518  818  14163  16123  4017  5126  2786  129192  14452  2692  26039  11193  49864  17070  18177  34956  110033  524360  335059  991557  171588  281449  58242  522  11093  223  5892  1.14695e+06  62579  50365  105264  61514  0  1.66884e+06  109538  
173  156  375  770  285  214  865  4026  107  823  2036  122  124  103  381  500  303  6461  1211  8912  5054  7212  1352  4595  874  389  1647  1068  222  412  28  1026  43  211  23580  5549  3235  4349  1960  3061  4020  5300  435  1000  12323  1316  767  2028  7385  294  1595  1871  1202  1242  750  17404  2295  1279  36035  13181  64851  41994  49724  123824  47657  184438  14519  586321  336907  33663  9659  265  11503  380  11770  780769  22971  90961  136387  14820  1.38281e+06  0  176495  
6606  14091  34063  29409  24958  21663  66231  1.01064e+06  10937  526951  662456  2885  11184  14780  43239  215166  9394  462191  50424  876769  68772  51257  61513  70078  72757  39659  126608  44664  23089  23226  2685  26510  939  5538  4.39865e+06  1.66075e+06  336410  1.43005e+06  47481  130904  287322  9283  11739  12599  16816  31668  17743  40788  902975  9837  457828  498452  3554  11821  25771  68655  426920  27661  634718  64793  689979  190150  88627  255838  79375  106689  18315  59464  61022  102156  34119  2810  25673  1311  7669  3.68686e+06  910791  512976  2.05291e+06  4418  572125  252800  0  
