3582672  
2628319  
663737  
3140236  
4003386  
3936464  
7642773  
13007808  
4214320  
7143815  
3226233  
2113359  
2128409  
3380636  
2688540  
5375243  
7855073  
6213454  
7988027  
8140854  
1372098  
1151750  
4010819  
3353067  
7511449  
2193703  
2012531  
1872016  
7776464  
9105560  
2656926  
9183581  
824136  
5212461  
9959827  
3915007  
6202601  
1980784  
716883  
3846215  
2225759  
4256400  
2093010  
568621  
2920578  
3073474  
4319552  
7524360  
14070642  
4576114  
7160988  
2631762  
2476145  
1731719  
3339903  
2686000  
5425078  
6978198  
6311260  
7791015  
8347563  
1755855  
962762  
5107356  
3478412  
7877536  
2098953  
2074280  
2434685  
9061500  
9717177  
3106466  
7622378  
834321  
5605168  
9811718  
2973363  
5587861  
1832241  
657231  
3565378  
2169097  
12079099  
