3725276  
2304883  
508515  
3507605  
3610625  
4110974  
7433372  
12928420  
3875024  
6681949  
2630912  
2512241  
2277340  
3304035  
2467525  
5317469  
7302150  
6353305  
7927017  
7511519  
1299422  
1033091  
3802747  
2929317  
7317239  
2017597  
1802314  
1774701  
8191281  
9358097  
2676348  
8981061  
775169  
6462763  
9854724  
3474034  
4547166  
2243037  
662274  
1527394  
2176948  
83134  
475688  
674595  
1092039  
408066  
468270  
421705  
59650  
87957  
942887  
99764  
916367  
5594988  
1380862  
4466617  
2155329  
436498  
3426654  
2934712  
4529498  
7052937  
13488043  
4798766  
6757522  
1877665  
2691284  
1916861  
3024045  
2442631  
5512037  
6617725  
5961239  
7174076  
7587108  
1594064  
956141  
4232847  
3395793  
6648053  
2052383  
1764899  
2120613  
7887206  
8856557  
3173570  
8058046  
823019  
5945987  
10305489  
2363839  
4253953  
2317326  
579281  
1638014  
2151138  
68811  
485940  
653525  
1038849  
414457  
464515  
500128  
109294  
99756  
972522  
143907  
877826  
5553287  
1579956  
17582838  
