5116697  
2542958  
603044  
3487850  
4056033  
4688616  
8646776  
12383704  
4663023  
7337437  
3154613  
2472563  
2413916  
3584834  
3176235  
5890511  
8232235  
6068579  
8862382  
9333846  
1548683  
1310204  
4739539  
4042477  
8190312  
2280555  
2252808  
2167675  
8886148  
11187420  
3241278  
10410568  
830373  
7262013  
1898335  
1623145  
1358436  
1849963  
974833  
2442665  
1813452  
4296653  
6698445  
2472265  
822191  
2358463  
1560049  
86212  
481612  
678620  
1094976  
412597  
467162  
420511  
59565  
89388  
936670  
106570  
1066881  
3635544  
1166466  
5247994  
2184344  
590262  
3605575  
3507921  
4761760  
8307343  
13423170  
5392439  
8047675  
2420220  
2835232  
2176778  
3627257  
3140146  
6140716  
7696743  
6979879  
8282419  
9261777  
1865616  
1195239  
5006948  
4188667  
8114424  
2086247  
2149355  
2682762  
9064057  
11030038  
3353875  
9106741  
881603  
6950751  
1508272  
1671156  
1939602  
1729345  
1459559  
2462122  
1523024  
3647531  
5584805  
2566471  
702255  
2262313  
1648231  
68750  
501028  
661740  
1042525  
412806  
473782  
501108  
108579  
99534  
962121  
146149  
967912  
3304093  
1326545  
9326505  
11957306  
5123776  
225755  
