3839292  
2558972  
396387  
3039556  
3754057  
4324528  
7532128  
13111176  
4725263  
7201923  
2941314  
2347612  
2299687  
3408864  
3059143  
5962614  
7669717  
7099772  
9156944  
9323790  
1507793  
1497304  
4763952  
4162135  
6490139  
2066912  
1762566  
1626177  
7896362  
9546378  
2929084  
9455436  
782594  
6222939  
1845380  
1622885  
1358702  
1884295  
982422  
2445506  
1831214  
3821080  
6115758  
2152835  
623803  
2258878  
1570287  
86222  
492381  
700902  
1107163  
412684  
458628  
419215  
59674  
88120  
949335  
108299  
1047049  
3623922  
1133606  
4979605  
1926875  
346951  
2731177  
3385688  
5050573  
8041497  
13086301  
5149705  
7824540  
2543680  
2473957  
1948327  
3319764  
3059432  
6168307  
8025434  
7282905  
9172974  
10149415  
1846716  
1260755  
5683270  
4175218  
7574972  
2218687  
2123998  
1494204  
8850088  
10404047  
3596346  
9269960  
852703  
6753881  
1480161  
1645837  
1941379  
1733015  
1462046  
2439886  
1527946  
3306487  
5619249  
2225238  
723504  
2278421  
1648202  
67053  
528695  
645305  
1056245  
410832  
468067  
504762  
108927  
99445  
981929  
146460  
992078  
3301840  
1266114  
9351687  
10667536  
4611890  
213642  
