4648439  
2817876  
566507  
3802822  
4439815  
4341989  
7556776  
13739230  
3955824  
6851599  
2979933  
2535039  
2338521  
3628285  
3044138  
5594410  
6882658  
5561395  
8178667  
9561819  
1472982  
1398285  
4232465  
3654022  
7841823  
2241992  
1959979  
2464273  
8581719  
10592132  
2963731  
9787316  
772718  
7578522  
1897877  
1608928  
1358966  
1862306  
956726  
2452663  
1831647  
3747354  
6639424  
2850255  
844011  
2271519  
1572979  
85340  
492527  
690374  
1093471  
413305  
475016  
425859  
59333  
89346  
960199  
107395  
1012865  
3607154  
1129938  
5137426  
2027171  
309866  
3275058  
3506356  
4533615  
7316269  
13647183  
4685532  
7280020  
2160461  
2781047  
2042409  
3235571  
3040738  
5532063  
7387868  
6657513  
9316333  
9190054  
1682184  
1246186  
5598073  
4119301  
7963717  
2039135  
2132474  
2693657  
8729620  
10168129  
3592054  
9182109  
969709  
7002385  
1511713  
1674673  
1945660  
1732421  
1438417  
2460980  
1528950  
3247597  
5900711  
2827524  
771744  
2083612  
1672231  
69244  
528322  
679244  
1055643  
416933  
476214  
504490  
105790  
99464  
984156  
147895  
1017350  
3322434  
1258555  
9569746  
11766741  
3738513  
226927  
