0  1.1131e+06  85282  981541  291598  48562  580452  51359  955  15790  6336  10807  3238  3622  5455  24946  11760  45367  15029  32950  26651  62173  51522  111535  62086  10897  31422  327369  43116  95303  1552  516233  1991  1.04146e+06  320724  431900  547296  49562  199598  91174  71880  11059  571  4186  26965  1414  961  6759  7780  414  1258  1418  1326  880  754  1329  3387  1320  10014  948  11989  2584  1530  3524  3897  954  359  590  2437  2311  2343  374  1981  152  1290  19266  26441  5574  3269  9584  3940  3022  76103  
811017  0  28976  6154  683501  23642  511698  89209  8590  10134  12192  585  361  873  1826  13485  3148  14351  7275  20953  8643  17321  10932  29278  31131  5997  7950  36409  23123  27952  340  47315  337  14638  765282  1.03546e+06  208125  58477  65055  109577  52064  8462  2476  17383  24389  3552  2271  37224  23756  595  1421  1380  166  169  267  501  2593  598  3645  363  4188  984  392  1417  1096  378  160  272  812  667  628  173  729  52  225  19283  18054  3662  2405  1767  2245  1986  112979  
70070  4443  0  146297  662  114  232102  69597  63  753  792  264  108  142  221  921  75  1144  307  1650  963  1890  808  3850  4009  884  687  6277  3498  4299  13  923  5  140  55842  107072  33861  3173  21407  9133  6508  16755  3615  37654  48873  1675  376  62231  31665  120  330  111  172  178  154  124  252  88  401  114  650  126  62  656  385  71  27  62  453  235  301  34  245  11  179  4109  24958  2635  768  2992  631  553  9889  
976305  8620  234461  0  1905  654  40581  1.03985e+06  739  2552  2835  1.4765e+06  28284  25451  19092  2756  576  7487  2077  17082  5061  7668  5228  17519  21364  8294  37769  200173  32004  36597  101  42982  54  44769  67856  195854  97329  15102  124623  45867  73220  226705  7416  155205  1.52494e+06  7065  3958  131052  187954  1163  2759  925  108663  41448  37948  23360  2020  1391  3507  1802  19705  1726  1139  14133  13866  1567  327  2287  26933  7712  14965  541  11419  59  14842  21140  272771  26419  4185  106041  5716  11338  14580  
283100  869021  7941  3157  0  792838  1.30504e+06  118528  45549  32435  17224  564  460  1345  3404  41864  35166  45221  55103  41459  12497  18686  35825  26388  23199  4468  7358  32384  26317  45232  3697  46565  1757  264765  1.04667e+06  905614  470506  138759  10527  102367  49609  1083  779  1469  2093  8566  22032  39190  38370  6803  6359  2409  140  297  360  935  5168  1217  7446  991  8406  1831  650  2663  1574  767  229  478  1676  1659  1368  431  1712  158  709  42824  18160  9246  8431  776  5976  4246  214781  
40376  68452  2203  1473  792924  0  409778  323300  556850  1.46548e+06  6066  290  316  708  1628  56829  50512  33450  78076  15999  3161  4559  23403  7039  8491  875  2151  13836  16830  41078  4609  160987  4895  911377  166760  212920  278610  81388  2351  14319  11253  778  463  559  801  2420  39290  22080  131073  61704  77128  1568  102  616  486  462  6171  1131  5327  7756  4996  1010  273  4475  771  1651  107  268  1153  4342  2059  394  2220  109  1427  32449  25384  12782  9829  326  5620  2499  98413  
496275  1.18631e+06  222244  24070  2.53205e+06  588372  0  1.50195e+06  1.15985e+06  50737  18083  1526  827  1807  3921  22949  14733  32285  116488  42829  19465  40367  26008  67822  61899  10210  9390  61637  44536  55906  934  21379  199  4223  1.02155e+06  1.25452e+06  482794  100627  137048  148171  69587  32239  13106  68151  91489  59320  178551  421788  313444  49427  22937  3259  613  1565  1000  2001  8069  2543  11144  2855  18536  4642  1492  10130  4785  2747  579  1706  7206  5488  4908  886  5287  247  3816  180241  166091  50653  38726  6764  23350  13290  268203  
10255  79585  148508  877608  132967  206394  1.62686e+06  0  1.84599e+06  284238  424367  1.19823e+06  1.37399e+06  741695  364275  26909  4975  56520  13591  440021  24589  17574  16814  36314  16057  13011  17558  22661  13923  19134  586  16755  501  11114  583291  501638  437786  213462  28650  86138  37827  63786  24803  111941  382896  110393  287753  642797  2.22416e+06  242005  477424  34352  74621  68176  38723  54704  54564  7619  31250  47498  93682  11465  3113  39491  20415  12534  2388  4920  20172  24276  15952  2441  16188  577  13415  510797  315458  194926  143959  22301  68124  33570  364593  
377  18775  467  320  57729  670092  581912  1.55073e+06  0  1.30056e+06  1291  85  180  199  356  4288  4742  22417  68853  3761  321  292  28320  466  8083  177  310  1094  14847  6649  139  1585  51  468  32936  50755  18384  16772  523  3257  1600  992  783  485  648  4102  85070  44290  179522  88009  81350  841  115  1122  651  336  5294  836  3538  8867  4031  802  168  4407  580  1733  95  271  1210  3799  1890  308  2881  88  2736  32383  45523  17008  10927  246  5469  2076  32680  
21453  13945  4428  4402  56122  1.29642e+06  85430  789612  1.41488e+06  0  167013  924  673  1277  1641  2.2993e+06  128028  89806  80137  25912  2231  2684  31983  4277  15754  917  2490  18857  32960  47055  5523  300586  39520  565980  280014  323722  488721  364400  6308  22252  14080  1474  397  1056  1584  1336  4525  3814  137743  21488  203877  14097  1619  1455  1451  694  47326  2532  10847  14508  6028  1218  349  5395  1284  2491  149  401  2382  3674  1708  597  1894  249  1027  30703  19995  17354  14552  5449  9462  7334  354048  
990  1075  808  2440  2164  1583  3467  662108  1452  155403  0  18226  27764  967978  9557  99688  5883  63158  1047  764561  1867  805  588  1487  928  320  558  2253  2531  3795  313  7214  851  1733  40584  29124  18056  16541  1491  8584  2746  1686  631  1048  3133  1980  3929  4638  104976  4129  244174  202856  4052  4586  13122  4954  248676  14586  65035  3377  41661  3559  508  3157  1936  1789  1051  1412  3318  3471  3554  4635  9481  2099  1786  59864  30625  15432  14578  3239  12873  5897  43728  
22517  4862  9748  971270  1235  558  17751  902694  1187  1436  19806  0  678719  501658  296604  1596  935  7244  1193  185166  8361  4333  2104  11592  8791  5845  18394  41793  10872  9514  75  2766  106  3598  38517  10674  23015  10434  30901  35197  42075  34182  1092  13947  439789  5106  3363  18319  235710  809  2547  2674  340979  111560  60619  58280  2332  1172  4847  987  52308  2197  839  5659  11213  902  474  1251  10717  3206  5080  533  4529  110  4709  22022  40649  18204  7068  65292  4571  6451  10851  
9073  1674  2448  55169  2501  2487  8170  1.23025e+06  4525  1575  46892  866375  0  963305  474058  2383  1303  9555  1399  259802  11651  4415  1643  12632  5257  5417  11365  16385  5595  5611  116  2770  175  1743  33098  7568  17706  8747  10486  36143  21758  7110  548  2231  65714  3077  7033  9887  188140  2369  4391  7352  238644  399312  100969  57647  3179  1218  6460  916  62780  2750  868  3574  7519  864  1183  1514  6626  2453  2989  601  3013  161  2332  26406  17982  15480  8131  42135  5039  5193  14581  
4813  1794  2217  40212  3235  3821  7277  804127  4479  3618  1.20417e+06  421178  730857  0  563616  14897  7123  46726  3375  703251  18072  5669  2030  14556  3931  2391  4014  9584  5467  7619  560  12027  1076  2725  43011  10085  22663  13081  6413  22831  11104  6002  658  1746  54737  2062  7226  7098  127414  5707  26902  72637  129401  185430  571709  143459  44893  6051  35766  2453  126284  6532  1213  3840  7214  1936  3893  5170  6512  4522  5474  3976  9017  1262  2637  41110  15994  15636  11303  18920  15243  6505  26333  
5479  2810  2289  24443  6381  1179  6657  222183  1133  1873  4716  257678  254066  550938  0  1726  10653  56859  15476  1.65715e+06  43351  25082  4877  539150  39826  162933  121034  25430  18756  21945  1871  24570  1466  7766  78087  11273  44300  22719  7224  222380  39627  5576  950  2433  26667  2166  1826  5086  70091  588  1853  3507  39712  27904  50643  225628  3552  5054  48071  5471  139911  9274  2564  5702  9131  3459  3182  4214  5559  11289  8155  1019  5595  394  1710  40449  10610  14681  12008  8640  16988  8493  38806  
29976  14400  6263  9465  61509  93944  19791  60143  42741  2.20026e+06  197067  1471  859  2866  2157  0  1.85504e+06  616247  88313  81842  2352  2808  38631  4929  24732  1059  3579  33653  53580  52079  6640  446923  333783  600676  318941  61227  566854  366235  7033  28542  12227  1211  342  658  1528  1098  1523  2449  13149  2152  18951  18501  411  381  784  802  106475  18162  39952  1696  12640  1714  298  1469  894  843  157  304  1645  1553  1754  3716  7299  1891  1164  22274  8526  7108  8116  1620  6781  5203  427895  
34754  35423  4993  7975  169980  210260  54653  81510  27094  261724  74651  5202  4827  26646  41597  2.55096e+06  0  644075  1.82061e+06  434382  9262  6530  36489  10078  27316  3683  8009  44801  108620  477486  552819  2.22764e+06  724072  490896  291505  74597  433061  131230  11240  109293  31678  4051  1410  2389  3773  3661  4385  7859  26363  4014  12344  37761  1483  1483  6431  9667  134559  24901  153529  6622  98918  7336  1120  5329  3322  2859  1048  1585  6804  14070  14027  8932  19594  3187  2745  96919  18955  24734  27237  4278  23604  13242  181845  
17898  11368  6218  8870  31055  20208  20530  68276  102728  111018  37634  1718  1144  3934  11158  635031  659214  0  2.88902e+06  716299  219134  89914  932094  66649  68510  13490  14167  46168  69771  69206  2694  107244  3619  32041  170917  32626  212951  83270  17514  217061  39885  9462  2618  4977  6485  4848  3205  9502  23560  3230  11891  6893  1189  1140  2501  8161  37324  23976  144707  17797  140724  25985  18675  34457  34322  12940  3505  4556  14220  32423  24755  8251  25138  2915  4638  127468  18704  42232  30541  8751  47237  25010  120029  
20925  23219  7703  9822  78725  56692  83467  45889  162294  62113  7442  1922  1465  6218  31365  74095  2.35074e+06  2.73231e+06  0  246457  18549  7060  1.28159e+06  10684  245803  8207  17672  85778  651514  2.37061e+06  1.27337e+06  476886  3896  30038  150368  54934  215119  85830  19384  302036  36919  7402  1979  3873  5043  4154  3350  8458  24641  4073  9238  4503  966  1053  2206  10322  12974  13427  131104  13470  129473  21530  8951  17333  17607  7518  2030  2948  9896  25756  18348  3250  14428  1415  3324  90834  16383  36573  32435  8436  27773  19289  92336  
25778  15845  12043  27130  26398  4808  30461  439240  5430  11323  564989  174016  196324  779371  1.94338e+06  30502  30695  1.14763e+06  77315  0  1.81111e+06  740107  38267  793483  70113  99632  134642  94804  115250  130834  5519  117044  4888  23181  365090  50857  236168  100691  32162  725912  105426  32155  8341  16440  39778  14740  10712  32071  143836  4494  21763  57777  34587  33790  60408  162921  90872  42563  394167  46271  933704  101020  57614  102823  119084  45834  13170  16660  39885  96727  60314  11971  52792  5049  12739  364738  53504  118010  81693  22330  122363  67641  193937  
2831  1908  1356  1503  3107  231  3035  6051  170  418  398  918  820  1205  21342  435  699  266868  4748  808488  0  524246  51716  148314  19756  7208  7240  7082  5279  8880  236  12082  172  2045  36091  3898  25995  9043  2553  50452  8748  1547  415  947  1235  714  300  1543  3359  81  256  203  277  376  485  3640  300  737  12413  1997  47371  37578  31293  20714  18941  4942  1782  1898  2223  3989  1706  157  1959  177  678  20546  1956  7106  2884  1243  12211  3962  11954  
7710  4781  4243  3730  3515  227  8169  10110  180  391  359  1071  835  1018  12474  489  266  183061  3451  290696  595348  0  57489  703324  75889  16742  6471  17301  10884  19466  88  14265  58  1915  57402  7269  50506  8079  4816  70207  9324  1111  210  660  1194  400  280  1243  3115  89  215  112  341  609  609  3076  238  269  5672  528  28131  41162  34427  18364  39453  3711  2371  2188  1760  1450  959  76  949  43  300  23369  1809  5322  1411  1768  20366  2346  12306  
16851  12555  5667  5663  26333  6556  17198  32534  83123  15678  1529  984  531  708  4108  3696  7494  1.17399e+06  1.05239e+06  84962  113328  47437  0  335320  1.0051e+06  71256  39126  42631  1.14053e+06  581126  14766  127135  703  15441  116887  23134  168387  62199  11956  115011  49857  2385  597  1511  2186  1220  862  3270  11728  3055  4686  449  291  285  288  3692  1221  1335  21645  3457  68657  18261  30767  38522  56192  7385  1937  2237  3322  5337  2849  331  3159  211  880  31994  4762  12819  4752  3718  14114  5989  58227  
24916  13773  12678  12892  10261  667  23613  27189  378  1145  988  3921  3359  4305  470816  1663  1036  212320  6480  584163  310238  887846  580927  0  1.48337e+06  724447  102982  79943  53247  74680  244  42094  226  6434  133390  21747  133214  22518  14426  353280  47875  2570  404  1536  3248  743  540  2854  6503  159  434  338  921  1258  1336  5883  603  738  7598  1170  46544  15392  15225  52007  135449  6609  3881  3602  3697  3078  2400  133  2210  84  596  36718  4543  12278  2642  5112  32614  4024  48750  
11825  5935  6097  10211  6181  2047  13312  16556  15732  7191  1439  2416  1352  2105  31286  3397  2344  154382  88894  94385  59621  97695  1.48729e+06  1.54706e+06  0  1.68768e+06  904742  405242  3.28767e+06  163996  651  28730  239  4805  209440  38523  95006  44701  20070  823434  162693  1885  413  1071  2328  820  475  1987  5167  799  1562  587  422  396  470  2382  1761  1515  17534  2399  35821  9466  12896  20336  36171  13926  2815  2670  3203  4050  2591  425  2601  209  648  31963  4324  10149  4763  3711  20355  4815  84923  
3156  1284  1950  4145  1122  183  3453  3897  685  396  305  818  454  611  40012  471  308  42649  5392  42080  17719  22261  147453  354672  1.64916e+06  0  507103  88602  44426  29427  72  6870  68  1423  42900  6952  23494  8811  5535  450265  54885  515  103  295  771  165  80  492  991  99  179  101  130  97  93  625  193  265  3582  621  10393  2926  4521  7090  9155  1935  961  966  872  890  564  62  569  34  178  9329  1070  3331  895  1531  7211  1236  50031  
14345  1130  1106  33810  3026  706  2314  13973  193  1015  751  6856  2499  3308  53843  1537  1003  24172  3019  72766  15900  9295  14725  49214  1.06775e+06  604166  0  274223  49022  11256  191  5036  202  24394  148896  16023  49702  44759  14846  637876  406460  1966  83  555  6152  195  173  836  3035  71  330  382  618  408  259  689  828  420  4197  480  5268  1248  1223  4486  3681  2091  1661  1584  1511  1008  856  130  710  49  316  16837  5340  3093  1424  2612  12827  2027  44582  
241432  11018  17394  198662  11664  5834  29387  31539  946  7879  6075  15483  4270  5150  11093  21915  6188  51812  17437  47195  25802  47002  40582  104879  270510  63517  252594  0  420222  513299  932  468768  723  103102  363121  113197  447358  110248  81606  460619  469653  16877  359  3173  30938  819  856  3692  5529  372  1412  1752  1464  1057  1049  1880  5014  2170  15165  1455  14872  3166  1978  8576  7096  1659  616  1002  5965  4733  5219  662  3729  206  2091  20794  47194  20938  5848  20022  7222  7291  82060  
16372  6460  6198  12811  12869  12625  25451  24620  62510  39373  7911  1986  1364  4856  18069  19039  25527  138171  591483  102090  46284  70973  1.73519e+06  157145  3.61205e+06  62732  68836  564103  0  4.44675e+06  21240  62599  869  7804  167993  39578  165313  95124  15584  442704  65866  3881  1082  2001  3233  2185  1591  4217  13116  1888  5324  4081  602  664  1621  5795  14601  7311  63965  5922  63689  11282  6759  12387  13026  4875  1454  1902  5523  13032  9563  1882  7747  704  1683  50660  9778  19530  16568  4059  17172  10398  93296  
51865  21760  13807  22176  64872  42340  52015  75390  21394  30206  37113  4558  3610  15704  49567  44891  600268  284672  1.41557e+06  303814  125475  216111  708757  352185  350997  44288  28165  665041  3.73968e+06  0  1.22151e+06  3.57001e+06  2613  31710  372316  76740  419895  165092  24793  605520  67056  6764  1896  3428  5934  4502  3778  9323  24412  2165  8680  19606  1387  1475  4715  12050  74584  20025  149682  9365  123164  16875  6593  14422  15139  6434  2656  3448  9894  22105  18261  5623  17125  2111  3330  113696  21267  37465  34863  8505  34480  19546  201284  
3735  3170  1153  1920  17437  13105  7924  10182  1759  4283  5502  441  349  1552  6210  7694  463465  39981  1.29692e+06  33472  9883  2669  100340  3012  20743  1853  2731  11133  106130  2.01181e+06  0  1.04784e+06  434  5118  31497  11714  67229  30803  1946  19350  4196  726  241  387  644  511  491  1153  2679  243  1136  2547  155  169  468  1317  10416  2327  19529  1142  13652  1243  275  795  659  523  174  247  1078  2488  2108  635  1810  222  295  12157  2505  3509  4136  693  3446  2037  22576  
526310  93731  17485  46338  152539  180796  53522  118611  5475  191607  57074  6527  4860  22024  55203  309902  1.77782e+06  541182  365992  449233  123100  134563  329216  203946  141830  28727  29441  576177  121949  4.19521e+06  820705  0  731807  1.20101e+06  412695  118063  1.11449e+06  155717  27147  232650  74075  6089  1507  2945  6908  4200  4403  9460  28102  3083  9567  33479  1555  1612  6070  10473  97874  21068  153207  6591  120577  13809  4701  11384  11284  4147  1779  2483  7249  13770  12937  8014  18601  3025  3135  103773  22484  32307  28983  9672  25382  15487  216326  
8612  4510  316  678  20115  11460  1719  6038  250  25497  7793  499  398  1933  1633  204262  354560  30104  5773  43578  1169  525  3111  672  1208  291  692  5115  1955  6375  1608  586471  0  360629  11098  3088  98034  6051  523  1795  1725  162  75  107  190  197  241  482  1874  293  922  5957  104  85  490  397  14347  2298  11005  297  7428  588  84  387  228  125  83  112  259  325  421  820  1470  325  202  6545  1166  1136  1301  222  1093  616  9435  
1.1503e+06  209252  12608  46073  820624  1.64284e+06  48381  122122  3854  949096  20658  2850  1153  4152  7040  1.32183e+06  723671  156102  56231  128812  16207  21499  50844  32256  18095  2721  12532  84859  32602  110824  15956  1.44259e+06  726861  0  106510  69244  1.42316e+06  45517  4632  22009  37252  3069  502  1291  5630  1719  3107  6706  11444  1852  3322  10123  399  438  1020  1303  27099  4436  23586  1042  17037  2032  759  1853  1764  598  253  372  1295  1779  1690  1560  3430  611  748  19123  9665  4735  4454  2286  3667  2456  51658  
136521  295735  209034  86844  294532  64000  752516  1.94374e+06  44576  571981  382727  19791  13289  21034  63925  383459  47002  451059  75039  676619  112782  130090  145965  218217  369151  92778  235686  573851  384289  433639  3684  181421  5982  24761  0  3.55857e+06  968084  733802  500387  2.61866e+06  1.54046e+06  9398  4581  11449  19781  24042  36947  80301  218996  19662  61370  46235  2692  3024  3768  9625  43250  9843  54707  7316  67707  16857  8033  34553  23623  13880  11501  13126  15609  10583  8858  2876  12271  1031  3789  472804  53348  60110  46853  16018  101308  52013  3.42818e+06  
65706  331811  189170  83019  65262  30567  609073  405807  17526  135193  139043  1758  968  2804  5255  68345  4821  40475  7668  87553  8859  10291  11751  19077  57906  11530  24840  86559  61019  57336  327  14032  348  2242  2.2939e+06  0  361335  440553  743687  324768  184779  4441  1883  7215  11509  7537  6682  27156  39562  1733  13242  13751  406  470  839  1006  18762  1748  9042  815  8492  1752  601  2919  1730  911  274  533  1808  1438  1285  480  1848  209  609  57538  22126  10206  9571  4511  6991  6292  652907  
183813  174948  190121  171137  458650  82039  418340  1.43369e+06  20370  510589  210543  28473  14504  17202  28513  462289  63177  340861  175043  306847  39871  51935  122873  76239  75566  16204  28822  176306  91630  110152  5605  159371  9395  201438  460384  1.09086e+06  0  1.63744e+06  698197  124192  149641  11032  2108  9009  24272  12365  11740  39159  110293  8909  36427  28233  3879  2885  2775  3723  38948  7585  33326  4741  29703  5574  2279  12675  8095  2510  745  1292  5268  5734  5048  2050  7118  706  2095  62769  48872  55689  20039  39854  12365  9178  301662  
9639  29267  16042  12828  79435  17481  58663  419789  7924  210921  89177  4648  2792  4319  11867  151755  11833  88232  48399  131125  7150  3565  27932  5004  15393  3839  11498  17922  20349  15335  1047  9368  382  3208  276404  327477  1.65397e+06  0  54672  63398  79649  1512  491  1429  3268  2661  3767  8259  37819  2809  15772  13312  775  630  794  1249  12388  2295  10149  1326  9758  1794  502  3340  1796  847  207  390  1407  1591  1303  637  1969  231  507  23884  8735  16946  14640  7875  8293  8994  644656  
72625  36386  76476  100826  1572  230  118789  32863  180  7467  4529  5419  2195  2173  2232  5528  334  6333  2150  6072  3000  4363  3597  8805  14607  4354  7881  45829  21171  19232  43  1926  21  723  156760  589383  382985  28277  0  42693  55847  6520  321  4870  12163  352  259  5171  4386  76  783  712  302  260  257  355  1494  823  2465  374  2399  747  434  3308  2404  360  102  231  1393  904  1090  144  983  21  471  8005  22760  13332  1651  14695  1262  1480  13754  
17779  5355  8198  33124  4045  801  16193  62445  636  2640  2308  23573  12114  20772  228983  2760  2515  99232  8882  256961  79579  42529  38953  172492  260694  328239  1.35586e+06  247875  155323  132691  447  26711  477  8666  1.51267e+06  66849  108030  63549  47469  0  2.04042e+06  6779  1041  4445  10335  1955  1261  6647  18951  355  2545  2740  3294  2404  2007  7752  5477  6243  62735  6585  59453  11526  13693  48042  38799  21596  19435  19105  14919  13150  10362  1622  7547  483  2158  181023  14289  30915  16464  12998  156701  22023  105650  
20475  2063  2255  23997  2052  542  5357  13171  282  3017  2559  12810  6649  7168  24722  2706  954  30187  4445  37113  17373  15100  25444  29225  72794  49250  1.01719e+06  215536  62546  45772  158  12214  177  13310  991384  54234  111046  195578  40594  1.71057e+06  0  2608  164  2109  5477  322  313  2563  3499  135  1113  785  1481  967  691  1141  1975  827  6211  529  6541  1425  992  4125  3019  1570  1115  1239  2564  1502  1326  280  1167  89  531  21978  6201  7800  4480  5267  11218  8362  154730  
11560  2859  7723  41495  873  492  12579  14722  1496  1968  1516  6182  2659  2916  1772  1741  1312  11612  1599  12554  2364  2859  1787  4524  2450  734  682  11862  3818  4598  160  5506  180  2975  10763  21524  10183  3883  15451  6278  4222  0  1.60944e+06  90741  979586  539852  82918  599402  53532  2732  28902  2814  22056  15520  11067  7375  26729  34098  28945  37132  31457  12837  8649  195643  101403  14915  1975  15009  264270  53221  150858  19334  374200  1213  1.21746e+06  254834  412869  586514  67928  128750  34511  70344  64730  
415  2795  3054  2251  783  292  13097  13662  914  669  507  333  202  254  180  743  185  1761  236  1924  408  373  253  532  274  48  72  382  281  318  22  420  32  125  3723  3046  1326  1148  903  917  484  1.07443e+06  0  12715  9027  612805  26182  296825  27207  1622  13243  1555  995  1129  601  1391  7056  4976  6221  4939  11205  3332  1378  28892  13634  5443  502  4200  25019  10050  17656  2841  116567  207  20268  329454  406712  179098  62701  35084  45195  30959  52413  
5445  8058  38833  38621  591  72  41954  19933  103  250  123  822  79  73  59  142  38  305  68  378  126  203  85  383  249  72  80  972  392  423  2  184  2  76  2908  12946  1960  380  5901  714  716  26678  1392  0  103795  858  615  300789  77784  317  2011  235  448  415  251  224  1031  532  861  564  1269  475  401  8521  6521  730  68  540  2944  1563  2210  139  1505  9  1141  37424  119233  47700  7602  35974  4568  4499  7228  
36933  39371  107961  1.27671e+06  2259  424  132750  266483  952  1512  1686  328335  19910  17234  10984  974  320  3403  593  13564  2163  2236  1246  5019  4028  1591  5119  26509  6589  6852  36  5138  41  4457  20470  76172  18332  4534  42171  10798  14980  923037  2357  100560  0  3099  3545  33992  524222  819  5247  1716  880189  90780  73303  42426  4008  2998  4518  3751  41554  3259  2381  32600  33093  3069  580  6512  85775  14479  29410  1011  29052  66  40818  45659  298202  96362  7757  168710  9820  21062  12760  
337  5617  2547  3010  10512  2413  104793  135738  7615  1711  1730  571  253  473  540  2467  648  5161  987  5721  1195  799  692  876  721  169  221  913  872  1133  89  1268  92  332  24166  18337  7856  5412  976  3412  1582  624209  872491  6860  6442  0  1.06136e+06  934686  145379  5347  39376  3620  301  1261  783  4022  31211  26242  23048  16147  30804  10226  3079  59640  9512  9374  1155  4318  17036  24795  52832  17668  72517  1703  473893  388112  216576  307349  131585  4818  45725  27965  94501  
468  4556  1118  1269  17863  30896  121741  190244  107129  4799  1724  504  980  687  511  2530  728  4228  1770  5177  1196  737  899  969  954  225  343  1534  1259  1726  85  1509  93  544  47091  15809  13118  8461  878  4552  2553  62149  56682  3755  5123  1.16834e+06  0  879725  330918  516089  1.0318e+06  3230  944  7131  2599  5437  38626  46470  16391  41163  27856  6785  1742  53209  6046  10490  1265  2685  12326  74840  117741  25090  113364  4125  854544  210248  220882  192959  92022  2090  24270  13412  79459  
2151  25962  19667  15341  56665  24564  451971  415656  56956  3029  2663  1249  565  599  768  3671  851  4794  2694  6446  1630  1739  1578  2409  1885  378  647  2796  2028  2900  126  1955  55  901  85733  55850  25871  14192  3193  8837  4698  236054  346471  194479  31637  1.62736e+06  1.377e+06  0  1.98504e+06  742041  82838  3722  739  2275  1129  3898  19359  6449  13676  13149  33042  8912  2748  53506  20286  12624  1081  5460  25508  44327  28357  2210  17924  267  10045  526062  463713  178545  96589  29948  82535  40248  135105  
13414  55767  70599  158406  77614  139498  705853  2.7108e+06  421128  196831  84548  202423  50965  35642  35079  22177  3512  23673  13197  75909  16320  9570  12330  18174  7115  2252  3206  13885  8660  10850  298  8827  346  3765  276179  153819  100634  67625  18945  30428  16430  57234  37732  124970  1.48762e+06  246838  476707  2.12526e+06  0  1.55913e+06  510802  506862  791761  1.53408e+06  1.01547e+06  350765  46071  11761  64782  21361  515928  36588  7081  53971  115572  14441  15434  18225  40869  27050  27300  3827  31001  688  53435  750025  1.42913e+06  418355  238648  37912  132809  57615  305277  
359  885  662  418  5537  46269  33023  247342  165182  24730  1097  89  249  170  157  2277  508  2681  2708  2626  455  481  2584  714  1065  171  264  1197  1378  1416  30  1278  65  348  44953  9728  17449  10529  502  3573  2207  2200  2136  2464  1776  6497  1.10872e+06  1.26597e+06  1.51252e+06  0  1.64848e+06  866  154  3039  751  607  19717  4131  6114  39545  4690  939  206  42436  724  12332  288  607  1749  64141  18121  798  2876  96  3406  29225  144876  24398  14463  1203  6433  2284  30833  
818  1274  988  1817  3779  37776  20649  372920  155054  190745  17520  458  539  646  467  16816  1591  10350  6031  7166  919  684  7388  1059  1586  262  370  1855  1993  2028  73  2369  161  749  52559  19441  24488  19481  1374  4934  3031  37285  18438  13456  11205  70656  1.1689e+06  145809  869158  1.22436e+06  0  81541  1868  3433  2877  2547  2.21015e+06  161088  40807  52192  21102  5586  1086  34066  3664  8423  670  6782  36139  39216  34694  11558  410236  34733  689678  181432  658646  285086  168218  9772  71939  19171  145456  
825  904  586  1268  2035  2277  5135  60216  8028  236740  307017  794  759  2828  948  176382  9853  26152  1975  38653  1379  517  1038  685  957  227  397  1890  2215  3577  429  9612  1294  2057  51000  42467  15176  15757  1552  5996  2701  1152  458  835  2969  1423  6348  2784  625434  844  165106  0  2785  9395  765252  1904  99596  1637  52266  566  296665  4452  300  1369  998  604  203  389  2033  1713  1657  741  2480  347  1363  29253  20877  18228  13855  2171  5740  3630  40819  
6891  2115  6741  206292  1330  1301  14673  270751  3842  3216  16258  595493  349617  250789  108943  2709  717  5473  773  97222  7474  3915  808  9325  2314  1677  3768  9170  2877  3022  82  2411  94  1480  14671  10821  7927  3829  7328  10302  8618  32025  961  5151  1.20283e+06  4197  4924  12917  1.00881e+06  1366  8844  10642  0  787911  347673  161985  6955  2484  7636  1843  178756  8404  3007  18275  45354  2477  1702  5761  53054  8380  11762  618  11518  142  14151  26473  36270  66367  9523  365762  8080  36453  10822  
3133  1664  3045  28592  2760  7520  18841  187516  25390  2890  18340  86568  430506  258116  73974  3330  953  5954  1033  96490  7910  3078  661  6422  1237  727  1014  3242  1456  1981  89  2420  125  974  22838  8744  8265  4515  3019  6025  2734  17606  941  2559  123603  4312  22104  12293  1.18877e+06  5644  8645  14252  553804  0  524977  158513  4440  1539  6228  1359  183947  7601  1833  10501  25996  1799  4306  5676  33247  5390  7830  606  8159  124  8272  30466  70958  37568  11780  110730  9622  16619  16275  
3452  1785  3384  29514  2529  5465  12464  175614  18663  46531  143475  43886  62712  529039  70037  51595  4719  34054  3585  130197  20692  4779  2160  7939  1908  813  1352  4124  3642  4932  428  9053  783  2107  46105  18050  15616  16012  3528  11854  4394  15482  913  2313  91786  3152  13429  7274  946567  3074  17374  1.03501e+06  224151  444313  0  462305  13941  2453  28114  1692  747769  26874  2908  7061  22379  1761  3154  4199  22123  6942  8259  1092  7876  247  6522  43024  45605  39582  21668  41221  13524  10900  37033  
6052  3271  5774  42185  3256  1745  13485  96547  6452  2102  10265  52645  35097  115923  233297  6260  5264  55543  8837  148743  20972  9332  6852  12996  5495  1789  2927  7022  8448  10103  991  13316  829  3579  42970  13593  22368  11297  6873  28612  7535  22294  1827  4621  104892  4948  7161  10352  262809  1301  3580  4443  148349  232163  619228  0  3206  8115  41518  7604  1.35626e+06  68443  38315  14565  624461  27405  230634  132885  37708  18404  14384  1796  14119  1341  7529  93754  40374  39123  32700  28647  165532  39158  40590  
1542  862  774  3723  1875  1896  6947  47275  8070  59593  26145  1202  1054  1214  642  86241  10678  16445  2166  12332  1076  627  2077  833  1133  216  379  2409  1958  3519  404  8542  1132  2190  30282  15883  11894  12315  3186  5287  3415  54168  17025  12974  19427  52984  119879  27417  113665  23675  2.16576e+06  55011  5593  4670  3274  3925  0  1.98276e+06  418056  70082  37280  10220  1850  26328  5664  10513  1057  13728  79403  21462  24828  31065  870824  242326  595204  472786  210972  650957  419212  23878  152514  61063  421432  
1791  1554  853  2508  3617  3068  9075  28485  6961  7756  14545  914  836  3054  4775  43001  11751  69175  5263  66443  5595  1556  2054  2173  2175  606  1204  4439  6920  9570  1251  17923  1814  3885  47256  10136  22950  14798  5200  17830  6576  32453  17369  10403  13673  65024  322534  36210  65397  33846  434068  12324  2957  3179  4173  47311  2.42198e+06  0  663583  1.9543e+06  174658  39606  4734  96715  23025  29515  8548  14351  44822  153859  607576  473113  2.0117e+06  323113  329468  377516  77643  264269  152445  15439  72954  49488  226036  
4757  3320  1982  3930  7163  2727  7804  27037  6722  10326  9643  963  723  2274  3786  32209  16396  163116  24298  90766  21627  6729  15187  5910  11936  1714  3538  13846  22467  26419  2547  38493  2740  7771  102755  15690  56108  29862  10928  74298  17472  27694  6136  12894  16232  13494  22056  31154  103291  28985  61840  23361  2394  2143  2365  11503  858813  1.09508e+06  0  3.25847e+06  938311  130681  73290  630407  37310  48946  4952  7790  36118  84006  48794  11976  84853  2997  14650  128188  47337  134436  73936  15590  58125  65824  93476  
5120  3821  2015  4010  9911  4354  11733  40130  9783  10985  4236  1154  810  1759  14996  6190  16279  199605  24443  166814  19002  5224  14109  6518  11252  2377  4290  12806  20238  27581  2932  39197  2841  10900  113334  17353  64886  34883  9337  51684  18139  34671  17653  14867  18195  36491  134397  80076  94664  109690  82649  2838  2163  2169  2559  135024  170697  2.91213e+06  2.45038e+06  0  490333  102750  11905  1.61894e+06  75101  183330  39014  48572  50699  712549  1.58328e+06  973901  293866  4999  20701  134531  58807  146859  79039  12745  73443  55526  101412  
19918  14780  10086  30693  30529  10241  40489  202939  32609  29855  103819  33503  24471  41557  89104  132209  47509  626437  119962  1.043e+06  236423  75178  126489  68974  91658  13700  19809  50196  90611  94842  8589  131240  8037  28042  396549  60861  222574  110815  27730  251759  68427  48431  11266  23182  100898  23001  37028  47565  609681  6475  26464  350114  70546  196859  812141  1.96144e+06  27951  25579  871965  78891  0  2.16003e+06  692441  136529  898025  96576  99170  95462  74891  125976  66110  7212  67841  5149  22400  319149  111870  203746  131753  27463  191858  111545  237882  
2763  2021  1061  1565  4105  483  3244  7764  545  1081  961  472  317  438  2110  1075  995  76545  24652  52530  71584  36166  34104  12441  21679  3178  3547  5981  10619  8880  324  12926  353  3112  51989  5529  31500  15187  4391  38508  9879  8834  2585  5327  6047  4816  1454  8550  16590  275  1819  1260  876  1040  1107  39682  1789  3936  203419  9832  1.17828e+06  0  403173  191801  172762  22451  12645  15173  13828  23521  9374  981  14525  1326  5055  69863  10897  45272  23033  5313  35259  34046  37507  
646  414  268  612  713  92  828  2076  124  243  264  278  165  278  940  179  159  27856  5429  19878  51100  26787  12625  10603  6459  1131  1295  1523  2486  2015  59  2510  65  570  19300  1219  6556  3116  1848  37394  2223  4372  944  2732  3270  1538  446  3576  5404  58  514  273  553  641  539  60047  457  909  94476  2518  457983  373256  0  91328  547274  9650  16617  14029  9474  7372  5046  261  6012  309  1788  39353  6149  19559  7230  3035  42200  15475  12930  
2429  1469  1363  5154  2098  1184  8159  17798  2907  2314  967  1267  900  941  1546  1456  1030  84902  9582  51559  73367  38796  39796  71666  19488  3504  3036  5034  6856  5680  201  5753  189  1347  47240  6300  18446  9922  9998  98579  6414  72291  37479  57263  60913  58956  55468  112706  114500  43875  25851  1558  4764  3926  2578  12011  32551  79206  469563  1.27541e+06  112128  185809  128703  0  425192  1.10738e+06  35949  46600  82843  1.25658e+06  746420  29375  131966  1010  25934  183297  58838  354528  53396  25673  75020  118334  98571  
1868  891  900  4192  1446  227  2328  7107  437  652  808  1535  827  938  2175  500  430  46159  8492  35855  39633  50528  18764  103936  11668  2185  2908  3795  4375  4170  113  4897  96  1202  47688  4213  15977  9949  10578  81288  5822  33572  4151  17639  25071  4279  1774  20432  24362  221  1376  569  4038  4222  4146  755556  1639  5210  46624  13877  747604  166993  451675  726434  0  1.65863e+06  755992  212925  150746  101902  68652  1160  47661  1432  8664  119909  38720  85080  18897  18869  380836  62835  34376  
1045  528  530  2168  820  497  2138  6223  1222  1000  858  541  392  567  855  1044  1153  19584  3594  13926  7308  5413  7432  8023  6929  1048  1439  2284  3096  2930  158  3269  176  788  26387  2850  8429  5536  5493  21064  3225  21264  4828  12748  15272  6507  11938  27337  20995  16643  7942  532  2190  2042  1659  40125  12194  27182  34252  103172  46299  18442  20146  1.53615e+06  2.09234e+06  0  1.87731e+06  1.62449e+06  410518  3.40443e+06  122778  5013  42395  361  5202  183500  38019  72032  18481  18773  710014  73764  39109  
183  103  104  430  157  62  395  2656  279  95  343  258  154  139  259  111  143  3830  568  3001  2749  1711  1584  2445  1547  296  483  430  525  615  21  576  31  130  11100  478  1558  983  835  10746  692  1507  370  807  1591  634  365  1269  7099  112  261  69  568  914  570  136869  265  699  5380  7060  40042  10838  12260  83155  664872  1.36798e+06  0  1.05145e+06  132964  25125  4424  214  3068  125  787  22449  2350  6762  2751  1621  297765  49357  8385  
825  331  373  2350  493  205  1391  8718  825  492  2263  1165  921  910  1050  772  751  10971  1257  9772  6044  3476  2760  4511  2614  662  1482  1720  1431  1872  135  2250  126  588  32839  2301  4756  2991  2830  28552  2509  18819  1024  2162  11402  1852  1357  3297  20870  383  2260  452  5343  5183  2860  187245  3348  3641  12480  6573  66421  23132  17152  59680  206198  939299  803299  0  298765  27934  6459  678  8076  540  17046  154482  16317  39289  10424  16714  698619  324297  27793  
5969  623  1495  19209  588  266  3153  7149  700  1903  1853  4429  2755  2940  1582  2519  1247  11370  1426  11056  3656  4114  2349  6657  4127  1559  951  9598  4522  5057  151  4248  182  1740  19464  11996  14422  14857  23353  14340  10523  231043  17197  14330  94061  9228  11809  20519  22346  1238  16756  1701  24416  16960  11401  17000  34234  31313  32138  17555  31656  16070  12764  161213  123885  267688  90045  302212  0  516761  775404  6257  319169  2804  170365  399569  120680  233679  38974  72478  495222  656405  109857  
1970  1181  901  2992  2794  1669  5345  14615  3835  2400  1868  793  558  1858  3413  2225  5251  52541  10083  50602  8618  4923  8415  6242  6624  1196  1522  4986  7512  8576  781  11763  794  2815  33078  6238  21746  14018  8868  18731  8019  31553  11594  12471  19567  19637  76325  62900  34494  69312  42441  1142  2306  2129  2879  19368  42575  121847  69912  293251  72909  31023  19798  1.21997e+06  153850  3.70456e+06  39387  197052  628501  0  4.85289e+06  47746  298690  773  8721  131923  36742  85107  32030  14098  134426  45355  51970  
1728  1242  902  3433  2663  1992  12143  22187  4825  2002  4421  912  628  3309  3904  5707  5923  48068  4478  51601  6855  3470  2992  4381  2724  708  991  3795  5108  6580  746  10624  859  2333  29179  7055  16514  10762  7170  14057  5573  61103  46622  16305  25147  91335  323086  94451  58077  30620  66051  2047  2264  2292  4351  25608  24396  402590  126145  548251  129064  45693  19826  628515  81701  99364  6996  9373  672917  4.12187e+06  0  1.24692e+06  3.93639e+06  1632  36471  109445  44673  83755  34888  12212  36959  38720  53782  
389  643  326  642  1536  1605  10781  16037  4251  1060  3446  240  211  1129  1240  6284  2265  19863  1312  18866  1955  614  804  638  673  190  298  924  1418  1989  265  4054  389  753  12166  3110  5438  3366  1161  3961  1450  12887  23651  3731  4193  58932  426937  59922  31434  9155  77324  1723  459  662  1411  10969  19265  723673  43690  1.17451e+06  62809  18327  4302  174698  8318  18647  2719  3483  10382  102274  2.43355e+06  0  705997  5695  20420  51273  21453  32209  19565  2544  11167  10392  22410  
5050  1756  1889  13503  3639  2380  13192  31175  5551  6512  24541  3027  1920  5515  3641  50297  10851  92118  5302  76161  10042  4864  4789  5868  4583  1105  1294  8045  6520  8999  1060  21917  2072  4504  50724  16517  25971  17975  14903  16887  8252  375784  88779  28370  75914  136766  297545  67183  85099  5101  297634  14092  12246  9176  10064  43174  412048  1.98281e+06  302129  138314  327224  127881  35128  406400  113427  44130  12659  28889  341138  213925  4.13574e+06  1.01721e+06  0  830043  1.00833e+06  283247  122958  439047  108644  33213  60529  92922  148833  
111  98  49  166  262  134  685  1661  247  724  3326  60  44  320  96  7606  1135  8005  263  6102  417  118  224  126  179  46  53  222  208  424  92  2014  238  322  3889  926  1524  1122  297  596  324  4958  2183  464  860  9842  17589  1550  4231  108  22779  1819  147  152  342  2847  212993  247312  13710  3276  27598  10315  950  4853  2775  1626  747  1970  9282  3348  6531  27733  519399  0  290148  7820  3363  27050  4529  725  1719  2512  5202  
1491  1067  812  4801  3059  3736  17326  36884  11370  2914  6643  1268  1174  1501  872  13266  2299  17374  1253  15488  2369  1050  1005  1283  1017  267  324  2196  1403  2030  217  4696  446  1047  16001  6665  6901  4932  3371  3650  2026  1.09527e+06  186859  17533  30626  1.01678e+06  1.56094e+06  51754  195901  3723  1.29532e+06  6342  4782  6102  3802  10871  1.25467e+06  883822  59753  29532  80846  32287  6577  95811  19391  12985  3012  31722  236915  43773  104147  75394  1.61945e+06  594001  0  133129  86543  502355  87197  11674  15804  76461  56461  
5167  9018  8101  15165  14326  8539  113064  314778  22852  30376  27521  4798  5568  6017  5299  35644  5279  52291  7530  57518  27832  17308  11373  22144  12557  2796  6944  11780  9036  10636  509  12326  881  2901  305049  50748  48186  53477  26842  77874  35198  274040  124734  222034  173474  342674  112560  477384  1.66276e+06  11575  496512  150530  16953  32996  23257  135625  467945  114202  390239  52425  891526  315330  86059  597768  280547  214988  59236  229987  769719  293695  208775  15895  171247  3868  38509  0  1.87e+06  1.52895e+06  1.16638e+06  394953  2.55325e+06  1.84346e+06  3.23717e+06  
8019  5173  8712  24680  4996  5537  48041  87693  11251  5314  4632  1630  761  958  708  7529  698  5052  943  6520  1681  1116  883  1844  1595  498  524  8979  3303  3742  73  2157  100  927  21037  33409  14540  6999  22806  4474  4948  181914  100900  212487  155880  72096  75520  439280  421314  73707  366629  16402  2928  19730  4923  7212  68589  8080  19196  8378  64009  15437  3539  29229  15845  21460  2185  12754  55139  29187  18797  2271  19306  909  9381  1.20407e+06  0  521776  424982  509257  311413  96672  357414  
8615  4921  7657  31248  4799  5680  43418  218840  26400  47736  18018  13093  13955  11242  5015  18600  2397  19903  3308  21367  6657  5580  5025  9122  6898  2119  1458  11854  5955  7193  198  6481  338  2197  50353  40075  49014  47644  65964  18514  16690  414351  122620  313518  271426  258578  118372  445639  1.51546e+06  15909  603791  97703  65977  56207  31252  24489  549527  200635  176806  55439  223202  68552  11081  181730  44289  44028  5882  23284  87370  134396  63733  20881  145007  2170  129926  554678  1.0062e+06  0  1.82243e+06  589923  143781  167197  362666  
539  1086  921  1806  1911  1939  12604  43699  7014  10943  7070  815  1167  1019  710  8030  835  6425  1100  7706  1952  772  1250  1202  1239  417  350  1337  1089  1307  68  1722  138  375  20728  7556  9906  23135  4570  5341  5132  21873  21678  22944  24113  81624  54584  53184  454204  5714  232409  30359  3487  4990  3033  8481  213692  48353  54572  14347  121696  30466  2342  30236  8036  15029  2191  5452  12909  47014  14895  3979  21611  303  7866  377482  263147  1.75964e+06  0  23158  382213  157775  799743  
8088  1311  4678  25856  159  87  5454  6097  234  1531  658  4975  4869  4014  1619  503  157  1461  245  2965  692  908  420  1697  1043  307  339  5492  1759  1925  11  1281  17  811  3147  21839  8823  2924  20697  2283  2449  112084  6024  80639  100312  884  1046  86565  22731  313  7492  1324  39169  31887  21730  7524  6759  2743  5023  1955  9711  2239  1916  21436  20079  3722  563  4058  35843  12305  17424  624  10428  107  9263  102632  548457  277505  15364  0  21541  42824  7771  
3073  1255  1496  7633  1833  583  4613  17881  1588  2440  6899  3035  2486  3269  4147  4004  4065  40265  3962  33591  13850  9867  8168  15234  10203  2208  7324  7257  6868  8605  602  9853  629  2168  127414  9765  18666  11358  10870  107384  12130  16562  2281  6211  14942  3550  2185  10589  51765  549  26799  5091  19745  21664  16684  301902  21727  6511  29277  6571  90174  30709  30677  86335  239216  159426  316158  917960  291135  65698  27072  916  15863  493  8262  1.59344e+06  74811  138723  135521  124378  0  1.70873e+06  223002  
1739  404  726  5254  384  157  2162  5007  358  2782  2131  1850  1965  1948  1212  2460  682  5964  791  5964  2967  1969  1121  2147  1374  388  646  2501  1339  1590  74  1840  102  571  21440  6960  4676  5295  5186  8465  4839  26157  2734  6779  13770  3515  1774  9979  14827  375  8050  1970  17905  16146  11333  22427  7948  6167  46023  9382  37728  22448  13068  135681  30817  16703  13450  407397  311513  24502  25034  1562  35107  308  17849  1.14209e+06  81062  160383  65204  162786  1.5978e+06  0  226879  
20468  57405  50689  15577  66088  25499  182105  679396  24981  571496  403528  3129  2938  9005  22918  473633  30573  267358  53613  344497  41828  25377  69565  37920  68896  18841  34003  68324  45051  59067  1951  50441  2460  11656  3.39659e+06  1.1242e+06  894233  2.403e+06  47222  204581  378552  42366  20642  29673  30486  65202  44677  105608  671965  11234  450482  125491  2253  4576  5400  46641  470906  85950  188089  28007  408224  115409  21761  110984  66827  59883  15316  34583  83467  51976  31410  9392  53081  1972  14752  2.7105e+06  573826  941015  2.51036e+06  17211  563626  346489  0  
