4181878  
2465712  
528323  
3620562  
3711524  
4193533  
8258224  
11963994  
4100167  
7051082  
2804862  
2434793  
2463332  
3250868  
2648329  
5822025  
7169733  
5974579  
8079606  
7495545  
1388593  
1140840  
3916301  
3575389  
7319117  
2033610  
1752513  
2196049  
7802554  
9956511  
3090065  
9612345  
806173  
6044840  
10437987  
3172032  
5465626  
2321420  
656339  
4284731  
2148819  
5561013  
2348772  
618330  
3563043  
3144749  
4720769  
9085859  
13210499  
4578976  
7164008  
2098698  
2495887  
2073973  
3242524  
2638103  
5820646  
7408319  
6028909  
7821351  
7877415  
1645109  
1336582  
4677164  
3969465  
6848730  
2057284  
1647604  
2049158  
8667881  
10214092  
3324967  
9109937  
883429  
6238919  
10186389  
2703868  
5033680  
2348706  
538130  
4125508  
2230378  
8884981  
