0  1.35537e+06  30693  639702  147043  61809  545525  10916  727  9228  667  1853  276  366  1512  14144  29499  40131  13841  9641  4897  14548  37301  60004  10446  750  4503  103606  19948  23681  865  101510  526  1.05316e+06  93923  147192  494655  99429  16365  14709  25657  304  87  199  1072  80  113  792  2239  158  116  40  280  87  61  158  132  16  2413  46  2676  466  293  702  502  96  51  66  131  149  163  0  133  0  77  2712  1392  335  569  479  733  216  92081  
773046  0  1254  187  798969  46223  456749  30219  1983  7267  1736  64  38  323  398  8905  8809  26483  4349  16734  969  2136  7749  9867  4501  259  3739  3315  6786  5417  482  9988  76  18073  684433  798458  164673  99002  3824  17638  12227  140  2033  387  60  316  213  6784  9742  336  198  83  11  14  7  62  242  35  1789  66  1363  109  87  351  188  70  24  66  87  77  88  7  75  1  43  7420  457  717  965  50  486  428  269692  
28437  279  0  118238  15  4  173097  137303  7  57  24  109  4  13  3  77  9  207  41  55  20  34  154  144  156  3  240  590  67  38  0  21  0  5  9234  76796  3532  1569  31263  189  1053  1021  428  18887  6086  23  9  7705  17552  21  85  43  106  28  14  16  28  8  41  19  24  7  12  75  59  22  7  45  129  86  82  0  44  0  65  870  5922  200  107  947  158  270  6605  
664823  447  184837  0  40  18  6352  666151  30  189  454  982641  46255  38852  17851  94  23  326  96  13165  285  252  291  863  507  604  8734  62642  635  758  1  15628  2  1516  3782  26436  5771  564  15625  2856  11548  18493  1007  92174  801014  192  231  17579  196895  442  473  1513  170803  12170  8529  3432  223  169  705  458  4854  552  437  1584  1442  170  49  282  2706  1602  1522  16  1336  3  3159  2355  34012  2860  594  7365  498  1299  1383  
233295  910572  230  43  0  1.43043e+06  1.081e+06  215312  74461  138708  3941  52  182  2714  812  36485  101405  52348  55326  14056  404  333  5786  1029  5323  246  2289  1995  43912  32853  4957  33036  388  228839  510426  322394  302053  79302  641  9606  9202  66  953  181  33  2831  4602  27109  42892  4259  708  289  25  74  41  78  479  116  1936  89  1403  89  47  275  158  140  25  67  87  151  95  16  120  7  271  6414  508  2418  1930  28  584  463  258081  
54102  150233  234  76  1.17971e+06  0  523933  550518  831642  1.53245e+06  9456  45  216  4107  1074  80010  182424  86500  51679  14923  434  330  11017  881  9069  308  1193  2019  80950  56542  5889  137636  2330  834907  236273  114403  289804  76849  476  4094  4272  89  857  214  47  2325  5710  27825  64642  10554  1895  580  30  75  38  96  578  112  2647  192  1955  122  52  345  111  162  32  30  42  178  94  12  112  9  254  4438  772  2753  1964  41  473  245  173210  
380650  651855  201441  2417  1.53462e+06  850992  0  1.76932e+06  872156  177139  10175  444  932  6871  2078  15974  36619  83867  66793  29897  1651  3259  20701  13991  17276  585  4149  4268  45294  13304  1754  3687  106  3995  630042  864724  293513  104547  78790  16561  14340  3453  45939  11899  1806  39082  31608  444521  433362  38168  4111  900  207  507  193  287  2633  1789  4976  1206  3608  328  204  1559  551  1014  180  234  448  1287  680  172  949  68  3038  38398  10464  33030  15813  758  2156  1371  286059  
5739  71232  124945  846598  87683  96888  1.99543e+06  0  1.73933e+06  469225  1.03173e+06  895019  1.26689e+06  1.05124e+06  281401  22636  10718  33555  12877  462377  4739  1201  3374  4018  8476  73717  99746  35147  11806  8617  1181  3470  96  2730  448638  312873  234422  157613  13344  114180  9849  17744  71330  193277  167353  38093  48336  725701  4.54711e+06  285782  169877  204099  186662  181194  59171  21710  19816  4096  35217  10528  68021  3822  2282  10661  4789  4509  882  938  1481  4470  2107  285  3165  206  9564  116609  81260  123015  65372  4644  10251  3069  417299  
666  8220  311  19  56256  1.10941e+06  963750  1.54936e+06  0  1.58876e+06  10177  7  13  116  46  7184  9998  29866  82631  1954  57  70  10295  204  10305  48  468  639  37438  6070  505  1422  29  1236  150793  117065  126694  89452  307  1399  2541  75  232  39  11  609  1618  7015  62277  22414  16892  1824  7  25  8  26  420  77  1070  745  542  32  19  701  37  238  33  35  32  203  84  9  120  5  285  3116  3096  3555  2035  6  488  136  195855  
17657  45456  828  150  111300  1.28994e+06  192329  760003  1.57878e+06  0  43196  80  103  926  408  2.25629e+06  257360  87267  81175  10628  430  393  14358  1007  12149  335  1071  5259  125714  87083  8565  183393  4690  562809  380999  285515  402483  559763  697  6897  4878  98  285  140  60  490  971  5066  46944  6530  48255  11277  13  65  32  96  2909  78  5098  1587  2569  163  75  1658  133  319  72  92  131  291  162  13  140  6  212  2508  1882  2280  2694  29  1157  794  658509  
238  2400  542  500  2701  2601  18036  850789  2076  47221  0  5782  41473  1.22078e+06  17700  72816  619  15536  415  951801  2055  428  156  478  159  296  638  492  640  554  60  771  82  245  27942  12449  11843  10143  474  1171  697  262  1376  761  280  961  1226  13458  203379  9228  309339  510976  1224  3239  11989  9870  269180  618  74981  1947  123798  3131  2075  1947  2421  478  849  930  250  361  242  61  442  88  497  11110  5221  5354  4020  207  3623  657  30158  
16212  1013  5314  948917  110  22  11440  906536  142  991  5874  0  510150  317668  148690  216  36  328  73  82263  1113  336  116  1655  1270  10903  18602  23285  376  224  1  4597  0  439  5210  2648  3011  1832  4555  17211  14079  10215  465  10737  127640  183  243  3381  208005  466  985  11159  394523  79638  38069  14137  825  138  2013  366  17443  1550  1142  1123  2347  163  103  267  2268  1538  1375  14  1225  2  3196  2349  5986  1913  757  5269  628  1543  1968  
17471  719  1642  150228  250  81  5838  1.06156e+06  491  2610  28695  843186  0  1.02547e+06  481670  288  41  507  122  200002  2774  824  108  4311  3099  50585  67600  30677  204  223  4  5126  1  292  6250  1270  1597  845  2839  81154  6209  5097  607  1780  23233  401  455  5490  186174  894  2620  33904  121979  277936  87380  19474  2435  140  4673  293  30627  2041  1333  768  2752  165  237  369  2093  1395  1246  10  1052  6  2029  3060  3599  2017  1164  6428  831  1061  2171  
11242  3385  1343  99488  2970  1020  22450  885155  1617  9486  1.16014e+06  439709  975550  0  824314  3840  588  2768  502  635482  4163  1025  221  3932  2364  39239  51728  20861  760  662  63  3560  7  355  17492  8102  11582  5642  1803  64543  3428  3264  2207  2217  21744  1024  1203  18800  197899  3644  32734  185420  51347  91448  250793  21466  25215  194  17702  376  56679  3083  2164  673  3272  229  535  674  1485  978  812  21  687  12  1277  5560  3289  3071  2149  7476  1912  902  12799  
4983  722  524  36374  240  89  3517  98775  73  318  11059  142062  199339  342824  0  837  155  13770  287  1.56257e+06  91036  36040  1666  494072  10800  104588  94553  29542  828  2691  19  2719  20  771  20149  1616  5636  3805  753  113605  3480  1037  375  552  6280  138  106  2444  38008  280  7806  11842  21289  22928  87323  199066  14208  81  69069  256  206531  11753  6106  2537  9489  535  2208  2370  726  456  412  23  450  22  305  11203  1688  1506  3539  2326  8606  771  11122  
26732  82753  1177  224  99015  196416  41470  62784  72875  2.40997e+06  61827  159  176  1467  439  0  2.04957e+06  533508  77507  42411  477  396  14457  1035  9623  426  815  11910  153422  110646  8346  351279  165172  553086  134719  39316  649022  317115  880  6870  1777  86  374  268  83  262  411  3486  10010  1204  19090  4027  27  40  56  481  39052  504  23829  225  7898  545  356  942  428  109  123  142  103  115  163  49  352  62  138  5583  1074  1051  1363  91  1186  412  213574  
52341  120500  2320  428  234207  266225  107064  65243  54999  283932  9199  467  245  1191  1956  2.07024e+06  0  618864  1.42548e+06  118732  3609  1840  33089  3823  25644  1957  4129  18216  557619  754715  408786  1.58226e+06  450888  527255  123485  31247  540477  250345  2766  13009  4963  81  376  268  114  408  630  4827  13011  1702  914  332  47  51  33  902  2178  113  47100  299  25657  769  312  579  506  139  190  180  206  245  365  31  369  26  89  5757  1254  1544  1875  205  1192  352  96315  
44633  44229  3673  1087  32240  65788  75712  33341  129429  128778  18738  574  202  361  2430  562539  714083  0  2.559e+06  422258  52409  15341  609235  30312  168318  29061  11524  28966  61656  37594  964  64806  1686  50272  207189  34284  335916  261937  10717  58617  27672  782  540  590  638  367  436  2752  13418  3503  6044  807  196  61  60  4451  10134  816  183109  2776  111907  17177  10060  28411  10489  4724  2134  1851  2429  5023  5446  241  4632  178  540  62079  7430  7330  9445  1706  19028  2760  190656  
55105  74818  3819  809  54926  47407  212636  42160  371840  56568  1361  365  168  558  720  22457  1.87727e+06  2.53007e+06  0  32303  2005  1982  1.29294e+06  13389  426065  31136  17135  37931  1.20276e+06  1.30238e+06  328595  240155  2859  117846  118396  37604  368886  193494  6506  27403  13641  265  311  264  302  403  564  4403  12102  2862  1786  325  91  47  23  838  341  104  14642  358  21506  3082  1513  5043  2372  1279  486  409  865  1743  1888  19  1318  12  124  11346  1614  3126  2986  474  4696  811  118901  
22386  5098  1454  12821  1282  1061  18086  195810  1203  8216  665983  71917  136554  447728  1.70003e+06  76043  2515  566482  6506  0  1.54284e+06  475433  10077  632234  20522  57785  130551  63897  10499  31599  170  27933  963  8980  260996  22240  93231  71949  7479  366629  29379  2374  1987  1504  5357  1210  1152  9115  90224  7162  131924  105605  21206  27640  37116  153116  249789  2733  769098  5188  1.5201e+06  99563  45511  66856  45469  10771  9562  9136  4971  10213  10085  678  9734  678  1714  172853  25339  19724  43392  6689  68712  7825  166616  
4102  533  188  199  37  12  1680  914  25  140  787  172  152  176  26853  387  82  61237  592  777330  0  629195  10079  151237  3489  3680  6793  5033  1388  5064  13  2931  13  1550  36570  1373  12388  6160  1066  44108  2836  216  52  190  383  28  32  285  1547  49  734  612  1013  1150  1389  4045  1686  44  15796  153  53553  86650  33728  15031  15752  1076  956  724  530  896  974  15  711  2  67  19229  953  990  1261  440  9795  566  7069  
3476  486  139  161  18  10  1247  430  12  79  358  119  61  114  26286  208  38  54954  477  230573  492746  0  27945  489524  8311  11619  3512  3763  1276  5813  8  3279  5  1471  32073  569  9562  6007  701  40219  1631  159  31  101  330  10  5  133  877  6  124  115  1020  1194  1391  2899  333  10  3513  33  22567  58599  35387  5913  38739  403  573  437  282  280  305  4  240  1  28  8506  272  499  387  235  6777  265  4496  
51740  26305  2374  885  3163  3928  33761  6466  11943  2998  366  285  91  134  853  2478  5839  774866  1.12351e+06  17974  9535  26228  0  234167  1.05426e+06  65127  22081  38087  1.13996e+06  515992  901  159898  522  54091  72279  8584  175388  77598  7714  39853  15808  333  110  274  371  61  83  735  1703  260  253  47  100  27  15  495  103  39  11711  331  19203  7057  5171  16456  6017  2300  645  403  1018  1632  2136  16  1600  2  92  14397  1011  3183  2764  494  5131  687  40673  
16680  1487  413  611  57  36  4678  778  31  143  199  347  252  351  439055  196  186  59626  16534  384259  128720  750983  356714  0  1.4182e+06  554174  32436  24724  13928  40146  62  18713  11  6547  73562  1610  33438  11383  2713  130937  5064  242  33  124  412  8  10  132  798  31  130  89  733  820  947  3535  302  22  5720  82  18014  9437  8183  29849  134547  1756  1268  892  583  511  687  6  563  1  41  18274  585  1179  996  351  13850  408  16015  
20815  4624  809  785  690  1222  13687  2215  6127  981  126  870  431  680  7338  391  1182  133330  148207  17824  7098  16411  1.0087e+06  1.37923e+06  0  1.51438e+06  958092  140361  2.71808e+06  74592  139  32047  79  11812  103398  5609  53722  47613  16615  270493  77398  202  32  95  236  47  69  318  963  211  128  65  118  63  27  437  104  66  4682  222  6974  3114  2540  7835  5322  3391  441  300  1982  2174  3319  11  2036  1  62  8060  619  6921  3128  537  4660  670  30640  
1671  358  84  750  37  22  962  4276  28  78  66  4392  2845  5262  36474  197  39  35585  32944  16119  4804  11233  87955  305768  1.44057e+06  0  504231  69060  15290  7781  2  2654  5  730  7563  600  6972  4875  1927  225583  6156  31  17  29  92  9  8  70  1535  16  68  121  479  339  85  242  136  6  971  23  2084  453  312  813  579  128  58  68  141  150  243  0  170  0  11  994  133  768  633  75  615  60  15345  
7998  417  519  5943  89  29  1975  12968  82  213  198  13507  7156  13038  43856  295  85  6452  2767  43366  6396  4227  8095  17172  844261  443702  0  335011  7425  2091  6  1254  11  1146  90377  3492  16091  25715  7758  574409  257395  3497  63  390  4345  45  60  340  5982  130  282  589  2157  1079  339  1004  514  41  2499  137  5973  807  573  888  1128  172  244  240  998  830  919  8  650  1  728  3763  8634  861  604  3029  2266  373  36232  
149790  4476  2697  105807  885  458  20591  5113  259  3173  268  26808  6285  5172  6494  5124  4628  18956  6380  12634  2985  4441  15866  15523  119181  11031  263222  0  432403  555203  126  306553  116  45116  72037  11215  173470  85591  52858  55311  475479  23354  57  2397  30214  165  341  517  12227  581  517  370  9218  2003  1190  459  218  249  2696  693  3281  707  737  4698  4616  568  110  176  4427  4052  5563  34  3789  4  3766  3451  31169  12580  4844  11445  954  1346  36902  
20651  34531  1186  730  40983  37482  75453  34017  55585  16565  1139  559  233  891  1587  3839  129428  92687  462364  25370  7540  15518  1.21599e+06  72368  2.93841e+06  17362  24709  483421  0  3.37735e+06  43873  117796  384  28139  153467  19480  244087  188255  30729  182254  62842  173  209  194  227  284  428  3140  7622  1156  463  124  86  52  52  546  303  155  13187  398  11349  1760  1412  5785  5089  845  244  192  2073  2347  3903  37  2608  9  84  5389  952  14882  6945  834  2255  839  94106  
39726  95588  1495  1055  166649  94935  72414  87715  19215  20886  5127  500  337  2194  4994  17539  1.49168e+06  177463  1.04928e+06  85938  23720  43559  520351  138611  135295  9267  7617  682653  3.54417e+06  0  1.92689e+06  3.57545e+06  847  56708  154116  21476  357695  195362  15801  153111  22183  224  381  288  310  458  582  5706  16331  1362  680  289  130  123  87  1251  1254  125  36366  476  27721  2346  1430  4383  3328  762  397  342  1073  1349  1985  46  1460  18  120  8422  1592  7800  5941  590  3119  659  89739  
3539  19019  118  39  37992  20496  15747  18097  2787  4662  955  34  50  440  364  4666  1.05288e+06  26314  395385  12031  693  825  9590  2534  4808  430  637  2815  247522  1.87894e+06  0  1.11928e+06  163  6919  11869  3560  34637  17663  224  2466  501  14  66  41  16  73  112  1120  3220  291  113  40  8  10  15  105  211  22  6306  62  3581  170  54  105  83  29  19  18  21  32  38  2  45  1  26  928  168  236  269  21  202  41  8790  
277465  101879  1791  3568  147826  179428  35527  47285  5351  147549  28843  494  204  1016  5816  247241  1.71874e+06  568185  263908  357294  23966  32992  294861  107906  87584  9731  10477  670321  198164  3.9637e+06  873042  0  599807  1.09082e+06  148137  18399  649007  133357  4121  65965  10356  414  367  295  469  335  605  3870  12341  1862  1913  660  184  111  92  2532  7716  283  118733  861  74562  4915  2359  6154  3292  1210  734  662  633  1035  1380  118  1425  78  238  17843  3463  3013  4156  612  4954  762  89847  
5359  7681  147  25  9705  6639  2265  2502  202  7455  4715  24  14  58  200  81810  243168  40703  6674  39129  563  279  2192  324  1023  144  275  1864  6804  5586  374  436507  0  287456  3856  903  75174  12978  132  586  172  5  20  17  7  19  36  201  541  73  193  100  2  1  2  98  1258  33  5047  23  2941  81  29  69  46  16  24  19  17  26  34  5  26  2  17  618  128  99  138  15  132  28  3520  
1.25117e+06  215553  2129  3927  559312  1.32625e+06  61300  61197  3827  882032  5392  607  256  1389  1213  1.01019e+06  999127  111239  55582  54151  3121  5703  46794  23986  15102  1332  3183  52439  155400  152621  12389  1.06499e+06  471152  0  44521  28424  920508  53691  865  7826  9115  94  273  170  162  350  603  4079  10514  813  450  239  85  61  42  346  1449  72  15312  114  9683  674  320  833  449  180  98  80  83  144  192  18  209  8  77  3097  572  757  798  82  739  141  36671  
97126  576591  70805  6322  235715  39736  1.00568e+06  1.68668e+06  85421  735714  245790  9728  6220  19572  14016  456131  5195  399038  37064  418690  31380  32468  67164  86201  244142  11258  346354  152844  160719  88912  253  22589  135  6987  0  4.15936e+06  134728  147448  279284  1.8524e+06  941731  1101  5195  2044  1043  4394  5915  57468  187994  15450  9333  6301  822  668  585  5452  6923  482  47352  1059  42930  7776  4734  6975  7641  1435  2293  2538  2226  1880  2245  88  1766  42  838  180263  5979  11725  9954  1603  29998  6914  5.14584e+06  
103952  472248  135232  4039  40033  5476  1.00617e+06  241491  33301  187089  32214  205  220  1320  839  49046  727  69327  2239  59478  1524  1453  3805  4294  10209  534  12345  7067  6694  3623  31  1002  7  470  2.31235e+06  0  37911  67607  340842  47289  43492  216  1788  953  314  630  575  10938  34340  2228  2782  1302  68  120  36  183  1023  100  6395  232  4248  271  206  1193  593  221  68  278  554  446  565  9  442  6  146  35023  1865  2434  2574  747  1852  1904  745525  
476799  684578  148376  18399  352505  110841  960829  786401  125100  436833  32643  6586  3662  12643  5214  482778  193270  317474  177598  64390  7174  12519  124728  49150  47391  3155  12077  99409  182743  90294  4572  168883  7498  367259  114682  400531  0  1.80222e+06  80562  18236  33530  2506  7003  7435  4333  1590  1822  34874  110905  4852  5375  3050  1068  965  384  506  1955  282  11974  702  8937  993  654  3318  2687  605  163  237  2736  2716  3496  40  2422  19  897  9660  15792  13088  11574  7336  2330  1447  235147  
40322  93717  30802  1933  63294  18499  159948  180562  48935  268864  14928  1781  698  3088  1367  237433  22919  166811  78691  43414  6144  6002  40114  14640  24358  1511  10078  20943  63538  26473  1494  6142  263  4137  55041  193376  1.53456e+06  0  50733  20843  97043  276  1344  1203  420  560  560  7312  23941  1456  1604  805  171  110  54  183  739  213  5523  425  4351  892  707  3353  3583  928  125  193  5656  5730  8443  48  5472  7  163  6672  1087  16700  20835  676  3006  3825  578356  
35475  8601  64616  14635  51  9  92445  12684  41  136  53  1704  460  358  353  171  36  2748  511  1165  599  1087  2152  3522  9030  190  20858  37052  6065  3007  2  1217  3  217  84256  365207  75526  22141  0  6187  57546  1836  38  143  1540  98  178  333  690  386  384  99  439  141  87  47  139  168  1385  509  612  320  451  3366  2716  475  82  392  3842  3380  3983  29  2573  0  1025  8846  18591  10318  8424  15729  2569  2305  38213  
12066  1995  3172  4843  306  80  8995  25714  137  666  705  25310  14788  31194  59587  1447  401  33989  6016  157837  42298  25679  17190  58028  208690  181009  1.17856e+06  91825  105230  70033  30  17633  25  2675  1.67188e+06  21100  44270  42575  63027  0  1.27676e+06  537  125  317  799  79  109  756  9919  233  864  2835  2527  1593  861  9688  2229  97  22652  359  40413  13348  9299  9927  13259  1272  3329  3119  2472  1985  2719  24  1903  8  263  35336  1802  9401  8306  1486  33678  2345  77769  
10679  2467  2064  3102  721  133  6135  4323  197  967  327  9069  3252  3629  3165  507  235  12485  1910  9351  2307  1784  5700  4708  58970  5434  747693  212526  15169  3469  2  4322  16  8340  646381  24819  32250  114448  49266  1.21279e+06  0  408  36  82  381  62  63  278  1066  98  265  316  489  136  144  523  302  62  1649  133  2803  401  378  1227  1625  323  101  133  2283  2225  3238  15  1951  1  169  12263  770  4258  2642  798  942  1032  151726  
801  1132  3048  1791  183  40  11043  12263  240  159  174  258  68  119  67  178  22  1690  126  1295  236  194  215  412  196  41  911  7419  180  201  4  463  1  37  2089  2006  2176  1134  690  381  1080  0  1.34109e+06  66501  670720  309879  53918  385901  97128  19789  19785  595  4867  2284  1303  1154  11784  31586  62282  53133  17750  2006  1265  60234  8904  15604  3116  15665  61596  17808  12362  1977  158108  1584  1.08314e+06  202785  129924  437452  138729  6631  9910  7299  75325  
575  5195  2248  191  686  103  42073  19243  299  202  241  31  25  152  78  271  51  2024  100  2352  146  138  99  161  118  25  88  101  79  84  2  102  7  29  3943  3753  1841  1851  244  364  305  1.03183e+06  0  6825  537  627160  31194  283907  41781  12013  14920  375  182  137  75  1759  7594  12202  26308  10795  17972  2722  1433  15964  3593  9842  1429  1972  4418  11931  4744  880  46495  409  26407  385236  467953  191976  74734  1883  18360  7227  85870  
1073  1263  28125  20653  21  4  12467  22333  9  13  49  140  4  59  5  8  3  41  9  69  8  10  16  19  11  2  25  231  12  9  0  10  0  5  190  1531  257  112  97  12  59  27761  446  0  132466  78  101  105725  78879  186  126  15  587  161  84  51  37  116  719  345  260  42  68  1251  324  130  23  24  142  179  137  5  116  1  333  5060  22022  10527  1664  2120  145  158  1742  
6455  1136  73041  643266  44  8  17102  143530  36  47  223  83840  1985  1757  890  31  7  190  55  813  137  184  149  451  180  114  2185  17990  385  422  1  954  0  36  777  15577  3927  366  2607  537  3181  731317  338  129071  0  451  872  3797  459740  1695  904  1590  771794  15046  7879  2233  174  644  2058  1863  5442  826  880  8243  5098  648  96  3477  24742  6559  5482  41  3586  5  10853  7411  93441  21987  958  30423  663  2992  2546  
94  784  225  55  1038  413  16002  14706  1288  510  319  10  18  129  94  270  63  2822  123  3205  267  311  139  290  147  46  84  117  111  119  6  121  0  37  3365  1415  930  1129  163  496  292  506259  777330  1292  213  0  1.17326e+06  786622  140933  63203  120544  1397  58  67  35  2878  40020  41664  27530  10397  27889  4818  2528  12739  5341  14874  1682  2365  4172  40320  17950  4524  23228  2773  302732  518184  161507  280144  115020  638  29649  8139  139159  
91  436  271  89  1346  953  21380  36509  6629  2392  705  16  46  193  55  357  62  1573  143  1632  122  111  102  135  142  21  58  111  154  91  9  75  2  29  4376  1412  1356  1437  154  304  256  66609  107695  1486  324  1.64475e+06  0  923887  714218  744513  1.9316e+06  4391  86  143  66  1103  158988  119601  32471  22964  12948  1885  1043  9001  2907  39473  1405  2414  4265  109513  35929  14130  151945  16740  955505  268218  93500  359883  158332  364  48626  4965  134260  
1884  23664  20177  1586  15792  5863  370792  273938  17102  3200  2036  119  129  1773  335  1101  935  4437  850  5803  315  315  460  355  486  82  283  294  1105  730  94  321  10  232  34789  20836  13033  9228  559  1108  1034  233919  477781  189733  1232  1.67208e+06  1.49002e+06  0  2.35698e+06  1.73984e+06  244157  2145  324  454  226  2791  41475  25093  41505  22208  29900  4688  2317  31622  6049  46186  3799  4282  5532  69575  16035  3907  22678  1816  60083  561713  503696  398810  163918  2789  49434  8445  220700  
11417  47135  271979  242318  44281  28381  841639  4.52868e+06  189386  80888  137654  101782  47600  124636  28950  12026  3043  19534  4419  106781  2404  1178  1781  2338  2155  6628  10279  10779  4389  2523  269  1661  37  1073  147778  101417  63974  41577  4355  13726  4821  55978  77772  215077  504184  88257  148125  2.03308e+06  0  1.93939e+06  455945  795834  1.00344e+06  955632  924623  190137  99202  27005  143987  46816  512469  25355  16579  48365  35064  19999  4999  4320  5328  20414  11492  2666  25273  1949  73648  649892  522066  760629  394051  15825  77437  11847  477496  
82  340  173  59  1566  2447  55134  100577  39688  6594  1479  8  39  128  27  634  133  2999  402  1791  61  69  189  117  235  16  75  144  483  182  10  170  3  43  9371  2423  2606  2585  173  430  367  4922  13298  1390  245  60242  893321  1.10125e+06  1.47648e+06  0  1.97424e+06  1778  67  47  21  469  19109  16694  32123  61103  6558  831  440  36434  1942  80005  3456  4567  3814  125717  13541  700  14526  745  17377  217887  163210  220868  141069  303  35052  4106  145590  
355  562  894  324  572  615  10288  72594  20200  39774  16920  114  87  307  95  13894  58  4965  489  5395  99  70  177  118  158  26  297  830  197  144  4  214  6  87  5810  4450  2533  3896  1240  533  757  25013  34888  2261  588  113626  1.77036e+06  230977  1.10341e+06  1.59977e+06  0  140415  232  272  2008  701  2.81698e+06  243422  149985  69412  24247  1078  352  27029  2224  61120  3182  4275  5685  124281  41789  20867  453270  146347  789678  268229  331366  647007  495815  648  212407  8672  390216  
393  445  877  1667  256  236  3389  144043  19772  240993  342320  4692  14932  54224  3983  68071  59  17547  2886  68238  579  147  555  216  142  290  747  1204  248  155  5  378  21  158  7185  6771  3030  4208  1174  959  735  510  279  250  6257  191  252  1316  469033  704  235999  0  35092  56939  774940  4985  352700  135  28720  163  461157  2261  1275  232  1098  75  59  455  972  393  261  4  199  4  652  6362  20569  2293  2476  2183  1529  3149  9659  
4202  1387  22533  192857  272  54  18301  275087  130  832  3767  431588  78967  28948  11811  163  37  497  82  12104  1549  826  182  1789  318  1943  4474  13828  368  360  0  1172  0  99  2430  5212  5080  1504  2461  3629  3982  41339  497  10177  584072  326  568  4574  1.01512e+06  1020  1507  52084  0  729223  322750  173821  3156  330  1581  869  194787  20651  14812  2895  25036  507  689  1651  9671  4419  3618  25  2533  4  7956  5025  25109  5332  852  46805  2150  8308  2121  
1957  951  6316  23874  545  238  10950  296994  840  2817  11096  64109  163044  62260  16979  475  44  883  121  26864  2725  1362  123  2934  313  2278  4057  9050  180  235  1  881  1  60  3077  3531  2805  825  3937  4058  899  12391  668  3228  209860  468  573  6497  1.11198e+06  1253  3424  100097  899949  0  799710  261764  9412  234  5248  353  390029  37345  26699  1187  39882  554  841  1772  10415  4715  3555  25  2001  2  2649  7863  10952  4239  1590  106453  2645  8731  2989  
3702  416  4928  21176  258  161  5261  160663  4243  48999  115479  31333  75826  263669  79552  13076  57  6853  659  67312  4994  2312  293  4696  280  987  3210  15727  281  371  1  1905  12  128  4890  5122  4111  1825  7869  2799  1246  9220  243  2295  165973  203  260  2076  808244  1026  10463  914162  636895  930627  0  806161  28695  210  9307  334  809905  55198  37248  1327  46867  622  548  1637  11070  5856  4362  15  2436  5  2608  7651  16789  3070  934  111126  3565  11874  3896  
1817  392  4596  16414  107  45  3937  51279  82  1264  15958  17109  6542  22986  215385  9174  156  19802  405  161284  11585  3528  537  7345  591  1025  2356  7063  401  869  16  1771  21  263  11267  2312  3380  2259  2715  6501  1214  9559  212  2134  62003  146  185  1716  191300  322  797  3065  286913  349475  810239  0  1007  140  12292  259  1.37441e+06  84193  68569  1816  536942  27489  225941  121612  28202  2612  1932  36  1244  17  1700  17004  7636  4444  13975  37863  79820  22366  18044  
149  313  336  146  204  121  3295  8249  1519  12787  14942  84  46  169  103  61407  65  18701  107  16699  91  54  98  85  118  21  141  365  108  105  2  393  40  85  2780  1098  1241  1923  417  342  377  27753  24325  1059  417  60690  167912  52913  96656  83851  2.44893e+06  86895  214  232  2349  653  0  1.92918e+06  700579  37854  48538  572  224  6907  1385  33971  2283  2354  3721  85176  40110  29862  624032  461004  601004  235303  48276  550847  330849  847  96621  5476  296559  
181  1453  899  372  708  139  13555  22331  937  1544  1658  102  60  230  77  9290  74  5830  135  4315  142  107  135  179  179  36  147  402  211  176  4  233  6  49  3528  2530  1806  3048  731  595  692  78677  76628  5857  1488  126714  233784  74185  166291  85557  431407  595  480  585  262  1609  2.18419e+06  0  592991  1.90474e+06  20476  1488  650  33231  5239  134691  11719  9556  16639  697782  649064  669077  1.73346e+06  346706  420494  187076  33693  968184  636198  3394  145843  38351  276663  
4196  1710  848  478  600  337  8100  13465  2624  13081  17068  156  67  149  856  87697  1474  192364  5300  87457  8719  3707  6889  6350  7643  1340  1313  4268  2788  6537  107  8183  196  2172  38395  4476  17471  13389  2620  17903  3914  20177  15360  8686  2291  8720  11491  34200  139217  125497  251344  25891  588  282  213  2897  907066  631083  0  2.49253e+06  654496  75447  8405  745263  23912  83124  18021  8058  7983  48381  25291  1063  48508  2459  23879  297719  44574  293369  308783  5670  120704  28787  377284  
635  1393  1436  621  479  177  14267  22778  2225  3174  1633  126  43  162  105  4620  110  13478  836  7559  580  406  725  617  784  163  298  985  498  760  7  661  12  221  5961  3122  3481  3860  1871  1697  1013  57570  36138  16806  3080  15090  32895  68462  156440  168377  105262  329  731  499  255  1172  57255  2.78826e+06  2.16381e+06  0  77947  3351  1295  1.07902e+06  12179  365362  15526  18549  20749  1.68052e+06  1.38105e+06  1.18814e+06  442338  18849  74548  171255  42968  241090  225442  4654  110145  22795  250001  
15701  4229  3535  12028  915  529  13212  72969  2173  43870  261167  13165  4092  11308  52387  243501  4159  574774  29350  1.59889e+06  126236  47150  31594  44311  38040  11474  12923  19288  9857  23104  348  28060  587  7968  177955  14141  64446  51606  5795  93187  16764  8124  995  2411  45859  698  824  4738  261710  1166  33956  560390  208770  252052  682098  1.96121e+06  218872  980  754374  1898  0  1.84946e+06  889294  30032  782485  23610  113856  84391  22174  8431  7232  141  5785  122  1924  119509  16483  19748  41721  24531  184960  18607  122898  
1812  481  207  378  45  28  983  2003  50  435  4668  393  122  299  2395  3780  155  36649  3746  50000  99239  56177  10505  17976  11797  1957  1632  1885  919  2358  9  1895  20  846  42117  784  6333  4010  806  35558  1518  930  188  789  1696  88  101  880  7771  65  362  229  5158  5988  6167  63128  370  68  124875  169  958123  0  407206  76083  191468  5011  19355  13976  3868  2168  2332  8  1854  7  200  41737  1305  3632  4365  1161  45667  3677  12407  
613  164  106  168  13  9  392  758  23  183  1939  127  53  118  1120  1538  53  13894  1290  21814  34744  34624  4316  10878  4241  722  1055  876  408  876  3  729  15  310  28235  339  2276  1648  638  27146  630  1382  264  1193  1094  73  77  1312  3496  71  179  87  1825  2059  1989  58378  287  70  18415  79  386807  382351  0  106100  443232  5871  24175  18375  4958  2576  2747  19  2199  4  168  37644  1502  4476  2699  979  61070  4922  9382  
1497  862  1886  1371  184  82  7070  10327  1029  1655  650  174  51  123  486  413  75  19603  2453  14480  10791  10935  7289  54500  8212  1156  974  3603  1477  1985  6  1292  5  553  16065  2450  6015  5958  5726  10122  2447  73216  21860  40714  15598  2458  4825  65650  93319  58240  15138  195  3834  679  400  2447  4555  10020  663043  1.19525e+06  87249  67943  219305  0  487131  689661  60888  31833  44692  920755  812096  15987  142229  1071  22986  202828  36230  138881  67669  12447  111865  38955  111416  
895  221  506  720  20  11  783  1460  38  157  1370  245  87  131  1090  1100  40  13320  1424  18728  15112  70885  5413  138483  5675  837  1300  2365  1171  1299  3  819  8  344  40792  858  3682  4453  3981  30884  2164  5254  780  5182  6878  684  912  4573  8267  1049  948  85  4286  3199  3058  644640  431  945  29013  2309  523321  110791  465401  602874  0  1.5246e+06  622944  121216  43850  40104  44451  214  33574  36  1514  74497  5272  15557  6650  5331  192979  31114  27079  
282  154  251  241  80  67  1653  2946  681  410  213  49  17  21  117  301  14  3414  385  3384  1204  1444  878  3643  6229  197  318  915  415  390  2  240  3  93  4504  528  1301  1727  1393  2412  826  4029  2162  2689  2617  3128  11625  24151  16567  62807  22326  71  873  151  99  44806  2010  9047  40158  105458  22573  7398  7960  833992  1.47668e+06  0  1.74472e+06  887556  181438  2.32499e+06  45671  576  31029  221  3192  54470  9389  22732  18269  2730  347329  22375  30493  
91  39  47  34  17  13  420  692  122  112  232  12  3  15  90  126  10  1546  184  1948  1050  667  450  975  451  68  120  159  121  144  0  108  1  49  4336  133  389  498  359  2726  200  741  486  401  312  248  613  3087  3563  5847  863  16  157  90  86  146343  163  362  10689  8192  37905  10619  10894  46746  373826  1.35416e+06  0  682347  170091  14035  3382  59  2903  52  762  16674  1610  5550  5585  672  217192  31041  9033  
169  40  95  158  14  3  248  558  17  79  1272  131  25  81  325  860  10  2082  127  6353  1177  748  429  1156  352  85  324  849  79  139  0  161  2  29  7495  192  526  358  329  4486  218  12051  493  158  9784  222  232  824  2364  1072  487  92  2788  502  363  84356  116  186  4733  1263  40583  11914  9493  4949  49016  885065  590887  0  321152  9607  1321  15  1646  14  38138  42247  1591  1558  2241  6822  316385  129553  6503  
2736  199  2029  3171  28  18  2059  3208  109  122  237  896  272  228  235  142  9  1083  202  1302  333  557  832  1484  2019  266  4019  24457  4002  1661  4  1269  0  50  1496  2306  9502  18328  17887  1735  13083  103709  7756  12578  49212  3467  3920  17870  23927  8365  4401  309  23404  3101  1792  2441  1218  6468  14419  15831  5220  1728  2371  38482  14854  38371  7603  195933  0  472280  411253  666  353049  559  285504  85547  22296  40926  21854  48583  68200  158501  12976  
377  212  511  534  188  145  3701  7756  1972  604  613  83  23  60  140  1173  19  2080  234  2686  523  567  538  911  1120  184  638  3228  1670  743  2  207  1  41  1964  1038  2986  9283  7005  1022  5256  31908  26767  9444  5078  126211  213957  158576  97608  255849  193114  222  1870  384  294  1625  29492  391035  61029  851797  11725  3186  3263  927419  33631  2.89808e+06  21173  56038  404856  0  3.37336e+06  134268  118480  953  39278  197068  27575  64220  54829  5970  213678  29289  45969  
385  240  568  566  171  101  3643  6640  1286  403  271  91  34  69  74  636  33  3591  266  2834  676  867  675  1408  1308  203  564  3177  1677  778  5  259  2  64  2368  1066  3061  8667  7002  1232  4879  37245  36306  10622  5283  153206  218726  131527  84436  167128  173301  205  1802  397  247  1540  36603  861405  69105  1.17847e+06  20906  5451  5394  601059  52193  124285  8877  8006  504538  3.81692e+06  0  1.83894e+06  3.86314e+06  2251  71090  151609  22672  86269  55819  4422  94303  19053  59229  
15  61  50  31  41  11  690  1103  60  30  25  5  4  8  6  79  6  406  9  299  17  21  10  16  15  5  17  59  23  20  1  22  1  4  178  109  114  149  89  52  64  4340  6222  499  197  19974  27171  8442  10056  7236  18291  22  57  37  8  286  9905  784449  3182  1.04651e+06  2142  249  109  26331  728  6473  272  296  5771  374852  2.54243e+06  0  898213  2699  18878  9714  2050  31295  14753  166  3603  1193  5923  
616  1069  1120  797  503  157  10573  18246  1724  673  834  157  66  175  188  1540  132  13974  444  10300  884  866  769  1510  1085  226  709  3828  1167  824  11  802  22  149  4544  2086  3593  5973  4801  1619  2925  204044  95647  8485  5887  178992  351175  125071  169816  109516  327309  448  2364  670  365  8107  367067  1.83852e+06  190114  402680  85243  9316  5332  188503  59939  73691  15419  6661  444016  206136  3.45143e+06  1.53867e+06  0  723093  1.02412e+06  137033  33661  480597  148637  4658  52807  20139  79622  
13  79  63  18  51  12  781  1322  50  40  77  4  10  18  19  172  13  980  7  699  23  8  19  21  16  11  18  30  13  20  0  40  1  5  256  110  131  117  25  62  22  12168  8382  194  52  17906  30948  7675  14819  3186  86448  64  17  32  10  684  265895  260452  9082  11897  6290  454  63  1754  532  2314  453  299  1588  10520  14598  28605  475518  0  384569  7363  1911  69879  10355  76  2077  436  4559  
384  808  1291  634  319  108  9374  14775  825  346  361  135  68  156  87  617  51  3912  109  2904  176  148  134  215  174  51  363  2351  142  170  4  271  2  35  2015  1415  1367  971  531  347  451  1.09747e+06  189970  10219  9089  701795  1.40948e+06  135563  212971  59742  1.18135e+06  1599  2106  657  378  2183  1.32318e+06  613448  94168  99250  32169  2467  704  48239  9557  30858  5394  51603  167016  95322  105336  86024  1.28512e+06  946484  0  84888  28303  425082  58220  2036  12916  23126  39719  
3024  8431  6817  2581  3463  961  69094  119318  3255  3142  8327  688  472  1894  2592  6890  743  75597  1971  101373  10110  8779  4512  9946  4976  1060  4068  5209  2145  2786  62  3325  72  830  151643  28108  13236  17590  12001  19980  16351  50160  161318  107858  28869  146103  55945  535073  1.46362e+06  108660  625199  37657  6326  5441  3043  79152  484493  18000  458832  22668  711977  120981  70344  266515  159119  409370  38214  268454  490426  542397  171210  1297  94450  440  41607  0  2.24464e+06  268680  264576  474651  1.97364e+06  1.14367e+06  3.50011e+06  
2839  3194  10745  9316  677  101  33768  36026  830  665  2009  192  68  328  465  2349  161  18937  305  24160  726  565  352  620  411  163  434  946  342  483  11  704  21  142  9001  16233  3995  3352  6048  1745  1096  52093  156367  158712  75860  34774  13391  529102  364218  46269  144515  13038  4036  578  344  15434  76489  2735  57933  6502  97146  12573  5087  22645  10451  20585  4857  9463  16194  22814  6622  470  5956  490  3609  1.38493e+06  0  125431  110083  320758  95750  19898  215842  
811  3922  6235  2786  1619  385  39177  67059  3063  4227  2042  467  250  602  192  1067  133  5587  474  4282  458  441  843  1184  1361  218  540  2886  2617  1524  10  420  6  77  7313  8752  7684  14511  17397  1907  4430  232677  202358  163538  24753  193171  64677  436301  1.14595e+06  96159  524743  65076  5808  3678  1690  2648  300047  219227  204864  61841  62093  5048  2212  80034  10162  68324  5239  5107  16105  96433  40546  5796  67764  5513  133907  174953  179827  0  1.75148e+06  50855  65468  23291  203821  
242  1196  1475  481  944  276  9042  18705  1073  1247  607  81  73  199  73  693  68  2989  248  2769  135  104  224  210  278  43  150  330  267  232  8  132  1  46  3798  2897  3607  9013  1760  868  982  41788  41541  21422  1340  64446  21068  102666  363258  36138  263026  11750  399  799  402  1913  138295  46844  84785  22026  44250  2586  575  21505  2519  33217  2720  3407  5150  34388  9446  404  10103  357  10897  101380  96190  1.63796e+06  0  2550  333881  21205  712224  
1301  101  3421  4163  11  2  1418  1936  35  70  125  601  425  210  84  91  11  1160  52  1507  181  208  135  406  232  28  546  2790  409  245  1  134  1  14  700  5011  1896  699  6815  359  1222  8302  242  10572  88414  523  1142  5068  7455  2550  1405  1376  38193  14209  7605  2120  369  1177  6890  3181  9717  1862  1559  14357  10961  3910  650  5412  48214  26839  20167  101  10272  19  4274  116962  318497  48848  3656  0  8440  33757  12011  
1390  326  677  426  85  29  1515  1875  105  461  4918  352  153  395  2037  2662  136  16736  1050  38993  6814  4955  2688  6844  2616  663  2136  2793  957  1630  14  1336  15  464  49319  2680  4760  4816  6578  28205  3609  1423  749  684  2775  1140  1414  3178  12618  2684  24671  1356  1760  1128  1088  114932  10731  2217  32591  4027  119366  48775  30484  28164  106746  217530  280554  654329  148827  105643  31979  126  19724  29  14921  1.36884e+06  13852  41535  108462  7590  0  1.5136e+06  161648  
375  263  874  417  60  14  1595  1416  35  339  489  195  70  67  138  219  8  991  47  2160  194  211  137  310  176  45  311  1022  183  112  0  121  1  20  2534  2141  748  1027  2322  772  852  2835  1421  1216  6470  1277  476  3206  9934  925  1678  438  3176  1256  698  5677  439  610  15830  1844  9439  2157  1864  14087  7429  25241  20020  303565  235333  39677  16347  46  11138  7  42858  757669  14805  19894  31833  59267  1.29334e+06  0  127225  
57708  181216  51068  1541  98298  25480  420129  903801  142872  863883  151802  835  901  7092  4650  592752  10819  379311  54541  327781  10994  7325  30366  29247  70828  16918  88186  77225  49137  16482  451  6347  124  4532  3.42566e+06  1.41937e+06  575016  1.88718e+06  62679  166812  416642  14483  31158  11841  1707  39218  19125  117454  552267  65530  624422  30567  450  878  609  30249  544896  27588  327855  29285  381812  24703  7316  63697  33265  56406  13077  16025  30826  46016  31802  428  28089  410  11429  2.13725e+06  201710  538951  1.95915e+06  3802  433664  135752  0  
