0  1.18034e+06  65011  795538  297719  37119  481794  21448  1372  13924  1275  5383  2957  2593  2011  20453  34642  46793  26168  19880  9246  10381  67676  59672  21789  2886  27919  428457  66060  307532  33000  411487  2045  1.43231e+06  82296  142407  317520  29998  19427  28423  16351  3608  306  608  5092  321  467  1663  4568  547  384  450  1527  468  795  579  596  482  4755  787  10156  1382  930  1182  1146  705  191  283  1357  1230  897  168  744  98  408  4271  1807  2157  789  2135  1249  1022  31029  
872582  0  22056  30051  998239  48887  513627  30644  1191  6235  3954  416  241  282  1401  6050  5566  18171  9540  12268  4754  5239  15212  30521  16020  1436  12882  27230  18760  38109  5281  13018  136  37935  485850  647628  193208  51804  7918  40267  30404  14952  4290  10317  14860  1609  560  11385  15805  963  2664  739  338  221  241  300  414  201  2008  462  4095  664  600  1095  1846  1377  92  178  1535  1642  1959  62  594  28  1030  4842  17891  2323  856  7677  1279  940  118820  
45086  15899  0  178023  3300  512  210429  116179  378  580  314  186  146  129  246  414  1083  2824  1541  1640  795  747  2901  4834  2733  343  1498  12043  9232  19420  2408  1652  12  1161  22251  118083  85912  11015  25798  4709  4624  5540  383  4621  7270  183  99  1839  2740  149  568  114  107  65  57  78  94  52  535  149  939  304  427  810  2131  1706  39  132  3195  2305  3204  17  339  8  1095  1069  9249  1363  155  13325  496  409  8909  
691030  10445  248834  0  11431  6332  41738  1.12714e+06  2895  2786  8469  663754  38737  47503  6523  3355  3201  11586  2364  72301  1768  1430  3486  5395  5369  936  37526  173056  13905  22311  2039  27788  147  41213  36347  189424  80157  12919  76767  8395  10442  138247  7726  164707  1.15148e+06  4155  2831  56389  303603  3371  3878  1538  120719  22368  17161  5062  945  531  4968  2180  26096  5944  4683  12107  20994  13692  618  2490  37148  19763  27159  280  3646  59  14078  22225  105029  33076  3682  94701  6586  4767  12816  
497199  868494  5590  6838  0  1.20806e+06  1.58788e+06  157184  19938  41674  7587  483  362  694  2817  27799  35494  87444  128471  30856  8102  10448  57102  49101  22421  2273  12878  16694  22134  34926  11054  36226  912  634451  470675  475526  253810  84203  3282  40555  24951  21084  16757  36374  20566  20438  10475  97301  103112  7495  4325  1597  1052  838  701  858  1107  615  5480  1674  10672  1670  1260  3262  2698  2391  335  567  2080  3408  2704  303  1834  96  2622  26528  26030  9423  4070  6716  4633  2172  115393  
42672  20154  4892  4305  1.02487e+06  0  522729  446056  681462  1.52436e+06  5228  378  323  751  1346  105534  143539  89752  155517  19851  2577  2778  29031  11689  22522  1469  8323  17521  40697  58073  34875  128938  7107  1.03439e+06  142658  164646  202830  74929  1909  17250  10080  4814  10766  7682  3954  16575  39291  89866  178490  63800  24651  1602  530  849  502  626  2042  818  6400  5703  7246  907  623  4347  1201  1872  396  557  1352  3504  2179  286  2476  89  4965  22967  16699  16887  8375  1300  4418  1464  81626  
442931  630550  431868  49087  2.11837e+06  1.11008e+06  0  1.58652e+06  1.03386e+06  108198  12895  1064  726  1060  3272  19190  32201  143427  374901  42475  6966  8086  68389  38758  91977  4241  19371  32200  127940  118120  21411  18786  247  26558  603951  727316  239101  84754  13078  67164  40608  78353  55264  116802  80133  92641  63186  365534  329998  22771  13108  3320  3118  2340  1467  1806  2603  1537  10304  4808  16661  3026  2663  10454  8711  8776  902  1859  7872  12762  10660  639  5875  167  11688  86678  99538  31296  11495  27398  13852  6298  138128  
6328  26643  178719  1.03718e+06  182225  304854  1.93365e+06  0  1.78116e+06  393152  591927  821461  939828  851563  173756  41734  22365  176985  62795  1.08553e+06  13985  12670  49662  48988  26701  11129  27542  28883  26326  38906  8208  19439  775  39606  558673  576197  554307  272106  24411  60153  35899  176617  133884  296309  421578  232510  265265  1.11724e+06  3.56789e+06  408315  343184  46935  204516  172278  65640  37740  31048  8750  68910  47155  244725  27863  12690  59823  35677  35716  6241  10118  34376  52766  42879  3881  29122  1057  65155  524561  351233  255162  130622  77038  77080  27484  359627  
829  1140  6476  2698  19452  1.11657e+06  969306  1.49604e+06  0  1.43618e+06  1826  75  60  115  246  10564  12940  180920  218778  6638  424  379  11386  1735  19990  745  1845  2997  26822  17223  4236  4442  122  5508  54994  102997  107922  70888  1183  7317  2903  2655  6771  3832  2011  11795  41172  70529  116125  67845  55145  1456  208  456  206  313  3113  554  5770  5835  3216  433  262  3560  682  1420  294  390  873  2814  1556  194  1666  67  3449  13499  12188  15162  9124  685  4666  1402  55994  
19134  7449  9319  5400  59517  1.33281e+06  170713  1.09406e+06  1.60393e+06  0  111137  531  432  890  928  2.33293e+06  235982  186752  146486  18051  1700  1452  13407  6409  46004  1261  14746  40604  88039  93380  50456  242620  26800  695017  199178  595310  556372  493204  3491  84568  19048  2857  4233  3800  2665  3102  6521  17917  229757  46068  190669  57872  435  373  1669  551  26137  1884  11736  5785  11061  779  372  3026  783  1379  369  417  904  1998  1093  231  2001  152  2282  17690  22935  16488  13744  1075  7811  2979  317420  
245  521  1408  53639  2537  3524  6586  989946  3696  131194  0  14341  12877  914505  1136  155499  5717  49951  1704  775672  582  273  1398  889  1116  217  737  1282  1101  1182  268  4477  702  1725  22411  22224  19817  14338  1050  3217  1702  5126  2092  8352  17733  3223  5424  15858  490610  10957  257585  315760  4817  5695  13242  1989  97853  11507  37599  4789  61075  2111  452  3487  1194  2157  1043  959  1571  3019  1954  686  4929  807  2790  31546  31813  17787  16209  2586  9723  2684  28085  
7704  1017  3439  983866  4112  2635  12614  1.14683e+06  1189  1783  6996  0  770174  428000  26499  4643  2719  10027  1796  183954  1462  851  2154  2534  2449  1560  28255  37086  2594  2556  547  4252  231  10889  24032  10761  23750  4599  7953  8537  11205  29287  3069  27746  375164  3360  1835  21632  179726  2167  1895  2872  527452  122985  96777  7206  1367  947  5470  1539  64947  5831  1799  4535  5527  2830  646  3815  12340  3920  3286  266  1717  163  4812  21486  23035  15383  4185  25465  3945  2745  7690  
6529  795  2058  87307  3148  2537  10116  905434  1328  2093  11315  1.0249e+06  0  1.00655e+06  105513  5967  3991  14436  2624  453024  2429  1165  2531  3079  3576  3581  26665  32099  3635  3431  646  5514  357  10698  28985  9406  28220  6991  9062  11416  11506  20088  1532  9883  102706  2938  3458  17070  129917  5231  2488  4365  188032  289981  170781  13201  2395  1542  9152  2221  118532  6643  1557  3579  3711  2578  856  2857  9639  4591  3296  409  2458  289  4619  31028  12949  15276  9161  17148  4499  2754  12629  
5815  1205  3543  167619  5198  5746  11682  993492  4222  5803  823202  683889  861404  0  250256  25792  10421  54378  5187  1.05744e+06  4994  1965  4568  5118  6695  6606  38436  47016  5409  4983  833  10112  1132  10366  42439  20281  47881  19559  10855  15249  9414  23427  3200  19044  96568  5186  7412  25951  245441  9988  31884  69454  92111  80830  583102  50897  23707  5293  25961  4380  295175  22326  2849  5690  5132  3920  2577  3697  9479  7217  4922  1006  5778  1004  6129  37779  21069  20525  9929  13608  9371  3634  27433  
1836  829  1738  30924  2890  1873  4741  191841  1003  696  3791  88106  74921  382269  0  1407  8393  45674  6103  1.70189e+06  44820  35076  5786  456862  39061  324222  252035  16125  7527  8125  1227  11202  669  5321  66905  8544  35916  25093  4247  129936  31319  6358  1122  5847  25874  1104  1117  6074  61373  1568  1721  9892  20813  13217  62698  197874  2847  1397  19925  3416  216903  15080  3804  4529  4241  2609  3238  3421  3010  6949  3425  860  3082  273  1607  26844  7367  9632  4746  3663  9546  3229  33000  
30278  7395  4687  6098  44713  139006  51327  137120  131162  2.38872e+06  144567  1293  1088  5226  1396  0  2.23724e+06  565691  115130  57471  1698  1165  8680  5111  24613  1057  26744  114521  75547  79310  34096  465539  168990  734756  216423  240646  503855  323447  5885  73185  22789  1421  1196  1304  1757  1877  2417  7165  40878  4934  36687  66100  816  577  4802  973  97489  21410  67663  6761  46399  1532  417  4696  872  3371  958  723  1066  4582  2290  1458  9117  1879  2417  18775  9849  9679  6301  1234  6398  2451  259368  
40296  14598  10479  10337  89155  199326  95290  204507  106145  384598  22036  2823  3105  11719  32135  2.06626e+06  0  973334  1.95748e+06  377370  18041  6643  50352  18359  164650  14483  52509  160815  331344  782381  896862  3.03473e+06  690532  707271  474414  155146  581228  176087  30852  170181  78772  3477  2876  3208  4484  4198  4886  16980  48388  6043  5429  11083  2460  1734  9793  6219  30814  20034  118822  17808  181656  7895  3527  12717  6101  8051  2582  2152  3620  13474  7959  4152  14889  2454  3711  54045  11560  23357  10123  7681  18018  7135  172815  
9899  10842  6958  7387  45002  107650  85458  215905  283676  179295  37648  1920  1776  5081  9867  530514  557400  0  3.30837e+06  732880  111472  37263  922469  76754  248042  39864  30617  52439  137207  84650  7317  119889  9554  70399  243282  60012  262829  95769  21578  125810  51734  3900  3351  3162  4848  3673  4898  14040  47178  7912  14919  18039  2506  1623  7712  7367  41393  24577  157800  28185  206057  33146  25503  46818  28371  13342  4589  3573  5373  21561  11072  4907  19964  2919  5010  109703  12934  33932  13274  7116  36245  10612  125554  
17038  22333  18224  12660  80003  172403  286177  257229  384160  109561  3491  2397  2071  2518  20842  37633  1.89844e+06  3.16919e+06  0  179543  13152  5986  1.47943e+06  37134  812611  57567  55019  90922  1.61829e+06  2.20881e+06  1.1512e+06  232441  5357  126277  340333  72649  489428  170120  40933  144953  98266  4116  4569  4371  5275  4629  5316  20723  48575  8299  4788  1958  1775  1098  1597  4913  3537  3198  48256  10715  102988  18692  9368  17895  12687  6551  2223  2048  4032  13638  7360  1782  8379  908  2803  61982  10712  31461  11863  11266  17787  9844  180963  
7388  9602  8315  68757  22163  9368  28621  625853  6303  8846  478436  129068  148200  486330  1.73803e+06  45245  64452  1.05421e+06  58906  0  1.3672e+06  498953  85482  1.03344e+06  108044  163467  143346  65423  101519  87255  8627  94301  6587  46140  368446  47868  209268  79145  29531  383149  68500  17437  8514  15910  45021  8895  9528  34153  211691  13772  31034  55919  39017  28319  80414  134479  54004  36900  390150  71280  1.38817e+06  134730  83278  143306  75438  35537  16662  15178  20282  82522  38371  14571  51772  6263  14339  347488  38710  100722  41068  16793  114272  34288  162011  
251  290  337  586  691  158  890  4820  105  135  98  173  171  208  41297  238  756  234080  2429  760244  0  527153  60989  167463  7142  8901  10239  2957  2230  2532  188  2270  86  1502  31750  1219  9674  3773  1514  59636  3724  439  237  272  822  198  67  689  3021  59  95  130  971  1045  1728  14345  140  96  14632  1269  97801  160514  100317  16331  35102  2021  820  623  770  1731  923  134  1247  116  393  16683  644  3543  967  629  7514  1227  5316  
481  999  744  804  1652  205  2221  11119  88  170  62  164  101  139  17953  252  472  98935  776  225170  496927  0  70887  639387  7088  7554  9089  6222  4244  5135  332  1828  29  2873  33003  1558  15229  3393  3092  57621  5096  320  211  255  510  163  49  579  1793  46  49  95  564  602  1014  11179  69  43  2391  243  44930  95141  118847  8270  46875  1505  454  351  454  794  517  42  335  12  135  9246  466  1702  261  804  6127  780  3068  
9305  11666  7295  6171  32035  6984  29254  111574  3185  3028  988  1116  850  876  5569  2793  11605  803028  1.14883e+06  86656  51683  48049  0  403298  948089  59109  42207  56069  1.01892e+06  533496  7892  135408  1167  88668  167308  19897  226747  50843  26473  154043  51782  1481  1458  1454  2021  1127  559  4607  12630  809  831  523  615  307  336  4571  715  428  24281  2249  72395  34907  42540  60903  40706  4332  1655  1203  1808  3690  2544  235  1620  104  592  76983  2991  11354  2372  6575  21546  4217  61767  
3951  8660  10382  6697  8666  1067  15799  69698  335  1015  286  1053  805  1092  403807  1385  3048  233263  23640  581652  233927  745476  517895  0  1.50825e+06  391666  91947  59016  53146  61684  2504  13157  215  15116  115103  10368  105233  20078  23213  282153  32806  1433  1272  1312  2149  769  221  3169  7829  262  319  689  822  471  624  7316  281  148  4177  824  26969  25140  33250  43022  113456  6759  1109  938  1954  2965  2462  64  798  32  370  24244  2471  7966  1169  5600  15420  4200  24516  
5125  7830  14389  8860  11178  18293  49727  86293  9236  11226  1670  1585  1185  1641  32768  4961  25230  246200  314561  59613  27023  22986  1.05956e+06  1.8383e+06  0  1.61779e+06  731311  180839  3.30316e+06  204972  21985  30131  1065  23300  257131  41869  222873  104475  34639  872183  107371  1384  1311  1214  1968  1040  865  4393  15095  1411  1668  4251  699  376  981  1603  2315  1249  14045  2773  27975  5309  4000  6512  9539  8710  796  730  2129  5287  3178  529  2359  284  735  19782  3484  12385  4227  8318  7481  5995  101134  
1498  1414  5530  3687  1140  652  5609  15682  344  428  298  827  472  1141  67091  463  1470  51479  27137  34212  19723  21174  59653  308742  1.49422e+06  0  682577  48349  75949  44541  873  7038  152  3927  27867  5171  38426  14881  12446  665200  34325  443  170  218  713  114  110  566  3384  147  423  2607  283  138  379  370  448  94  1359  301  3549  1056  1152  1628  2336  1020  153  163  841  1445  1155  36  302  23  113  3544  738  3276  574  3356  1671  2458  21114  
26570  1308  4367  30078  3137  1840  3465  25415  653  3852  1480  13020  7502  9201  124571  6513  7993  35566  9318  66419  15022  10272  22842  45291  770504  831767  0  265536  23974  11727  3711  20849  454  56144  149092  25537  103143  85912  14031  645194  348620  6928  263  704  8402  262  351  1216  12830  580  2402  13610  2435  889  2774  1577  3233  572  6438  1064  16652  2216  1081  1754  2167  1179  538  780  2809  2052  1466  265  1052  112  716  11098  5820  3820  2274  4354  3990  1659  83743  
146236  12710  71268  196888  9998  4076  39483  42302  1222  11578  1785  25028  14567  12785  4380  23996  33722  45611  20036  27679  12492  12133  51608  60748  102959  9193  313969  0  368554  608528  29091  620276  2222  203136  242749  38977  391999  109553  50428  138408  350604  23002  538  1928  25547  444  411  2281  6567  583  538  578  4873  1486  2577  1011  693  607  6265  1323  13266  2577  2497  4028  6012  3976  405  1342  10457  6265  5652  279  1516  109  1625  9436  13609  10528  2918  23319  4132  8402  46811  
11474  9954  23490  12135  23003  37093  73834  119362  14584  14526  2961  1222  1148  1667  11538  8015  164567  220703  742040  95410  23627  24065  1.38623e+06  162483  3.69512e+06  49072  37888  503946  0  4.23567e+06  287234  99115  1873  50041  168107  36909  394708  153013  22511  282080  60132  1737  1546  1687  2363  1777  2486  8232  25819  3131  2030  1749  964  590  1251  3365  3313  2492  29796  5443  62251  8986  4554  7971  6067  4536  1274  1183  2495  7722  4320  1161  4926  638  1576  30297  5109  15758  6681  7249  8769  6639  99994  
75773  43423  41584  22379  58403  47463  107144  210203  17412  17954  6270  1532  1564  4049  14327  17957  785371  273871  1.24084e+06  152134  36275  35141  718908  170113  312200  22509  25819  632279  3.88375e+06  0  1.92848e+06  3.54637e+06  2926  211998  203669  58599  531445  164289  21809  199683  45339  2456  2409  2438  3482  3042  4338  13722  42811  4872  2739  3484  1356  932  3260  4165  8018  6393  49213  8015  90061  8261  4781  8740  5938  4587  1469  1287  2647  8523  5004  1809  6748  895  2237  35118  7645  16559  6936  6312  10204  6195  119113  
9242  6123  4750  2877  13433  14504  23363  62908  5643  5105  2019  412  367  1206  4310  6838  1.14738e+06  56960  840836  38594  7531  3374  29688  11448  86282  4780  7365  33528  289545  2.22579e+06  0  856540  921  31615  63521  19270  176612  60583  4256  27978  12283  603  638  721  877  1136  1707  5412  15747  1688  736  1082  349  231  923  793  2615  1734  11149  1737  18212  1365  822  1865  1029  905  274  215  431  1573  882  352  1460  225  551  7413  1929  3444  1602  1202  2047  992  38614  
457426  28228  24381  63382  72180  111055  58820  170275  12765  189593  23908  6576  5379  17084  28173  314329  2.34472e+06  610560  393247  435548  45685  18907  477023  72111  152377  28380  43530  874618  180012  4.0961e+06  697133  0  976210  1.6988e+06  275813  85425  661173  141659  27085  99145  65985  5046  1989  2532  6725  3256  4274  12569  42895  5193  4808  9299  3066  2139  14067  6520  20791  20119  127500  20209  225907  9625  4764  15226  6749  8799  2732  2167  4212  12300  7565  4141  15466  2678  3813  52819  10973  21332  9649  8804  15305  7938  109287  
5313  643  205  433  4207  9761  1137  5764  946  18167  2401  186  229  1477  605  73869  284663  27619  8831  29686  359  139  2835  467  2621  457  3122  17965  2492  4221  1614  597632  0  248516  4581  3788  38953  3033  318  1130  1150  102  70  80  167  103  136  334  1585  281  284  775  148  116  1141  368  2075  1193  6903  896  11416  301  101  548  125  367  132  99  112  461  228  142  751  171  171  1852  469  668  298  109  488  169  2710  
1.33988e+06  124390  4704  50585  940366  1.4504e+06  51405  173548  12506  1.04284e+06  10393  3754  2353  5096  4240  1.17045e+06  1.28205e+06  180720  104391  95377  10765  10064  105277  45944  35680  5090  65062  349910  68062  245183  104826  1.55271e+06  743120  0  76011  49281  670789  45836  5565  23217  68058  2308  2069  2789  3102  4139  5769  19636  45689  5932  2515  3412  1089  690  3119  1396  6411  3565  21920  3471  37683  2302  1178  3147  1392  1647  538  517  954  2553  1538  668  2903  498  1622  14612  5033  5998  2787  1438  3224  1383  34248  
14425  79810  146891  77393  101209  63959  354565  1.65582e+06  32407  271201  181958  18469  17127  18086  65117  218217  115871  581493  140435  548372  50500  34530  160794  99598  394746  40781  645112  409882  216494  178585  11409  76379  1056  26950  0  3.52372e+06  431255  608988  359104  2.2802e+06  1.69918e+06  12924  15631  18881  21551  24302  20957  97840  359071  24848  22304  21299  5140  4685  6039  7114  7541  3781  35687  8587  83467  11618  9948  20092  24626  10597  3582  3435  6419  11982  8684  1559  6923  612  6952  185286  37996  45409  27546  18430  52294  18186  3.4509e+06  
7143  54895  238410  131845  50572  20304  237889  372931  47293  180450  61221  924  805  2276  4313  104631  49069  81371  13585  94567  3267  1852  11529  7087  45669  4152  72877  44784  20702  13297  1790  16882  2563  6682  2.15196e+06  0  261182  400176  588554  211230  193370  4370  4527  9565  11897  4877  2205  19496  60472  3856  9330  11918  702  506  1458  861  3827  950  7212  1409  15422  1212  793  2150  1710  1200  317  379  895  1563  1218  222  1198  150  970  20032  10393  7388  4507  4619  3439  2029  523926  
73898  50578  209673  207468  96245  63840  249866  1.80489e+06  49142  398381  188821  25089  19485  20982  16779  363198  89564  405084  189417  248328  36035  19599  128854  68906  79850  11838  49748  135281  140980  147581  50684  91645  2729  96600  144109  448990  0  1.39955e+06  349578  68111  138426  13917  11357  16564  25271  15955  13438  66647  319214  26355  43527  47049  9878  5144  8927  3694  15945  4900  34135  7807  65862  7847  6183  13247  12232  7299  1379  1594  5835  10377  7939  1119  6117  685  4811  61997  34009  42130  16169  29195  15015  12564  120441  
1706  4254  12394  10937  16175  15785  37890  509472  18991  235877  83895  1477  1618  3423  7414  165854  22972  116290  105845  81229  9449  2822  21444  6366  24955  3987  17027  11885  53605  36381  9250  9446  196  3004  178036  274570  1.62947e+06  0  42467  163437  110562  1872  1533  2598  3335  3213  3548  13920  84641  5675  13735  16190  925  693  1558  1053  3900  1053  7845  1950  16753  1951  1535  3561  2538  1515  376  395  1182  2265  1594  287  1305  120  1065  19520  6363  11693  9145  9231  5965  5698  606711  
4084  1390  70920  150604  813  782  8643  21669  837  1696  1620  1869  1307  1174  717  2573  1338  9440  2192  6492  2466  1991  5479  6650  5067  1105  12783  15371  5517  5213  430  1788  31  875  88628  372579  213687  57230  0  21539  27144  4383  237  3992  10431  161  103  1052  2331  117  249  326  469  215  327  286  163  133  1900  654  2911  1248  1740  3410  4693  2434  201  316  2679  3412  2971  69  604  27  362  4938  6726  11847  2390  17659  2391  7036  10489  
9100  3045  14140  20167  2496  1572  12619  39043  916  6797  3655  15712  11552  9658  77605  6675  7510  129337  26225  150878  78665  79222  74647  179572  683940  443205  1.3829e+06  233144  205241  141785  3906  24289  282  16649  1.60438e+06  74097  145923  134568  73224  0  1.69288e+06  3260  686  1077  4819  589  553  2323  13767  851  1942  6973  2380  1685  2753  5257  1772  2023  26646  5272  50696  9520  12326  16873  30457  7858  3580  2909  4809  8036  5840  1301  3912  369  1159  86356  4387  16736  5657  13766  53667  10721  238171  
5976  796  2248  8163  1744  957  2909  12757  392  2324  2061  11459  8884  6250  15014  4185  4786  39520  10924  27685  10374  7937  48258  28020  58186  42210  1.03122e+06  205637  33721  13679  1341  27593  182  13578  1.00503e+06  114319  220337  354293  72881  1.3771e+06  0  1121  179  360  1757  195  176  830  4227  303  940  782  1128  957  1351  722  506  358  4711  927  9899  1487  1017  1788  1681  861  348  376  871  1166  775  202  682  73  233  14124  1753  3685  4637  2661  4951  3007  239607  
310  2160  13913  23969  4956  3001  20684  47730  1409  842  1056  4075  2597  1685  510  1097  781  5006  991  7848  2283  3413  697  6821  553  115  2078  4121  589  661  99  927  61  550  8714  10043  4303  2286  2930  1256  1452  0  1.53643e+06  96245  846560  536614  87952  1.09067e+06  145466  9625  25131  8284  25131  10415  4917  6397  22486  24236  39241  33759  33298  13349  19569  92982  91503  37719  3681  24734  162525  89648  161017  29901  359252  5456  1.2179e+06  224742  447117  212554  52708  45402  54160  28632  42280  
134  2390  1744  1917  10751  10674  30786  42244  2499  1238  491  251  119  197  193  502  406  2124  932  2517  1000  1345  445  2782  323  55  241  350  320  436  70  352  22  346  9044  7857  3467  1710  368  688  716  968528  0  17661  3187  539992  70419  447605  65404  22084  23828  5601  635  428  509  2060  4806  3486  18530  14950  12980  5185  6426  37877  24007  11250  1633  2987  10810  35405  31392  2556  150398  1254  15969  125173  321208  90411  29427  2962  28749  10066  28196  
153  2376  10183  29905  25183  10017  60094  57692  766  567  261  430  100  168  116  247  327  1425  1039  1394  624  827  575  2011  313  47  598  764  279  378  80  240  11  269  9697  12841  4062  1758  2798  774  1244  53208  18463  0  178744  2173  1720  124599  105246  2491  3644  632  1075  498  316  526  861  550  3426  2352  3155  2485  4210  13304  16643  3867  332  781  2801  4902  5652  411  5488  63  3168  26992  110064  53466  5642  20637  5136  3574  6677  
2065  7411  48373  967909  23035  7848  84205  305722  1789  1215  2621  242187  26845  21736  2320  1436  830  4629  1285  27393  1687  1058  1083  2796  1206  260  6790  18853  1159  1329  187  1526  33  1110  26581  70227  13893  5258  25041  2579  3974  725445  3709  225780  0  2640  1765  19665  732048  2386  2948  3079  1.1043e+06  99700  44333  10552  981  640  4879  2392  62779  14548  6207  15683  27245  12103  842  6186  35101  12758  20047  317  3883  88  26423  17938  117502  40810  3543  54983  6050  5477  10529  
141  1071  1271  2167  17141  21928  66672  92190  8210  1884  1121  337  688  375  254  988  853  3690  2153  4458  658  921  1015  1841  633  82  395  560  656  756  185  657  33  833  18007  13094  8815  4391  469  1100  1017  584533  779763  4448  3041  0  997879  1.12479e+06  180982  29739  48726  11084  870  914  768  3781  21672  18953  29487  31541  22565  3918  3644  54593  10362  22203  3420  7006  16578  71890  75638  30247  67845  2574  495398  244778  348717  81019  54432  2197  46316  11815  52491  
205  468  997  2594  8747  26589  45825  237606  49813  5752  3057  428  1138  1355  246  1268  1106  7916  4571  7077  525  456  1503  1103  1085  103  477  802  1251  1168  297  903  38  1415  18394  9397  15369  8342  326  1437  864  191939  96947  8212  3842  1.20799e+06  0  928285  386415  615964  1.70392e+06  5584  987  5061  1124  5893  73959  65869  66950  164341  18090  3328  2049  88822  5736  19191  3891  5941  11832  90334  71741  21800  96753  6624  982045  101433  577063  62667  38651  1319  24180  5988  41124  
846  5675  10817  11896  92634  132875  353772  416775  60197  7113  2248  1207  535  874  742  2240  3374  12921  12765  10803  2666  3571  4480  8208  2649  286  1714  2508  3120  3782  962  2142  53  4560  76722  56931  42743  18779  1353  4559  3815  562458  596958  236278  14223  1.98858e+06  1.39784e+06  0  2.20988e+06  1.29499e+06  119675  10734  2389  2187  1505  5762  12597  9131  106904  304817  34104  11837  15646  286753  62694  86337  14623  12378  16927  228603  87681  7126  65047  832  47780  311186  576281  306069  124430  16568  58025  18576  104925  
3356  20357  41804  188448  261974  385894  1.03308e+06  4.19241e+06  414599  225444  228374  34237  31528  39697  14740  27462  15264  88111  52679  178560  19985  6965  20131  16835  14142  2134  10195  16885  14955  15745  3791  11298  465  16042  356742  283790  190661  103804  7540  26267  18460  109724  140466  343721  939563  315982  292007  2.44364e+06  0  1.68083e+06  642520  529144  1.67077e+06  1.26234e+06  712107  185992  53147  12012  128139  74831  903167  163521  35188  101871  65992  33609  26187  24016  27708  66638  51797  6424  45982  1428  97662  487787  868585  596563  308809  33581  117323  31940  288994  
182  329  741  1542  5440  27840  28128  184602  73201  13654  1461  175  113  279  121  1036  778  10201  6417  3206  222  215  1520  612  1191  90  336  634  1549  1231  266  653  26  1152  11097  5814  14012  7487  251  1155  743  10948  23976  8943  3833  38787  1.06145e+06  1.44654e+06  1.52057e+06  0  1.58487e+06  3493  752  960  409  827  25323  8335  134998  201891  5125  928  792  60371  2806  14637  3108  2196  2860  38306  16647  1518  12420  408  12677  50977  385931  82454  51008  864  16845  3929  32934  
162  1200  3442  3972  3660  9137  15635  269899  48629  94161  59174  424  633  1349  221  14784  1371  12258  4482  7167  416  364  1120  767  1138  111  489  823  1191  818  148  1003  80  762  16236  12476  11578  10103  557  2324  2032  58064  31186  18504  10099  70022  1.54265e+06  164290  956859  1.3889e+06  0  72525  1551  1997  2161  2941  2.63348e+06  351271  156530  161838  18025  2549  1646  50903  4845  13713  3210  14633  47785  60401  54176  16625  411602  59499  874283  133119  1.03349e+06  358652  258387  3851  109296  34880  145895  
476  953  2592  4016  3768  8818  12634  138894  12830  195864  349254  708  913  10407  1056  166585  13555  28254  4822  48166  489  177  1232  621  2607  649  1324  1999  2307  1821  364  5872  963  2640  37983  32350  25325  24493  1135  7023  3116  4136  2665  5340  8061  3164  3103  10465  1.09505e+06  3462  78858  0  4985  15888  641014  3556  115832  11571  64442  1856  545915  2346  620  2236  1361  1202  1174  992  1748  1900  1593  773  9673  1523  5323  34359  45244  27202  15974  2437  7048  3374  40233  
3601  2098  6705  265454  8251  4446  29092  307083  1834  2373  5499  764615  210249  96327  7812  4029  1870  7421  1426  69403  2950  847  1180  1991  1440  547  12815  24227  1271  1357  262  2609  117  3494  19204  17801  11237  4416  3429  3235  4554  57642  3744  23254  1.08662e+06  5560  2580  24910  1.16853e+06  3145  2714  8891  0  604389  189247  33750  1763  1276  7159  2278  176063  27538  5708  8965  14765  6505  1817  15754  50939  7512  6415  385  3370  283  13986  34551  35889  30820  7941  158813  6858  8146  12182  
1100  1296  5306  72564  8216  10954  38034  353132  14363  3356  8524  81706  244618  76917  6759  4435  2164  10197  2617  67685  7393  905  1297  1506  1406  496  5476  12644  1451  1416  271  2381  146  1748  23769  14829  13373  7564  1565  2828  2053  50011  2489  8240  275508  6982  8330  32838  951253  9631  3574  14976  881595  0  480425  112696  1788  1378  8384  2798  357944  70310  10478  7113  14293  5815  4686  14598  46590  8111  7088  525  3839  230  12254  44869  18516  36323  21787  54764  9005  5141  20966  
1398  1213  4254  46539  5618  8885  19010  190734  13354  67207  151906  69299  79459  466763  31179  109709  19713  49371  6156  220840  14405  1735  2138  2021  4756  2661  8737  13809  3867  3367  676  12900  1816  4604  42432  24146  25897  17486  2633  8522  4083  30535  2149  8088  111357  4102  4202  13822  833838  4451  8169  767058  341990  601965  0  489865  14315  7264  28584  3702  1.21507e+06  118356  18904  5902  19728  7818  16251  16189  28080  8688  6772  1293  8255  1383  8336  32130  24154  26065  12992  30422  17226  5207  29587  
466  696  1904  18282  2786  2936  8977  66819  4942  2456  16267  8421  5521  31719  174161  4664  4934  38260  5929  221301  33633  4942  4393  6237  3171  2524  4203  4225  3703  3520  445  5719  350  2417  28051  7412  12483  6463  1761  8821  3411  12231  1548  4348  36524  2891  2024  10209  152150  1641  1237  1297  126324  150756  496206  0  867  1581  25680  3836  1.91122e+06  250464  150804  12502  570803  54045  304929  201486  23873  11010  5962  1110  7355  1191  6203  68645  9534  34530  19749  8722  136711  18459  29171  
270  383  895  2445  3274  5774  14502  61220  5679  28116  28702  685  1275  2335  413  63355  10401  13765  2838  19906  607  424  875  903  1870  187  638  1210  1514  1137  233  3234  542  1435  16791  10951  11036  7516  719  2313  2904  31519  10764  3846  5570  39181  162308  72256  164666  72477  2.168e+06  87552  2269  1618  5679  3663  0  2.61942e+06  814791  135470  29052  3503  2076  48429  5657  21969  4822  22307  93605  101985  61475  27114  792588  374160  758006  175222  196527  694329  464468  4055  165125  66741  250125  
579  559  990  3515  4802  6354  19515  71232  7811  12878  22660  1662  2465  7513  1773  76376  28894  71515  7302  87347  1864  915  2650  1579  5436  655  1577  3074  4431  3466  669  16742  2197  4302  41476  16841  20904  11270  2017  4633  4595  42517  22750  5229  7693  83394  372353  151442  152958  139360  689890  38726  5038  4165  18355  29089  2.63974e+06  0  1.28967e+06  1.86773e+06  185388  15452  5119  103921  12694  33758  17969  25355  83688  173379  433853  537489  2.28586e+06  451346  619273  403556  228672  490724  252408  10895  130164  57344  229380  
1328  1530  2410  10167  7128  6922  22308  78598  10497  14774  14033  1502  2098  2913  5515  72511  45234  140554  29617  118088  27862  6819  23137  7400  15437  1553  4239  7671  14653  10719  1401  28198  3306  9494  89343  23249  52432  24400  13882  17836  11940  31751  21311  18404  39193  24656  231542  199782  232587  251021  186567  26457  16115  5804  5702  23707  1.02033e+06  786363  0  3.18368e+06  1.01234e+06  204684  42725  832295  105006  125344  29223  23333  58354  234792  117393  35765  201015  26394  82743  328242  66185  399393  111670  22301  196406  72981  196327  
417  764  1596  7610  5306  6172  22065  73825  8429  4300  4345  1031  1639  1532  3384  13000  12657  49250  9835  53306  3196  2160  4154  3344  4946  664  1730  3018  5427  4336  610  10000  833  3333  38888  13429  21286  11899  7372  7370  4925  32714  44356  14397  29235  123820  570513  637627  213758  317391  170771  5052  11164  4576  4354  20999  95781  2.41048e+06  3.158e+06  0  244065  29740  14481  1.73501e+06  65760  256019  64007  36146  42747  852119  1.5318e+06  1.13263e+06  319003  22114  77934  313820  88687  300749  82333  15048  113029  59354  157339  
4835  6210  8265  45337  19878  14864  43900  258582  23245  41673  77957  23125  24958  96509  114119  119070  97145  657854  127286  1.19531e+06  123038  36798  101788  34806  53231  8630  21376  33430  58712  48892  5525  94510  6913  35988  354785  57341  177259  78900  23953  86904  46068  45375  14573  24189  139848  13635  7929  49551  593265  5848  10698  572058  302676  320918  781642  1.83863e+06  15829  21159  1.41529e+06  60110  0  2.2176e+06  857483  200920  1.18143e+06  98211  169080  94305  69559  169981  69177  12290  76259  10286  31690  319017  53979  175440  57043  33760  250878  67731  175557  
438  618  631  2077  1681  608  2873  13116  490  372  560  387  280  402  3154  677  1673  80918  17779  54801  204311  62354  29370  26214  6542  1064  2221  2657  5476  3661  325  4106  141  2942  50091  3511  18212  8452  3020  16336  5338  3929  1961  2426  6705  1452  407  5050  21810  269  386  290  5793  5056  5810  96086  594  660  235427  6087  1.10856e+06  0  620689  121290  374003  26602  20448  13228  9727  15088  9459  1200  11866  995  4042  64946  4316  32928  9406  3665  52914  12636  25948  
98  166  294  1346  420  194  889  4322  174  107  253  242  110  160  1722  152  407  25151  3712  17022  97381  94173  19903  42788  1840  352  882  746  1280  869  84  905  36  661  20444  1150  4349  2283  1591  12750  1404  3241  885  2111  5561  529  159  2717  9667  104  194  122  4119  2791  3585  113652  231  339  35253  1681  425194  463798  0  115530  675688  33200  24369  14061  9385  10174  6627  309  4169  374  2574  48807  2475  12622  3383  2496  62750  9577  8870  
476  973  1881  10421  5061  3201  18458  59788  2280  1431  1604  1146  1387  761  3652  3438  4021  114308  19188  75183  32692  41407  54738  83833  7807  1489  2604  3389  6017  4462  469  5856  328  3297  71769  13710  25157  14729  11553  20310  6564  31677  30185  19706  43500  37174  50142  148235  180508  28410  13647  2149  15716  5422  3621  31796  6425  10891  484043  1.58226e+06  266030  170002  200044  0  562485  1.00976e+06  148517  62539  53959  1.3156e+06  918013  30433  215673  2979  37816  254968  35469  291466  32937  19219  113505  77832  138025  
105  323  1167  5608  831  529  2976  12382  395  505  1951  743  372  530  1275  717  517  25942  3237  16711  42489  80018  22236  275683  3606  480  1370  1158  1432  1198  97  925  43  581  33085  3430  5995  4604  7321  21334  1967  24881  4682  13039  33121  2134  712  15964  40689  455  857  463  16775  6079  4465  653777  934  1175  83850  14997  678911  286518  661391  632261  0  1.75912e+06  473735  131250  68196  111743  62651  1137  20489  1448  12240  125142  11324  44152  8459  11940  326898  44793  27844  
151  344  1029  4087  1195  1010  4368  16219  1297  965  3079  494  407  598  1915  2539  2342  16301  3517  20388  6059  8089  3565  22208  4306  435  1033  1513  2486  1894  200  2475  175  1012  20579  4060  7690  6391  7607  7783  2611  19932  8906  10143  21655  16559  23347  79694  48652  15339  6774  912  10451  4041  3115  102242  2377  2662  110938  294617  87658  42361  64203  1.31401e+06  1.86224e+06  0  1.73318e+06  1.37873e+06  333326  3.72264e+06  196708  3759  28865  1582  12311  382533  93483  67544  26980  30844  978056  118547  48926  
34  84  180  665  271  458  977  6584  855  1019  5458  143  100  616  510  1696  408  3378  681  5893  1870  1514  578  3027  354  122  205  345  456  425  56  496  31  248  3934  1233  1847  1718  1955  1473  553  2324  543  742  2158  1084  1569  5360  16700  1142  592  254  1610  1482  1994  253944  270  344  15887  23276  80015  23819  38132  63307  477920  1.49071e+06  0  826246  60644  85397  18137  430  3654  399  2246  29061  7221  9478  4262  3257  646330  24166  8960  
83  131  874  3104  528  744  1950  12755  1284  3409  17263  1184  542  1899  1085  5310  812  7065  1014  14759  1690  1229  799  2125  594  320  607  765  671  558  66  940  47  405  9431  3336  2785  2348  1217  2390  815  28672  1766  1255  8541  6045  1812  5504  34162  1068  2437  713  7534  6707  8566  317618  2472  2565  13241  8961  64642  17990  26345  29251  168729  803300  906165  0  356020  44954  7825  566  5499  1006  42367  122698  21598  23602  8578  10866  555849  256612  19885  
226  1087  10719  18166  1589  1067  9431  29408  1122  935  1720  1852  1318  1127  617  1158  918  6567  1199  8562  3849  3978  2116  9049  2081  519  1635  4856  2801  3171  200  1214  57  427  11436  8234  8854  16674  31374  11961  4830  252655  15133  14012  71739  27724  7348  32820  63972  3384  22374  2377  20633  7928  4187  30658  30211  42749  47103  22700  42468  20952  26356  90236  98887  367933  42378  280335  0  521871  330298  4897  392331  8921  341039  534416  91668  164017  46599  80426  566631  921568  116977  
603  984  1674  5386  3624  2635  10721  36496  2942  1183  1502  991  1173  1142  9258  3499  7284  56796  12828  88571  9322  13430  4159  24497  5622  1089  2914  4957  8157  7731  837  9689  493  4511  47249  9783  26844  18226  18431  15521  8195  54299  52996  13894  25293  99252  87277  135854  93043  25090  33825  1867  10574  4797  4967  38104  22751  53580  172964  458816  182478  58809  89115  1.56412e+06  311166  3.76172e+06  204395  321277  544741  0  4.26388e+06  92946  108294  2089  60308  273630  54474  100308  40714  20798  295696  63694  71780  
372  867  2033  6854  4651  4504  18868  56386  4077  1719  2513  1065  1420  1695  3451  6890  8180  46428  7149  58587  10062  11676  4780  21600  4239  875  1679  4082  4992  5383  509  7603  577  2507  35926  13208  24185  23645  36518  17943  6939  115056  128053  18410  38244  287067  238502  158925  160807  22660  97419  3672  12879  5440  6253  48428  77443  440831  228253  822323  194959  61696  67560  856242  244291  206714  43636  37939  441522  4.11798e+06  0  2.15248e+06  4.07392e+06  4606  183728  412930  110365  150166  70319  31235  213318  85828  108658  
168  272  398  1362  1866  1948  7706  23787  2009  977  1621  400  661  1043  1124  4834  5494  26101  2834  29402  2545  1413  1520  1374  1429  236  531  922  1333  1195  182  4335  370  1179  14462  4253  6131  3381  1120  2055  1405  31436  52992  3040  3772  145071  131905  43678  62873  5710  61888  2148  1999  1564  3069  37294  54030  696029  92610  865809  122597  23554  7924  99445  16124  25028  23363  16847  15628  166962  2.62267e+06  0  1.00361e+06  7838  87104  225964  60429  70560  43361  4359  44490  19396  59540  
563  865  2100  6672  5658  5952  23914  91570  8000  7849  13131  1746  2642  5714  2526  38791  21363  77347  8047  93980  11874  9509  5072  11918  5240  727  1847  3907  4586  4257  608  14701  1740  4166  46715  17508  24909  16006  13732  10113  5292  416915  120048  19682  28314  192034  206003  114100  228632  24095  296312  26290  10613  6005  15876  55765  477425  1.85171e+06  551315  513345  358215  81076  47633  456725  121415  108798  44024  36085  668342  195461  3.8201e+06  1.1781e+06  0  980843  1.59693e+06  311228  229019  513216  108991  17908  101452  66679  122653  
37  45  84  256  334  365  1447  5233  467  485  1056  156  226  663  102  3154  1714  5289  446  6482  193  105  219  121  291  32  100  199  253  221  35  1107  173  295  2689  1025  1369  685  122  311  263  7439  1854  327  510  7860  8913  3022  12178  715  66035  2392  360  298  1650  2012  151891  329327  34751  10989  23291  1867  552  4709  1436  2391  1366  3823  19862  4423  4580  8087  552196  0  447559  8991  11813  43013  6025  571  2999  2466  5507  
178  429  1321  4891  4275  5239  19486  85119  6651  2980  4700  1996  2126  2943  651  8830  5563  19985  2363  25225  2105  1852  1208  3035  1375  182  598  1187  1212  1143  203  3876  469  1222  17876  9035  8643  5105  1576  1968  1358  1.30631e+06  142972  9437  16966  1.02325e+06  1.59401e+06  88720  291860  23355  1.42696e+06  13091  7223  4184  6858  14894  1.10799e+06  1.24029e+06  187922  73626  102477  16001  10569  72765  30571  26957  8419  74155  405975  111933  189296  97540  1.72623e+06  1.17992e+06  0  160654  230588  255552  43963  10589  40071  67881  42779  
701  2457  6115  27514  26006  21033  114165  447690  16512  17301  24386  4994  15012  6104  5352  10927  6573  49383  9883  71935  24551  18809  11137  30918  5632  1179  6278  5782  5039  4570  668  6677  397  3246  207463  62040  44720  36533  14596  23993  28149  150855  58026  139697  81194  94259  49807  428818  1.88278e+06  55093  322643  191179  45854  34381  40180  224950  231797  82087  717068  127726  780317  182626  124230  509732  333447  689378  128070  371115  619805  558684  288292  16401  86846  3757  61961  0  2.47155e+06  504017  876162  358201  3.10271e+06  1.94598e+06  3.10178e+06  
189  2656  5846  18622  11064  6436  42907  130399  3318  4565  8747  1945  1797  2506  887  6454  1801  9454  1654  16651  2297  2449  1056  5194  982  208  940  1145  897  930  147  1368  112  633  27551  23574  7937  6053  2034  2305  2232  241753  170633  277405  105689  47917  50857  491076  579369  63100  297211  117210  53637  22375  15693  13428  92810  45331  81034  25640  102510  15216  16146  52806  63839  76885  7512  26884  52177  53261  27572  5590  66024  8842  26584  1.3622e+06  0  463310  385858  372372  343875  124768  300525  
501  2293  7623  41719  18217  16875  82346  391816  21301  31043  36640  5732  8909  9802  2461  18414  7103  38461  6652  51984  10834  5419  5413  8112  3528  665  2595  4876  3350  3211  493  5353  530  2245  62634  46909  31022  23542  20760  10446  6030  182181  79858  120159  143300  123071  34983  400363  1.33339e+06  119319  451657  140371  82488  34626  29584  80914  350734  49463  464590  147648  381147  89737  29540  187270  56363  44901  38696  37548  40193  88072  51931  11767  60300  2637  72818  273865  998039  0  1.54444e+06  122648  134994  83748  136288  
83  361  701  2998  3448  3594  15243  66803  5572  6551  7513  594  1514  1204  554  4789  1374  6962  1514  10140  1283  444  955  965  833  173  433  591  712  603  90  985  87  469  13761  8123  6015  6409  1506  1845  4032  25508  16828  15568  7937  38219  8676  84382  542157  46794  272272  48050  3618  3734  5927  18823  144793  12741  100112  42380  93179  13487  3219  28050  6656  13521  9066  9823  7824  24394  9354  2063  9145  530  4937  261676  285469  1.63729e+06  0  13094  426108  153237  503379  
138  1342  7926  12902  2372  977  8647  14354  207  213  296  1560  1387  954  170  309  215  1691  334  2660  1081  1078  616  2266  363  79  792  1414  426  437  51  268  11  145  2561  9918  4119  4587  9548  1560  1767  75023  1631  28904  69074  557  396  21439  16097  532  1138  1220  29928  14279  5855  2658  952  822  9538  3478  14133  7322  8967  17069  33813  20495  1688  8871  35434  17602  17530  277  3560  162  6284  67696  295877  177140  15580  0  16955  43036  4238  
209  277  975  3848  1030  1060  3013  16624  1694  2343  11203  1153  530  1505  1983  3588  2721  21982  2982  30303  7871  7291  6038  13328  1914  661  1920  1851  1877  1829  199  2880  192  1110  54038  4618  8375  7886  9452  21274  5420  18318  2172  4342  12400  2714  1717  9985  56695  4208  32143  6074  9773  8842  11870  306882  14596  2754  43975  15152  121512  47902  80498  74577  298196  753034  697880  785702  427465  190402  62634  1025  16172  1037  21353  1.666e+06  111368  110869  153481  95035  0  1.88451e+06  157651  
51  132  927  2927  578  423  1526  5237  291  561  1818  634  365  398  358  773  462  4157  809  5113  2431  1969  892  3551  756  235  507  1235  918  938  66  561  23  190  6225  2302  2924  4507  7376  3732  2773  15998  894  1558  5732  1443  832  4124  15895  871  3515  1912  3335  1995  1976  31770  4898  3142  34211  12368  38384  16336  15481  60026  44261  36843  39055  583677  349529  37489  22119  867  15105  517  28829  1.30048e+06  43079  73995  64013  106453  1.76813e+06  0  172016  
2093  7565  17477  13367  23520  30391  74645  712398  32702  371682  195879  1301  3167  5025  15561  301474  49682  306035  109183  219171  21871  7825  72585  80738  92564  22092  53880  25413  41021  25428  6137  21437  677  6872  1.96324e+06  645582  586196  1.78295e+06  21369  368115  234696  25183  17861  17238  15187  27614  23971  94257  773124  58261  412658  151630  5226  4911  8190  51009  280850  34554  350982  73315  309511  47843  20247  148013  50229  57680  29086  30229  37857  43723  24172  5907  24928  1650  14025  2.20704e+06  522377  556625  2.20482e+06  18133  757887  287320  0  
