0  1.31071e+06  24715  591490  178926  30292  342874  33925  3152  14519  12880  7539  1840  2316  2765  24380  36806  53971  24168  48318  14725  39189  74529  80248  28718  3393  13909  335377  37320  56261  9268  435990  3198  1.0348e+06  124792  368600  904891  24518  268124  44429  67554  9625  3278  1299  6025  498  104  4663  5793  745  1134  1245  1902  755  942  521  1781  316  4957  703  9898  2297  3213  3653  3942  468  110  240  562  1189  2455  195  1324  32  240  11279  17233  7136  1830  17950  2961  1422  43464  
884866  0  13097  5341  732249  13250  605485  51873  1528  13124  15388  751  370  841  2041  19307  28332  39502  19851  43640  10023  25603  30801  50912  20809  2751  12478  15270  16997  26477  10569  38644  591  23851  262953  599083  740253  60857  62547  50328  21628  1136  14085  5422  2526  3718  211  25451  25333  1293  1433  1302  259  87  242  319  1234  196  2956  441  6103  1224  1525  1976  2006  344  76  191  413  705  935  114  699  21  228  11495  5849  5519  2373  3468  2896  1746  69559  
26263  2633  0  137570  949  66  165996  109037  108  384  335  1194  63  85  65  333  78  632  250  832  170  412  568  851  363  47  381  649  360  385  58  226  6  209  7034  31159  16453  1317  7883  862  461  5038  20738  22322  9695  1519  58  24210  14288  175  138  44  96  25  22  35  117  15  123  45  319  37  55  298  125  52  12  61  126  67  167  11  90  0  103  2514  9136  1814  511  1612  639  301  2934  
680285  1695  126998  0  865  165  9997  550907  812  709  2623  1.28596e+06  33632  31914  12970  1054  518  2315  1042  25458  1144  2051  1593  5065  2501  424  27120  135206  6935  13781  494  33445  54  7356  6392  20559  21752  1634  11079  4238  2649  64152  44835  116430  780479  3135  288  84500  196236  1003  496  1437  139532  29876  21568  7022  579  176  1151  442  26879  1016  1075  3024  3778  479  191  416  1139  1063  4484  89  1829  13  601  9806  67761  7165  2012  19356  3254  1131  3991  
334645  776959  2879  2382  0  1.17694e+06  1.14864e+06  153628  41757  71295  34096  637  569  1563  4523  74722  228871  92405  130002  103677  9658  11692  40392  18224  24518  5345  26790  21705  50607  149385  86876  154957  5895  452934  621339  520111  590748  103727  11892  69456  40316  573  1732  713  568  6088  2271  52280  51245  16549  3206  2657  220  120  657  637  3740  525  8549  1116  14542  896  1226  2912  1173  610  187  381  610  1866  1683  330  2028  59  1702  21817  3513  8872  5741  1598  4125  3375  126741  
44080  103226  1187  1251  1.24938e+06  0  595850  351597  545462  1.49092e+06  13259  271  671  882  1677  100390  284528  62731  189903  37556  2365  2215  11639  3289  6333  1786  6207  9051  67424  204689  120211  204414  5868  884695  184463  73490  211501  35050  3173  14568  10654  558  710  351  277  3358  8416  80036  91380  90509  11783  1564  97  102  348  412  4054  454  5642  1338  8589  385  355  2941  425  735  135  453  799  3227  2525  270  2596  83  4049  25458  7719  14279  7509  617  3208  2365  59673  
484475  551410  183775  16453  1.70412e+06  597253  0  1.51267e+06  1.07566e+06  240751  36426  1998  1029  1371  3760  90954  77167  69238  215244  84670  5903  9236  19084  16986  17068  3559  22571  22472  135254  293702  139464  34427  873  16793  738956  744214  278788  89516  52818  65011  41395  3226  36407  12731  6263  47020  19251  424549  336309  150540  13637  3533  676  278  661  1310  8122  975  11032  2489  20901  1342  1291  8635  1756  2153  410  1538  2948  6820  5334  586  6718  252  11034  96336  22930  47498  21831  4191  12530  8169  191359  
23112  44990  127028  535545  126172  89766  1.53789e+06  0  1.96587e+06  509116  636317  1.24643e+06  1.4377e+06  1.19042e+06  266289  93156  19781  72670  42379  861439  18821  12162  27515  20776  16184  8057  17560  22358  52520  62628  23871  30577  1660  25307  481922  329365  483614  127499  14795  34252  26318  26341  69204  53964  105252  86273  56442  660624  2.77534e+06  677662  262076  100049  192039  87948  59274  54015  28201  2742  29864  21457  308224  8410  6227  35405  9477  6955  2732  4805  8058  31287  30113  1817  21835  584  34456  216030  127460  141426  67609  9077  31423  16245  213101  
2052  2747  713  594  38588  433221  469429  1.55205e+06  0  1.6714e+06  4024  78  207  302  331  35570  26442  24682  165637  7712  300  404  6187  892  1942  324  1557  3353  93792  130407  48759  4942  165  1935  46690  20823  24373  12208  923  5186  2609  588  976  299  141  3546  19831  51193  100078  221928  51275  1292  40  52  139  247  5421  427  3358  2873  4213  182  154  3993  258  1212  88  502  927  6863  4999  219  3111  113  6256  21260  23432  14506  7741  330  2721  1442  26606  
36809  71955  1791  2272  176822  1.39465e+06  236873  1.0313e+06  1.45898e+06  0  114046  342  711  3320  855  2.28441e+06  260576  84721  98707  23471  1037  1210  7039  2067  3284  958  6669  12222  50249  100992  52566  267691  32076  515103  150640  112302  447509  198169  2107  7215  8458  608  924  379  373  1657  5443  20611  136695  105886  217527  33857  171  142  1051  275  32082  610  7214  7055  6482  219  304  5378  414  1166  94  345  557  7447  6653  300  2019  54  2235  15948  22440  9683  7199  1481  5842  5056  171130  
3966  1912  1043  4136  2866  785  4699  663266  2202  160497  0  17383  116127  977170  6047  64880  18527  50640  2771  585852  767  594  1298  999  1418  1078  4229  5552  2597  4301  1125  28067  4631  8315  68344  25258  35482  28780  1828  4919  4950  1437  1254  863  1621  1749  1697  10759  339696  31256  431733  503635  6625  9748  42350  4841  227420  2599  62211  14019  77058  894  1447  10742  1770  2572  1534  1450  1242  13494  11579  1248  5781  295  3220  30443  23814  17224  12808  2124  8751  3929  58218  
10556  1227  7090  983655  1404  290  13392  1.14408e+06  879  1196  17451  0  450004  306582  160832  1738  610  3829  1357  235560  5622  3204  1302  7174  2363  3363  29888  65034  2562  2880  244  6988  82  1996  7910  4978  22647  2622  2864  5543  2007  19515  3822  15801  151047  11166  944  63340  340775  2589  1136  4695  575973  61214  45946  31739  1684  334  3407  976  120913  3349  2590  5149  7128  939  1029  1005  1754  1884  6060  241  3933  61  2620  17009  20414  14097  5739  16210  4691  1352  6090  
3387  561  1242  30306  984  534  8086  1.10134e+06  2591  1844  92292  584330  0  832349  279223  2225  1003  5390  1722  568906  6089  3103  907  7146  3441  9921  16096  22158  2253  1679  226  3289  108  950  13552  3797  10543  3509  1192  11886  1790  4393  931  3065  22584  4211  1372  24620  326622  7396  2440  11596  181981  354163  108209  42533  3081  358  6077  1496  209674  4573  3176  5121  6464  1105  1900  1634  1554  2157  3411  323  4618  137  5194  16948  7214  17053  6481  5129  5111  1730  9531  
3102  714  1415  31992  850  371  4200  786830  1783  9051  1.03212e+06  306188  730944  0  643024  7248  4750  13931  3062  1.04972e+06  6460  3189  1270  8354  9439  33943  29978  15711  3380  2664  506  7423  860  1869  25483  4691  11949  6508  1301  33208  3085  6035  1219  3722  25186  1608  1500  10176  239192  21427  58352  115705  62224  73781  578335  60341  41517  1040  24479  4476  278543  3482  2943  6872  5177  2351  5493  3876  1218  5692  5728  724  3988  211  1926  20110  11325  9492  6407  3757  9257  2373  18423  
3523  1229  956  17545  1313  207  2774  89947  522  1507  15152  158423  220718  535831  0  3485  5567  32650  9181  1.78608e+06  57832  33120  7067  564217  90968  420771  176308  10067  9544  5894  1047  10682  607  3053  78366  4688  20387  13637  2395  200847  8690  4438  682  2328  16071  612  290  3380  54915  2072  9886  44490  34293  19438  159363  436073  18256  2175  36727  4514  300661  5358  7768  11447  11205  2887  4511  3416  1608  6784  6487  1748  7754  686  1678  33372  6665  13352  12452  3876  16609  4508  40801  
79894  90009  1920  2509  183793  149623  56136  145741  66617  2.28799e+06  95672  491  390  2505  1602  0  1.75824e+06  610072  126633  66148  1543  2000  12149  3320  5686  1563  15265  33575  71405  93883  41529  574950  286384  939419  170747  32154  699176  231344  2528  9069  13900  571  453  230  327  585  539  5756  13702  5232  16285  20853  196  88  1077  382  59141  749  19531  936  17001  347  562  1947  590  536  101  207  390  1685  1319  389  1666  88  735  11125  3555  4414  4423  1513  5151  5263  215445  
69639  164330  2444  3358  341972  169499  128950  103409  55071  251540  266183  1789  1849  16442  22612  2.29496e+06  0  904763  1.741e+06  623932  6158  4025  28574  6742  22076  14201  19935  33316  135154  379340  372592  2.1718e+06  579485  581237  198404  42989  502836  106124  8225  54511  24637  2956  1129  763  807  1373  807  8208  23308  5597  5737  29957  1018  754  13029  6180  90848  12081  186343  13374  199045  1822  3525  19639  2889  5494  1308  2011  2714  23792  19653  7519  25076  1148  3575  79223  9986  29939  27453  5306  26469  12491  151974  
37819  18451  3636  4746  31797  22524  30396  105834  31264  85942  96564  1284  971  2344  9194  620143  555378  0  3.26673e+06  1.00986e+06  189257  42355  821209  28518  211035  48817  22331  39802  186351  69552  6028  103242  8454  52731  233951  28473  262769  128022  14932  124627  39883  3847  950  672  920  739  366  4479  13898  3385  10355  15411  1043  531  1563  5633  59557  2658  83619  13393  158917  15687  55303  66054  38682  7112  1578  2460  3531  18231  13198  1987  10844  506  2158  95311  7853  20008  12957  9159  32420  11046  204061  
52912  41795  5566  6542  110608  60924  194942  127303  217763  73729  27368  2095  1982  3510  22347  130733  1.98026e+06  2.81634e+06  0  368414  22824  6548  1.15406e+06  20244  240012  53043  29717  57986  665477  1.8784e+06  1.04022e+06  374812  6859  84406  197713  35453  339842  110396  19055  174909  43332  3341  990  672  1018  899  604  6720  16886  5580  7432  3671  985  592  2887  4552  8952  3961  76872  10446  110336  3916  8779  20615  5673  4011  1181  1998  2919  15151  13192  2889  12075  521  1985  60029  8431  23493  16649  11063  22542  10772  153259  
45281  14825  5586  24138  12178  1851  22142  313728  4665  10999  661883  163780  215719  529960  1.73851e+06  27782  67950  1.24527e+06  89860  0  1.36012e+06  767508  120557  945871  168957  198987  93005  63119  112960  68844  10187  122431  6560  38035  434838  49684  225839  136696  27580  490000  68080  15801  3878  4497  15374  2844  1472  17709  135907  13281  27496  62813  54081  25462  179470  185341  93426  9810  302717  61040  1.877e+06  75699  228120  272684  125978  25892  10248  12199  14080  69977  54075  8222  43521  1972  8090  301709  29285  70118  54311  21718  110808  36053  281000  
2920  919  326  656  578  46  919  3205  111  219  838  1020  1234  2186  48644  324  428  113726  3412  817489  0  764175  110383  299947  25973  33059  12471  4921  6416  4909  166  5394  58  1950  45341  1645  13022  5604  1399  95691  4463  520  99  91  332  46  11  335  1786  121  231  596  577  394  747  9275  466  70  10154  1479  142532  112840  97812  49390  62259  2163  1274  866  404  1136  1074  106  1046  21  156  31959  533  1661  841  892  13338  1004  9155  
6621  1776  532  796  669  52  1464  2999  168  159  484  414  482  992  27422  206  267  82950  1310  274157  682340  0  71213  688005  30408  28744  9221  8629  7838  7051  167  5807  41  3149  42183  1570  15803  3882  1933  94822  5002  440  60  58  171  23  11  198  833  56  134  354  274  203  358  3916  242  27  2449  539  46254  76861  74554  20949  66239  1535  736  581  250  626  683  54  656  20  106  18351  408  1325  403  1091  10892  535  6088  
81269  24279  4666  4448  17246  1265  14452  52101  10411  5534  3615  847  566  1323  8701  4539  11584  1.01093e+06  1.12541e+06  230416  196869  87101  0  244924  773084  76523  26163  38897  1.077e+06  613742  12258  227327  546  72129  158609  14460  225163  69115  11366  134920  47356  1108  393  279  482  179  64  1525  3473  591  1321  1310  349  142  294  4327  1704  218  18427  3091  153103  22360  94986  92526  67613  4757  766  862  707  2110  2119  227  1759  56  309  114168  2037  5976  2286  5077  31308  4054  90840  
23267  5712  1779  2910  1883  143  4601  8552  622  438  800  1628  2006  5105  541121  463  780  152757  23729  579638  322413  838073  544389  0  1.68387e+06  575970  76493  37036  43554  34736  556  23465  116  9859  101733  4108  47997  10748  5820  275143  15550  1656  221  167  603  62  15  506  1550  176  617  1977  605  265  445  5066  926  100  4055  871  38348  23567  39802  47608  205116  2895  952  967  817  1204  2016  80  1787  20  265  36090  1484  3318  830  3371  19947  1300  23526  
22751  7157  2362  3469  3755  400  10620  20070  5554  2401  3573  4061  6246  19348  91670  3301  5634  305556  288294  207683  72099  75988  1.18497e+06  1.6463e+06  0  1.53347e+06  1.29314e+06  179891  2.49948e+06  67211  1472  32193  532  14003  297317  38297  73995  36863  16054  880606  139394  1169  276  279  803  224  61  1368  6415  561  5335  16353  805  296  1484  1991  10110  681  19985  3464  51515  6363  15706  20487  13346  3116  715  845  947  3615  3038  535  2752  112  530  42156  2388  6074  3978  3263  14455  3170  64533  
1555  590  189  861  536  47  607  4064  233  244  864  3985  8230  25242  152977  298  682  72410  31523  80225  29095  32374  75766  359064  1.45768e+06  0  440178  5632  17622  7566  217  5090  82  1675  15760  803  9691  4374  839  246186  9290  302  55  98  579  41  10  215  3907  150  3104  12923  475  231  1286  764  4296  112  3855  674  12288  1556  3436  4455  2483  383  194  185  129  559  476  89  464  29  101  5187  505  936  595  463  1727  407  35545  
36574  2692  597  7461  2942  479  4066  7393  785  2126  4549  10013  11327  28616  120370  5486  4205  29273  7866  66961  15555  16352  26594  38363  828614  716121  0  274773  40178  9182  1667  10758  531  54608  249394  19039  112499  95095  11131  801069  378095  2934  137  148  1898  134  47  726  4968  408  5117  18844  2277  809  2245  1480  11428  549  11209  1084  15626  1189  2254  4296  3660  979  460  509  514  1773  2487  342  1671  58  319  20165  4809  3008  1957  6053  7007  1546  110556  
224809  8690  3393  55338  4248  720  13765  13035  3572  4665  10655  17382  5062  4992  4297  9889  7009  44000  14050  46930  17135  46604  55875  89949  193132  4717  291643  0  242641  216446  4121  412246  937  82496  312375  27370  405380  166706  58939  221271  742195  19426  202  262  9360  206  107  1212  3451  745  1106  904  5058  1749  1495  902  1498  332  5086  1112  11454  3023  4035  6043  7165  915  206  455  2207  2680  7038  238  2919  38  339  18907  29734  10014  2315  32854  5837  2617  99430  
36027  9917  2453  4949  12288  3910  65663  51311  138751  20656  8674  1047  967  1928  14272  12240  30218  188434  451372  130949  24142  45734  1.14945e+06  113754  2.92108e+06  41587  143904  338415  0  3.44804e+06  105877  86146  1009  24455  157484  17938  108772  36579  17858  356533  45165  1913  422  312  642  362  235  2518  6514  2105  3034  1700  477  290  827  2155  3538  785  23910  4828  52698  5339  9169  13286  6454  2228  661  994  1721  6144  5293  643  4059  182  806  30122  4197  11628  6169  7689  10811  3993  63547  
92072  49417  3954  11965  99802  22795  344164  95911  285114  21453  50272  1403  1100  3685  14305  16213  720894  209691  1.15786e+06  236118  41327  77305  688995  163443  128762  20741  23647  470880  3.50773e+06  0  1.97825e+06  3.63161e+06  1922  68279  123591  20272  243379  68135  17543  131489  42192  2521  585  386  940  802  627  7142  13052  5487  2688  5744  607  367  4027  2662  21359  3359  56854  5226  76140  5369  8218  12294  6798  2371  613  974  1619  8347  7619  2271  8466  371  1392  37644  6116  16315  10234  8939  12569  5571  91467  
7382  14434  405  807  42478  10638  184912  21361  65195  4983  13139  412  474  1195  7789  3554  556754  50256  875073  87032  6435  2283  36078  3145  17193  7403  4545  8640  113463  1.91688e+06  0  790412  452  8825  26692  5497  43751  16989  1911  20028  4309  556  182  143  154  329  214  2725  4804  1662  662  1408  180  123  1523  1156  5215  1534  24507  2351  30498  449  731  3280  644  845  241  368  566  3662  3248  1068  3625  173  552  13196  1790  5213  4437  1256  4867  2134  22809  
434242  148776  5329  32937  208245  116892  107143  119310  17683  173197  198666  5919  3234  13961  33623  350532  2.05393e+06  491458  350122  669110  75733  75252  458904  128526  127504  38448  28040  774312  122160  4.23557e+06  626744  0  918003  1.5673e+06  138174  36609  853503  81932  16700  89121  59516  7659  1060  777  3551  1197  529  6459  19061  3165  3698  18963  1919  1102  13517  5936  55945  9212  149479  10422  190230  6229  9385  20109  7476  4853  1186  1761  2511  19379  16397  5849  20646  1046  2800  69319  14594  26899  22216  11842  22335  10035  122993  
12505  14357  275  361  25815  7528  2256  10212  102  26318  23273  135  101  2018  1183  154898  320874  19502  5744  46383  405  318  1504  558  1862  922  2261  5650  2149  7045  2938  572984  0  321514  7527  1754  107525  6801  371  1409  2269  141  59  31  51  54  30  366  1010  209  343  2763  60  37  731  210  6703  289  6106  274  8519  79  148  501  110  150  57  69  71  577  445  154  543  30  123  2594  491  830  739  276  634  368  6168  
1.17998e+06  260285  3129  8171  865856  1.51756e+06  52670  129066  2473  959306  71142  1141  721  4931  5937  1.41295e+06  1.12357e+06  164852  86738  179662  12754  16762  73394  26425  24499  7052  23215  73767  43312  160584  93163  1.72539e+06  732067  0  48304  41853  1.37418e+06  27191  13325  21123  46402  708  416  235  473  559  317  4715  9071  2782  1702  7378  388  189  2385  948  15481  1319  23936  1578  34025  1244  2141  3534  1632  786  200  293  458  2902  2355  828  2913  155  617  12967  2134  4650  3577  1700  3499  1630  27855  
175924  120151  51704  47621  41968  10130  485325  1.26957e+06  34055  649543  619740  11518  16497  34079  64874  518071  55715  886113  122821  1.2811e+06  82074  87911  244452  129603  295898  73649  691066  450664  268195  123124  8551  83990  5553  51241  0  2.72281e+06  621901  931426  511173  2.25415e+06  1.60565e+06  4970  6246  3826  5863  9969  7669  88314  278343  103589  63135  54642  2288  1439  5127  6279  28216  3240  60589  12385  129000  8467  12232  35456  13639  5956  2156  4393  6011  14507  14621  2160  12960  421  5997  399144  22916  55367  47713  15973  65758  78322  3.79685e+06  
176496  162648  87576  41676  17712  1847  598871  212212  3679  66586  116316  5511  1423  5061  3417  51343  6803  62576  7727  131287  4886  5895  12760  8136  28661  3597  59973  33347  24131  9875  898  5899  511  3403  1.75327e+06  0  149362  247197  625186  172760  111194  1183  2413  1756  2155  2356  528  19561  36925  6166  13127  15030  948  248  1041  618  6758  380  6666  1065  14155  988  1412  4121  3089  664  157  399  780  1632  2619  227  1638  44  634  32461  22530  8868  5951  21059  6690  6516  409293  
372019  194745  104106  67462  169530  20804  379607  1.48002e+06  5977  361214  202884  17895  5328  22005  13096  387859  52178  324257  98950  324771  25114  27581  112884  40549  46362  14584  38930  81973  94548  129725  45001  120067  7742  170228  150431  501138  0  1.30801e+06  292269  43755  132686  6133  6736  4524  6150  8110  1584  58959  134814  24657  48315  30957  4269  954  3297  1634  16620  1068  19053  3966  36779  2557  3932  9648  5679  1596  378  787  1696  5335  6968  707  4209  138  1609  29860  25713  28256  9977  34600  8924  5091  87515  
9198  10351  4086  4472  4858  1412  34497  321139  2423  213041  97784  2562  1337  5461  9378  211702  10389  136010  30410  197174  11654  6061  30900  5714  15217  8544  18118  12520  50920  49595  12962  13497  875  7000  207544  164339  1.52423e+06  0  27288  26390  102315  564  1191  685  1057  1338  543  10852  32330  6694  12419  11193  516  167  1146  1106  7382  574  9770  1558  22121  929  1283  4677  1242  768  262  373  511  1885  1781  335  1720  76  581  24247  3247  10632  13881  3688  21602  27896  551060  
182883  10942  17641  54390  651  43  55055  11316  203  1944  4679  920  515  555  575  3119  480  5454  1252  9549  1364  3041  3166  6570  4221  577  9026  23315  6165  4585  170  2056  37  636  143833  416285  193148  18323  0  23379  25166  3008  339  291  1088  133  56  1059  1295  369  345  302  481  213  185  211  299  95  1193  434  2215  1104  1547  4927  5260  714  93  283  1398  1357  4207  74  1746  5  194  8793  27139  19509  2166  42387  4416  1521  24243  
24438  3255  1737  6676  1332  270  8107  9223  3633  2377  6313  3092  4047  11260  54373  3477  2790  58092  17577  124446  32295  43589  48193  125891  332771  385277  1.3933e+06  167695  232963  104570  2117  39568  276  15479  2.10095e+06  39300  100451  59230  31124  0  1.31739e+06  2290  407  341  1207  319  110  1688  6410  579  2686  8937  867  400  1658  3617  8670  2055  40220  5373  54467  3868  11650  25175  25591  5886  2130  2552  2591  7676  7757  1409  6813  221  1250  105503  5148  17010  9139  10966  50950  8723  165957  
38961  1825  684  4336  741  105  4774  6704  450  3171  7192  749  707  1536  6955  4103  1777  53239  13093  48808  13577  21669  71260  26090  55111  30555  1.0617e+06  195598  16513  13232  579  12040  182  18544  999112  35183  253654  393394  26464  1.29655e+06  0  331  97  84  340  78  40  645  1958  430  714  1006  215  96  307  494  1240  301  4900  703  8467  1424  1832  2320  1561  380  145  270  445  890  1022  189  952  32  152  20567  938  2833  2088  1661  3387  3960  269157  
5878  807  7591  13338  226  149  5821  7528  1040  728  2047  460  253  225  436  622  413  2596  538  4778  790  2392  755  5978  558  171  705  5310  947  1205  79  1564  34  152  4317  2290  2623  1543  2399  1347  993  0  2.13673e+06  33989  717456  550557  119672  350585  40999  9449  21620  3297  2615  1282  1280  1965  23372  16564  25753  12197  26212  4554  6306  105672  21318  7492  749  14058  46644  13002  93730  10856  490746  3718  1.22533e+06  180268  71517  385837  55624  43274  22291  18423  47645  
28282  11726  39997  39229  751  132  60765  29997  991  608  2139  265  155  225  612  743  351  1933  400  4545  479  715  502  1485  348  169  303  512  355  335  78  462  28  159  5611  5017  3518  1680  1763  1083  789  932189  0  5119  2453  729405  42662  253207  32459  3158  12280  3751  591  332  683  3158  12197  2840  16049  4694  30898  2689  1703  34594  3867  7443  1299  7519  18123  8278  15286  2089  31534  274  36496  479506  455780  359961  72943  30810  97749  45151  67476  
11707  3101  32282  60849  361  81  17307  26780  342  109  160  1853  187  116  101  97  33  176  47  505  45  61  79  138  59  13  76  354  94  136  19  110  0  36  1241  4627  1421  354  849  148  107  26755  3314  0  125512  952  183  180500  94081  251  312  300  640  568  672  510  373  47  449  95  2111  82  62  688  175  154  42  164  343  149  382  21  299  6  364  10973  48538  5028  1628  11016  1856  776  1890  
33357  3929  42054  825417  561  130  20332  105195  695  430  1173  134920  4628  4357  2433  495  165  1001  341  6395  639  894  509  2303  797  150  3700  20653  2309  3566  104  4473  9  366  3339  12024  6270  952  3515  1484  1170  774227  8549  131592  0  1221  308  18820  574372  1195  562  1691  910884  21026  14432  5086  478  279  904  673  23860  1823  2074  5022  9503  1416  231  1384  5973  2575  11803  129  7225  10  1843  8349  91243  5398  1210  46297  5263  907  2462  
3384  5011  4838  3163  6262  1463  65243  84823  9060  2745  5276  977  1004  547  1298  1963  921  4666  1082  10786  760  740  827  1415  792  357  855  727  1048  1114  402  1042  87  342  20510  10488  7646  4861  1114  2568  1566  435151  914510  2476  1024  0  934126  987919  196498  39111  57951  9336  755  533  1548  6499  60711  35363  49571  11596  77503  4507  1965  40572  4742  9609  2277  9902  25292  23408  55617  23893  150820  5437  626161  608923  289288  169215  91946  5290  90248  38709  76569  
531  677  516  574  3180  5620  30945  115704  72509  16191  3447  400  1348  462  432  1947  742  3166  1918  5423  290  377  478  611  439  149  565  617  1717  2699  1170  726  36  321  24678  6949  8083  4933  602  1578  1360  234680  221927  2201  984  1.17404e+06  0  820358  418849  962343  1.51279e+06  9586  379  325  810  1711  108826  62512  46596  16278  24322  1409  776  18482  1985  4957  577  3664  10077  37164  130848  37719  175688  7415  1.04405e+06  123506  152859  73436  39772  1937  24269  9904  38348  
24710  21866  49732  60608  39553  33163  455876  496828  168766  15333  8438  4042  1708  989  1568  5032  1940  9417  3331  17269  1204  1383  2417  2370  2209  632  3018  2612  3768  5143  1962  2036  118  1168  96158  59495  39823  19760  3748  8054  5598  294193  415379  168725  9584  1.43004e+06  1.16918e+06  0  1.45333e+06  1.7558e+06  131545  8520  1655  1109  1732  5688  99758  15893  51205  26979  70598  3764  1998  68443  5381  21892  1895  8378  18764  136014  216300  12279  54646  1256  90298  597593  327129  200209  110530  27133  73764  31855  135494  
44142  44338  59615  184384  90080  97096  918101  2.99337e+06  676147  336046  140640  171349  201354  121694  48627  40356  7566  41478  17874  186395  10767  8386  9566  13074  9199  3096  14063  27355  23052  29217  9761  12322  603  4825  488471  192297  184602  108056  10480  29652  26723  26574  40066  125545  494469  82250  99250  1.63499e+06  0  2.2618e+06  430146  712310  719525  765105  898644  139519  46405  6535  68385  51357  745860  24281  11877  108780  28818  16907  7483  13374  22982  86226  85729  4815  82538  2232  166677  483672  350495  410954  201175  17747  71370  32866  282111  
857  1155  609  569  5123  17377  64798  249208  229021  73855  3893  129  429  1525  229  3509  927  3685  3866  5426  221  277  667  444  524  153  925  960  3999  5616  2190  878  45  622  48155  9668  19478  11194  686  1726  2405  1933  2955  1111  591  83745  819964  1.00792e+06  1.67324e+06  0  1.44854e+06  1600  272  142  221  484  33332  7769  16047  53339  6063  406  331  54861  1474  15603  336  1635  3271  120561  128517  3439  10548  149  11234  39254  220268  23827  16298  1040  11259  3093  30948  
2074  877  875  1491  1249  2527  12773  171977  46535  176747  48305  347  586  3249  487  10143  999  4910  3182  6835  252  301  778  576  496  180  1885  2528  2522  2307  803  1240  112  1026  24401  7574  14675  11099  890  1321  1756  55976  55526  3840  1895  161829  1.36679e+06  220830  761968  1.43374e+06  0  99659  825  386  1269  1479  2.21975e+06  179554  93291  66237  22315  984  576  19851  1904  5866  614  4665  14433  60038  131789  36680  465580  75507  906439  155343  612996  198519  184090  6210  85601  22736  159841  
1622  683  447  1707  1132  670  4147  127559  6690  260417  454241  2073  9556  31739  2664  97413  6951  20503  2393  27338  335  282  714  456  748  842  1689  1998  1563  1438  374  5525  1106  1844  41407  16744  16569  19382  726  2291  2085  571  350  657  1643  499  340  1848  631596  1861  137957  0  7666  71230  621379  3840  169952  521  48236  973  314473  750  362  1256  814  434  590  589  673  1115  1133  313  2003  124  1699  16993  5966  7139  6440  1775  3732  2601  38491  
10757  1366  6720  171735  1552  339  17230  228347  998  2159  11010  734496  141377  101715  46404  2740  835  4186  1313  122419  5102  3622  1209  6506  1720  1017  10980  32445  2804  3569  228  5845  96  869  10831  8144  16115  3718  4869  3686  1748  10264  2450  8635  499683  6543  575  35789  1.13239e+06  2070  999  12772  0  384254  158859  74698  1546  397  3797  1233  297999  10728  7919  7953  24244  3113  2174  4022  10046  4299  14342  244  11220  40  4193  12880  19445  9819  3361  103826  11680  1891  6274  
3566  964  1841  19001  1554  1304  15032  168608  5700  4812  22762  72387  345147  118523  45250  4395  1274  6379  1354  148208  5199  3473  901  5252  1404  1017  2322  7345  1724  1595  231  2592  167  545  16503  6509  7893  4035  3327  3541  1374  4201  656  3435  44709  1987  615  10879  1.15896e+06  4442  1284  85149  491625  0  532635  116135  3072  424  6520  1188  489690  14283  7762  5763  20249  2380  4612  4191  5112  3590  9654  286  7496  76  2806  10818  9608  9291  4146  23009  9065  1443  9036  
4897  1042  1386  23714  1345  609  5839  131027  5046  76956  190199  45815  88804  576320  173630  64663  12820  50808  5324  325428  5194  3467  1619  5783  2855  3174  3917  8928  4335  4359  959  13389  1613  2636  48926  9631  17614  17093  3461  8454  3647  4987  525  1857  42491  894  432  4620  882431  2748  4686  723803  268963  572274  0  454129  26039  2009  40029  2742  919460  13143  7373  7977  23622  4921  13582  11466  5948  7140  12658  1426  11291  322  2749  25007  9181  10584  7096  18811  20578  3560  42016  
4146  868  1454  19587  763  159  3208  25814  522  5305  46366  31315  27445  88435  610215  11342  4563  25467  7462  253946  13001  6846  4359  15048  5563  7108  5929  6864  6065  3750  684  7027  455  1675  27752  4515  11381  8383  2652  19256  3566  4062  876  2925  25316  950  322  4124  112078  1068  2119  7684  86357  92874  484359  0  5194  2302  21752  2828  1.6236e+06  89410  53054  15554  578547  45805  348713  242186  5125  7526  9244  2771  15222  2056  4469  81735  8542  30071  28994  8261  257112  15564  50293  
1031  569  377  538  748  448  4124  16208  3707  30233  33814  265  516  1500  675  41031  6533  21889  1553  16292  301  301  679  541  583  280  988  1330  1158  1413  394  5434  1048  1411  16401  4648  6097  6839  808  2577  1303  35483  30659  1564  863  77594  81116  53448  109945  64095  2.27908e+06  71377  697  510  2230  2048  0  1.92925e+06  585801  70359  36843  1066  618  19358  2033  6919  805  5599  21039  75486  160764  48335  730667  480264  989812  213217  130424  329178  278442  3698  99623  27832  274009  
1468  1145  695  793  1352  754  8644  20932  5984  6754  52081  600  927  2481  5940  21679  10658  49183  6411  81023  850  721  1531  1297  1930  1394  1867  2243  3813  3485  1095  10632  967  1916  33255  5564  10340  9956  2634  7531  3043  35615  40334  2713  1400  186146  184259  171244  102797  141522  323331  10451  2029  1621  12054  11721  1.98035e+06  0  1.02988e+06  1.69843e+06  264376  3564  1612  39518  5351  19874  2908  8237  26185  164467  586177  410358  1.94286e+06  481438  602275  315788  71232  228556  148118  9064  92351  34413  236211  
4333  2147  1183  1401  1734  599  7407  24606  4328  14589  42816  867  975  1807  3984  23934  18761  95721  18923  113465  6959  3119  16013  4233  10516  3289  4032  7162  13439  9040  2363  20547  1599  4262  63954  10030  23603  18230  8130  27051  7662  26634  9716  3394  2451  19910  11943  47445  167546  76568  98352  18058  3908  2007  2767  5616  667700  726932  0  2.8576e+06  702875  78263  14437  860383  32165  98122  3486  10379  19765  157484  166883  23499  152234  3772  55189  198857  23977  282349  141280  15410  117230  49719  197887  
3296  2155  1617  1561  1261  755  10949  28111  7166  11379  20041  1146  966  1259  4491  4796  6952  43308  11808  75738  2075  1764  5288  3187  8103  2808  2789  5285  8162  5004  1231  9326  571  2180  35002  6769  16588  11778  8994  14994  5214  36672  11124  5927  3629  19900  21872  111350  170243  304551  106654  2993  6012  3162  4692  6957  53873  1.95146e+06  2.38876e+06  0  244385  4632  3466  1.75625e+06  15215  175925  5611  14050  29570  549559  1.57492e+06  784792  348230  4632  49164  189198  33056  253472  96727  19274  139762  57268  139732  
25222  8500  4338  27203  6838  1411  18686  113150  7386  40993  197337  35836  29713  63861  164876  87849  42466  347209  88055  1.4333e+06  117501  54361  161009  55720  91310  34883  23056  35201  71264  37669  6518  63865  4398  19057  231741  34736  111717  73685  21862  146602  34265  27425  5370  6849  34953  3670  1430  19626  408404  7654  11201  313483  134482  151600  512334  1.84296e+06  40127  10483  713126  47540  0  1.41826e+06  759190  224919  953738  79275  193927  110177  31375  100333  87302  11876  85199  3032  15915  325597  33864  116699  83422  29586  310604  63949  244986  
2192  543  220  618  383  41  763  2033  126  460  2502  598  375  644  2890  816  516  44738  5359  57285  117571  60551  61518  21137  15777  4725  1655  3119  4669  2220  147  2877  136  1368  15137  1447  7415  3430  2599  23753  2024  3823  527  438  1370  204  52  1438  4835  265  314  324  3614  2017  2195  78298  335  187  144161  3221  969077  0  533227  99595  281787  11775  27180  16315  5134  7084  10244  717  11242  70  1563  53819  2962  9647  4032  4846  55206  8054  14880  
937  205  102  343  112  11  301  663  31  146  960  391  234  334  1254  273  150  12896  1399  16622  59381  49316  25861  24729  4799  1389  784  1786  1470  841  42  955  35  435  8206  720  2575  1031  1923  17181  750  2611  214  163  1125  59  15  453  1747  144  93  116  3147  1625  1439  83911  101  64  8901  1001  420629  605903  0  145136  570482  10015  26285  13974  4596  4763  7024  88  6155  27  921  33014  1842  2803  897  3803  53240  4457  3440  
4835  2492  2191  1978  951  251  8921  13339  1927  1466  4808  1178  778  716  2810  1604  2215  54017  9896  68349  23298  25865  59275  73026  22268  6352  3467  7120  8873  4579  464  6277  320  2378  56208  4879  16255  8734  8725  55656  4908  69286  15354  9629  5286  5645  1289  42886  63394  45801  8022  1294  7741  3676  2766  15726  7642  5766  506117  1.03951e+06  310694  105279  237616  0  541040  895417  12130  23406  27943  785415  859397  21194  229854  894  27130  217488  15672  204910  48275  22210  155854  65594  109315  
2248  301  229  1461  138  25  698  1713  104  739  4399  1586  748  1391  2589  1116  321  13493  1592  15663  22545  36687  31417  141690  7512  2118  2223  7055  2215  1623  80  1722  63  517  34947  2268  5453  1919  8034  55055  1644  20799  1473  947  6507  371  126  2825  8679  976  498  467  13048  6674  6770  760408  409  327  23866  6549  643587  205149  470509  652744  0  1.6167e+06  582828  181692  40631  65307  70055  538  51794  118  5169  126981  8454  14025  3566  16643  390415  22772  13492  
1281  466  401  909  228  99  1897  3364  624  1327  7108  818  421  1577  1425  1530  783  9499  2360  15074  3481  3322  5374  7486  4491  1378  1207  2725  2167  1256  158  1642  90  544  18652  1784  4614  2729  4510  13151  1475  23551  3678  2097  3252  2077  611  12241  14547  22880  3560  685  6275  3799  7223  121938  1656  1661  52920  80671  87489  31820  35798  1.07208e+06  1.77993e+06  0  1.42239e+06  1.06925e+06  273552  2.75089e+06  176739  3823  43009  370  11059  153650  15498  42189  13420  11874  772412  98714  37690  
204  53  67  570  38  8  198  879  34  1149  6470  368  95  1395  555  1424  246  1660  275  3011  1299  760  800  1635  521  238  173  300  269  166  25  325  33  83  2312  331  648  448  478  1455  172  840  159  207  810  113  36  465  5900  229  162  383  1900  1738  5229  231973  138  106  5401  4164  58196  23095  19879  31612  562094  1.27074e+06  0  872815  14779  15828  4882  310  3571  60  825  11314  590  3988  1699  901  366824  18072  5956  
551  164  254  1699  85  46  865  2614  324  1682  11999  1345  518  3823  1622  1850  404  2281  445  4810  1388  1329  1116  3241  804  538  575  1118  483  339  48  588  36  144  5542  909  1455  970  1873  3598  535  56305  11046  1629  4722  10231  1550  6641  23195  960  1731  1109  9362  8128  24596  299723  2078  718  7864  3070  60456  19103  15580  38246  196627  1.12852e+06  943753  0  180406  15674  10577  526  15904  450  61381  112899  10257  34350  6303  10496  781755  240167  16183  
1725  661  655  1153  182  70  3530  5866  853  758  2228  1853  1179  905  996  865  556  3598  873  7608  1667  3918  1427  9758  1582  348  1430  5209  2066  1630  118  1370  45  226  7761  2856  6453  2699  17292  7326  3102  94163  21449  5751  9977  19380  3410  23119  46144  4873  5741  1539  17935  8204  5017  6245  6934  3100  18570  7614  27031  11156  14337  87122  67277  286774  7407  286595  0  281624  327354  1358  273451  1279  122865  521920  46595  144961  31825  41887  543983  743522  75252  
1759  694  376  583  559  233  2747  5651  1985  1357  5191  652  513  705  4009  1320  1927  20199  7761  38997  1880  3137  2416  7680  4384  1570  1744  3530  5160  2646  386  3794  244  1228  17176  3027  9362  5910  5785  9725  3002  11137  2262  1391  2269  8518  6371  36858  17801  80868  14627  662  4238  2209  2413  11270  6473  12876  42029  115013  63895  13416  15590  1.28161e+06  103499  3.1961e+06  16558  47621  351209  0  4.44483e+06  6764  45836  414  6854  80768  9823  42176  21718  8689  238313  17456  41175  
1868  884  763  1039  833  574  6309  14632  5658  3804  17126  1074  766  1076  3345  2535  4384  24219  4984  47754  2761  4716  2479  11336  2692  1149  2057  5922  3856  2999  720  5780  268  1038  19304  4220  9393  5821  10679  8918  3150  47267  13766  7419  6594  110106  123361  296462  40873  296713  63774  1565  8415  4415  6143  9006  23623  348331  96947  442920  128551  19250  16724  693222  71088  89310  5551  12370  603888  3.29864e+06  0  1.38736e+06  3.86414e+06  687  33810  118887  27704  53488  28122  14989  105821  29741  57974  
350  266  136  164  373  289  2719  8817  3355  2402  9805  144  168  378  1347  1290  2361  11525  2076  22600  608  288  574  492  664  397  527  725  1208  1060  350  2583  161  463  8324  1377  2662  2181  700  2198  761  5785  4363  894  525  77487  112876  190859  19375  186543  46487  795  577  384  2404  3929  16733  850933  51915  1.06982e+06  66345  4923  1098  43940  3023  8566  1799  1705  4752  46297  2.11967e+06  0  671842  771  21771  27518  14055  11940  8315  1465  9196  3783  13958  
2848  1894  1601  1870  1550  779  12529  24511  4870  3429  49527  1922  2031  2637  6871  10328  10364  52268  7865  96062  5563  5997  3960  13340  3915  1968  3038  6345  5631  4876  1192  11819  769  2062  37484  7394  14836  10965  14494  13540  5195  315461  115176  13643  9245  241909  177535  179753  204108  46509  301355  8219  12070  6669  14812  23007  375797  1.65515e+06  290900  184739  384941  37882  20810  415719  68710  41039  9681  20652  335220  64355  3.53093e+06  1.08638e+06  0  713614  1.23342e+06  222475  50052  239411  71240  26790  93347  109054  125282  
69  49  44  50  74  30  392  1069  271  225  3189  40  92  199  360  1106  586  2603  287  4552  94  45  87  64  134  104  109  81  169  163  50  577  57  97  1751  253  508  521  106  379  158  6946  5420  175  59  13124  6884  3238  9807  594  59412  698  99  116  685  2115  254959  349994  22503  4897  26239  601  154  2050  434  900  877  1134  3258  6026  21450  20722  580003  0  343252  9091  2478  20981  5562  374  3040  2078  6219  
880  531  492  762  803  719  6768  18076  6325  3021  14635  584  1121  1004  2008  5380  2737  13067  1786  22456  831  741  775  1504  804  520  779  1376  1211  1131  326  2919  285  526  11685  2662  3762  3256  1228  2535  1037  1.49724e+06  518052  8143  3408  1.14998e+06  1.82323e+06  80394  284933  13889  1.46482e+06  15915  2435  1494  4226  9557  1.41566e+06  924912  175253  54452  131363  5730  2610  52626  7129  12160  3830  22013  78397  64004  172143  101385  1.7685e+06  834860  0  96969  28178  164323  46593  15300  28089  47668  44890  
14220  16553  15022  14538  5733  3198  100828  189192  22554  21704  46479  7592  9987  5546  15662  16277  7134  48313  11194  116450  14163  13947  17367  26887  11393  5283  11724  15085  10025  8017  1336  10995  682  3836  265294  31981  54865  55369  25953  47606  39901  228501  82601  119636  35565  58044  9332  467921  1.4244e+06  25623  491442  139893  16194  12734  22088  102379  515076  52180  728514  101259  1.24837e+06  80965  37088  449402  104841  173983  51562  279641  508435  214400  203017  11801  186913  4867  57040  0  1.4214e+06  1.36528e+06  999376  434999  2.72918e+06  1.58861e+06  3.23956e+06  
12734  2679  4297  11958  481  260  12974  16159  1916  4005  7996  548  381  603  1239  4492  1036  4614  677  9448  508  625  668  1341  616  349  847  4290  1156  1275  140  1665  122  289  8970  7147  5545  3912  4239  1952  1858  153954  219984  149822  37916  29416  4943  478012  176706  10922  76818  30379  1264  843  2210  3687  49500  6510  21325  4050  48303  2086  1099  10507  3456  7200  1533  8943  19459  11377  10034  1891  11430  463  4074  912552  0  219242  196452  630836  182480  57865  200952  
6353  6658  8036  6705  2328  1528  43150  85505  10658  20278  20852  3573  4266  2000  3771  6766  2229  11988  2468  27304  1847  2834  2944  5363  2572  943  1869  3762  2869  2386  430  3019  224  721  28796  19056  29409  22092  35047  10298  7445  273186  81614  125098  14855  31133  5477  365398  819770  16296  280550  78965  6777  5574  9274  22098  259197  14950  147202  33876  205597  8291  4548  80997  11388  17953  6270  17600  27636  58159  41155  3534  35600  883  32091  617663  199389  0  1.96522e+06  328785  138852  139703  317621  
1146  1657  1556  1400  852  527  12323  31248  4360  8916  8918  1508  2061  1052  3085  4107  1105  7401  1687  18227  779  517  1114  783  1064  626  696  710  1414  979  237  1454  115  371  17521  6069  8796  23722  1282  3436  1867  5987  7816  13936  2216  9371  2019  51824  356162  8734  184211  30398  1157  1676  3847  22006  182013  8422  75632  16407  130910  4081  1260  22718  4584  14554  6471  7468  6163  59026  26390  1588  10015  330  7108  337488  113024  1.57499e+06  0  6667  362093  104101  888157  
7585  261  1092  5687  67  22  1496  1889  139  239  547  2652  1371  1002  577  292  118  1105  339  2409  770  1556  828  3522  784  151  1594  6251  845  896  45  764  10  162  2613  11451  11292  3937  22100  2564  1900  88434  14200  21940  16389  784  287  53185  10590  983  1590  484  27088  8538  4528  1386  1312  366  2405  1264  6575  3872  5391  15083  20844  3911  351  5712  12906  3973  12609  159  11143  39  10408  77412  366899  85482  3233  0  23767  21069  4903  
2460  683  614  1552  358  101  2603  4628  370  2210  16253  1011  653  3167  4118  3095  2384  13430  3503  30257  3286  4604  5437  11016  4784  2145  3871  5384  3570  2605  424  3797  186  1601  44968  4155  10634  8310  14162  30239  5388  10678  2372  2897  6937  1659  511  9936  27513  2509  24182  5014  7835  3610  9629  133095  15891  1954  31363  10996  91699  21904  22556  91042  144538  250463  301215  1.00605e+06  209923  143302  75803  1136  46670  325  21163  1.96618e+06  76871  119282  179063  55741  0  1.69218e+06  242593  
1011  812  737  1280  134  39  3534  4588  208  974  2364  406  189  395  631  1074  448  3068  666  5401  835  1260  1074  2805  638  313  802  1106  580  472  80  669  41  343  9694  1572  3571  4807  2656  2993  1799  21328  3266  4637  5595  2024  344  14331  17983  1099  4487  1077  2689  888  1807  19273  4094  809  15885  5710  23923  5236  5190  61154  16679  40135  27364  570845  208349  9152  17967  613  33383  304  19336  1.32412e+06  83222  132014  40524  60726  1.91829e+06  0  128558  
28966  17657  8408  13568  9619  3680  76096  446518  15430  675257  411891  3907  5985  21024  39474  477268  34473  429873  76410  704346  32005  25345  105145  37610  62133  41499  81634  47131  59850  41212  6000  47496  3475  17396  3.03096e+06  598053  500475  2.49564e+06  26880  133926  305685  19237  13572  10699  6908  16522  6048  71852  626886  37336  488678  152494  3366  4088  15106  96366  538807  38520  500552  83182  847199  38365  13274  192395  57592  75230  35023  51170  41867  72420  60274  11168  70711  2603  28029  3.22864e+06  210496  941748  2.67379e+06  14824  908874  400094  0  
