4464348  
2779333  
446262  
3192900  
4194614  
4439555  
7563876  
12796548  
3944555  
6588031  
3052276  
2673044  
2511177  
3498809  
3099307  
5727452  
7896497  
6242923  
8223794  
8597398  
1559349  
1400239  
4176499  
3763525  
7497045  
1989092  
2035688  
2231222  
7851819  
10095491  
2747363  
9902646  
827782  
6730016  
10932194  
2927731  
5107845  
2281895  
734227  
4337627  
2352986  
4774160  
2261278  
465475  
2987211  
3414575  
4706116  
7673380  
13038962  
4865736  
6924913  
2130784  
2532180  
2099575  
3155066  
2922534  
5700384  
7328422  
6017246  
7953854  
7837373  
1611943  
1231560  
4533359  
3802263  
7109109  
2116986  
2164214  
2270482  
8265098  
9507585  
3301663  
8671064  
961358  
7080627  
10684769  
2597992  
4393764  
2437900  
616735  
4304002  
2402839  
12000245  
