4744799  
2631416  
687374  
3896491  
4447034  
3960499  
8387750  
13597450  
4419599  
7125578  
2782680  
2375220  
2366801  
3587524  
3200314  
5822826  
8282015  
5877559  
8186646  
9089516  
1456582  
1329975  
5145594  
4415516  
8974845  
2428330  
2364491  
1869886  
9034449  
10317617  
3108470  
10294435  
856514  
7610272  
11594273  
3611002  
5596609  
2425379  
868732  
1565343  
2469295  
84356  
493599  
709506  
1109284  
412081  
473112  
422202  
58716  
83354  
957096  
107401  
1081142  
5707263  
1433661  
5082238  
2201610  
625274  
4116755  
3362758  
4943496  
8265438  
13862074  
5010764  
7664092  
2166085  
2745798  
1974208  
3490842  
3076272  
5737368  
7488333  
5878193  
8080143  
8213780  
1730648  
1277632  
6093239  
4510714  
8390570  
2143985  
2211196  
1793925  
9853309  
9867908  
3674420  
9436090  
1013491  
7508592  
12070753  
2670524  
4994420  
2568010  
752218  
1676987  
2294210  
68898  
498690  
670800  
1064127  
414001  
475087  
502298  
105665  
99505  
982687  
146219  
1027099  
5703118  
1580794  
16458552  
