0  1.38175e+06  37562  835757  408414  113206  577086  65199  2927  20614  8427  1940  1172  1618  4303  31793  107408  39029  30121  27729  21677  40298  61838  69498  67968  5242  104539  567160  37344  195055  13494  575352  1440  1.8291e+06  117928  204669  504537  61993  82896  41832  206649  949  162  1470  18266  356  889  5624  12537  3367  3066  1327  607  402  486  519  1710  1064  4068  823  4122  3710  2353  1702  4176  866  331  723  891  1869  890  206  2056  56  1443  18038  9207  4282  3733  545  2836  2227  45994  
1.22814e+06  0  12658  5823  941799  70945  732441  75598  1597  8186  7215  1374  1341  1293  2939  12198  46232  19938  19612  18501  12747  17090  18231  29458  16535  2413  9871  17753  12280  23410  3893  35592  246  102623  259108  319174  311831  78995  7459  32950  26550  173  286  230  1550  1036  894  18355  19058  3500  2610  1146  433  496  360  378  859  531  2272  564  2516  2165  1249  1173  2145  522  203  540  529  1042  626  118  1132  27  838  19360  4681  3855  4213  258  2440  1585  64165  
50962  5809  0  172257  780  124  151489  65806  105  887  1026  359  330  265  437  736  486  2163  788  2604  1757  2482  2575  4570  6126  524  7688  16328  3389  6075  238  2626  4  1031  62746  205321  95310  12074  70985  6583  22477  4050  4279  12749  25660  1136  31  18461  18208  111  390  194  315  130  91  111  156  75  380  90  475  349  256  350  431  219  57  295  390  303  218  19  258  2  161  8928  24049  1678  932  1093  640  954  14866  
767263  1639  169454  0  547  299  18158  678214  546  2620  4284  1.04711e+06  41734  24294  19522  2949  748  7080  1380  30840  5618  4648  4150  5518  95361  6920  314667  514440  5563  6741  242  69591  28  15509  33921  180823  99790  16171  88468  11539  213935  38656  22936  165050  1.66802e+06  4576  180  112671  237301  410  1665  1279  229500  30782  12594  14654  712  335  1879  341  14241  2302  1701  2346  2572  3201  1557  5896  16484  4810  1965  77  3377  7  1223  20608  196663  18505  4962  31094  4125  11194  11396  
464876  1.24435e+06  1082  2330  0  1.16898e+06  1.1901e+06  262338  25461  45716  11844  1383  2988  1882  4229  44891  206415  41755  118700  23745  10202  10900  15688  15535  11795  2790  5396  10504  18242  35144  14233  96412  1698  675965  151857  177602  276407  53217  1518  17885  9633  222  223  170  1033  2424  5504  54613  74163  20424  5035  1897  658  2791  651  564  1703  664  3256  1426  3307  1820  1115  2460  1287  605  251  704  763  1552  1278  160  2079  43  1758  21714  11795  10957  8424  289  2778  2036  49088  
159547  215346  684  1142  1.13876e+06  0  471633  711727  694821  1.34352e+06  20473  653  1511  1602  2338  114127  257044  31856  65400  13829  3929  3248  7515  3854  13194  1593  2275  4720  32136  35994  14262  257277  7786  1.12186e+06  51199  80189  109163  18234  1313  5361  3271  630  409  175  988  2826  31283  77541  242376  113069  49011  7135  392  2717  1235  517  3753  1004  4876  4204  4110  1074  639  2559  542  576  266  924  1367  3377  2312  328  6087  135  11179  31707  44481  24999  12374  596  5733  2389  36963  
650852  774883  248561  28090  1.63247e+06  710503  0  1.43007e+06  1.03061e+06  115781  33387  8696  6880  5084  10713  46360  161258  143577  315364  74687  44063  57601  66016  96629  91348  9589  37583  67893  121930  84669  14847  52475  323  37017  831552  1.3594e+06  1.20646e+06  195004  65694  110976  103632  2438  5243  1843  12887  29108  6256  443678  274038  18943  14773  5998  3365  6224  2065  2503  5302  2320  14720  4810  14608  9359  6379  16342  8657  3936  1429  5224  4826  6583  6636  536  8236  138  4542  175510  99910  64838  51597  4131  13645  12885  251064  
24998  46768  109930  861010  56967  221735  1.63965e+06  0  1.81427e+06  317640  502290  995216  1.77894e+06  696560  289497  39623  41912  108379  78682  348906  58202  47032  43936  61430  133066  112235  91721  46698  31688  34880  6971  48470  505  56300  987229  1.73243e+06  1.02081e+06  243985  75856  141827  82649  10097  18972  33037  202968  45937  91213  744973  2.97554e+06  314805  118430  44421  168342  401836  116391  32159  14930  4187  31834  16643  99537  24118  13246  35015  12120  8179  4266  12346  12323  17673  16612  1443  26435  376  31279  347001  436185  209143  118564  12296  35593  25214  454127  
3179  3927  1045  1056  55164  956538  938893  1.51619e+06  0  1.30025e+06  9334  509  611  682  836  14098  17285  44216  91027  7341  2220  1964  6303  2281  15853  816  2754  2931  54251  12674  2488  10906  107  13714  128422  222914  80152  22343  3032  5445  5862  855  420  165  1362  3242  21867  79138  176180  105865  94761  10918  355  929  731  398  6568  794  4240  4962  2867  799  514  2393  444  646  219  1026  1684  3488  2066  262  5320  110  11487  32201  49104  31784  14477  975  8196  3238  75612  
27703  28324  2205  4209  48346  1.20372e+06  128635  974897  1.60892e+06  0  195196  2930  2896  5906  2875  1.98868e+06  203085  95397  59291  28510  5295  2924  6130  3066  10616  2731  6426  8178  28320  53331  15658  463757  34936  554836  233693  470625  224516  196593  3921  16163  15214  1971  869  300  2981  2871  14029  18001  306092  83535  435520  69552  1066  1163  4918  1044  43361  2981  11247  9867  7576  1616  904  3235  883  1051  507  2653  5578  4442  2622  481  13189  332  33351  77425  55125  101015  56541  2877  34872  11250  227011  
3289  2312  1071  23867  1900  1674  6017  581559  4645  141961  0  51900  78594  1.22984e+06  21983  59777  8263  77328  1660  979836  9422  3979  1433  1922  6101  4966  7644  4555  1805  1847  330  9917  349  9579  91316  96785  47689  31152  1874  8726  10806  1812  854  1094  9647  2794  3795  8581  116768  15374  289589  390656  9196  14696  129966  14608  60422  11007  20217  4550  56820  5043  1652  2086  1297  1268  1225  3243  4799  3143  3196  1101  17532  805  25328  88499  29285  66707  56940  2805  33104  11829  113873  
3986  677  6842  1.08218e+06  602  802  16433  1.27262e+06  1672  2281  17165  0  614939  164794  96063  1780  419  4836  825  154535  17390  9081  2590  6395  30589  23041  56946  27666  3328  2080  92  1548  16  892  31315  35306  33594  15268  7003  19240  69590  3390  877  9000  165383  1621  663  21415  192735  2038  2531  3614  504224  123565  29763  25969  717  439  2274  405  46669  8480  2910  1983  2652  1910  2097  4876  7343  2015  930  76  2021  19  1290  15447  19959  10227  5565  13291  4275  7162  15231  
2033  813  3144  79700  1877  3584  21832  1.4888e+06  7102  3642  36183  461182  0  499540  227750  2366  952  7713  1564  334421  28878  13804  2804  9645  45900  46403  41223  15099  2915  1792  157  2262  35  1728  67468  51563  41474  23539  5313  32137  30669  1185  615  4612  51623  1707  3409  28283  236353  10241  4606  8357  165215  481095  63863  34099  1271  602  3383  865  100202  15344  5074  2775  3876  1328  2252  3880  2576  1730  1240  133  2278  48  1859  20033  27654  15172  8389  6520  5707  3919  33964  
3009  1260  1400  54787  1066  1368  4989  745005  3335  22157  1.61054e+06  248783  712398  0  663019  27663  4866  37869  1631  1.48265e+06  70114  28955  2517  11627  41699  42922  40857  15013  3768  2046  256  6799  288  6227  66751  34070  33840  23200  4578  35042  29862  1443  662  3632  39665  1401  4191  7876  149165  11165  60168  107912  51077  109226  894526  171588  21415  5818  14479  1488  384594  41218  11644  2943  9578  3887  7894  8707  4260  4366  2858  708  9917  453  10988  46443  15607  27178  23455  5302  19333  8518  68075  
4776  1819  1719  53784  1191  529  5668  97282  548  1871  29560  103113  204873  562458  0  4644  5350  61839  11909  2.13444e+06  189781  126993  13486  623588  227927  310863  179717  14734  9757  4485  486  15722  358  11518  63611  10621  42193  15900  3164  233905  25231  1424  617  4086  28648  621  692  5548  42821  945  7871  22816  22600  28222  186381  505841  4522  5465  21954  4053  429936  47412  19112  10288  16535  5982  7182  8974  4409  6361  4124  954  10182  292  6914  37349  6691  14924  11459  3204  19995  8621  45457  
44608  59813  2585  7827  62877  102700  54602  111586  67138  2.22228e+06  167288  6512  7228  21284  7554  0  1.75764e+06  669029  81523  76545  7204  2909  5804  2604  13603  2975  6481  14049  47359  89171  24484  627956  177410  819343  143773  63785  403756  144824  2418  12850  19696  1437  934  286  2819  2862  2429  7927  25145  5709  43499  31033  1297  1378  8995  2978  61231  15210  20116  1803  23645  2342  910  1606  725  887  832  2140  2671  1652  2292  1033  19611  1321  22609  72094  11487  33117  31035  1218  16319  9637  182288  
108872  167302  2512  8594  170725  132267  156189  154354  23708  344886  67996  10326  11811  54395  56976  2.13258e+06  0  654781  1.46022e+06  321379  56510  15247  14656  9299  44512  28196  26627  31354  132878  425605  296877  2.44157e+06  512579  941142  76935  23675  432160  41926  1923  37920  19623  2134  1245  495  3773  3751  3429  13786  35560  7897  10921  19888  2208  2557  19275  10571  81383  29204  46846  2550  50992  8831  3469  3473  2316  2475  1880  4184  4802  7076  6977  2701  37640  2395  37240  112889  12951  43993  40959  1499  22594  16119  117814  
37988  20228  5826  7715  22343  28550  112167  180989  127283  201462  138303  3938  3412  8932  29050  830566  583975  0  3.03047e+06  944458  178148  50892  861617  36353  212352  43899  62011  62743  133093  30353  3572  168756  1859  121952  208449  55820  373238  125260  8300  127029  120792  2493  759  423  4105  2146  2198  12689  28338  5173  15970  10278  1320  1159  4376  5003  33827  27952  100390  17947  74315  72899  38806  46526  28433  19197  10107  12144  12679  27845  19099  5200  46937  1434  28584  167843  15301  54767  49817  3000  56706  34182  189808  
43745  26137  4839  4945  45374  31429  270677  160102  182188  42463  8954  1998  1954  4067  56387  77389  1.20809e+06  2.73146e+06  0  391667  67573  21449  1.28783e+06  27612  672511  78889  69860  63379  1.18616e+06  1.18797e+06  358337  384473  664  152041  108902  36350  330308  81001  6416  100576  88638  1112  312  229  2116  996  2087  12577  23003  7350  8957  2646  618  745  1568  3670  6252  8620  45691  19473  43636  27297  12829  24884  8266  11849  3887  5720  5841  17474  8404  1896  16561  357  9294  64285  9032  24644  21316  1186  20052  16319  96004  
26656  11079  6631  71768  6159  3191  37242  329653  2874  43640  876749  189367  322137  955318  2.45597e+06  30837  26177  1.52602e+06  79883  0  2.41751e+06  1.27472e+06  94788  1.28792e+06  418392  407858  299467  82617  108083  35072  2664  96893  1400  57039  438629  74814  273792  112940  11505  792658  180189  10163  2733  4912  41523  5518  4770  34692  135842  7921  59631  107587  35609  52579  303579  400039  47910  73031  288649  53361  2.37984e+06  491237  200307  151797  139244  82016  48094  57343  54765  143000  68773  15532  135167  2909  72512  580564  49275  184748  161746  13019  236919  131667  332736  
4495  1613  1118  1983  624  208  6119  8566  137  551  1046  1990  2404  3804  77949  489  1639  239577  6576  940611  0  765615  64078  191050  46287  36843  28813  15823  16524  6124  245  14623  86  6131  60597  5842  43475  19609  1644  94507  35708  591  133  176  1234  208  147  2048  4948  228  718  1015  477  466  876  6443  776  1983  71853  6584  87706  293374  101670  26575  29121  11989  6836  5130  3941  11897  4179  567  6174  76  2385  47378  1682  9113  6619  529  24879  7122  28208  
5359  1286  1733  1540  301  93  9226  7030  75  255  470  1263  1518  2111  78441  189  636  82450  2063  259879  530290  0  107805  616200  60530  40307  37888  31192  20410  11828  217  13790  27  2254  43115  5085  55979  19971  1270  82649  55034  252  33  112  714  84  54  865  2083  86  304  493  274  279  481  3807  249  608  11606  1879  38556  97585  77681  10715  61909  4941  3443  2058  1592  3595  1490  151  2087  13  712  23902  709  2949  1897  235  14518  2417  12798  
36411  12819  5080  4104  5836  2941  55588  32496  12319  2629  2357  1803  1411  1445  12589  3915  7543  727285  1.06406e+06  92445  91281  170466  0  319005  920232  45209  82602  77965  1.17297e+06  428975  7602  170114  101  43711  130997  23973  249614  104555  7764  73140  169002  446  111  123  1274  332  297  3131  5735  945  1288  473  362  317  351  1433  993  1550  35736  12966  28242  38373  18931  29947  12643  10158  3483  2999  2582  7543  3101  453  5058  58  2033  33755  2131  7965  6147  443  10699  6286  85163  
15625  3572  5292  5876  821  279  26730  23167  220  492  801  4939  5198  6598  566496  434  1893  45229  14503  608473  294487  849256  549497  0  1.83202e+06  862123  121294  88301  106569  44189  628  43773  67  6350  87240  11997  124035  39044  2674  267377  120661  943  148  377  2660  147  84  2368  5500  207  480  531  859  903  829  6270  350  674  14038  4651  30111  40001  68408  40113  315847  12928  6013  3521  3784  6173  3105  166  3932  22  1004  35247  1272  5152  2723  451  23531  4091  50743  
24799  5308  6437  23033  3135  2445  58363  73865  14695  2671  3090  16464  14506  16935  150282  4381  6693  115678  298200  107409  64365  94994  1.14932e+06  1.80877e+06  0  2.57777e+06  1.11544e+06  263967  3.4887e+06  72256  2696  64696  111  17067  324478  61148  190132  112181  12834  825644  382808  727  280  1019  6843  398  557  4573  18650  1563  1712  1156  2619  3068  1661  7064  1590  2891  22671  11288  24264  19880  14578  19570  48202  18066  4214  3755  3148  9125  3771  680  6492  105  3184  44018  4821  10482  8834  887  18404  7613  170600  
3447  816  939  10796  395  187  4152  30986  268  901  1319  9683  9326  11557  117267  749  689  25765  24900  47261  23475  22772  105613  373417  1.95797e+06  0  422117  18100  108077  7351  180  11135  44  3945  33719  6013  20998  12025  1159  289145  26614  185  94  574  3446  93  82  1087  7703  159  397  463  1510  1782  952  4772  212  322  3962  2258  6436  5181  3488  4020  9841  2252  1189  871  624  1350  624  74  958  7  441  8821  1341  1718  1349  207  5038  1099  188991  
35239  2359  5109  61040  1177  466  13476  39696  344  2268  3556  18445  20196  22237  117195  1857  1299  21296  3905  50833  30109  40528  34288  55836  1.07948e+06  566174  0  303525  16773  6220  215  11539  59  15510  266612  50027  153861  147944  21202  801032  739946  660  243  2136  20708  153  161  2121  11505  297  1274  1590  4381  2553  1804  7756  844  1026  3984  723  7806  4047  2585  2179  3349  1464  1303  1348  1141  1704  926  243  1942  38  1127  18744  5616  3637  3443  1044  7578  2737  156263  
218658  21347  20636  123030  12548  4102  68733  39695  1276  5899  5125  13170  6100  4905  7613  7584  6953  32457  11018  30070  41648  85346  69737  134246  286021  15805  429303  0  231873  336390  3021  405014  239  112159  155909  69209  434563  119425  30232  162745  824864  924  119  2655  33873  218  453  2633  8843  1387  1846  1049  4792  1674  1117  1529  1168  1760  6910  1234  7801  7689  5163  3362  9510  1759  767  1306  1724  3487  1623  389  3323  65  1871  18522  8563  6529  5221  1300  5016  3942  44500  
13178  4917  2733  3297  13075  14071  130153  59066  54076  8891  5563  2209  1951  4075  17859  14423  64493  86804  812287  68389  43145  74309  1.24454e+06  171532  3.20432e+06  82922  59058  413557  0  3.4625e+06  45793  55490  78  18393  194767  33642  120999  80987  7827  267071  145224  728  227  189  1535  632  1988  6992  17794  7744  4341  1485  441  483  1173  2026  3856  5535  19280  5599  20581  11787  7017  9275  11451  7664  2061  3861  4261  18857  5704  1362  10539  209  6162  49020  6691  16732  15691  902  14234  11733  70585  
68083  18024  8462  5712  32515  21997  160434  128296  30468  15771  16729  2311  2385  8784  22441  27144  847367  101198  1.23842e+06  127211  58384  84087  460035  146691  182686  21527  33373  421493  2.95841e+06  0  1.50256e+06  3.22976e+06  390  57135  140013  35642  231323  116408  4501  147375  85317  785  343  210  1597  1102  2763  9064  25844  9910  6402  4013  570  792  3309  2808  15898  9346  27191  3001  22332  10650  6218  4919  10033  3245  1298  2710  3232  9263  5153  1536  14912  609  11780  49220  8048  19280  18160  795  13147  10377  89734  
8288  5559  915  836  13144  6024  42670  40211  5040  4702  5441  524  634  2957  6083  7891  678779  11454  458061  32085  7215  3580  10385  3928  9102  3699  4001  13828  72755  1.56201e+06  0  936397  162  28225  15817  6304  62006  30551  418  8141  4285  201  127  32  308  417  728  3737  7786  2318  1389  1354  150  302  1083  716  5908  2706  5954  482  4887  1197  464  488  400  341  168  447  515  1023  982  351  3846  205  3475  11194  2051  4670  4353  151  2533  2009  19609  
397227  144015  12152  53082  100732  151266  126973  186491  17292  365263  68349  7764  7089  33333  58268  480667  2.50699e+06  379566  401525  468085  134407  120385  253724  154299  93777  36254  41734  701364  96903  3.70892e+06  808047  0  635411  1.26312e+06  112891  38648  923349  61970  3964  94729  91940  1927  1063  1327  13676  3156  4331  13484  56895  13846  18690  16682  2549  2061  12773  8080  68370  28450  66835  5120  55937  19723  9509  8024  11020  4582  2473  4964  5614  10303  9113  3446  40181  2175  36636  113753  15868  46708  42728  1621  25771  18712  136635  
9520  9403  244  603  6700  9624  3077  8057  395  49246  4342  711  789  2980  1370  96757  330039  33094  4002  16451  1702  636  1525  510  826  438  643  2465  1680  10520  5066  515673  0  278993  1587  951  61229  1278  57  793  768  127  99  26  203  213  189  528  2543  544  1070  1406  117  143  1099  434  4695  1346  1616  92  2271  314  150  149  87  85  80  166  174  169  165  70  1576  129  1921  5389  654  2046  1817  61  944  582  4906  
1.43204e+06  486043  3949  16687  1.0853e+06  1.81166e+06  80724  295078  14476  1.07382e+06  45277  4369  4758  13719  12736  1.35073e+06  1.37338e+06  295221  88012  127637  28721  20173  54217  19390  22919  7420  20480  126356  53104  144481  52270  2.0128e+06  707151  0  31431  30886  1.38345e+06  18232  1069  16856  40446  527  371  313  2883  1528  5417  21443  56221  19252  12548  8052  992  1556  4586  2298  18732  6206  11308  1571  12886  4272  1973  2163  1813  1075  628  1163  1380  2308  1936  624  8761  521  9251  31010  10269  14427  11459  474  6412  3964  35616  
119102  31230  117020  66664  14484  7764  415047  1.66763e+06  26796  535792  589023  33566  61878  64258  156226  268704  24415  687263  89173  891012  304706  208463  306675  127806  586978  133325  811580  182923  234170  109114  4527  133070  977  54058  0  3.66903e+06  558723  722748  273388  2.01776e+06  1.52096e+06  2811  1949  3689  16944  7044  11065  90230  258174  38760  102198  59753  7846  16390  15613  19165  37179  10900  92563  19098  86201  50553  23562  49461  16760  15627  10955  21343  18452  19652  12748  2092  26878  665  20167  1.01542e+06  60110  88971  102413  6395  94277  92164  3.82338e+06  
64438  15803  135268  75407  5325  7169  299425  588510  50311  84502  144602  10684  14245  21035  17258  29129  3840  82057  8392  149317  37715  23364  25158  15266  92076  15903  113041  26117  31360  12150  608  11595  142  6532  2.6727e+06  0  391237  357963  677825  211114  212361  1537  1597  5114  15036  6199  5263  79686  141008  25556  81863  34029  2533  4055  6238  3131  19558  3249  14808  3823  17024  6731  3114  6733  2668  2446  1093  3690  3726  4041  2800  470  7468  245  9275  168959  37637  37406  35151  2219  19648  13336  527697  
302116  140243  223933  180875  89040  20870  906984  1.7393e+06  42638  359292  357597  39040  37232  30231  46185  327238  41880  393462  84442  325996  107821  77583  104619  81604  101348  31486  155949  213493  77071  76402  10948  167614  2627  263876  372512  2.42119e+06  0  1.40043e+06  156774  88761  421386  3243  1636  5397  37555  6992  11526  90888  258347  40937  190138  62392  8625  10961  8782  5022  30764  5933  21724  7460  28585  16342  7599  9724  7874  3993  1829  4468  5791  8062  5117  1023  13991  408  18573  103079  55851  65076  49627  3830  27650  12928  217181  
21039  8958  30641  39160  4150  1935  122627  476274  7539  185053  144780  14933  13215  13313  21867  123705  9927  158124  41608  190194  52443  22176  27042  10704  31583  17211  46518  15870  45645  24170  4241  9320  60  7444  210130  536944  1.54184e+06  0  44164  44867  255730  1008  392  909  9623  1353  2164  15522  48379  7148  47649  23321  2533  2854  3698  2296  12029  2838  10202  2587  13367  7744  3480  4640  3091  2142  937  1876  2274  3838  1941  456  5451  168  5625  46791  13823  23610  29805  1387  20749  13129  343227  
99797  2504  86866  106674  276  130  55623  36771  225  1952  3444  1883  1277  1354  1531  2079  288  6519  883  9617  3780  3744  3529  3696  17053  1627  34101  33328  4826  3001  91  2080  3  472  96711  469765  165246  43499  0  12642  69051  1152  256  6201  28295  258  78  3621  6901  232  891  639  2338  591  465  587  532  215  957  219  1302  699  835  1156  1213  522  186  447  792  887  299  31  493  6  297  9166  15700  4261  1459  2117  1438  2133  12157  
10876  1648  3940  20805  880  589  16346  33144  787  5181  5784  17724  25323  28648  161312  3097  3316  50890  11300  153487  105642  76634  28772  158271  862458  673946  1.8725e+06  126897  274363  84564  1285  27422  81  6077  1.98987e+06  86318  82791  79365  20713  0  1.39085e+06  1158  354  1237  8718  463  428  3642  12589  736  4036  5108  2567  1970  2857  12067  3099  7148  20553  2876  24991  18204  12774  10988  14133  10194  11175  8763  6152  9682  6076  1583  12167  306  6456  111681  6159  18004  15475  4408  69631  15195  157754  
10695  1173  3678  15411  404  330  10467  13657  508  4096  5282  13787  10776  9899  26912  2241  1178  41242  5393  44267  45896  85548  84012  72069  201696  18471  1.69474e+06  177210  30051  20111  352  17476  33  14432  984681  85971  277702  441619  44067  1.05653e+06  0  513  86  403  5081  165  170  1377  4243  445  1923  1780  1492  880  1053  2780  1411  2001  8235  1428  8748  7213  4059  3797  5043  1667  733  1409  1670  3202  1779  467  3607  70  1893  33310  3643  8030  7543  1763  7233  7082  199142  
2097  328  4332  13355  219  535  5226  11910  1903  2825  2426  546  387  273  328  1748  471  2556  507  3467  978  971  684  1010  827  220  695  679  571  271  34  870  27  699  11102  6490  4445  2340  636  1398  1608  0  1.71902e+06  24762  902146  433831  61628  402544  73158  4625  16212  3864  4308  1921  1285  2483  17716  15961  18278  6345  11677  5001  21632  55068  43277  36270  4881  64266  499165  158139  194875  8128  479855  1512  1.55623e+06  140772  97073  388677  81468  34839  18884  38132  44837  
6100  752  19748  23867  193  253  15492  17950  758  1750  1893  162  145  173  311  894  287  2594  505  3664  994  878  806  812  872  190  807  555  578  302  30  714  18  481  20222  10526  4598  3320  1122  1580  2430  992584  0  3214  14883  719984  12229  286894  28652  1565  5734  2515  708  612  552  2835  5732  2368  15622  3274  13096  5868  16232  40047  30164  16570  2354  15884  37456  45959  72529  1331  57315  117  46739  473953  215465  418096  165765  14151  34612  19488  106375  
22000  558  41419  152312  78  71  12368  14840  166  219  231  287  62  46  76  117  39  325  88  465  187  181  171  271  567  58  812  1320  209  316  20  207  4  100  5335  22051  6008  931  7728  510  1843  29637  1740  0  232665  400  61  113139  100512  113  387  269  256  186  189  366  356  57  1085  212  1421  469  995  2367  1595  1568  213  1619  1806  1962  2187  20  1034  3  339  32320  66381  29124  7555  11488  3888  2166  5959  
74639  1610  86418  1.61918e+06  317  294  36473  124099  704  1606  1967  265242  14551  7191  5888  1090  295  2420  524  11751  1949  1648  1275  1940  19316  1609  54459  76369  1746  1620  71  5381  6  772  19215  91159  29408  5885  39648  3835  47327  821806  8871  165656  0  1917  277  61121  627965  489  2311  2596  1.47937e+06  78477  21441  47165  1756  639  4386  896  35221  3158  5483  7286  11442  19034  6280  33845  149033  40966  11438  113  29232  25  5479  35191  258293  98633  12265  143732  11310  56821  11722  
1384  1316  5629  5940  1478  3269  35728  60926  7336  4104  4314  512  624  344  631  2771  811  4460  1272  6020  1705  1383  1584  1231  1625  354  1298  978  1248  722  121  1522  40  1581  43906  47706  22011  6915  2173  3104  3455  517074  841415  765  3385  0  944446  845944  139820  12603  23248  5838  778  1475  1226  3931  23118  34309  31982  8796  22598  7224  10911  59624  10768  8958  2620  10984  28377  58566  119207  17439  142958  1602  565464  322000  90001  244206  89240  2088  24809  15784  89878  
2000  2185  536  755  2944  27035  10548  265397  94253  34860  11308  234  1159  782  792  3982  1332  4926  4278  5681  1260  970  1573  933  1894  380  1116  1552  4947  1617  161  4002  75  6253  59337  32632  35904  7318  514  2411  2622  106296  75926  187  1036  1.14148e+06  0  688014  634059  485126  1.43255e+06  12925  629  4175  4319  3258  41282  115490  23060  29869  21355  3727  2606  14848  1865  2517  1159  3019  9326  72395  111570  29141  196464  3589  1.15028e+06  64342  52072  80058  32144  696  9985  4785  58726  
26379  12602  93122  110733  14051  40465  313745  479650  77080  18081  10331  2068  1537  893  1872  6896  4060  15093  9423  17087  5756  5723  7359  6742  7489  1331  5880  5105  6022  4327  667  7012  77  10510  223353  290147  139000  30456  15770  14025  13716  254068  382603  193657  136476  1.35129e+06  1.17593e+06  0  1.55615e+06  1.00614e+06  129977  8562  1818  5422  2127  5727  27582  13034  50550  81084  33042  9866  17089  76685  23891  21113  3871  18224  26381  231221  180101  9940  50735  294  30428  513198  392135  407625  138992  17463  55732  26765  198784  
50183  23589  133179  332079  24061  154157  386777  3.26268e+06  436793  233083  90203  54116  47991  18705  26800  20676  8730  42555  27652  77175  16226  13875  16818  14681  24539  10027  19943  16671  25482  11902  1514  23184  295  33732  595333  735101  351422  86243  28991  37214  35501  14609  17285  87950  797715  56300  158455  1.72928e+06  0  1.61912e+06  519180  469109  1.00068e+06  1.22001e+06  683433  68995  52355  11016  135726  65394  292311  41606  37948  129071  40138  27610  12669  36292  38354  49343  64035  3652  85637  1041  93553  913191  1.99734e+06  808879  292046  36901  114932  56378  501760  
2709  3020  612  796  3673  44679  11785  277414  148011  59164  12552  215  544  568  587  3686  1392  6539  6252  5679  1377  1141  2065  1181  2561  411  1458  2155  7092  2274  205  5062  74  8752  80632  50716  47174  10224  923  3379  3695  2487  1819  324  1327  9754  1.18937e+06  868054  1.49634e+06  0  1.43309e+06  5048  287  1707  1057  1822  31064  9427  39063  91381  13891  2260  1472  13388  1188  3643  1162  4247  6883  78527  41054  5826  34523  575  59136  138798  259901  118990  64562  1381  30958  10548  123138  
5898  4757  1446  2241  4590  15616  13545  343877  217991  317792  146424  818  1203  2593  1550  17866  2802  18205  6731  16949  3118  2206  2983  2331  3380  1078  3359  5119  5352  2832  289  10323  186  14204  174754  195735  113019  46647  1522  8721  8656  18075  12590  503  5242  27926  1.81051e+06  90962  760402  1.26266e+06  0  137258  2032  1928  9088  3354  2.09058e+06  195908  85269  112337  37697  5134  2000  8829  1690  3411  1983  7496  17326  114489  143444  49154  679522  54474  960386  185208  455830  305840  217137  6943  106244  34557  256650  
4577  3344  1213  3144  3103  2533  8836  82166  34716  212216  305611  1723  3976  26386  9062  33753  5076  21601  4829  54755  5015  2964  2380  2185  5202  3138  5272  4804  2910  2085  279  9423  225  12399  145733  187142  73841  54612  1425  13403  10531  1631  873  364  4913  2789  2913  7379  651600  3572  253731  0  9239  17999  936997  29260  104364  10452  70281  1650  459030  9062  3381  2601  2709  2249  3617  5107  4677  3297  4030  1289  19999  950  22265  71358  41986  55122  38325  2296  22796  9788  128033  
9908  1201  10140  412429  893  913  32680  270885  2062  1929  5400  442670  158818  36911  30179  1345  488  3570  824  45602  5084  3005  1373  2638  12894  6686  25847  25068  1462  1053  64  1965  21  814  41524  51403  23078  8814  9267  7583  23440  22363  934  6064  1.10622e+06  924  369  13604  807567  833  1947  5810  0  553439  105405  139719  1136  1420  6071  581  91883  6319  4402  3100  7135  9755  13771  30985  47610  8439  1872  177  8772  65  5755  17485  37458  18046  5882  123789  18297  33621  17396  
3153  1663  2411  30089  4332  14163  39194  436030  28862  7887  11848  45755  331829  80675  24522  2907  1730  6438  3821  63312  6958  4219  2823  3067  7800  5798  7079  5696  2319  1682  257  3570  30  4791  86689  64959  48443  14229  2411  7663  6825  2614  492  1895  62764  1895  4740  26845  945002  7610  4446  30634  389820  0  284573  85101  2007  1160  7396  807  132440  12293  5846  3695  5801  3424  6818  10344  8212  2635  1736  219  3911  77  3186  26783  63708  24233  12006  31052  10627  8778  40809  
3506  2072  1568  14671  1789  5048  8074  198124  24915  72770  185189  17864  51519  915932  224100  28631  5940  25186  3962  530934  30081  13346  2377  5354  17930  17459  13635  6092  4116  2404  382  9933  415  8606  94132  68971  43305  28164  1949  20031  10814  2537  736  1178  35736  2252  5961  10508  883799  5642  49476  1.16573e+06  119524  253021  0  545809  25788  10699  36769  1800  834880  48491  19604  5226  18723  8314  19768  18762  9238  5645  5483  1470  21372  927  19921  61985  32444  49865  31537  17719  25076  12704  87489  
4191  1521  1440  14639  975  1198  6193  53774  1969  3869  27902  12609  22354  104278  445237  8931  6407  37493  7838  375499  29518  14218  5080  10048  25594  22561  22275  9271  8097  3775  557  12803  289  7734  57544  16890  33729  15550  2447  30991  16778  5050  592  1111  34452  1512  2186  7634  134936  1481  7663  40744  109348  122310  481492  0  4287  15013  61093  9352  1.90633e+06  143754  177393  13484  591968  38761  154792  121944  26174  11518  8801  2167  25345  551  18059  64065  15480  46963  25884  19087  118155  30209  61227  
2195  1552  599  1386  1384  1449  5477  24026  8677  41162  30231  453  554  1358  1082  31075  5311  12028  1609  14651  2287  1424  1277  993  2307  805  2280  2305  1674  1316  249  6926  361  7568  64426  43790  30517  18776  816  6113  5726  15853  11314  428  4681  38620  87160  40003  61885  40979  2.1735e+06  90853  2293  1651  6566  3674  0  2.10127e+06  771571  81754  61744  6656  1858  7574  1395  3286  3017  9215  24513  93840  148837  52106  1.34195e+06  519412  1.01235e+06  131041  94745  274309  157565  5300  61473  37743  164083  
4943  2979  1167  2228  2405  2532  8476  37747  8705  19481  49804  894  1496  4891  6500  75024  18594  58770  5104  85353  8135  4454  3663  2109  7221  1899  6509  6254  6109  5160  1251  23427  1125  18368  127434  29230  59740  36191  1575  14601  16195  25204  29551  299  3894  124820  288656  89894  65087  65077  609817  43537  5109  4062  15099  58591  2.73225e+06  0  1.04292e+06  1.56545e+06  420836  61035  11990  22525  9002  18269  29176  30784  19041  335189  875521  556039  2.84152e+06  432445  835796  87072  27480  73567  37606  2810  40190  20203  110289  
6272  2902  1648  2548  1977  2496  14795  34273  8402  11765  18299  926  866  1298  4115  12503  10367  98185  24154  91237  34789  22744  35919  10273  35449  4561  17254  16508  26734  9691  1055  26046  538  14679  111189  29346  70124  31875  3633  41848  38026  12114  3731  1193  9006  11834  13657  70292  153132  87428  111333  32499  2006  1702  3508  19159  832879  881535  0  2.81216e+06  558081  96906  23908  575696  23568  178884  44979  56933  60392  209046  107860  21233  275970  4789  162545  293749  45886  324686  138129  9516  97453  138677  201135  
3400  1800  988  1748  1365  4094  12402  39557  12391  10171  8929  599  665  932  3597  4840  4502  66257  26013  61633  27621  20641  42126  7877  27458  3161  8185  8104  15846  4514  457  13207  223  8397  55251  21273  39891  16552  2474  18196  18003  14439  4235  1128  9350  14510  43059  128388  134988  227864  170368  6606  1984  1764  2318  56919  59275  1.44803e+06  2.75042e+06  0  234649  37486  13731  1.729e+06  21356  388275  100270  100871  76235  2.14225e+06  1.73361e+06  1.00466e+06  556781  1615  141075  171322  43941  308664  116410  8336  98358  133175  119785  
19368  8422  5403  19446  4673  3505  30908  124760  8464  22769  114204  18974  31819  97435  242387  31086  25852  314571  83488  2.00509e+06  284793  154842  154521  64906  153032  47770  77182  55020  95695  28681  2300  72987  1021  41275  267204  70959  197521  82685  7842  168221  116299  11496  2727  2919  43487  5921  6351  36561  376410  5577  58418  547604  80581  84554  519998  2.35912e+06  39573  51731  1.04482e+06  56788  0  2.54759e+06  1.32753e+06  144769  1.28509e+06  158718  213792  176306  79396  188910  73293  13244  134182  2266  63550  412957  52804  201072  121921  11726  277884  128797  265442  
1684  616  429  857  285  114  2983  4443  186  548  1432  921  1303  2187  19477  448  930  66917  13258  167270  164173  108439  42980  27311  24617  6464  8744  6143  11444  2694  120  5818  17  2884  17043  2970  16899  5925  647  29353  12084  1883  418  292  2155  678  194  6281  11714  235  788  1908  639  617  1248  67741  518  1847  173217  7026  1.12239e+06  0  537578  91651  290808  27677  32933  25457  15121  22871  12586  881  19866  52  3515  65352  3226  33173  11656  1194  49676  22431  20671  
673  217  211  537  118  46  1217  2101  75  232  859  334  467  778  8148  185  373  16151  5329  55527  46111  55653  13097  22225  9612  2935  3823  2695  4152  984  49  2356  10  1173  10886  1390  7099  2641  520  13153  5271  3072  524  529  3545  360  109  6080  9358  158  401  856  712  678  1077  127246  234  814  32742  4401  461209  406445  0  94173  683547  36229  39926  18580  16436  17325  11410  254  15134  37  2086  40247  2047  21675  5007  1214  30692  16888  11836  
3030  1395  943  1682  795  793  9302  14059  1407  1767  1490  448  387  337  3263  802  2469  56391  32325  49468  38387  35451  54979  37066  37869  4780  9750  9043  19076  3726  214  11411  50  7047  37958  10987  32681  11577  2461  23012  19173  12505  3130  1854  11809  4684  2282  55645  62527  20238  7851  1104  1375  1077  637  10935  3190  11070  574436  1.3554e+06  79420  83746  189472  0  404517  997308  86015  89400  88820  1.45065e+06  1.04806e+06  34364  236931  125  15825  264327  20656  245536  80541  7775  95836  180754  98808  
1136  317  553  1367  118  90  2266  3632  161  407  901  389  519  828  6249  280  404  14336  5513  33107  22704  68099  13246  154980  21883  7054  5578  5014  6509  2463  58  3260  12  1101  21133  2412  10329  3766  1359  21425  8256  14350  1598  1968  16714  894  424  19405  22045  815  1090  904  2266  1865  2133  692960  456  1465  60701  16241  627939  294327  866071  564322  0  2.21588e+06  493291  79857  60019  95204  43991  530  46543  53  5203  77004  4685  46562  8974  3638  86788  37090  37728  
1427  560  641  2421  322  291  2662  7719  790  1072  1830  643  777  694  2410  1058  1326  18206  6561  22027  14306  14639  11620  15988  15708  3822  4840  3972  6979  2006  149  4769  65  2854  38440  4573  14123  6285  2083  25119  8479  26617  2841  1798  22531  2067  2777  25969  27125  8778  5975  1032  7599  4720  2230  98659  2555  4115  128259  132258  67614  39683  159078  1.32753e+06  2.03361e+06  0  1.87742e+06  1.33964e+06  439565  3.35324e+06  63030  1547  54131  118  14412  431748  19632  73723  24997  9515  617877  151184  83056  
257  72  130  1080  39  90  412  3240  155  186  332  349  459  430  1172  184  133  2686  1122  4795  3151  2659  2236  2159  2280  917  867  618  850  226  12  533  2  289  7482  834  1645  780  290  5833  1077  3187  186  128  4110  193  182  1712  6485  307  433  409  6056  3488  1659  133183  551  1505  24923  15761  43717  18509  20322  87305  310310  1.41407e+06  0  773700  44161  30512  4168  391  6269  26  3178  27639  2109  10906  7913  1569  120752  20109  42955  
970  129  476  5876  100  215  865  8882  437  974  1642  1811  1743  1347  3765  1022  343  2859  630  8343  2343  1808  1127  1478  1919  916  1434  1285  694  318  42  857  17  538  11865  3436  3403  2179  1460  5048  2254  39723  1200  507  21080  1467  524  3122  16601  664  2651  1760  28773  17603  6659  135367  3757  3305  36501  14626  59998  25051  19662  55482  41921  897488  652910  0  489778  22078  4446  617  32286  114  68012  164581  15678  95597  41388  19550  502356  394625  51663  
861  224  804  7840  174  286  1934  6881  1131  2348  2296  1071  821  582  965  1811  615  5208  872  7800  2610  2158  1508  2109  2012  681  1324  1183  1066  553  73  1362  31  870  19482  6040  7439  5340  3747  4611  4603  177853  13765  2001  93127  12108  2497  18718  24203  2524  6995  2532  11045  5987  2918  16280  8607  1966  44057  11980  26721  17461  39053  118469  45642  215686  64846  538778  0  435513  311050  893  489599  430  180460  383915  23786  188473  34812  32463  338085  756910  114285  
4303  1919  1121  2116  1170  1755  6568  23234  7521  4664  6513  453  448  812  2541  4726  5272  47572  10184  51739  10668  7487  10956  4986  19617  2335  10042  10473  20059  6112  510  16424  309  10891  49320  10157  44338  16650  2664  23187  21443  27550  3347  1695  26274  20329  58813  168829  42670  164186  158265  2684  1685  1435  1847  16417  15946  29011  148446  483932  78195  26994  64771  1.41141e+06  103786  3.11816e+06  52184  94239  641214  0  3.76119e+06  42264  111009  1138  35123  185225  23822  112039  43191  6980  158856  69623  90182  
4058  2549  1591  3196  1958  3695  15843  52030  12402  10474  33678  624  876  2661  2973  32469  12118  58118  6824  74438  8582  5738  6513  3664  9318  1525  5757  5919  8566  5385  1164  21804  949  13258  86449  26227  49625  26408  2396  12693  15056  38636  22196  2648  31991  181554  301439  633560  139906  229827  269216  10580  1863  2142  8092  29445  25600  721266  228575  1.14988e+06  165164  44653  78645  801517  92049  59591  20992  29773  793411  4.03118e+06  0  2.05933e+06  4.6091e+06  2813  148495  163385  43048  163435  39379  6101  60537  59280  120106  
628  368  205  281  362  929  1795  10044  2636  1904  5090  95  146  376  395  4882  1753  8031  844  10485  959  471  674  243  1299  185  886  900  1409  763  166  3201  126  2097  12190  3616  7663  3849  227  1756  2169  1183  4140  54  516  49907  129974  155054  22415  41697  65543  1695  194  325  1176  5249  4633  842932  22166  681423  27015  5017  2445  26044  1048  2993  3296  3783  4379  70188  2.53051e+06  0  814024  1116  42423  13228  6834  11931  5224  463  5450  2655  11785  
5383  3405  2008  6055  2794  3540  19833  68452  16492  23368  56227  1018  1425  4443  3558  84579  20116  57744  5311  77864  8546  5429  4933  3559  7173  1719  6103  5993  5512  5049  1246  26517  1416  19837  137695  41912  66295  38166  2882  13362  16248  238002  71299  2347  71503  247829  335106  230212  188446  32868  625548  32582  4772  4104  15266  29837  944537  2.55977e+06  378996  210823  246417  53285  65560  347133  64261  30604  18784  37701  600733  262018  4.08359e+06  1.24976e+06  0  720884  1.7197e+06  146247  50880  270092  32934  9297  48066  94348  138244  
230  128  61  110  104  97  589  2243  539  1359  2912  41  57  216  139  5634  1097  1710  169  2577  325  175  159  102  279  84  284  250  210  182  52  1084  53  1060  7486  1932  3114  1893  88  660  706  5713  4408  31  270  10123  11409  3000  5237  710  44231  2495  232  162  799  975  351494  337963  24880  3164  11025  1316  321  1239  233  521  577  997  2620  14524  29667  14112  686339  0  485789  3708  2160  10150  1652  226  1076  1292  5458  
2464  1660  1027  2158  1761  5735  10799  82669  26929  25558  27523  569  927  1708  1387  36253  7092  15454  2354  21281  2862  1779  1864  1192  2818  796  2441  2361  2726  1738  322  8596  389  8224  72197  29754  32474  16200  972  5793  5913  1.2615e+06  261626  2230  18595  975638  1.60296e+06  108388  263949  39844  1.85694e+06  31037  2720  2912  7591  10465  1.42756e+06  646019  200768  49116  95164  15785  9775  54558  7809  10666  6380  65249  194374  143351  280808  90877  2.64823e+06  761611  0  74353  32685  280702  36807  5677  15425  46748  72380  
9738  6038  9053  15630  4391  7912  80762  270947  30529  66925  74227  3580  6121  7146  14360  33017  7990  88909  14990  135487  37671  24469  26414  16496  34590  12790  39750  13662  15391  7279  811  19557  423  12928  975032  240027  100554  125370  19079  102342  112064  41323  28806  24872  69616  26085  27515  344481  1.34111e+06  63082  440875  172992  14517  25034  25357  125121  313876  31267  841220  139823  660074  194938  120795  408707  63880  544870  117185  795764  579450  232753  86979  4379  138418  1856  74583  0  1.32376e+06  795352  1.14522e+06  116484  2.18222e+06  1.38613e+06  3.66153e+06  
4748  2556  7694  15196  2517  18947  23596  167197  78689  64695  28265  573  807  1028  1593  9553  2109  9573  4273  12991  2912  2066  2599  1736  3198  934  2664  2333  4994  1912  195  4864  125  5988  92077  81920  40587  20759  3410  6242  6814  35438  17735  17325  107696  5307  4254  100737  357222  21611  58801  32866  2257  5882  5098  13346  18845  3263  42928  6879  58028  15408  8814  17735  8082  60167  9829  67142  44998  18826  5589  1157  20325  598  13362  1.25195e+06  0  429878  371897  576556  219594  91889  236795  
5512  4239  6198  22371  3985  8840  55854  199565  57423  133229  61674  4872  5074  3748  3876  27097  5239  20063  5289  28752  6737  5180  5050  4551  6461  2115  5392  5223  4531  2741  347  8807  323  10305  140292  145071  79768  44453  11774  13848  16378  139005  36284  40270  214957  30320  13286  411334  1.06375e+06  68100  451712  146557  32404  28033  21374  26420  258175  9155  192797  53152  164469  38103  31652  123022  26509  24830  12633  68682  93721  110673  48511  2116  60987  487  82402  379970  730296  0  1.97236e+06  335835  94153  365290  305195  
1306  977  1491  3387  971  2328  12636  63540  11141  23329  19804  620  1123  1037  1587  8212  1533  6983  1728  11420  2545  1612  1925  1242  2128  740  1885  1297  1596  790  102  2580  77  2494  52697  37871  18230  25612  1672  5297  6119  9119  7383  7015  18021  8078  10152  100050  467857  58405  267857  56465  2533  5250  8167  11629  100268  3546  58498  23323  73380  13143  4378  12651  3042  8881  5720  17155  10751  35723  11977  857  10717  237  18310  350104  274955  1.69383e+06  0  19657  373684  226891  721894  
1558  201  2494  21701  137  631  2207  8072  1968  3628  1590  2635  2239  1428  673  913  221  1079  299  2700  517  357  259  354  733  184  1198  1466  289  150  20  452  11  431  5773  7633  3297  1559  3390  893  1561  51667  2736  17882  205202  417  200  20501  34572  716  6607  2877  33288  19060  8207  5944  3733  343  8409  1988  9927  2955  4922  10572  7064  14939  2199  24623  40524  13547  2542  67  4341  12  2845  78381  480349  182604  24892  0  18415  85585  11144  
2817  718  969  7792  441  359  3151  11333  1319  4790  11075  2898  4138  3452  10412  6180  3014  25815  2936  42822  24880  17388  6284  19378  20397  13352  12259  6911  5027  3036  345  7547  216  3638  131553  10555  18471  13174  3716  101737  12910  18045  864  542  18720  846  1025  5718  23685  4476  45294  12916  36434  40531  18404  125995  19036  3391  54061  15892  94716  57262  34465  45828  73295  399064  379365  1.05641e+06  276788  100150  9632  716  18140  116  16173  1.81391e+06  74041  111543  204476  30736  0  1.3788e+06  269782  
1000  308  593  2791  199  181  2006  6816  678  3741  4260  1269  1283  910  1869  3077  978  8180  1278  12419  3468  2384  2111  1818  2631  928  2334  1636  1341  675  107  2185  67  1295  43641  10736  8018  8511  3750  6466  6620  4379  460  471  8642  596  606  4757  17316  1429  9160  4295  10795  8689  3935  24997  9072  1275  82380  19150  43640  27189  41344  167209  18824  67838  31966  930118  300049  33574  9462  482  23177  79  12792  774510  56864  229164  161766  50866  1.04203e+06  0  294006  
24723  10397  20154  18407  6873  8175  93680  702638  39094  629157  599361  13767  19822  36214  44926  294267  15638  360418  52612  517863  113600  57092  78263  50746  100414  69711  123233  34076  51653  22010  2119  38308  591  25876  3.17921e+06  1.45975e+06  312348  1.89028e+06  29870  154193  377874  8508  7659  5106  17869  11840  28302  110310  659679  167995  804344  258246  7213  9349  24040  54178  349166  22058  390399  78179  326471  79402  38156  138211  90964  80041  38329  75316  56341  57981  30427  3407  62977  1318  60470  3.0418e+06  509388  938610  2.87615e+06  15038  1.04314e+06  339325  0  
