4573425  
2282703  
644669  
4012029  
4071578  
3837662  
8799967  
13250157  
4335922  
6896331  
2798200  
2327687  
2381754  
3179025  
2883283  
5803460  
7275895  
7494194  
8231592  
8069126  
1756086  
1581066  
4527495  
4318635  
7094686  
2066264  
1933939  
2069926  
8320490  
9067551  
2420724  
9844734  
756889  
7170917  
10773681  
3911510  
5918185  
2325249  
737815  
4297954  
2014590  
4648373  
2161153  
511344  
3846123  
3566687  
4637765  
8794625  
14454576  
4648525  
7356262  
2417221  
2889453  
2045425  
3365326  
2814713  
6097122  
7105474  
6929639  
8014898  
8749236  
1933516  
1173574  
4624295  
3944598  
7091060  
2027366  
1985525  
1604740  
8175217  
9593495  
3138348  
8842359  
952156  
7285265  
11448250  
3573530  
5852078  
2838353  
667113  
4243266  
2025203  
13927979  
