0  1.11821e+06  18631  543755  226810  18621  414231  23383  1045  9868  1788  5302  184  132  1480  17379  12316  44920  20973  24105  14502  12181  71260  111682  70607  12775  6346  162304  53848  101811  7206  324970  1456  955981  66074  108752  470820  77288  7312  54187  25221  1132  20  366  1915  30  26  1442  4690  267  645  293  877  115  66  334  2220  172  8123  785  4367  1062  1347  1626  2219  1257  227  195  598  1166  559  129  1075  116  327  6055  2870  2467  2064  1473  1561  749  53537  
841195  0  11874  2034  747622  19085  419758  42700  875  8744  3085  90  90  107  3639  15032  14606  40358  16870  37677  14575  7663  37094  69814  37612  5190  4253  9476  20006  31374  2768  28627  240  20673  656968  665117  396296  184208  4509  47110  19311  247  32  526  331  32  25  3001  7470  357  2194  511  30  23  42  486  2630  198  9323  866  4799  864  1044  1443  1625  1092  232  276  663  927  436  146  809  119  220  15754  1631  3997  6338  209  2528  2019  364909  
21623  4882  0  117416  5320  383  220421  120307  207  762  446  155  38  32  391  1613  428  3982  1086  4701  1250  559  2713  4731  2386  478  513  1620  2093  1961  233  812  19  369  48731  96459  31490  7320  22177  4383  2611  5143  515  40946  17045  39  29  65381  40880  457  192  71  112  20  28  48  231  23  899  90  553  78  120  204  174  142  22  42  189  179  198  14  180  17  139  1818  13075  836  390  441  255  239  17540  
731884  225  182957  0  171  46  8411  593636  88  413  304  1.09504e+06  5691  3099  2473  1408  163  3498  1000  4976  1300  651  2868  4395  7015  2447  10760  90874  18475  11780  138  2742  9  1101  15386  87647  61497  10253  41158  8578  46218  36085  348  245207  885445  52  28  122099  113188  390  108  103  84268  3370  1604  956  229  36  974  235  2844  397  308  704  594  413  57  341  5322  1116  1441  18  3106  15  1294  3449  114922  3392  613  14410  696  1416  4642  
220131  769882  6421  1436  0  925931  1.10306e+06  245878  15665  31633  5206  123  355  251  5205  32859  69674  68402  56633  60323  15109  10188  64623  62085  20990  3398  4604  8132  22067  41287  31622  46242  2075  349961  801113  343082  501119  101949  2353  27492  22480  197  44  370  203  101  218  29199  57805  4872  4124  1206  84  102  112  591  4403  295  12879  1332  6452  1035  1207  1781  1771  1607  200  233  531  1488  627  183  1190  159  563  16469  2063  5955  7459  197  2844  1661  402325  
15378  31654  3773  1241  1.00792e+06  0  525617  608673  432359  1.10253e+06  2913  117  497  241  1184  48116  161290  31007  82250  16262  2859  1369  11862  6676  5955  591  616  2207  16184  60073  63177  152693  6409  882204  85507  37983  132774  26331  484  2954  2226  179  39  500  283  154  1014  40697  152270  21356  6413  874  126  177  144  162  4814  171  5775  1609  3080  389  366  844  390  1186  69  67  284  1376  475  82  780  99  1427  15189  2830  6820  4229  86  1791  650  57567  
237938  555891  282448  4250  1.60885e+06  608276  0  1.33734e+06  627598  95517  6924  227  355  348  10025  34009  77585  107386  146265  114765  25700  8804  49833  53109  42270  6578  9183  15249  50135  71405  66229  33038  433  15881  1.48262e+06  979453  374403  129098  24227  66006  42921  1780  511  10030  1873  485  1605  249858  290070  36259  5692  1358  192  133  289  1148  5132  537  20311  3792  11445  1677  1923  3418  2288  3967  377  451  1191  4121  1666  380  2449  232  2160  44795  7349  14138  10945  441  4870  3096  647719  
18372  40361  198243  620979  87125  83640  1.33316e+06  0  1.38854e+06  304927  479981  689832  1.08042e+06  410212  146530  42243  21257  96952  72362  570867  64070  15479  49091  57826  25432  9191  9859  15971  24263  28623  17446  20420  513  18771  737453  565305  468094  150521  14255  36834  25589  11811  2883  159567  120351  2314  9469  622068  3.47238e+06  140566  210026  61474  145062  41583  51600  20757  22318  1160  40707  14821  100347  10061  5668  9533  7743  8552  635  804  4131  11147  6677  508  7104  335  19144  130428  65687  96024  53615  5441  22931  6095  413509  
1390  1639  1181  355  16951  411092  711421  1.25533e+06  0  1.3736e+06  1141  11  40  26  196  16346  15860  66162  253571  4907  659  189  18797  662  15208  407  362  776  26764  22604  16333  4913  117  3235  94653  38855  45087  30844  523  1987  2176  264  80  291  71  246  1699  8709  110631  25361  25828  584  9  12  21  63  2486  182  5362  2525  1781  170  245  734  190  1267  39  62  275  1664  371  69  936  38  3817  16020  9589  17027  10610  62  4944  793  82686  
19588  11985  5092  3278  43884  1.05394e+06  140876  1.02767e+06  1.17023e+06  0  28296  66  161  148  753  1.97502e+06  239507  74451  119107  19366  2854  643  9521  1876  7114  645  952  10517  24664  57522  47420  345596  47115  471974  218090  69733  493953  340396  1439  5588  3333  378  73  447  291  291  514  7981  160766  8599  204556  11367  47  52  129  127  27339  490  10995  3151  3507  306  333  777  285  1140  83  92  438  1316  438  114  1374  115  4126  19797  16846  29074  21088  152  9471  1063  281305  
234  109  489  669  211  270  790  610335  381  41259  0  1274  25221  763579  200  83614  1741  21870  419  484752  945  91  277  160  154  48  79  210  264  418  211  1704  178  493  9293  5397  4654  3641  192  311  335  187  44  263  230  181  203  3466  126806  1613  241952  213031  838  4057  14206  1411  168217  1109  32513  2280  32889  3365  390  419  766  686  75  105  273  760  342  188  2451  752  2297  17854  5763  15781  13609  105  7035  749  19899  
85583  110  12599  881622  110  35  5198  836013  46  92  349  0  203876  67310  64687  597  73  2286  449  66598  4938  1592  1393  3246  3935  2378  9148  84090  10692  5160  46  1117  6  953  7286  3642  22935  3942  17895  6019  38547  5117  37  36799  156899  18  16  20317  150481  165  62  484  461693  21863  8139  11451  232  33  1091  140  25930  2920  547  441  1219  264  66  404  5378  578  631  19  1987  8  416  1805  5777  1438  534  17032  478  1553  2571  
24984  246  2866  27019  564  532  11882  1.06186e+06  240  399  9211  323621  0  554524  246918  1579  407  7020  782  592155  40775  7201  1517  6702  2175  3357  5694  39340  4407  2344  204  1337  38  815  15635  5534  12930  2943  7242  6338  14910  1283  39  3059  8755  70  93  8851  308806  807  496  3570  98925  497637  63950  49881  2373  119  5223  484  144749  12726  2572  1454  3982  603  263  352  2185  703  775  82  1271  76  467  5559  3672  4277  2176  6208  1199  827  9159  
11629  125  962  14990  242  194  1536  485388  168  677  831968  121013  541846  0  565075  8076  565  11897  834  1.04837e+06  25423  4839  1098  4563  1378  2010  3020  15906  2402  1423  141  1439  56  688  6820  2476  6792  2094  2917  4835  6543  1395  26  2089  11160  60  76  3951  84377  790  9204  34920  34960  127293  622746  103757  38383  382  14242  729  209169  17509  2247  1139  3738  733  324  445  1870  789  546  149  1719  325  751  6953  2716  3612  2381  4565  1827  802  5613  
5865  433  1326  9725  589  174  3708  164992  147  404  1614  87843  171366  425943  0  1992  1029  40635  1753  1.69202e+06  100953  73819  5083  589214  17692  126877  85267  12969  3108  2349  292  5496  239  2966  29598  3536  14020  5970  2184  126611  9264  1069  40  2667  9160  53  28  3570  70060  307  804  5263  26461  40434  146125  392367  8744  493  34765  1385  231993  18385  4548  2539  7011  1603  687  970  1696  1940  1169  367  2397  304  571  12763  2482  5339  4092  3632  4016  1616  31877  
24646  12383  6592  7529  35885  84322  70803  128851  93085  2.28294e+06  77129  246  281  505  775  0  2.06871e+06  459064  147613  38199  3518  535  9715  1795  8100  739  1302  19279  51686  90232  56548  395286  176567  527364  197287  32880  467051  242173  3885  5023  4571  275  58  522  413  200  210  6266  20170  2296  20407  7832  62  38  154  204  120227  1804  55675  2359  12654  1711  484  759  415  1201  84  128  468  1418  805  603  5694  1450  2822  19527  6268  11293  8268  352  4075  1255  222423  
31488  21334  6117  5086  117742  191692  166537  199361  48910  395647  60173  342  427  806  6210  2.36332e+06  0  593329  1.41955e+06  317334  35693  2106  16055  6113  16364  2534  2276  24713  119072  467854  810028  1.96738e+06  445118  421871  118663  34711  419657  86530  3815  8287  6368  553  153  621  477  406  386  13464  39216  5039  7533  9259  133  128  373  1011  176361  4117  181326  5205  48671  5741  1550  2040  1310  2330  272  358  1175  3766  3235  2326  15895  3701  6613  56099  13552  26448  19297  667  9952  3588  100864  
31341  10106  6922  7645  17089  33873  89535  134067  208123  97382  15382  413  352  308  2514  523147  407071  0  2.37136e+06  634872  104797  14063  595694  20008  184432  31623  18960  37081  72702  53232  7797  139975  3537  60084  171964  33705  296027  131514  12499  78744  43207  1635  360  1393  1236  483  284  12363  33876  2699  13641  1745  145  90  152  2489  27491  3346  140004  10554  49426  10839  23114  32085  11921  27865  3346  2604  4369  26250  11491  2880  17326  1918  3843  89880  11002  38203  24322  2252  20103  10831  123748  
45202  16279  8861  10262  55796  81778  300784  177022  321980  82244  5206  599  498  588  11840  48860  1.58266e+06  2.24963e+06  0  171561  18093  4390  1.02514e+06  12089  488479  37008  23002  44901  692248  1.07268e+06  637007  302914  9142  117335  201509  37065  460616  194830  12425  83723  39074  740  137  929  839  230  476  11924  36938  7262  8884  1256  156  95  143  2012  14299  1218  56886  5215  27359  4315  6832  11383  4024  9975  1292  1082  1840  9486  4073  906  6545  821  2166  38304  5664  19473  13153  1166  8527  4739  156930  
26388  6976  8847  17488  7381  1492  27617  613608  1739  8970  512113  89683  387035  456461  1.5944e+06  35863  15523  517192  33773  0  1.11374e+06  444692  88159  475510  84992  137271  91403  46212  74813  49419  4925  87975  1538  27829  250727  46113  193538  92769  13861  310394  59643  5355  981  5992  9277  1451  657  39440  250380  5221  27339  41479  39023  66595  109295  183252  191626  12311  600377  70977  1.21908e+06  110041  155522  181229  87789  91593  14893  11877  13651  60388  29304  9900  61310  9267  15054  295194  34614  127197  94918  8102  70325  35098  203913  
4644  1227  947  1239  1241  140  3660  14904  82  209  253  1180  2903  1391  43091  448  201  120548  4486  686704  0  480925  57288  129906  17940  41168  9309  5510  6937  6107  640  18296  111  6903  46033  3692  31405  10698  1665  58867  6744  220  39  284  378  74  18  1432  6979  134  295  524  1257  1007  1306  5722  1751  322  22055  6118  73934  110401  86787  30849  69806  9287  3399  1718  915  2666  1030  261  2968  535  734  34477  806  6445  4450  436  15667  1678  15375  
3852  801  775  1172  547  47  3221  6452  35  68  190  833  1304  1156  45524  313  76  40996  2105  169829  379136  0  62216  615281  21283  60565  8231  3890  3141  5017  127  7068  27  1564  32668  1569  17243  4039  864  57509  4409  125  16  210  476  20  3  453  5137  30  54  139  2141  1754  2357  8839  222  79  6522  804  51311  104088  122241  8396  161341  2146  1334  639  379  690  304  54  558  73  143  12357  291  1664  901  308  8244  480  8201  
38374  14122  8072  8619  14277  1415  33402  54774  6791  2470  702  551  329  261  2726  2121  3147  714729  1.02792e+06  65785  75730  82781  0  428857  947444  64504  30985  55695  1.06526e+06  511021  5327  148610  936  36049  147280  26064  278277  110687  15137  150864  75787  546  95  657  650  132  66  3756  8747  529  1374  176  132  57  50  2402  1487  636  38698  29191  43608  29656  39789  79396  22039  29486  5186  2770  1606  6597  2367  501  6271  1047  1489  35262  1868  15930  9360  1161  17396  3446  59680  
35864  8361  7392  7865  2854  145  31190  33473  95  229  191  2058  2247  2194  537619  405  239  119977  11087  484711  295766  684017  456140  0  1.46599e+06  744708  119621  41058  30631  52648  635  51400  108  5184  166416  9455  140892  23367  6594  411229  39859  222  24  510  712  21  11  1238  6111  117  144  358  1016  720  868  8268  743  100  7555  1981  30626  12114  25158  19966  129842  5641  3948  1510  853  1681  630  63  1025  122  219  33605  774  3915  1679  666  24824  683  62692  
42090  8275  8048  10450  3652  669  40446  32037  4248  1585  404  951  625  558  8891  1936  2585  202811  145631  54986  47041  32328  1.07694e+06  1.50842e+06  0  1.77274e+06  889505  178082  3.11934e+06  150673  1996  76849  533  13340  231569  21385  178536  56171  14204  563392  74390  321  45  562  616  57  21  2071  5573  296  546  393  217  86  94  1265  1492  305  15272  6739  14854  7492  13817  19374  17108  10017  3906  1756  1198  3436  1306  236  2552  314  548  34430  1329  8411  4410  919  21227  1752  91870  
5648  709  751  1540  482  54  3420  4475  75  161  67  557  469  341  27798  245  112  64889  23656  37417  41103  30057  137981  336458  1.75578e+06  0  482269  58346  25180  14635  297  13150  45  2676  30802  2068  20194  6590  1354  285618  32154  41  3  70  142  6  2  235  1215  27  75  286  125  46  54  370  469  43  2838  1288  3819  2335  3458  3759  4425  1639  756  303  187  440  167  34  379  45  82  5982  163  1055  625  122  4035  240  68728  
5787  309  782  4592  199  28  2085  7295  92  414  516  2400  1222  1166  16259  1836  276  19634  6004  26410  7992  3768  31308  21868  756032  281401  0  223014  10098  3709  125  3717  30  1180  113553  8850  26275  63363  9993  428490  362588  238  8  171  638  7  7  418  2344  55  167  843  549  110  65  239  1321  67  4663  388  2586  548  1452  1459  2035  928  704  328  516  637  297  53  570  43  126  7901  1111  1404  965  1141  4280  480  49620  
331475  2446  5589  82670  1780  316  12632  12581  348  3495  1483  4882  890  645  2094  9752  3860  38665  11566  26801  11612  8940  45037  52937  117084  21542  203561  0  199394  275400  2683  347698  444  66214  247783  44681  274303  235417  64128  183756  568497  1546  26  334  1853  34  31  1430  3201  188  364  214  1591  244  124  452  1665  228  10819  1850  4987  940  1890  3662  2956  1860  323  347  3092  3033  1869  165  3371  131  394  10182  6572  17734  5258  7350  2726  1864  80134  
37854  9074  8206  14225  10852  4204  58924  60893  25798  11359  1886  506  349  387  5479  11695  12856  131286  448922  68739  25864  13209  1.22982e+06  81941  3.29507e+06  100200  42571  451027  0  4.23786e+06  23272  168836  2441  34813  240825  36136  261516  121467  18878  289111  76329  515  107  578  617  135  122  4478  11289  1191  1479  574  129  63  83  2021  6816  794  32366  6617  22513  4933  7234  13639  5330  10397  1577  1250  1652  6536  2575  571  4998  718  1214  24023  2770  16257  9508  1134  6297  3420  86828  
85797  24243  11053  12817  31811  18543  107890  153123  27942  16353  9799  469  414  449  6349  26244  311307  150349  653524  106546  35072  26433  474341  186572  216629  26208  9969  384662  4.02205e+06  0  1.31936e+06  3.62702e+06  3408  64983  157015  31059  384127  110709  10510  134424  35731  612  116  806  717  220  196  8796  24061  3026  2218  1608  135  100  140  2141  31721  1549  68912  4747  30123  5188  6232  9974  6302  8761  1206  1102  1466  6620  2914  1110  7090  1242  2273  32729  5323  17520  11857  913  7061  3738  81822  
11906  5255  2708  2634  37289  27121  92127  118215  21773  12506  5563  102  163  168  2749  15282  658627  43964  418987  52897  8177  1390  16848  4240  12787  2245  1794  10479  71569  1.52579e+06  0  1.07809e+06  3395  25310  32948  9039  140744  36260  1509  6897  2759  158  36  294  193  84  177  6889  20208  3133  1243  895  36  47  68  408  15043  758  34856  1251  9688  863  584  865  506  1028  96  136  374  1556  991  527  2824  494  1050  13173  2439  5530  4221  203  2228  1078  27776  
466800  39550  10430  21440  57147  76828  77106  171619  9214  170903  38869  711  679  1119  21497  217966  1.29232e+06  533316  282127  444058  120693  39053  310469  211201  162251  44892  21151  294036  190091  3.80516e+06  1.08414e+06  0  624234  1.00527e+06  183733  39944  798938  84066  9839  157072  28179  917  213  935  854  368  231  13378  34034  2763  4136  4932  227  180  366  2817  94511  4460  232554  8326  63737  8453  7074  8664  7945  7795  1255  1212  2377  8951  5968  3450  19515  3528  5731  76653  13954  33709  24936  1399  14653  6795  104032  
6463  2494  624  464  6865  3686  2416  13085  292  21102  4710  27  45  77  700  71308  216487  38379  7791  29891  3338  276  1674  493  1514  390  331  4397  4726  8939  5792  427477  0  238255  3465  1892  82481  3348  205  797  370  37  10  49  29  26  11  703  1728  136  359  711  4  4  16  89  12513  246  12039  357  3646  470  139  153  115  194  13  20  83  267  192  134  1044  241  389  3566  918  1590  1202  51  673  235  3079  
1.07213e+06  135243  4631  2069  707744  1.22755e+06  44092  170883  6907  840337  14142  209  271  328  4856  1.1012e+06  937767  193614  108491  124714  23621  7549  64441  38336  25838  4645  5417  112198  63759  157595  100670  1.43017e+06  788906  0  29690  14332  1.27805e+06  18929  1697  11627  12955  189  37  311  246  92  142  6384  21674  2083  2306  2082  72  85  121  604  30976  889  42406  1641  13508  1906  1347  1692  1504  1608  220  229  417  1702  1019  585  3582  734  1370  14846  3054  6845  4896  257  2699  1204  21642  
107526  71230  267834  58778  30583  9836  847725  1.7652e+06  40235  437326  128996  2948  3229  4876  62975  385936  24292  734196  114491  834479  202007  47129  199471  150420  269921  57321  241318  321872  266706  174636  8197  111222  1453  22138  0  3.37173e+06  341240  482543  417977  2.09655e+06  1.18813e+06  2486  450  6824  5341  567  1503  72742  300183  23366  41638  14329  765  599  767  6054  34291  2998  137083  10598  62885  9022  11308  16083  13351  13465  4421  3763  8088  11855  6315  2186  12880  1594  4720  320643  20983  49084  37405  6086  32222  22347  4.67982e+06  
70063  29537  282336  57272  11715  1905  628992  511072  5212  46133  75126  629  613  1287  22839  173355  13346  232956  19475  352347  62624  7262  28342  16065  50219  10152  31357  46326  45687  26767  1559  18613  1215  5535  2.68675e+06  0  136796  211151  529976  227304  111661  1657  138  3423  4360  178  147  29321  48043  1669  6544  5692  247  157  328  2162  46207  1412  70504  3063  29251  3519  2710  3719  2463  3426  556  765  1585  3409  2081  955  5628  1003  1799  52175  11576  13627  12550  1328  6354  4327  593243  
327365  135629  288069  240766  145563  13683  447014  2.35955e+06  23809  395826  114100  4167  3689  2913  15107  513312  90500  436034  257198  274650  67852  20251  124555  85672  61982  15449  21382  141199  112522  142310  64938  219752  8121  216792  156718  713972  0  1.65687e+06  147608  43330  74949  2871  385  15746  14524  337  614  55386  227880  9351  75400  29472  1004  482  642  1806  38227  1327  59514  4544  24559  3681  3895  5523  4593  4723  669  682  1963  4966  2896  946  5742  811  3213  34809  19849  29109  16426  4485  8252  3353  121189  
42911  16553  53659  48373  9452  1665  88021  565870  6689  203880  53682  1623  1190  969  8018  219091  20631  180182  116278  153084  35828  6407  39625  11779  27410  7001  13427  23669  40672  34400  21502  12918  343  5219  131245  220102  1.74998e+06  0  66525  26774  81149  791  98  3673  3468  80  201  14610  47125  2575  15401  5590  360  168  202  1020  18482  722  31357  2881  12400  1799  2267  3746  2202  2800  447  401  1262  2760  1473  521  3218  422  996  18760  6023  23361  20875  2942  6948  2224  435992  
33750  886  80878  82222  448  37  74251  8437  37  883  965  1656  872  654  939  3603  403  8300  1453  9201  2337  890  4276  4087  8091  1276  3496  22000  13707  5435  123  1148  24  273  99290  422245  130108  33183  0  13314  44971  383  20  587  1208  13  8  1489  2205  57  108  70  255  86  49  150  635  47  2626  475  1230  218  329  771  442  323  64  131  850  420  300  45  686  28  76  6268  2600  5214  1256  4302  613  1102  22249  
22001  1611  3957  9038  396  93  14112  17655  202  704  347  5642  3003  4481  38166  1193  280  27632  6627  73156  27947  18047  46924  99893  250461  384352  1.29587e+06  150633  109663  80158  567  36997  103  2713  1.9088e+06  22735  58943  32570  28263  0  1.4628e+06  645  52  872  1588  54  40  2687  7933  237  504  2073  892  214  165  1465  3495  444  23647  2427  16751  3795  19004  14422  26291  9917  8735  3997  4025  6299  2610  357  3258  230  541  85291  2852  15691  6631  6527  54236  7029  96687  
17986  944  3845  3435  527  89  9851  15492  365  1756  1856  810  413  568  2845  6429  769  39165  7073  30115  12327  5295  32129  15392  39256  13822  515978  248469  53269  11416  237  10578  51  11786  810745  54653  63577  216059  59397  1.0193e+06  0  187  20  256  270  25  19  1379  3497  270  425  301  86  25  31  283  1761  150  8871  885  3691  676  1038  1515  1265  916  242  274  1052  1154  679  139  1209  101  181  13951  1490  6819  3056  1759  2117  2047  174066  
1486  64  4127  7372  74  15  3650  4574  151  305  193  927  57  42  176  514  157  3104  282  2872  398  1067  411  412  257  66  122  1463  394  218  24  389  18  173  2792  3571  1094  782  1416  435  744  0  1.27103e+06  30610  794921  216078  20609  682308  43176  3565  7442  372  3431  859  406  1011  6523  3798  20499  14084  9471  2087  12471  35730  17260  8089  751  41824  158642  30452  81105  1824  333380  274  963263  160602  136730  251420  53305  15796  15320  20194  51396  
168  72  928  248  53  11  2056  3253  113  237  182  11  14  10  154  478  177  2753  243  2580  474  1200  465  418  258  63  79  131  259  162  21  328  20  120  4372  1177  888  1139  295  491  333  1.13512e+06  0  1799  624  596749  19712  337744  22967  1749  5164  258  103  65  65  1665  5413  3178  22400  12053  13335  3036  13254  32700  16052  7734  1164  1175  14086  29853  74296  1925  80691  147  68418  439171  278547  211126  75252  1881  37119  13743  109351  
3079  438  74120  57570  355  42  43863  24470  50  68  50  656  38  24  57  113  43  421  94  485  89  91  200  335  165  40  42  209  188  179  22  96  1  33  2387  7572  1887  413  785  261  310  19138  112  0  99930  151  46  175502  116089  146  138  53  341  83  92  126  222  61  1089  502  984  184  575  1634  875  477  64  125  1747  1784  3790  39  1867  3  2288  13357  82828  15957  2486  12128  1626  857  3339  
26649  467  147813  1.03511e+06  473  71  40346  98299  59  149  158  263569  4016  3274  4363  402  122  1530  275  3700  524  305  854  1383  1471  560  2349  18609  3444  1811  48  502  9  321  7484  64720  11574  2296  8790  2112  10583  698310  71  187629  0  62  96  14755  424210  303  162  169  917261  10091  3838  1625  193  63  1264  823  6890  1118  1108  3449  2713  1582  160  2857  41399  5302  5580  21  18052  11  9231  7701  182716  37872  3036  58304  1947  6191  4089  
110  76  393  172  150  133  3222  14307  918  714  400  28  64  21  160  805  206  2870  372  2817  759  1664  641  594  322  109  81  151  278  191  64  351  10  140  5164  1432  1202  2008  274  493  362  425499  659263  1268  408  0  834404  845596  175252  30135  33567  966  163  204  301  2062  20369  20624  35915  24943  18859  4084  21715  58984  17301  19004  1309  1280  13882  73747  133913  15899  65455  654  406979  404615  136381  278957  106084  1017  36069  13312  112141  
79  75  439  213  239  610  7021  65470  7892  1928  531  28  73  25  78  860  248  1288  742  1257  210  254  318  130  241  29  38  73  297  230  177  224  11  150  4623  1066  1397  879  74  196  168  15989  28260  848  247  1.08623e+06  0  1.16169e+06  600807  647770  1.63452e+06  1759  136  140  420  630  49512  44022  28027  28957  9352  1532  3391  16290  2588  29186  332  283  2109  151203  62521  17723  97350  1863  851140  46173  23152  55375  13553  174  5321  1826  19327  
4379  2932  59637  10347  7077  2946  239805  316323  11421  3587  1916  237  137  121  948  4898  1524  12160  3058  13306  3174  3271  2911  2119  1626  470  506  930  1889  1854  973  1932  103  1090  52645  28246  12714  7876  1660  3052  2281  260166  227607  125667  2949  1.30629e+06  1.03931e+06  0  1.6583e+06  1.02313e+06  161962  3435  313  231  532  9256  85714  35328  170470  125342  81675  16990  39588  127252  35004  132308  5887  5509  53031  368820  209565  33278  149374  1790  251792  1.43402e+06  781291  550223  210106  9736  156974  44047  346627  
11157  7428  277402  303019  15598  14050  566839  3.33455e+06  104879  72049  28436  56300  45549  19234  26822  13747  4835  24354  12297  77919  9435  4805  7799  7511  4883  1967  2226  4250  6045  6693  3833  4977  167  3589  232065  106953  82809  36458  6078  9342  7719  15176  3574  335860  641555  12527  32191  1.62917e+06  0  1.49082e+06  440738  530052  1.18111e+06  563558  626539  66104  43428  5013  146126  41020  428804  62934  28370  67350  39245  17184  2618  2622  20176  37710  90021  2932  39075  690  112496  619557  573161  511549  228059  8165  87089  21312  342890  
168  142  434  121  598  2531  17539  175454  28620  8286  526  8  10  7  69  773  772  1687  2612  1441  228  152  542  171  502  47  63  117  716  850  708  394  15  336  12314  1984  4514  2847  127  334  375  1745  1061  413  119  23741  614498  920088  1.3875e+06  0  1.53328e+06  442  7  6  19  381  23266  8459  36859  104663  5033  841  1583  25895  1454  54574  403  398  1634  201556  37411  2000  12786  254  47229  82576  78811  63087  28803  211  11199  2842  49799  
458  409  699  317  820  2439  5853  315122  37803  142898  20762  16  46  57  135  5923  956  7078  4754  5028  458  185  1165  237  578  80  102  282  799  806  488  853  60  686  20234  5038  26573  16037  179  633  583  4765  4203  694  255  49918  1.17294e+06  386446  1.018e+06  1.36693e+06  0  45919  61  58  633  767  2.17704e+06  164045  141886  93707  13020  1595  1810  16479  1624  44694  616  629  3305  159132  53095  22125  381859  71984  717293  124590  111129  410502  267025  487  93566  9836  175250  
317  198  526  490  330  168  2053  116511  1126  124940  242808  403  1816  5280  635  69401  1835  7405  2049  14477  675  89  523  112  206  149  196  287  302  346  149  1878  284  851  17133  4562  9359  8052  165  538  354  63  6  699  405  57  88  2148  587586  210  68898  0  4731  7746  497638  490  200016  189  19108  312  234366  2247  304  459  329  228  38  57  118  247  375  27  354  54  466  7281  2830  4157  3006  96  1340  230  18217  
26572  186  37594  298264  275  95  16634  249968  92  251  1174  550492  61227  24417  30015  1145  213  2088  346  45554  3174  1606  744  1674  1146  1067  2934  26133  2973  1558  84  596  14  504  10110  7610  7579  1744  3917  2553  10314  13376  24  15262  555488  45  41  8537  745630  350  127  2761  0  302126  94555  57998  417  69  2173  262  230787  38344  3450  912  11092  595  260  2075  28253  1545  1819  28  7371  27  1055  3395  10280  3300  945  91065  1368  8313  5097  
3865  176  4160  16531  386  335  13768  152465  318  468  3250  29719  370977  94458  44422  1677  321  3422  452  169674  9535  2339  715  1722  595  494  711  7045  1181  716  158  676  33  393  11343  4325  4859  1713  1022  1362  3132  5857  35  5600  25162  137  127  9220  936481  736  387  7082  429622  0  411925  94583  1321  102  5063  686  359318  47784  4295  2183  10176  820  345  1685  20693  1582  2392  67  5603  53  1077  9635  8490  10595  4237  70754  2071  7349  8788  
2638  159  2080  12270  286  226  5184  87407  504  8267  50167  19970  60252  488990  112202  22657  2046  9749  959  269514  9048  1799  864  1094  753  660  861  3983  1175  875  231  2358  265  875  9567  3059  5326  3233  584  2189  2048  4383  18  3252  22175  91  131  5548  660139  422  1773  555835  263293  455946  0  460511  10602  215  22499  591  852102  75758  4730  1563  8356  718  475  1383  12653  1309  1656  133  4057  121  1007  9617  6940  7573  3524  39787  2409  4145  8825  
3403  277  3040  19305  377  153  3541  83838  248  726  12303  24496  39393  73757  466030  7946  1326  28101  2527  331135  23920  7471  2422  5857  2228  1737  1759  4518  2797  1693  211  3640  248  1700  14163  3523  8790  4454  875  6514  2931  3531  90  7655  24916  217  98  6764  190603  430  761  2634  162326  181185  510396  0  3432  1732  37771  1675  1.51029e+06  190311  48108  5753  621941  20619  86543  48931  14959  5226  2621  884  7467  1483  2298  22549  4890  19899  13431  19256  52652  6028  20434  
388  195  390  250  329  287  2336  36045  2360  30609  14913  19  40  168  188  41987  7145  9759  1781  9089  874  150  577  159  314  66  124  410  542  917  529  6725  940  1873  11422  5901  8361  5899  352  521  685  5529  3533  717  255  26532  41902  142283  111927  122727  1.96636e+06  58433  69  65  722  1032  0  1.63824e+06  776795  86773  14552  1846  1215  12012  1332  39735  718  719  4712  86309  25664  12777  612760  325006  575861  196399  36544  446869  191431  672  74081  11556  217719  
616  237  447  312  312  190  2084  15847  1733  3913  6705  49  172  217  1348  21195  3813  33114  2396  28056  2210  511  1136  425  1148  301  404  813  1712  1313  420  4660  425  1711  14507  3286  8026  5755  578  1816  1313  4469  9156  1086  503  87145  135699  187493  96797  124861  390377  7033  190  140  269  18260  2.18028e+06  0  1.09136e+06  1.55373e+06  140237  30163  5228  26827  11123  72061  4283  3703  5225  236900  359986  326404  1.64187e+06  329073  427921  173300  34194  202645  89156  989  38028  12593  123670  
3114  1068  1526  1259  1250  364  5605  29672  2924  7493  7367  113  112  158  2703  25896  9521  118629  12733  91385  43136  17580  39399  8417  16716  4519  2534  4512  12313  7500  1434  17330  993  6009  52388  10206  31556  18890  3646  16592  6629  7387  1775  3798  2796  5748  9851  87525  156826  127181  107285  7761  296  230  901  4772  729975  782208  0  2.53716e+06  499615  201986  105729  626846  45446  90338  9414  7103  15023  74965  32624  10561  109771  11865  54948  238453  27074  283941  143733  5276  65491  48164  167515  
1335  464  1160  1031  496  264  4874  26629  2437  4045  1215  93  131  66  1077  3485  968  40261  7062  45343  38303  9696  47478  6573  13715  4182  1490  2162  6216  3062  267  4894  151  1912  16902  3688  12571  8984  3884  7918  3349  11238  2754  5552  3900  10942  17277  196844  147266  288215  90367  710  334  267  319  8819  28149  1.56203e+06  2.23362e+06  0  260316  38590  13016  1.50663e+06  24932  440384  21188  16782  21088  959825  937087  703322  285723  13758  88213  205974  24525  368274  160975  6544  60102  61117  158652  
19742  5361  9327  28945  5876  1175  24908  213491  4058  21219  95580  32785  70294  52627  188408  151740  26000  438054  58635  1.2793e+06  235673  72470  177977  42563  80098  24565  16192  27446  64212  35975  3760  71200  3848  27800  197234  39750  148925  76773  9797  95775  34810  7598  701  10322  34184  1199  606  30477  504374  2488  8084  192387  273871  281671  658151  1.5323e+06  26879  11835  656344  17909  0  1.93695e+06  648133  83924  1.00125e+06  102897  151641  98034  41564  39280  18995  7645  51957  10552  14362  196135  23144  115438  82183  24632  222768  32278  178205  
1866  529  575  724  503  48  1907  5557  147  387  1745  225  326  258  2457  3968  744  40847  7112  50781  127333  88840  43201  16584  16694  5987  2437  2758  8096  3929  195  6154  163  2223  19228  2753  13397  6485  1136  23583  3641  856  192  668  695  286  71  4905  17154  279  636  155  2229  1907  1476  81355  706  1637  224435  2088  895886  0  475261  90018  259990  17137  35868  20881  8553  5839  2921  859  8648  1393  2561  51991  2489  27110  16582  859  56585  9729  26736  
606  130  220  336  131  9  625  1707  26  57  244  83  111  93  905  369  88  12104  1734  13803  45358  66182  22617  22717  7024  3249  2665  1248  1926  1162  32  1602  32  500  16163  703  3593  1672  530  41670  1545  866  169  595  631  193  33  3250  8018  101  207  45  654  440  613  38378  213  208  98330  669  369409  303967  0  123317  595453  8537  17014  8541  5263  4904  4640  150  5239  168  743  56507  1550  15747  4791  1059  80950  6771  9161  
5641  1720  2620  2449  1383  189  7393  20274  656  974  319  168  164  102  1512  878  330  77284  21942  84818  72596  29262  101913  21039  47983  11119  5020  9180  29689  13429  406  17696  269  6362  49237  8828  42383  22063  6077  33585  12388  11282  2884  7355  5327  5537  2537  89885  124609  34667  8814  480  403  304  320  5482  4197  5880  577365  1.46739e+06  254413  123497  491078  0  296877  566151  17651  12565  27525  719633  647027  9139  183457  2006  34654  169627  17136  277143  78273  8183  63699  63286  119093  
1006  229  800  1569  203  30  1262  6441  100  169  1341  367  361  387  2333  1311  249  14655  2168  17236  29072  69434  19456  83918  7865  3819  2761  1979  2555  1670  79  2305  62  797  22962  1581  6123  3750  2167  38273  2374  7152  638  4668  6080  630  229  13968  32419  465  756  186  4475  1910  2734  598275  626  1036  106162  12735  406407  226898  505519  466658  0  1.62319e+06  423336  78597  25208  67231  37027  678  29749  752  2749  102216  6619  53258  13426  7677  197349  19749  30523  
1396  362  850  1291  344  57  1805  6518  312  518  711  129  96  172  836  820  337  18739  4283  20409  10100  4849  13129  6829  7990  2343  1625  2366  5157  2753  117  3951  106  1583  20881  2590  10233  6434  2781  13667  3195  8712  903  5171  5890  1720  1377  34835  33622  12214  3173  189  857  280  241  65435  2386  3565  83527  120050  77271  17719  43616  642227  1.60112e+06  0  1.6108e+06  1.09572e+06  173469  2.65943e+06  58152  2136  53740  1919  10016  153674  15264  85750  30734  9355  317286  27943  56633  
275  78  133  276  56  5  332  1501  38  66  660  73  59  85  425  548  78  4359  900  5255  2361  1241  2772  1331  1593  488  512  476  1068  565  19  911  17  315  6264  465  2033  1192  382  4223  630  808  82  485  773  127  113  2570  6033  300  327  40  938  144  129  113889  336  573  16763  11999  40052  14879  15320  37443  329550  1.38208e+06  0  862635  68150  40796  6030  421  8282  656  1554  33041  1466  9478  5604  1150  253451  9922  26685  
230  28  138  501  29  4  188  1301  21  106  1430  154  92  467  728  807  82  2936  348  3966  963  571  842  564  644  251  387  452  501  294  17  415  19  180  4473  637  1067  728  630  2410  569  15453  22  434  4478  51  30  1286  4407  105  301  81  1660  492  630  85317  548  315  10054  4450  25261  9643  8086  9594  47438  706578  647145  0  352682  7456  2091  208  3689  246  2083  52321  4534  12151  17945  8259  322976  227902  24807  
1815  53  979  5075  45  16  798  1908  66  206  385  421  99  115  360  647  219  4099  396  4329  1211  1717  1222  1541  1156  480  426  4054  1460  782  45  642  24  291  6215  2694  3283  4840  4746  3108  3130  166108  1017  9853  48592  1326  229  25375  15017  886  1892  198  2368  1258  689  14736  4061  895  39333  23496  33048  8948  20249  45786  25883  187283  49705  256194  0  528425  246779  659  180157  218  134477  489040  52792  121155  129534  41607  521459  614973  70454  
1668  536  1010  1188  627  200  3388  17179  1749  1561  735  73  77  68  1960  1890  1560  48134  5653  45709  7230  6496  7418  3200  5222  1170  1115  2516  6055  3319  363  6234  256  2582  22151  4006  14632  8407  1902  6871  3462  10284  2180  5714  4958  32225  61192  267949  84193  204489  63559  485  239  165  216  12899  10910  40056  129937  498897  94241  24024  75233  1.06738e+06  91673  3.18049e+06  35028  35108  342970  0  3.4032e+06  9417  94683  2168  33726  207923  21810  145049  69385  6282  201498  20650  85599  
1431  454  3295  2368  572  178  4757  20830  1593  1242  1977  123  126  107  2067  5839  4439  55950  4110  46640  6091  7648  5613  3103  3268  863  765  1985  3631  2564  554  6204  449  2691  22863  4603  14636  9953  2520  4111  2666  23865  8770  24448  9515  103957  133673  427528  207092  174679  97926  527  400  307  347  16532  16883  506273  143370  647483  126552  30684  96371  684883  106131  94138  9858  7924  280961  3.84507e+06  0  1.4578e+06  3.54559e+06  1400  87706  168318  21918  126094  49488  8709  69866  26177  82446  
390  139  265  190  200  51  754  4153  399  355  1183  17  40  35  599  3764  2098  20812  1167  14731  1351  484  702  290  578  155  182  407  838  707  230  2254  193  1043  7924  1226  4952  3290  315  721  591  1350  1804  946  341  53154  42857  117035  23931  27897  28261  157  37  28  49  6910  7975  901749  46846  547054  47522  11757  4922  23437  6362  9361  3059  2187  1891  111941  2.31354e+06  0  1.26112e+06  1417  12515  32026  4707  20614  11716  443  6164  4071  17797  
2309  586  2766  4039  827  287  4901  21057  1610  3011  9608  215  154  188  2373  38118  9429  100448  5694  66097  8485  6585  5452  3174  3586  1096  1038  3482  4362  3663  1140  11111  828  4346  37786  8104  22518  17977  4861  5351  4254  238778  32267  23150  37909  125674  104719  335316  184655  39782  292429  2304  610  428  465  25103  508561  1.50606e+06  438747  416640  232626  52446  81866  345290  72098  93216  17328  13610  184228  170526  3.4227e+06  1.09686e+06  0  597733  1.29948e+06  172344  36753  485138  68261  16277  61856  43715  106919  
108  38  85  56  76  27  262  1091  76  440  1962  10  16  49  179  8694  1395  8589  490  5244  505  67  203  78  156  46  68  139  246  301  123  1614  178  479  3292  908  1606  1227  113  265  242  577  1017  80  35  5683  2115  8886  5231  886  48714  427  12  15  24  1343  176087  187486  45029  8631  16522  2326  316  1347  750  3288  609  475  462  5832  3759  5197  407238  0  336496  4314  3275  20492  3005  56  1281  694  4617  
372  121  1227  832  202  181  2544  20733  1863  3481  3985  71  69  81  381  14659  2526  14400  1181  10165  1322  690  700  321  432  139  152  407  596  627  254  2815  272  859  7453  2176  3726  2698  376  741  586  948703  65505  11389  13115  571446  1.2987e+06  390710  219512  55536  1.17333e+06  4593  433  271  279  3761  1.12025e+06  607070  234584  75464  46799  7703  7351  38154  7149  63384  2422  6081  91763  138678  88371  46307  1.21985e+06  734555  0  46212  30139  398641  19547  2195  8161  7411  24273  
2796  1245  11374  6234  1281  1116  28574  158800  10972  13904  7593  446  749  644  4213  17267  3208  50020  5503  54198  17637  18097  12538  10981  8565  2914  5485  5339  5845  3629  647  6331  339  2544  250691  39511  21167  26344  18823  34743  19507  138377  31457  101945  21603  22239  3097  1.03309e+06  2.00281e+06  45607  471513  26333  2968  2301  3335  66710  544735  20870  941187  183293  587154  132292  193026  379105  202224  220414  85670  122668  718460  508204  152891  3439  183199  2457  21167  0  1.74383e+06  752672  568063  230269  2.20105e+06  1.18803e+06  3.9786e+06  
1985  248  6090  14430  266  174  5510  15573  1705  3011  5713  241  96  162  1478  22886  2834  32603  1812  22647  2243  692  949  489  747  268  398  1028  1072  974  345  3508  286  1250  15072  16281  6504  5752  5463  1538  1414  152011  12891  129020  95289  1864  683  757638  472295  5994  18235  7024  365  186  337  5737  82639  3130  127441  10774  58543  8389  6360  10787  7759  13818  3120  4959  42870  31839  7225  320  13185  2929  6274  1.16456e+06  0  107194  104349  349076  162696  44448  199410  
1304  367  12132  7698  604  590  19564  101796  6753  18049  6705  510  493  248  794  9680  1845  17366  2135  13707  3397  3212  4216  4936  3101  1082  810  2814  3097  2041  328  2613  176  921  23280  11634  21571  27414  28266  7735  5854  269617  27320  120690  52747  28452  3165  747096  1.2784e+06  55262  324251  16494  4182  2959  3152  9652  374960  15442  451459  162189  135793  23394  29131  105933  25098  94652  7466  6926  35426  130718  31957  5695  57326  1331  63495  279539  269320  0  1.73747e+06  136086  114241  95874  256164  
238  204  2890  1260  232  221  6071  33050  2295  5655  2171  79  168  80  418  4197  652  5281  838  5329  1260  474  714  494  448  190  129  246  478  413  179  729  67  292  8930  4306  4472  15812  791  1116  719  24578  4460  20316  1883  4282  944  154576  476298  22134  217906  7651  462  478  747  5152  139790  4822  166977  51496  66244  10945  4274  19396  5334  35385  3742  3596  12287  41609  8796  1468  12334  303  9163  199291  70482  1.73541e+06  0  4075  375363  63599  757755  
2648  19  2196  10318  30  3  1252  1608  13  46  51  1678  528  306  425  123  51  1569  132  2325  249  283  256  278  273  64  273  4979  757  386  17  249  14  195  1559  4788  1463  752  6805  498  2286  45254  42  40133  82432  111  190  38228  5303  252  251  38  21007  15823  9454  3128  349  170  3375  2434  9917  1312  3053  9418  7533  5200  678  5758  84310  15531  13652  56  32147  12  3117  32547  358720  113466  6065  0  7978  48655  5554  
705  102  584  1024  89  27  832  2849  173  569  2434  213  113  795  2348  1713  467  9407  1050  11481  4129  3893  5326  5948  4654  1710  3615  2061  1665  1088  67  1470  51  491  37626  2956  4076  4052  4943  25083  4802  3703  145  2047  2410  273  352  9175  15574  1018  17141  1131  2642  1397  1404  58432  19330  936  33130  8230  38919  17299  41964  34593  90969  163284  486196  548928  323240  169253  17976  247  23106  399  1443  1.68886e+06  43750  59570  100400  27659  0  1.27229e+06  154395  
198  34  285  473  32  12  454  1457  91  246  245  66  33  60  267  602  180  2429  239  2555  1075  1361  788  668  472  156  273  449  356  204  25  312  25  112  6670  1715  1124  1338  2009  1876  967  12660  173  1095  2474  200  124  7250  11143  417  2810  200  569  357  244  5640  3910  732  47058  23423  33636  8683  16792  41475  13007  8842  6206  350806  348864  11802  6472  614  19509  167  4193  681047  42344  58657  123661  18786  1.11469e+06  0  159097  
28164  17511  60063  15927  8659  3879  175307  874653  26265  605893  161367  444  962  1243  14961  414015  25495  291525  109715  296806  61514  11475  51482  40593  40106  24704  28742  31735  40702  33318  17746  22767  864  8487  2.97511e+06  886798  374825  2.08737e+06  47552  136434  247362  18676  3817  13951  3801  3677  2051  156340  732298  34331  680219  45795  412  380  1037  15181  732584  19473  614387  106648  209717  33412  29982  81943  47625  85022  17266  26665  62150  85281  19336  2534  33048  1600  11559  2.87141e+06  232486  951152  2.73432e+06  13080  748496  281050  0  
