3670960  
2545914  
615564  
3263735  
3870685  
3923869  
6897266  
11514094  
3646638  
6096751  
2296843  
2088985  
2276352  
3112213  
2767423  
5508938  
7468668  
5188044  
7035847  
7560578  
1305983  
1233553  
4099112  
3620816  
7463887  
2228998  
1579129  
1930688  
8753887  
9598306  
2701274  
8854676  
727165  
6465878  
11080593  
3804093  
6217419  
2533526  
632511  
4391273  
1906049  
4240897  
2187180  
525310  
3064238  
3065999  
4509769  
8090462  
11967722  
4309907  
6886981  
1813548  
2140620  
1832560  
2801980  
2691791  
5397798  
6823436  
5613601  
7448655  
7656778  
1553386  
1181593  
4530676  
3401970  
6667607  
2047398  
1790015  
2112486  
7996584  
9444028  
3328127  
8639910  
822947  
6272551  
10653903  
2653075  
4888595  
2472062  
615286  
3641490  
1784534  
11311584  
