0  1.31468e+06  83610  829149  242577  64744  480615  100199  1788  16006  4073  9179  1307  1279  1738  30076  62684  48666  47774  24445  9896  15461  102898  84500  25921  5043  58265  307728  79499  127075  10341  448627  8908  1.13925e+06  312781  495527  527563  85940  101338  52194  67282  15005  454  4380  24397  373  111  10048  15744  900  1249  1122  539  238  339  516  3705  188  6744  1126  9895  3361  767  3083  2538  424  174  555  2066  883  3140  149  1650  31  692  10669  30925  3865  3126  14383  2883  1783  96229  
828897  0  3870  3616  673076  45975  442940  28109  1691  9869  5146  174  225  297  1750  13020  15350  20803  15370  26152  3397  4524  20803  22969  18646  2069  20764  20780  25815  20920  1673  58583  1098  19195  648218  766573  181843  52988  8560  51061  41186  8400  436  3298  11682  484  99  11730  14518  1504  1133  908  75  56  181  505  1467  124  3914  862  6626  1362  314  1576  881  231  154  237  254  435  556  76  370  15  151  11169  23172  2371  2964  1456  1983  1891  135766  
38599  3126  0  171898  1247  232  243407  73067  971  1274  543  393  236  224  281  1136  1406  3729  3204  3119  1149  1765  5788  9679  3272  567  3307  13732  10460  11489  576  2427  116  1300  32273  150725  82827  7955  51755  8923  7776  57399  1277  18026  69329  971  101  30172  24150  1267  793  108  296  130  144  134  374  72  809  342  1165  336  121  902  745  143  43  474  1773  457  2512  85  1118  5  581  6511  136279  2786  1471  20422  881  873  8873  
997099  2707  136675  0  677  374  20933  654638  1203  2144  2664  1.17159e+06  44166  40166  9997  1752  2191  3625  2941  27683  3194  1976  4533  5835  2221  532  41099  230454  9109  26659  530  85583  454  64934  19606  71769  63624  5298  24689  9456  11366  174469  6440  243158  1.27314e+06  3322  367  216784  282431  2684  1797  703  118322  7287  7361  5362  1469  312  2249  1371  17484  2725  1083  3849  5130  500  156  2906  10595  1969  15018  411  7280  37  4600  17327  272674  10011  4475  96529  2726  4068  8959  
275327  973682  4135  3167  0  1.19428e+06  1.13218e+06  149580  66280  71175  11191  219  746  622  3620  48208  193680  58074  289514  56614  6532  5324  56604  24867  26663  3759  31813  20822  70857  89417  21842  96796  7337  332483  1.1402e+06  833265  437612  102524  5572  63097  64019  692  177  512  1075  469  740  19590  46499  8330  2850  2306  155  211  497  1095  4092  321  9590  2129  14616  2655  632  3092  1413  474  342  454  439  1056  1096  224  741  38  467  24294  2571  4635  6588  425  4282  4427  278674  
110466  180368  3042  3544  1.09981e+06  0  595915  636276  530955  1.71755e+06  86416  235  1818  1402  2189  149580  230637  54388  128852  40457  2252  1508  18120  5972  5067  1233  4823  6755  35308  75450  26730  213815  24657  861685  298211  105331  220684  105897  961  10373  10169  1153  247  1197  1941  820  2856  25491  204344  36899  21207  4842  136  319  1077  496  5257  292  5689  2363  8288  981  208  1420  553  283  141  285  359  1093  736  160  667  50  1199  18011  5952  5484  4408  268  2760  1549  130590  
507177  575818  384812  40521  1.94606e+06  811141  0  1.32673e+06  852824  197162  25126  1525  2488  1633  5959  57619  173951  89192  386863  97428  9413  10803  59022  52864  31544  5478  29367  45168  112566  139791  28848  68771  4311  64279  977316  1.00132e+06  509272  100713  40344  80169  55277  48923  6983  23313  69887  13093  13206  405960  566405  136334  22352  3916  1302  1877  1623  2007  7794  1105  14295  6363  22997  3780  1067  7469  3526  1336  609  2055  3059  4167  4390  605  2730  155  5539  121191  144531  35236  26621  8968  13918  7392  245940  
24343  29077  152535  1.05655e+06  41295  115186  2.34399e+06  0  2.06165e+06  461757  480183  768454  2.08197e+06  862014  244835  47111  74157  61643  50368  666229  109777  48221  47229  68760  21906  14843  33733  30089  29515  52324  15881  72420  3974  88371  683662  412066  699799  207746  6467  63668  35128  71806  18634  115757  291932  27330  25560  866732  4.81315e+06  309549  163456  58287  225864  159048  168498  45201  20128  3071  30500  20565  199700  22772  9032  19404  28368  3429  3058  6280  7275  10576  11650  1701  7360  423  16404  302601  223108  125707  83178  18057  31457  15378  361261  
1282  2283  2315  1856  28928  558629  722361  1.65627e+06  0  1.63727e+06  10508  116  202  254  339  15036  34679  58623  147189  6969  271  154  5647  503  1623  175  1269  1739  19644  12783  2186  4942  302  3458  75556  55999  44262  27089  490  2523  2841  1467  202  1953  2580  559  2517  12163  196441  47713  59454  9299  60  65  181  153  2882  199  4392  3576  3204  260  60  838  179  148  42  137  259  871  500  83  407  28  808  9539  11450  4667  3295  171  1837  608  43449  
33384  31958  6679  6826  84288  1.62674e+06  242313  1.19592e+06  1.64664e+06  0  281088  779  1013  1456  1767  2.26405e+06  319699  126310  129014  37852  1814  1009  11302  3195  4513  1232  8462  20114  28094  54640  18736  390636  71662  491913  411822  340999  766193  488304  3480  20482  21264  4636  432  6157  8223  674  1301  17631  263166  31162  182200  73716  275  278  1069  488  21717  546  12462  7613  11694  1104  202  2034  538  432  142  317  519  1377  1039  220  1010  103  838  16068  31834  7619  7461  807  4778  3436  371010  
862  638  1284  4361  340  701  9193  411071  1870  126335  0  15899  34475  898216  7266  122525  4439  48008  2884  953430  7232  2782  1207  2137  1107  697  2049  1714  1712  1799  422  3776  418  1468  34399  6712  18247  15703  1064  4059  2966  2218  278  2389  4318  429  619  5748  272958  15017  254092  493650  4853  8435  60361  3130  181280  2021  47430  9821  103246  3511  672  3098  1214  1062  534  800  901  3485  3575  1424  4835  456  901  17545  25520  7161  5731  863  6156  1743  28413  
19604  1206  10277  1.11872e+06  630  258  26482  1.24026e+06  902  1589  24625  0  536221  373816  100002  2491  1229  4893  1871  279175  25254  10615  1531  11280  1651  1409  11413  34459  3070  4403  163  7326  150  4842  16464  12226  25873  3889  6688  6120  4396  22301  1380  47325  280103  1578  469  46190  358170  3190  1886  5352  619355  70238  29354  30846  6121  308  5208  1268  95665  11092  4620  2456  14543  498  571  1518  4540  1199  4455  217  3037  34  2076  24560  20670  11644  7865  18188  3000  2004  11672  
16407  965  3999  112765  1179  1015  51786  1.29756e+06  1993  2459  92817  748153  0  1.01884e+06  178712  5599  2210  8217  2807  442408  39061  15291  1502  13200  2568  3062  10658  26452  2661  3598  274  7304  160  4292  32372  11915  25207  5745  4431  8876  4308  7023  656  7633  47360  1227  1074  32788  540591  6421  4209  17423  185797  516474  103159  44679  16113  513  9852  1978  145743  14543  5062  2812  12568  709  1195  1652  2678  1617  3261  335  2367  83  2062  22442  6289  11172  6860  12350  3585  1666  18630  
13272  590  2742  137308  439  735  11206  713654  1624  5807  1.13056e+06  588873  1.16386e+06  0  393747  29520  5953  22910  5545  936720  41767  15925  1916  13619  4212  5610  11911  21181  3259  4651  628  8809  309  4037  38317  6033  23160  9896  3043  25464  4488  7038  310  6096  49597  528  782  7283  250009  5223  22862  113099  133858  291165  536404  120445  107073  1766  45787  5314  303984  28804  7835  4367  10350  2000  3660  4174  2731  3749  5141  1452  5258  327  1572  18757  6870  8092  5609  13310  8887  2210  25119  
9279  768  3181  82128  634  346  10215  228639  426  1187  5191  235286  253996  597213  0  2993  5904  65462  10593  1.55482e+06  86592  79262  5068  529980  42212  126128  136607  15892  4555  4594  471  8304  666  4406  67934  5739  27250  12934  1962  342011  13070  4159  236  4864  27523  289  213  5083  99229  854  1628  12752  44581  29851  141007  401703  13284  747  43554  7113  245255  28618  11671  7116  15731  3479  7241  7997  2511  4848  4177  632  2457  61  891  20786  4892  5473  4347  12993  19332  2823  49018  
46558  29546  4939  5229  67152  134487  81005  170191  74576  2.1649e+06  109483  583  683  2267  1111  0  1.89126e+06  571310  167289  37552  1445  827  12761  2994  4022  890  7291  48251  23810  41952  15478  390081  182910  699425  373903  65477  809219  415531  1850  19690  19858  1440  295  1225  2121  428  394  7516  33295  3387  26756  27287  277  273  2669  681  113927  2785  44287  5400  47139  2043  298  2829  668  1012  217  502  883  3519  4217  1985  6511  545  601  16498  6255  4585  4826  678  6868  3559  434292  
58314  75839  10573  8619  168291  123280  137790  220822  89896  219785  69223  1949  2547  7405  13221  2.00372e+06  0  721896  1.76794e+06  308135  9332  4377  28794  8747  24383  6208  20796  70635  229422  508435  352822  2.11256e+06  741031  619383  542682  122768  682045  257428  9088  48761  44331  2668  555  1994  3696  777  710  12599  48064  4877  33735  39049  848  820  7383  7801  183521  5939  189772  20682  191891  9296  1902  9447  3301  3392  2046  2844  2995  12932  14421  4009  11906  803  1519  61844  11516  13205  13653  1944  19853  9010  349558  
23124  11577  12338  8944  15135  21575  66059  102111  127029  195694  111540  1227  1132  2268  9477  776348  694714  0  3.3765e+06  977338  131759  44204  934594  78282  166356  52887  58867  68992  135318  73948  5149  74648  3816  43496  296830  31463  400958  194942  14548  243763  72290  4289  726  2583  4483  846  560  10369  31496  3531  12509  13784  464  477  2248  11967  71342  4314  220040  42291  214068  69663  16162  62509  28083  8400  2621  3985  5283  26734  21572  3849  12065  338  2544  144168  11901  22223  15398  3737  49599  13583  233143  
45893  25815  18905  13599  72033  25475  188928  176051  124362  54880  22792  1563  1400  1775  6402  96044  2.04477e+06  3.01234e+06  0  223846  8548  4442  1.36608e+06  17473  263357  41429  74616  101721  1.09206e+06  1.69965e+06  711712  344979  9652  139320  377877  56971  670463  276293  19270  255635  112342  3012  531  1706  3952  635  494  10348  40980  5257  11930  7625  400  407  1651  8542  25544  1876  112033  22998  127820  26212  5360  22396  7701  4189  2166  2918  3110  13903  10328  1664  5879  178  1462  65765  8439  18101  12566  3170  18987  11296  263656  
17982  4876  10809  115739  3973  1338  33745  429228  1580  16343  646686  331766  363948  540504  1.58871e+06  51250  29341  1.08313e+06  72258  0  1.70956e+06  922892  30763  869556  65688  102080  132180  49199  44816  31297  3250  41165  4936  23458  292762  24356  191981  89199  12013  477260  56294  12322  1559  9854  45844  1895  1284  21062  231826  3528  24486  80682  61887  34908  106602  215840  138792  6374  515289  97844  2.38666e+06  341254  84478  204444  97647  27122  17631  19537  13367  69050  58263  6593  25000  1107  6457  303202  22856  47030  39877  11778  122590  29112  208362  
2027  759  1362  1351  471  84  3278  14792  56  269  1303  2462  4967  2491  61313  706  746  157534  4051  806643  0  761248  34109  312789  16044  29781  19382  7187  7698  5535  214  4037  340  2502  36826  2077  26328  10630  1674  79562  7849  760  114  366  893  118  58  1339  6762  150  377  645  892  835  1306  6418  1330  152  42992  8238  112934  141508  44437  25312  41671  4371  2923  2276  1468  6796  6319  246  1713  75  507  28302  1245  4004  3500  685  20656  2771  21418  
2159  826  1550  1074  370  49  3141  6000  31  167  328  630  809  798  45908  304  371  116379  2371  213398  522257  0  63296  749436  21743  41217  14423  7778  9168  7167  206  3357  132  1844  33993  2105  24030  10461  1779  67393  7928  536  66  244  551  67  28  812  2078  53  124  169  218  191  372  2328  336  49  17198  1777  31481  57314  51560  22530  73638  1774  1147  956  839  2006  1843  74  1032  28  302  16094  659  2941  1789  503  14329  1712  18159  
41481  17518  12599  8917  16804  1846  39902  82682  6918  4470  4266  817  599  645  3750  5833  6960  655731  1.08328e+06  49868  44201  41925  0  495887  1.22729e+06  231214  112453  81385  1.27196e+06  712978  15274  101152  1006  43579  118793  21314  328234  83544  11359  232700  66478  1340  179  781  2187  191  65  3528  11271  695  1348  1142  121  91  245  2179  3772  229  38613  4798  55041  32795  6258  23213  9810  2658  744  825  861  3034  3226  242  1178  40  333  30548  2810  7189  3541  1546  13695  2834  68301  
18091  6839  13063  6147  2312  149  23773  27600  130  510  478  897  833  1527  554749  721  1614  241906  10790  508278  296705  839904  547556  0  1.56181e+06  564396  179531  51013  73681  58786  1037  18233  408  6821  114472  11553  99636  21129  7913  483108  33242  1311  191  723  1748  179  36  2814  6072  191  271  422  206  132  211  2533  630  80  15123  1729  25657  20454  15048  25149  133160  4615  1336  1424  1219  2189  2171  86  904  21  333  29084  1993  6057  2246  1285  26593  1604  106164  
10196  3575  8193  4312  1599  324  17197  19816  2288  1717  1785  797  733  1164  30752  2393  2771  109313  157265  36979  27307  29043  1.14837e+06  1.50693e+06  0  1.74274e+06  1.00373e+06  220734  2.99373e+06  102717  2403  14940  440  7648  196058  22335  78384  31492  12081  584267  155976  651  97  446  1081  104  39  1632  5047  279  693  793  110  78  225  844  2356  154  12908  1971  17567  7502  1692  6506  6518  5419  512  580  457  1484  1407  127  610  28  140  14687  1416  5031  2679  1033  8812  1472  93638  
1287  383  1118  624  195  33  1877  4909  43  176  227  263  294  736  63537  451  520  43060  17809  27846  19227  22962  148252  369682  1.81291e+06  0  734507  29343  33832  15145  306  2125  95  1176  17813  1562  11447  4928  1302  252002  10096  109  12  71  173  10  8  209  1627  30  91  356  58  47  80  325  384  19  3442  373  4906  2747  629  1797  1164  272  158  160  93  257  231  23  108  2  33  3311  208  830  377  140  2275  190  138858  
29153  1031  3410  11926  257  144  6504  19341  257  1273  1005  2508  2311  3684  110124  1829  1632  24251  9565  71371  20064  22437  35444  121097  1.06625e+06  634125  0  289492  30338  13596  377  2596  336  4644  288309  21874  104998  111147  12338  910972  604294  2944  41  473  4079  44  35  816  7704  194  423  1414  317  252  477  1081  2020  140  7970  1388  11953  1898  632  1993  1790  585  400  654  1022  969  1529  115  998  14  540  10619  1926  1678  1787  1704  6378  1677  115336  
300542  12098  70875  167636  2501  892  88087  43729  1205  6431  2658  10000  3629  3146  2364  22558  24910  43039  37299  20846  13148  16951  80310  91646  196580  8344  401067  0  326255  486404  5841  370038  4556  80682  183560  58458  632210  131622  28873  136778  598152  16157  292  1741  25151  245  50  4309  8935  467  925  700  822  435  512  618  2620  171  5934  1120  8609  2768  866  3779  3664  485  187  1349  4014  996  5223  180  3527  25  2688  11862  5543  7499  4594  7653  3393  2328  68442  
29795  10568  17734  10677  12509  3450  62756  68194  21896  11086  10465  1432  1149  1343  3036  18023  62141  136613  774138  57610  18711  20894  1.45706e+06  116222  3.25363e+06  29375  69200  364950  0  4.02649e+06  72845  96600  2057  31372  264443  43754  318518  154251  21749  262040  195149  1524  236  905  2349  272  163  4505  15219  1474  5679  4435  200  144  712  1950  17412  649  43090  7419  67014  23630  3867  19309  6707  2344  777  973  1243  4898  5472  542  2409  120  580  21953  3477  11948  7045  2353  7987  3728  130392  
108957  19760  46268  46797  31890  5717  118581  117905  12522  20987  28725  1931  1645  2942  6102  56902  763124  149918  1.13028e+06  114413  25261  33621  539225  179275  99226  18677  44267  599430  4.26782e+06  0  1.64596e+06  3.60603e+06  6861  58043  355907  77439  539610  259407  22790  173981  174125  2100  434  1558  4406  481  280  8237  24656  2151  10720  12339  354  281  2304  2685  59927  1822  59083  6849  72695  13864  2837  11865  7273  1946  921  1185  1341  4545  5242  1249  4330  269  682  28080  5931  13965  8549  2764  10857  4393  232227  
6724  3324  2280  1758  11082  2076  22458  29553  3325  5620  8863  255  372  1033  2713  17677  798091  37375  769370  54495  3769  2055  18142  4095  9223  2916  4809  10031  126970  1.77809e+06  0  1.15093e+06  10067  21427  82208  15169  88623  56724  1523  12615  7471  364  94  239  527  105  98  1778  6412  675  2901  4028  109  102  1042  1155  22278  865  30327  3147  31148  2255  481  1886  722  517  297  418  449  1816  2067  545  1569  93  213  9558  1539  2069  2212  318  3167  1526  59061  
445673  72532  27176  60074  73161  199436  96102  211733  13917  148478  48636  2673  2431  5862  20183  298332  1.88782e+06  382529  612768  412130  44296  40381  417131  173636  85568  30984  41360  539162  199447  4.44478e+06  1.20651e+06  0  1.03806e+06  1.48538e+06  345879  127133  855659  190726  9663  104649  44751  2704  532  1784  5680  713  549  12670  38572  3646  14646  23462  671  617  5268  5973  131886  4152  133400  13467  159825  20951  4158  14731  8253  3047  1668  2231  2238  8835  10693  2915  8911  497  1176  47330  8560  11810  10348  2080  17769  6380  212040  
11265  6341  1406  1138  13139  14822  8034  25993  272  22628  4247  106  111  229  843  92186  399055  21576  9665  30434  959  403  2321  818  1000  466  1650  17587  3394  8933  8346  557065  0  313884  16906  8058  159429  22311  304  2284  4031  164  31  131  311  47  27  1032  3183  234  1802  1612  36  26  233  203  8081  157  2890  354  4626  435  109  340  145  80  60  72  49  217  257  107  402  37  50  1469  579  368  401  58  528  269  17283  
1.21991e+06  277572  14148  38961  933213  1.65035e+06  117621  393351  5825  1.01414e+06  8293  1633  1149  1274  3656  1.31701e+06  1.40335e+06  90644  98407  95294  7785  6490  65301  29789  14293  4605  13082  97714  35205  72285  29528  1.51292e+06  1.07661e+06  0  92843  52850  1.3035e+06  45590  2311  21590  45744  2020  295  1285  4640  371  305  11920  33475  3536  3388  3664  264  213  774  797  16158  405  11640  1505  17036  3056  645  2189  1303  376  222  356  429  1009  1249  316  1147  72  371  9925  4685  2768  2471  698  2622  1206  45014  
93472  145828  128779  71783  25133  20240  695226  1.87963e+06  37562  543526  322301  7794  14835  15488  63631  616341  182308  538694  270140  737833  82961  43622  188679  135766  467947  56786  807113  371943  534644  282021  7992  52059  5076  43197  0  3.07729e+06  625052  541237  321635  2.16131e+06  1.65928e+06  11274  3405  9571  21317  4645  3581  103866  444163  35133  36710  54172  1986  1981  6117  12875  28190  2675  93183  20950  160648  29237  7748  38125  19108  6928  5273  6338  5615  10171  11727  1742  7881  280  3577  339561  37067  50888  60209  12170  76678  47800  3.46423e+06  
207286  411293  375979  67657  22704  4140  1.29005e+06  284971  7813  102182  44835  2103  1944  1986  8580  121692  66239  75143  28457  140827  6214  3406  14563  10012  63076  5912  87962  47064  64988  35139  4046  64929  16585  22242  2.48195e+06  0  207760  226371  801036  221037  164921  10711  1686  6258  17576  1926  412  35715  62879  3277  5164  7378  952  583  1191  2566  7186  522  15189  3177  29582  3738  989  4910  2517  846  703  1343  5864  2094  8081  461  3765  44  1045  43865  32816  10617  9688  31005  5961  5629  511035  
198783  179061  279271  145414  160449  29586  759654  2.10884e+06  54120  577490  175035  13785  10035  9191  13198  646741  271404  334577  330773  266570  26803  18670  154444  78453  42893  13956  73125  209812  136198  137928  20378  217002  32690  228614  239669  1.26097e+06  0  1.79175e+06  221978  85850  120697  19340  4160  14973  38732  4742  1056  93994  311491  12382  38822  50564  2871  1676  2711  2781  16975  778  21114  5050  36409  7061  2204  10911  7409  1370  628  1606  3899  3124  6344  571  3734  100  2061  57451  43186  35687  19274  14043  9322  4630  167749  
9282  16021  29437  16770  11117  5710  77040  274839  11807  202960  48435  1493  1215  1268  6938  205351  64007  135763  116869  141396  10681  4595  38323  10602  16143  6094  30439  17576  40600  29869  3830  20860  3440  9437  187239  213732  1.58735e+06  0  25077  43311  131752  1894  393  1583  4020  432  152  8566  31649  1621  6274  8958  282  169  503  1365  5597  236  9364  1926  17977  3149  899  4695  2162  514  352  394  342  1034  1080  171  722  40  191  14123  5503  11640  10578  3326  7638  9065  414661  
86986  3858  137223  30396  132  50  137992  2678  133  981  722  2319  1835  1599  710  1684  1310  3813  2559  6026  892  1004  4125  4355  5381  535  13015  20455  13072  8542  232  1253  104  1360  135526  490890  146132  22849  0  18353  30906  2844  21  339  3531  33  16  398  893  76  148  124  178  120  155  174  308  83  1551  522  1689  472  453  4460  2499  248  48  241  1302  305  1692  83  901  13  324  5226  2665  15255  2719  11999  897  640  18970  
11514  3512  6666  11666  667  239  21334  22457  440  2420  5836  3262  3124  12899  132111  4313  4184  95500  27967  174502  63791  50685  85973  282211  583327  473082  1.75808e+06  103110  207792  100398  1435  7688  729  9881  1.36477e+06  57607  80748  40031  19039  0  1.35941e+06  5545  288  3485  8451  301  200  5184  12207  508  2263  7633  571  467  2432  9353  22336  1849  100224  16095  114273  15252  6693  22310  21295  6511  4162  4618  3088  10636  8545  1572  4771  154  1130  92246  16626  14629  10049  4289  84892  9018  127224  
17031  1871  3565  11095  379  182  11046  8853  489  2921  1953  2978  2366  2598  4577  4219  4163  28432  18898  17720  8725  5273  50128  24758  125716  14058  1.50672e+06  202190  92995  37094  445  5671  1122  20446  1.02814e+06  48490  166692  319342  31915  1.41059e+06  0  1352  50  699  2849  65  34  1200  2636  190  520  749  193  106  341  645  2547  218  8544  1371  9391  1614  495  2173  1230  417  296  361  451  796  893  155  576  20  148  13338  3498  3836  4910  1362  5390  5380  217747  
5968  1645  5776  9705  244  149  14140  18187  658  614  1302  1199  1004  610  304  1912  770  5305  1624  6311  938  4469  757  9101  515  136  1694  8217  1026  1046  69  2009  68  818  7639  3298  8268  2275  2454  1596  1487  0  1.60753e+06  47730  737869  408507  182564  462503  86448  4239  29084  1549  3067  1430  1922  3512  42430  37841  48937  38881  26336  8514  7754  141886  74903  9344  1803  143631  387943  46251  211322  26877  752958  7176  1.37351e+06  312416  301118  360539  150636  54714  44409  100546  88223  
618  885  5105  4265  233  108  13070  15391  384  299  569  267  478  113  110  808  281  1786  499  2416  231  535  216  1092  163  45  216  212  267  184  31  242  21  174  4482  2363  2096  1080  159  529  447  1.19936e+06  0  4195  2222  710749  121558  450941  45670  5257  12296  1068  144  328  600  2441  17571  4676  17016  7785  15292  2300  1230  20013  8624  3729  985  6537  14846  9511  16676  3211  195079  796  25326  252789  495559  83627  46603  2996  38834  14309  42497  
3543  1921  20035  50860  89  109  12862  12649  581  922  247  2752  75  49  43  351  214  521  199  436  172  200  247  479  200  52  333  640  271  240  27  276  19  177  2620  2451  1583  448  365  1322  443  34394  1099  0  146866  587  148  155408  84983  1046  1227  110  213  167  184  178  794  285  1411  1067  1073  255  250  3931  2866  387  79  409  1673  1150  3431  224  1301  12  612  16073  137388  19537  5660  28573  1735  1453  4373  
35187  7753  51321  1.46629e+06  406  266  44961  186129  1665  2809  1516  199575  16042  12032  3920  1265  856  2544  1227  14899  2262  1366  1481  2714  1095  293  9965  38040  3003  5134  125  9020  107  4930  12968  28739  26496  2609  8655  5928  4115  737033  2360  224601  0  1222  297  64687  510212  2416  2527  606  952032  23694  20735  21429  1486  648  3804  2579  63923  9669  4223  10188  20278  1128  463  5082  16041  2958  14250  567  8007  45  6473  17391  352426  26837  2953  113099  3783  5637  6069  
1003  1710  6929  5980  1673  1188  94601  115672  3252  1359  1792  1582  4036  538  489  2004  1173  4351  1781  6824  709  687  927  1390  563  126  914  823  998  809  125  1033  98  1076  26865  10729  10462  3894  488  1790  2066  633448  726880  5089  3167  0  1.33075e+06  1.1646e+06  294515  81577  94742  2752  469  1840  4054  9295  37368  23322  34442  25494  46447  5849  2052  28497  11633  10912  3173  19290  25350  57525  44035  18074  50000  2405  331626  776646  313153  105569  75460  4262  129805  48874  131368  
540  766  2269  2234  1005  3319  72731  120848  13962  2999  2617  665  3231  513  236  1705  1270  2400  1503  3859  382  290  681  620  514  90  805  711  953  885  186  1084  83  1276  27283  8270  9356  3599  325  1385  1808  306373  212166  2744  1944  1.47903e+06  0  833669  587813  661622  1.69072e+06  3225  283  962  2980  3770  85519  80841  22742  57131  23624  3257  945  22499  5152  4535  1005  5180  8963  65359  44182  31757  120881  15537  1.02482e+06  311335  119787  83689  75176  1320  54191  13892  126472  
21185  33345  186593  136911  9506  5418  554584  414552  13448  7018  3844  1832  1240  598  684  4281  3250  8211  4322  9923  1402  2123  3492  6137  2242  418  2767  2689  3458  3109  551  2901  213  3365  92687  72234  39126  12258  1366  7087  5767  303392  461427  269407  26120  1.58899e+06  1.02364e+06  0  2.61024e+06  1.39562e+06  285958  4352  1317  1290  1499  6315  60486  18772  63454  74788  47998  7380  3412  67992  22355  11791  2809  14207  25764  92569  70379  15864  50877  2520  97553  806508  800193  293810  197099  16603  127325  35762  238245  
36349  49918  290429  350473  21362  49998  1.21614e+06  4.58212e+06  242550  103577  221995  66823  192305  71568  34474  23124  17201  33782  22259  145720  17752  8785  14030  15936  10093  3791  15786  13331  14895  14354  2909  14820  907  17393  528958  213320  190785  69656  3789  30099  26694  44837  29320  162511  958207  57055  147064  2.26332e+06  0  2.10711e+06  678291  552044  1.02983e+06  658399  1.11461e+06  162008  45155  10446  75777  31958  751836  73396  24477  47529  126056  7108  10927  14354  11974  24138  28539  4747  24870  1824  79389  448935  492382  410254  245142  20944  74304  21765  381676  
763  1325  3749  2835  884  6392  76842  147852  37446  6573  2103  120  216  128  110  989  1361  1906  1720  2258  190  156  573  407  393  86  628  698  927  1143  304  1250  43  1247  24822  6065  11225  4021  299  1059  1398  3972  6417  3450  2831  126408  894236  1.3131e+06  1.91557e+06  0  1.63092e+06  1516  121  168  228  526  25670  8601  27070  78946  4745  886  254  38816  1242  3883  256  1415  2731  76954  28894  8868  7000  343  15973  116239  254524  65916  45799  718  23004  5346  71464  
927  1529  3978  3721  628  3297  42163  202722  50206  89445  50547  373  723  416  234  8839  2145  5475  3592  5108  498  450  926  891  593  151  834  949  1270  902  183  1135  114  768  24771  6104  12744  8224  781  1904  1996  66936  28747  10005  9114  156145  1.57808e+06  371501  1.13406e+06  1.74677e+06  0  69973  645  1008  1711  2476  2.42683e+06  205334  107739  164948  26000  3803  954  36810  4777  5693  907  11378  20947  68049  45745  28306  491501  189092  887664  388563  789112  409262  348668  4676  169273  23487  319752  
524  506  1185  1555  342  936  7883  114695  9384  242931  703151  1197  2818  15079  1093  99949  8331  18666  3878  49365  1307  515  995  548  860  332  1087  982  1545  1537  462  4079  492  1052  28208  7466  10353  9342  420  2967  1800  1696  340  1981  4184  863  1237  5263  618518  2357  178385  0  4073  10829  750762  4541  226111  869  36102  2182  559424  3686  571  2039  2405  609  1120  1154  662  1537  1882  484  2193  293  2362  17637  14119  13529  9262  1029  4338  1449  22848  
9366  2156  10774  326269  1194  290  55430  299083  991  1530  16084  606565  238605  158148  26915  3025  1406  5958  2262  126640  12104  4608  1297  4173  1064  623  5057  13422  1858  2300  166  3337  106  2781  22685  13063  19454  4095  2462  4082  2822  30155  1282  43872  1.00512e+06  1221  277  32027  904209  1898  1590  5262  0  440814  152559  142104  4782  438  7309  1736  379198  49496  19789  5032  81664  1221  2151  5914  19633  2087  7885  369  4797  73  2763  14876  35760  9408  4684  205695  4769  3720  11450  
3047  698  3838  27724  836  803  50444  203420  1415  1918  42456  89400  505967  328276  35789  5007  2073  7848  2962  135789  10466  4062  1216  2970  1188  796  2503  3913  1590  1372  193  2067  110  1574  32197  11177  15139  4862  1440  3961  2648  7176  550  5441  39117  900  505  9984  918180  2067  2656  18483  525457  0  595662  170331  8482  504  8932  1963  363132  41286  12740  5005  54667  1603  3674  5629  9907  2175  5414  353  3069  103  2405  17727  8671  14160  7174  113411  6736  3298  17690  
3902  907  4097  37241  595  1306  17982  205964  4103  29380  222107  79769  138137  734656  100940  65145  9533  34020  8370  303407  22732  7134  2428  4045  2220  1396  3620  5626  3631  3246  663  6328  491  2285  43982  7357  19052  12055  1517  8493  4072  12402  679  5667  47217  1682  1939  11124  925984  4651  10960  875998  238055  496912  0  503058  36772  1449  35459  5144  1.15133e+06  84798  20885  8880  45890  3230  6831  9023  8210  4815  7689  1166  5422  183  5143  36529  11074  30979  17337  83672  15678  4282  35514  
4229  1295  4587  33990  603  352  9274  66382  467  1994  16116  31719  24276  90777  302942  9225  9872  59610  17072  234870  21755  8636  3450  6725  3138  2112  4968  6169  4588  3611  563  5821  518  2756  45517  5782  25309  15692  1734  16832  6152  11519  652  6385  48120  855  494  5536  145573  798  1455  3956  153364  167201  583498  0  5920  809  37604  6814  1.5828e+06  139509  155342  15427  720161  45129  207041  176569  12011  6915  6329  736  3926  284  2331  42362  14196  16549  13729  60627  193094  10322  47515  
656  717  1852  2348  436  443  14773  32660  3247  12738  19141  624  994  1249  341  29170  5690  18419  4411  17645  899  512  1466  921  1034  278  1066  965  1631  1598  448  3442  282  848  18541  4454  8015  7303  753  3397  2234  44213  16332  9078  7793  44881  79737  77735  138572  83351  2.14644e+06  62697  1117  1864  2253  2899  0  2.02696e+06  803315  157366  28977  3343  928  30417  4766  5585  769  16640  34505  52651  44233  40000  728208  365646  738523  387858  154918  718860  461910  8591  185462  38832  417138  
1125  1050  3022  3812  601  609  23327  42892  2736  4383  12792  850  1456  1677  644  30621  4823  17992  4297  23829  1115  753  1612  1301  912  269  1171  1205  1522  1317  327  2712  257  939  22515  6368  9458  8051  1734  3239  2808  68118  44065  16916  16518  168866  279606  143267  153816  156897  598166  11087  1851  2838  2559  7222  2.41653e+06  0  1.00572e+06  1.92007e+06  95137  8395  1894  57868  7946  13447  2640  16799  42414  207469  410738  764097  1.86664e+06  299492  369308  492119  154909  755783  354573  26033  137615  62356  352852  
4984  2473  3835  4210  2068  917  18914  44694  4105  10187  16113  841  1004  1628  3118  24689  19629  206561  56729  152079  31770  9162  34875  15030  20488  7329  12578  13660  24655  12053  1468  15941  1532  7887  129648  12448  80177  44606  11295  43024  22672  29804  5601  11629  13580  8234  9730  82496  126281  108250  205315  12676  1454  1653  2080  9282  852406  800926  0  3.28758e+06  1.05231e+06  105003  21782  769679  48956  108883  18788  20698  41426  208147  100626  9609  96927  3147  30225  353902  76635  417302  274397  24649  152985  106741  330391  
3047  1848  4074  4828  1284  761  24809  49542  3374  7502  11060  966  1358  1291  1829  18868  10877  99905  28996  88171  6148  2921  9126  5611  6683  1748  6365  7246  11285  6064  785  8453  916  4530  77473  12355  47913  33614  13918  19573  16245  44428  10113  17751  19741  19822  26156  141362  127729  172176  169954  4202  2104  3042  2346  10567  64907  1.70936e+06  2.66359e+06  0  252860  23563  4583  2.08842e+06  21836  186393  15484  30588  82117  1.04281e+06  1.25244e+06  1.08468e+06  308306  6029  64668  740754  115580  488142  335715  36353  203809  207999  487762  
20949  8981  14505  41097  8138  3108  47966  229581  4973  37703  186494  41230  45713  63424  97426  187599  74947  717734  205811  2.10842e+06  159756  56297  95237  45515  65938  25205  49176  53381  94657  42520  5961  72839  8948  39525  380752  38709  313468  154835  14635  147048  72360  28807  2932  13466  85766  4024  3308  30925  537133  4217  17337  497559  139072  153665  745211  1.68779e+06  53673  6805  839028  70072  0  1.99962e+06  985051  162394  790831  72021  142486  138793  28490  97224  65399  6343  38369  2835  15324  290916  38774  137236  127996  39051  302933  57585  373784  
3429  1419  1647  2270  1263  233  4845  14307  163  950  2905  944  845  1056  5011  4119  2506  94249  28081  99490  129080  61891  33528  29995  18360  7431  8486  9035  19248  6670  486  9261  1361  6262  48964  3401  46893  17210  2517  34786  10413  2874  385  1090  3070  359  166  3568  14938  203  758  623  2387  2421  4640  76967  1096  498  171151  4792  1.02442e+06  0  441815  121643  295954  19127  27554  23698  7005  14079  10589  555  7833  377  2688  66277  3069  19310  16047  2784  75213  11988  42835  
509  212  412  1086  129  26  1042  2942  34  149  734  648  426  701  2782  563  443  18799  3016  19534  32300  42124  8664  14837  2675  1335  1352  1189  1828  874  81  1161  184  779  15760  628  5973  2565  769  18020  1399  1796  161  652  2267  131  55  1526  4854  57  198  144  1767  1512  3577  183953  297  117  65718  906  424154  308901  0  147569  619402  27989  48679  44139  6941  7012  4467  162  3224  117  1177  25284  1464  6540  4099  1493  127332  5226  10590  
2956  1502  3294  3796  938  231  15547  28748  647  1145  1440  627  801  422  2257  1753  1273  76395  19144  67689  36420  14241  34961  58662  16638  6880  6350  6719  12707  5221  304  5463  687  3551  67507  7400  35307  19914  14830  33063  11148  41988  6060  14729  18003  8212  4414  62991  70692  15350  14977  798  1978  2539  1375  12016  6883  6645  634393  1.2804e+06  175033  149875  134217  0  451087  1.04829e+06  55846  49520  85612  1.27065e+06  1.34024e+06  51077  171798  896  50564  287380  26910  227584  75353  25616  157254  124823  164141  
1351  479  1643  3305  189  47  3740  7193  100  250  1396  1138  732  760  2430  885  643  23145  3619  18418  30583  67245  12473  143700  5667  2379  2347  2355  3000  1749  92  1324  145  764  42289  2116  10189  6490  6185  33442  3054  24653  1318  5174  13780  1057  464  18094  19090  320  1087  259  4209  2938  5597  1.02934e+06  1213  876  81421  8754  529875  238868  666751  472775  0  1.6567e+06  835708  325043  83388  99572  70793  1526  29717  385  10329  94161  10067  32599  8209  14419  495489  40082  45755  
944  371  1071  1411  168  68  3366  6538  250  423  2388  277  397  435  709  1301  644  12434  3388  11104  5868  4798  5893  13041  5599  1167  1644  1636  2613  1314  99  1157  140  702  30440  1940  8885  6405  6052  18353  2865  18199  1336  4014  8407  2332  1794  17968  17386  3977  4744  360  1144  909  657  80837  2829  2186  98104  153004  39637  15918  18423  1.02413e+06  1.49262e+06  0  2.30655e+06  1.66785e+06  308431  2.9415e+06  191004  6346  31829  404  10600  120882  13294  43338  15982  13376  441225  74489  47114  
155  80  195  486  46  19  582  3438  28  125  2118  220  513  371  487  630  352  3937  910  4270  1469  1551  705  2242  440  202  357  274  405  250  26  274  35  172  4349  344  1865  1349  777  2342  490  1818  112  463  2105  198  140  1458  13189  149  292  180  1336  919  555  164457  314  228  15294  9613  28359  11168  18456  63142  327606  1.51984e+06  0  1.15396e+06  90481  58728  11754  606  3614  78  1183  12853  1227  5185  3025  1343  182921  9123  31315  
476  176  484  1044  83  40  1322  5337  90  396  9087  417  848  1412  1422  2928  728  7413  1563  10284  2144  2659  1368  4835  1117  618  1043  824  749  520  43  574  65  292  13531  790  3338  2371  1096  7056  871  40847  390  784  4974  594  424  2952  19878  287  1548  658  1946  1463  1297  224198  2257  1695  19975  6867  45760  17575  28277  58079  156366  1.11893e+06  811510  0  466917  47399  16909  1015  8180  677  22943  134057  11231  32077  19113  11528  701788  429337  45787  
4490  730  3843  6459  69  50  5001  5433  248  324  677  725  580  453  215  1196  492  2921  855  3547  815  2582  621  5124  373  104  1522  6595  1050  1004  53  1175  31  443  4114  2956  7164  2073  3810  1491  1253  201494  4513  6523  25557  6056  3274  33772  28854  1257  7262  451  3255  1374  1231  3734  13272  15627  37351  19221  17007  9497  6730  103333  50095  156705  24053  424290  0  232591  297162  8356  314516  5608  187785  180675  38639  87916  42517  57990  185505  507397  70427  
1570  733  1574  1792  538  319  7095  16653  1592  1428  2478  316  362  347  1233  3686  4130  40782  13985  42090  3795  5426  4192  10522  3222  643  2608  3528  6254  2508  319  4271  547  2634  25966  3683  22125  12258  3986  8579  5603  15912  4197  5116  6792  36429  26283  63946  44312  39431  46726  897  666  820  800  6886  11897  29735  155304  493302  78367  22054  12705  1.67884e+06  102604  3.06589e+06  37582  64514  260040  0  4.53914e+06  116288  60627  592  14335  150369  26881  107926  54571  10424  160133  42839  79649  
2154  1113  3097  4117  659  405  13616  25945  1611  2192  8265  749  915  1257  1198  17629  7251  47889  13458  50546  4665  7681  4223  13030  2910  668  2630  3515  5385  3067  512  4710  448  2009  34286  6180  20105  13870  5901  8220  5938  49601  16893  15555  19649  106175  69996  121058  85548  23193  48960  2553  1457  1916  1694  12070  19809  408552  258958  1.08286e+06  143465  50182  16238  927638  109110  76021  8697  19899  398058  4.03785e+06  0  2.2448e+06  4.1767e+06  1709  37536  310089  51790  162385  83148  23432  125341  75215  150112  
347  258  594  795  204  154  4673  8471  467  877  5364  243  355  791  391  13017  3135  16704  4059  18830  1135  722  997  710  680  172  672  747  1228  935  209  1726  174  655  11241  1825  5542  4128  935  2108  1628  12366  11679  2634  2632  60226  53412  31451  28085  5089  27932  1890  339  525  686  5332  23658  643533  79857  734995  61219  13853  2116  104996  4851  8291  2559  4710  18106  84034  2.46714e+06  0  1.42235e+06  4543  44406  101379  24423  77129  34878  4643  21081  16103  50812  
3084  1453  4625  6661  804  531  21659  39516  1620  5303  28512  1515  2082  4311  1287  73995  10886  47351  10092  61960  5711  6174  3547  8531  2304  702  2670  4916  4113  3326  729  6841  599  2171  36128  7694  18982  12340  3623  6998  4747  515233  100045  31710  31790  181060  182232  184377  179719  11358  401323  15185  2723  3047  3575  21336  604033  1.80542e+06  409451  423313  264987  80912  16977  442495  74925  33014  11070  32794  433856  113173  4.09838e+06  1.79961e+06  0  965587  1.17847e+06  394600  191986  352389  128501  31728  75467  87634  184099  
61  70  197  265  55  36  1758  3253  117  793  2673  70  154  245  52  5736  536  1207  287  2167  186  94  104  112  91  31  74  90  134  114  33  280  27  82  1449  428  699  473  75  240  162  12580  3969  1048  990  13589  12246  10571  14743  591  91060  3514  111  214  261  1392  218282  265654  13443  8176  16748  2133  345  3328  1298  918  536  3848  8609  4106  6179  19994  541764  0  303699  18868  13448  34186  8655  1563  3716  6980  8916  
776  752  2599  3128  547  627  27699  52629  2333  2163  5885  832  2240  907  340  11846  1788  6907  1869  10005  1424  1783  863  2801  613  168  697  889  898  651  143  1278  124  718  14868  4879  6258  3110  587  1664  1434  1.70757e+06  227936  14938  13046  889599  1.47212e+06  247441  321413  18633  1.2944e+06  6133  1037  1822  3472  8358  1.34598e+06  712660  94372  57341  80126  18635  4665  91267  26588  10262  3328  56094  160931  66154  113531  94083  1.66383e+06  848190  0  216275  72474  256804  103627  9173  32582  110186  80992  
5558  8045  23396  28740  4523  3630  216873  402647  13267  11936  18567  5782  14940  3118  3837  13682  7308  47945  17553  61678  14587  12454  13826  22374  9782  2458  13699  10161  12376  6904  672  5953  671  5010  293778  56472  60818  57190  17021  41785  39552  81725  74464  98282  69728  83169  35321  473612  1.5109e+06  49649  537415  41783  11517  24446  24413  98213  612176  48515  635443  187908  675046  141939  40311  336605  139179  208024  57187  435967  554254  382255  327452  18977  84139  2550  44493  0  1.42407e+06  1.07546e+06  938683  251983  2.92513e+06  1.41185e+06  3.81734e+06  
3738  5163  13778  13182  305  86  31060  23005  599  1450  2049  519  394  230  330  1950  715  4825  1320  6011  696  1877  890  4091  565  155  618  746  798  577  40  561  65  344  9633  7649  5691  3944  3214  2695  1574  232515  183779  163766  107217  38951  4462  823438  104682  24352  81714  6521  1357  1206  996  4550  135036  14353  55143  22335  40283  5607  3387  47907  30061  21663  2526  17841  29099  38147  41560  5247  31017  4209  9881  826651  0  269191  96120  602800  185423  38086  136659  
4181  4910  17142  19593  2260  1029  109598  219079  8900  9340  18550  4066  5165  1457  989  5264  1852  10629  4245  14410  3017  3209  6923  9288  2894  722  1925  2902  4695  3351  257  1749  123  1289  45054  35930  40260  37989  48583  11892  16838  283849  78380  150857  89610  68680  20877  525489  897326  54442  451053  43311  10871  19660  10797  19732  633972  89939  367137  164221  148849  28129  7652  166027  32012  22702  4726  12418  24986  195120  84459  21858  61978  3286  39673  363931  298473  0  1.93067e+06  204117  171137  108211  344537  
596  876  3138  3909  470  367  22122  48027  1893  2411  3285  722  1410  399  407  2456  950  4761  2236  6559  931  582  1556  981  762  272  776  683  1332  845  86  617  63  411  17514  5556  7470  12940  2009  2809  2978  31366  21800  27389  7549  24037  7254  121638  322592  22874  202420  8288  1493  3883  2776  5417  215887  13268  108382  44430  60958  7244  1445  30595  5961  6306  1511  4435  5228  54354  20789  3308  10444  370  6570  292597  66071  1.67022e+06  0  12033  379386  83574  771870  
6477  2809  11436  11426  32  16  10729  2340  48  90  187  2162  1415  1277  460  165  131  721  260  1914  262  701  263  1467  148  39  380  1449  291  352  12  286  10  138  1336  8801  2465  1100  3804  732  868  110254  1358  19092  77103  655  317  27601  4688  323  1084  109  24639  8911  5462  2405  1402  921  4753  4137  7496  1608  1175  13545  13984  2657  383  6507  37616  7220  36985  1243  12807  99  3260  82975  410987  67581  4483  0  10303  18381  3535  
1042  495  1438  2105  162  91  4736  8726  286  1030  5099  574  836  1242  2271  4478  1778  14982  3147  15404  7971  8848  6554  19407  5156  1729  2966  1603  2071  1468  112  1175  96  531  66389  2794  7445  8046  3070  47347  3038  12516  1713  4802  9528  1858  865  13718  26429  1396  19795  1464  3126  2295  3223  159002  22046  3044  46915  14967  64812  28293  36664  77579  207392  393048  296419  1.34674e+06  379320  126472  42092  1925  11982  403  9117  1.63905e+06  86561  93094  136122  90345  0  1.71655e+06  248445  
507  208  750  1131  90  45  3317  5218  190  394  497  163  241  115  158  793  395  2791  1040  2991  1086  2324  901  4277  408  147  451  624  478  308  25  350  34  196  8143  1522  2752  3482  1296  2255  1558  38091  1167  2372  6398  1442  769  8453  14842  719  3210  288  698  589  426  6285  4449  2865  62028  15066  25977  17362  8767  142915  34721  26976  13093  1.04144e+06  481049  23176  35598  1593  27106  1273  36986  814326  55256  118883  87445  53599  1.46796e+06  0  219883  
14562  18553  23233  18326  6929  13974  135535  687242  36090  575024  262549  1636  3904  3145  24106  721592  142708  353767  169214  342404  33088  15644  92022  46622  54983  47127  111563  49797  76974  43941  4669  30160  3901  15341  3.03908e+06  555017  721761  2.23446e+06  41169  145884  278379  17243  17567  12987  13154  18050  13963  121240  545914  50349  610151  59900  1641  3548  5029  23473  637693  35285  469202  140342  363900  68779  13856  180843  40586  24947  22417  22155  25811  79412  44336  7793  31846  1224  13273  2.75063e+06  214674  1.37881e+06  2.73684e+06  7380  761062  237410  0  
