4763550  
2412897  
759654  
4021023  
4380297  
4390631  
8244320  
14646678  
4053587  
7356765  
2932488  
2629781  
2704112  
3652225  
2816761  
5500406  
7791906  
6884179  
8585116  
8626829  
1525446  
1364762  
4276747  
3787632  
7112883  
2247173  
2240032  
2335196  
8729455  
10334622  
2754667  
10138216  
862720  
6947166  
10933157  
4457991  
6589216  
2186882  
733578  
4347497  
2429715  
5306853  
2378544  
526862  
3531512  
3589411  
4964756  
8894273  
14317972  
4847437  
8016899  
2549513  
2661281  
2001213  
3410624  
2730093  
6261026  
7811523  
7012890  
8745364  
9042662  
1656990  
1134418  
5230564  
4021201  
7421900  
2179186  
2237448  
1818728  
8746188  
10628746  
3537642  
9743386  
896083  
6895681  
10704399  
3004977  
5064693  
2269468  
676482  
4183733  
2444118  
11482004  
