3774108  
2313281  
417794  
3380136  
4026822  
4403915  
8087647  
13269149  
4305572  
7250791  
2853247  
2526068  
2483533  
3595612  
2907818  
5188277  
7081147  
5549044  
7620474  
8319804  
1353681  
1283556  
3854819  
3685933  
6946999  
1937859  
1837091  
1676931  
7135164  
8778319  
2886230  
8831843  
819696  
6795261  
10813846  
3554184  
6320255  
2473916  
783559  
1562677  
2401508  
87832  
468107  
698110  
1100091  
411690  
472022  
422182  
59067  
82310  
948688  
106409  
948237  
5658203  
1454028  
4307450  
2078082  
477434  
2926567  
3294449  
4690096  
8511254  
13686435  
5025988  
7443391  
2496089  
2245961  
1862883  
3502477  
2931229  
5561172  
6959305  
6145184  
8125655  
8853008  
1833451  
1198140  
4454804  
4197769  
7242343  
1847859  
1667392  
1386515  
8769321  
9826352  
3435176  
8671386  
925525  
6556968  
11285742  
3144675  
6013386  
2578477  
574831  
1646251  
2225772  
69128  
494336  
677572  
1047910  
412257  
467213  
497961  
108643  
98130  
967276  
146712  
930566  
5644876  
1644259  
17287073  
