0  940325  136347  1.01688e+06  210443  10198  225420  65540  1481  13628  3870  4273  1306  811  1895  20157  20486  48360  16418  23978  6324  41813  68157  158144  29789  4033  19843  484077  66274  98591  6747  503780  3128  1.17961e+06  190913  152985  457839  36353  14512  42162  18272  2677  391  3882  27469  220  276  2241  8153  299  996  705  545  128  252  680  742  304  3399  490  7312  1161  1160  2250  5645  700  192  336  703  1201  379  119  617  50  133  7435  2644  1867  1336  651  1987  1396  73957  
624895  0  26034  25339  781706  8978  398856  73447  7030  14431  5297  868  1025  760  1921  12070  19994  26459  7365  22758  3807  10588  16221  24964  13830  3050  10976  15419  24370  19658  2801  29901  1332  37375  585114  628363  210362  77520  7708  74681  29676  13514  29627  13673  3798  5467  1124  61821  74749  814  2118  681  355  136  234  541  902  278  2639  326  4753  671  737  1620  1415  1104  205  1176  1496  1203  496  102  735  39  794  18566  11335  5647  4167  2303  3894  5983  242098  
48234  30053  0  162702  1900  208  334092  61936  582  1459  592  563  386  243  266  1350  431  4432  1380  2639  719  6023  7547  22936  2921  414  1067  2706  4457  5867  433  3550  74  2866  28087  49375  99790  6210  8309  5060  2214  9632  3401  16016  3702  266  147  23433  9571  115  221  76  178  53  67  108  101  39  368  67  827  173  193  378  866  167  23  149  236  200  84  15  128  12  66  1456  1520  597  282  349  437  655  11698  
911543  15740  120528  0  1819  238  13078  840299  840  5799  2256  870020  36222  16631  8932  4917  1378  10298  2707  25069  7717  11954  13573  51774  31622  3636  88338  202020  59178  34509  499  56091  347  22223  72003  108861  204696  14941  78164  36304  47279  281654  8585  167828  1.41613e+06  1564  1358  134616  185900  852  1000  335  204308  16746  10815  5418  485  588  3350  902  8540  2732  3201  5026  7619  2173  296  1364  14037  11869  6957  202  8266  35  904  9500  63438  5593  1465  11215  3869  6753  22740  
300409  972365  3721  4944  0  921726  1.21856e+06  227150  61813  39148  5450  295  778  531  3617  30023  153374  36989  40590  28657  5155  9633  20356  16598  11204  3064  8433  13918  33756  61868  14148  164363  8366  681576  549041  275762  265536  84603  2260  56990  22637  4761  24141  2740  846  20528  9255  88846  154428  5350  3295  1124  248  110  196  855  1255  456  3948  478  6767  919  927  2291  1349  1330  290  912  977  1709  832  162  1479  50  2550  30271  9025  12605  7885  801  5271  3392  269588  
40348  78269  1399  2081  1.11166e+06  0  582204  524637  771407  1.64567e+06  5323  115  213  1349  1737  77886  264750  16580  79075  12589  1976  2098  6841  3708  1850  799  941  1936  18764  55089  11552  326096  30989  1.21476e+06  41964  16064  72748  14341  510  4927  2357  854  1897  346  251  5205  12374  11244  74169  13437  17594  5266  83  51  268  314  1234  254  3033  503  4498  366  307  847  443  375  117  210  336  798  434  129  1111  45  1933  13345  2349  7004  6439  130  4845  719  33877  
368984  1.01631e+06  407545  80487  3.13533e+06  789706  0  2.60407e+06  1.76176e+06  122103  5630  996  2156  1471  6236  22012  103786  31640  139583  35968  9187  14124  25655  38053  12293  3235  7862  11551  74723  131026  23652  38897  1453  33680  564001  326771  248694  113113  7017  46565  22835  33191  72500  33761  8061  75753  80264  305037  492431  33948  9665  1559  879  350  387  1649  2459  1167  7180  1389  10613  2025  1872  5524  3300  3125  615  2115  2554  5109  2881  530  5537  116  12037  72586  23241  44109  17420  2799  12234  7731  345134  
13221  121736  147527  877783  237292  144045  2.00898e+06  0  2.08808e+06  672323  341462  919984  2.52816e+06  1.09696e+06  186595  23433  41506  44874  27249  957017  318252  37271  25764  42148  14975  8531  9037  13161  35162  36394  11429  60886  2806  95915  394313  187636  444770  147649  11321  44920  20189  132248  93672  165732  217755  127244  204143  571101  3.64706e+06  272126  301114  22859  433654  81645  55022  57455  11761  3979  36035  9279  136475  18998  7848  17355  10599  8983  2837  5007  8122  17211  9283  1598  21043  559  38033  268419  71669  156055  91529  3586  73458  13622  398069  
3257  18453  2187  2737  68197  490122  1.1713e+06  1.74152e+06  0  1.90729e+06  2161  157  201  312  604  14013  47067  18894  173873  5049  689  912  12468  2081  3971  388  1023  1883  48579  52473  5540  14262  529  20240  81255  32959  81690  40023  540  5267  3496  2400  5446  548  325  19384  62817  22786  142586  65025  56410  4756  94  50  121  437  2023  622  4598  1784  4963  494  456  1815  571  962  194  496  755  2442  1581  296  3289  92  6943  24199  5618  19117  10351  471  8117  1524  83290  
26434  37882  4228  7768  65282  1.31057e+06  153139  1.35945e+06  1.64488e+06  0  120140  1816  1831  10827  1482  2.0162e+06  288977  54604  82289  23700  2863  2747  12759  6197  6218  1276  3703  11558  42164  64942  17799  586131  104994  806362  202906  279220  492356  410673  4691  15053  10712  2687  2998  1047  1082  5819  15468  9905  234750  24735  347760  91698  411  178  1962  1067  16681  1190  8907  1723  11152  972  835  2329  1058  1394  454  875  1489  2319  1114  301  2527  134  3428  56538  20167  29078  48029  1059  33349  4219  427127  
670  1709  802  6709  1314  384  2867  470721  2082  357941  0  2122  16364  807142  1853  70779  2105  9562  440  736924  3728  670  423  906  1174  910  692  1014  1288  1070  108  5177  1943  3397  18062  5283  14470  9917  906  3321  1691  3429  1891  1147  1413  3026  5497  7572  156453  5248  314026  255831  1349  674  13411  2214  57495  5245  31896  1400  52791  2142  865  1961  954  1637  616  981  1768  2913  1655  1432  6183  666  3032  65265  19952  25792  31330  988  22152  3788  51427  
4166  5013  3828  1.13214e+06  2594  202  8585  1.28866e+06  540  2321  1823  0  495876  142431  71767  1474  391  2227  321  97360  26052  4481  2019  5986  7157  1836  14089  16803  9819  2258  42  3031  113  3439  26059  4245  15613  4812  31237  14374  30293  51899  2477  25560  377614  3411  1008  25005  437388  571  673  783  838704  102921  40919  28013  291  287  1732  366  32942  6046  1903  2009  3164  682  306  411  5336  4460  2674  115  3264  16  630  7093  9489  4916  1515  3655  1905  1142  8426  
2704  3040  2219  174599  3599  1096  11022  1.24764e+06  2115  2097  10183  543709  0  659811  153969  1113  589  2707  398  328310  93440  8376  1328  7615  5063  4115  8433  9836  4795  1699  111  2496  100  2665  31641  4072  18918  5181  10234  17662  10369  18406  1877  7948  86406  1831  1343  12700  382783  1255  3482  6706  216437  317583  87743  30311  743  375  2987  386  58606  10136  1607  1459  2969  843  1072  600  2262  2387  1321  149  1790  32  714  10375  4792  5189  2873  1211  3596  835  16794  
1719  2702  2286  88380  2665  637  8004  964007  2716  44715  840865  150828  496837  0  335741  3594  1451  8733  651  986337  145258  15973  1613  12279  8286  9435  6871  6551  4338  1756  118  3408  549  2661  29613  5067  18925  7327  6512  25797  6427  10114  2346  4692  25572  3387  5080  13206  344871  9941  68988  88299  49254  55951  696201  109465  18626  3226  31210  1674  276192  36411  4150  3120  4307  2481  4632  2644  2154  3913  1945  1135  6148  683  2685  52572  11933  20269  21392  787  22688  2759  43247  
2727  4923  3390  65420  4081  351  15252  334553  616  2286  2982  60153  93831  529567  0  1335  7923  35782  1890  1.75833e+06  185477  76484  3819  566259  33582  78152  13573  5500  10491  6110  718  16724  3052  13292  81721  5872  42369  12862  3071  122666  5868  8202  1751  6057  21315  1397  1326  8906  129036  1651  4385  4994  43372  20624  73692  284001  4364  4181  39830  4444  202608  16769  5245  5342  11108  7360  20708  10030  3671  11656  3872  1818  6026  420  1556  49915  7939  18343  12314  1044  42588  4988  44041  
43050  54381  4908  9631  73356  76467  43344  112208  124020  2.15117e+06  104317  1178  1462  2300  1850  0  2.22241e+06  617185  91494  44752  3457  2842  18605  6559  8505  1630  4290  26452  98060  96421  24677  730350  411150  834769  174432  44756  632407  287942  6268  12678  7299  1604  966  883  1232  1474  2915  4441  21688  2012  20679  13410  403  128  926  830  20573  3514  30489  835  30715  1062  668  1382  917  1116  239  506  1215  2309  1302  1353  5633  676  1063  22397  6114  7539  7172  787  7273  3091  278972  
43215  102698  7046  13562  221737  113456  106253  157635  149415  188124  43789  1122  1508  3065  19503  2.35001e+06  0  795338  1.80429e+06  335884  10859  7521  23937  18486  21732  11791  10841  27041  378664  695862  524857  2.46389e+06  806900  750528  344826  66268  436254  125116  12119  55084  35016  3039  1780  1341  1551  2152  3870  7808  30362  3302  7311  7219  540  258  3015  5069  26985  7167  81160  3256  123081  4178  2628  4914  3301  3421  1343  1530  3374  8601  3893  3449  11828  1216  1840  56484  10738  17098  13710  1612  16043  6260  175773  
32538  29124  16123  31938  9278  4257  14441  128420  79741  129240  22753  2900  2288  3494  4584  436713  474582  0  3.05233e+06  703372  110169  52498  965107  133515  148054  21666  13079  53930  183009  114511  3207  222088  16191  155095  331214  31947  449534  172720  19470  203173  33813  7360  1959  2370  3679  1640  2669  7722  29366  3815  12834  4471  1054  445  1687  18007  15041  18078  190123  16666  247859  31994  62331  85370  74028  20810  4700  4333  12941  48232  15873  8872  22730  1421  2520  165853  18332  30567  19671  4514  87180  13215  209931  
27007  30330  12232  22252  24979  42301  148305  233732  656150  133938  4003  1394  1328  1083  13274  70890  1.9134e+06  3.3196e+06  0  153193  6365  6891  1.25396e+06  21981  217037  20401  12037  42241  899593  1.29951e+06  409710  355421  22453  154508  232663  36663  349966  129479  15619  90565  30048  2155  1240  1172  2046  2714  7087  5572  25359  5475  12714  2198  483  202  694  3943  1768  2387  27206  5111  57491  5878  6974  14029  7106  3756  1081  1012  2798  9479  3070  921  3908  306  1195  28313  4406  10259  6277  2152  11303  3718  120562  
15787  18188  19439  143890  10216  1221  26315  1.06067e+06  4022  46255  703301  86907  323757  625584  1.60781e+06  12542  17685  952600  21957  0  2.12233e+06  615218  43348  839249  125473  186865  56028  39707  132647  67957  1831  88258  10080  45267  430716  39223  230492  84066  16185  582405  34175  28494  8629  13105  31468  7275  8738  38830  356784  10240  33946  51310  50961  19876  114632  177549  31648  34798  404734  59774  1.51805e+06  163563  129490  204322  136239  52385  16483  12979  32349  130418  41152  15756  52354  3802  8368  373926  45420  98429  60535  7898  186895  32349  210612  
1747  1788  1620  7039  734  74  1727  55400  208  893  548  2042  9748  8761  53286  241  589  164729  1904  863455  0  438308  33656  232612  16094  25039  6953  2776  6766  4332  77  9467  590  6774  110402  2097  22812  7153  1342  152693  2755  1785  494  660  1211  313  380  2005  15686  394  857  815  1140  316  809  6366  540  694  27545  3432  58359  58259  42191  39626  48850  7754  2464  1378  1806  6967  2761  235  2566  171  441  52024  1831  5232  2735  500  39629  1695  12158  
2368  1358  2909  5149  261  15  909  6363  45  277  120  577  680  1738  36894  94  225  37537  719  207054  429276  0  68423  667328  20465  49829  6843  3131  5579  6797  52  9004  174  3876  82821  1175  20185  5730  1382  114786  2639  847  143  313  494  50  40  495  2337  46  148  292  275  106  248  2117  98  97  6806  391  15030  42824  37529  20398  56730  4711  1330  630  856  2571  1265  34  980  14  118  26620  688  1725  532  281  21244  582  7048  
31077  26195  19875  33235  4364  1562  11791  54173  25610  11974  899  1949  1397  893  1516  7193  9343  852804  981148  42430  35679  93548  0  585979  1.15649e+06  31786  10800  56560  1.25254e+06  619086  9881  248154  3860  98285  153846  15874  280691  87889  17335  95148  27331  1385  366  1193  2424  403  732  1672  6853  764  2023  356  400  91  189  9873  482  312  31067  1231  81684  21324  51604  65730  62454  6386  2292  1209  1713  3626  1496  129  1201  59  245  65272  2220  4182  1498  2389  32042  2140  63491  
21638  6758  26670  47255  1077  94  5778  26642  275  1595  502  2425  1929  3535  473515  620  1591  73923  5330  502970  220273  777857  507954  0  1.56211e+06  504279  35958  53598  119039  91881  434  80972  1024  18661  286870  8857  132140  29740  10172  450274  13212  2770  456  1901  3837  175  178  1607  8987  174  572  903  1701  478  1695  8521  376  325  18417  1217  65039  29776  48384  77682  247105  13955  4255  2182  2706  7198  2640  115  2208  57  318  83058  2884  5478  1902  1812  60593  2122  49501  
13196  5156  10009  24150  1874  376  5100  37094  4155  4519  977  2092  1663  1354  18735  3021  4230  101285  109329  74577  26208  39407  1.16525e+06  1.47199e+06  0  2.02763e+06  912907  170816  3.06664e+06  97442  1010  88888  2308  22601  171050  24495  103206  57773  16378  758958  155264  1310  280  805  2353  289  435  1337  10997  388  1448  724  492  209  336  1738  557  572  8086  1304  16762  3249  4041  6459  8949  3068  788  651  1449  3376  974  198  1221  83  342  18201  2600  5013  3522  2031  8693  2224  140201  
2454  1074  1342  4771  451  81  1114  12383  144  952  229  489  503  393  24207  471  1270  32145  17871  37695  20846  32072  107021  316186  1.88983e+06  0  172606  20005  80273  20092  164  23530  678  5995  27912  2807  25051  10775  3592  311135  7248  370  72  175  628  90  134  382  4705  109  311  324  176  97  126  518  147  197  2241  450  5293  1448  1135  1468  2407  692  226  189  473  1075  322  49  366  17  123  5179  632  1567  782  601  2616  583  95602  
12371  1020  654  13021  513  49  948  7631  152  1488  566  4629  2333  1537  8274  1162  895  6755  1072  18672  4488  5909  4926  22504  1.02965e+06  295076  0  188815  26889  3736  109  4844  312  8919  145091  19039  43466  45421  18939  559070  419511  1780  78  350  2572  75  87  582  3004  63  279  355  651  183  316  366  222  165  1742  280  3747  539  613  1002  1403  685  196  293  989  1333  387  62  466  28  95  5804  3335  1678  777  1223  2670  1627  64155  
203823  3209  8999  71527  1082  130  2481  14474  541  4393  1582  7919  3617  2272  1980  5306  2269  19527  6269  16197  3868  21472  25936  93693  118808  5962  203092  0  488959  293306  801  388899  422  65454  159392  26776  259073  112931  41678  102681  220725  3586  175  1026  8364  104  143  1182  3282  146  606  310  1238  303  477  618  390  311  3284  499  6456  1121  1180  2367  4038  971  198  560  3313  3350  921  127  1083  36  149  6057  5903  5936  1328  4769  2303  4643  79133  
13480  12788  7698  14461  11030  12909  55995  53698  167160  21368  2859  1078  839  689  4747  73021  93573  147939  390666  70771  13251  54563  1.63118e+06  227649  2.94081e+06  59819  28701  370974  0  3.78333e+06  122829  157727  4399  40599  113368  20267  137142  56070  8977  156054  25514  1250  617  633  1296  1117  2809  2518  10409  1731  2217  830  285  137  443  2421  1516  1187  14073  3042  31540  3287  2865  6062  9723  2201  790  685  1584  4922  1628  451  2425  245  579  13470  2336  5795  3275  1240  5733  2200  51910  
51268  33169  29003  50294  31937  24019  93529  94302  138028  25931  20950  1551  1320  1449  14031  97250  741091  299780  935766  252250  34594  117919  671571  445162  106081  20038  14066  306640  4.13791e+06  0  1.68982e+06  3.71528e+06  13666  131178  231849  33060  364326  113053  13913  127274  28349  2554  999  1877  3396  1182  2179  4482  16624  1876  3829  2996  501  218  1456  4323  8462  3324  41162  3605  78148  6317  5422  9415  19484  3492  1341  1219  2824  7887  2895  1689  5826  469  968  35408  6340  11715  7825  2165  12339  4381  119890  
8944  16699  2730  4498  20649  11641  41060  39550  32785  9314  7239  245  375  444  3716  49500  960694  53383  637058  68752  2798  3205  25427  9596  6406  2745  2066  6031  249931  2.04296e+06  0  1.50085e+06  5404  46241  58047  10628  112019  35675  2372  8945  5396  582  373  315  414  404  556  1553  5601  545  1226  1310  119  51  446  782  3861  1000  11053  545  19461  761  636  1126  897  543  219  254  485  1286  598  427  1604  174  293  8871  1693  2637  2086  273  2511  1005  36092  
461729  105551  33978  101374  148039  173010  31867  191429  9410  263378  68042  2993  2392  5372  24641  371557  1.76575e+06  582784  251755  504500  71405  149512  376309  396060  89142  33688  21049  655343  206682  4.22884e+06  652009  0  1.1373e+06  1.95222e+06  312384  48686  1.03462e+06  160640  23202  128836  47013  4429  1665  2769  6791  1564  2150  7844  32900  2523  8048  8200  925  374  4055  6116  27791  7245  96495  4578  152975  8760  8130  13938  19751  5010  1932  2116  4319  9781  4623  3844  12515  1141  1813  75514  14272  21218  16795  3868  22014  8106  175826  
8563  12905  443  811  22012  7151  1295  12187  379  23587  7096  78  100  815  1025  150995  323535  32307  4621  31812  1578  1000  2305  1698  1352  1141  648  1965  2621  6615  2044  605595  0  345324  7136  1762  48389  4661  341  2417  741  228  118  132  105  145  196  598  2631  194  764  1014  43  26  539  331  4008  620  8369  219  11323  387  377  588  375  235  100  144  187  364  275  255  1151  139  170  5679  1225  1278  1233  117  1303  487  6472  
1.08731e+06  209342  7879  25231  908602  1.31358e+06  21332  239839  15982  843380  22406  2189  1490  2230  6470  1.04964e+06  1.12778e+06  243903  63008  122681  16527  27550  81307  53959  13307  6933  9421  85766  72375  143448  42727  2.32987e+06  922750  0  72109  22788  939029  29965  7093  21534  18943  1381  910  924  1912  1521  2565  5503  21830  2584  3855  3175  528  149  1073  1269  8431  1627  19825  929  29702  1746  1939  3281  3681  997  399  452  1025  2054  1000  745  3054  353  801  17528  4151  4996  3873  838  4888  1727  42413  
96556  222936  51119  120891  154476  6753  215167  2.01895e+06  38489  763532  143791  16138  34675  22441  64690  282601  23909  448188  82070  456291  86683  123470  164767  315888  411800  93147  377049  401605  555897  253268  3534  221932  8067  51820  0  2.91596e+06  1.141e+06  898164  238178  2.61521e+06  1.20265e+06  11566  9319  11016  14790  10926  11363  50982  289807  14124  71809  38427  5415  1430  3674  9801  10145  3034  35884  4593  75951  11140  13274  24067  30085  20278  6513  11377  10928  11673  3932  1094  6434  375  3512  349753  32487  43386  49033  4861  83007  44302  4.64373e+06  
26829  234191  130401  210423  39282  991  157772  370649  4552  64225  34287  4215  3836  2953  4198  32436  3518  35810  4889  49743  5539  10044  11667  28424  49778  8876  39088  52280  70811  30768  453  32400  3027  10959  1.56416e+06  0  550911  438517  492053  348492  91413  3193  1451  8267  15088  1188  1096  7139  42496  1192  7825  4812  1278  242  692  810  2288  450  5001  486  9900  907  845  1739  1681  1132  211  936  1435  1429  530  192  926  62  363  27136  5541  5807  6430  2188  4535  5105  591023  
109933  197129  110025  250500  79076  2653  55163  1.10578e+06  46715  509492  101251  26415  27446  18455  22647  441888  45223  282102  105749  208121  41089  53307  109717  108831  36027  16661  30047  75541  140014  140665  17075  120941  6309  188589  419234  601213  0  1.65421e+06  502656  71336  86131  11794  4165  12986  26994  4785  5876  24221  148487  6404  34721  25054  5668  1290  3295  2970  9082  1699  17059  1795  32480  3715  3764  6942  7141  2458  741  1374  5263  6186  2294  639  4121  307  1742  33677  21653  19817  12738  11167  11435  7997  313226  
10586  30814  5259  13080  22686  732  11730  271975  16770  212008  36576  1849  3316  2527  12157  146137  10144  88535  38625  80611  14393  11908  30442  17758  17007  9875  9325  17924  55295  37428  3651  16712  1480  11237  187192  222137  1.50965e+06  0  52512  35792  66723  1435  947  1317  1768  1165  1564  4998  30154  1782  11295  7410  627  180  554  1187  2692  557  6523  786  12745  1353  1342  2645  1910  1183  386  794  2525  2826  833  214  1365  93  527  16388  3653  10154  13024  4244  8808  8205  559966  
3098  1044  7487  28200  433  79  1023  5996  209  3217  1415  11229  7451  5975  2553  3420  454  5786  1263  7282  1683  4584  5701  16043  19368  2765  25769  40900  37519  9564  111  8552  150  4050  115030  371746  313910  32618  0  33394  88502  4195  107  1671  5353  54  78  1617  1662  50  302  160  733  210  922  409  220  94  1110  164  2030  476  548  1171  1218  486  78  408  1660  1351  454  52  554  11  78  5488  9858  5172  726  6275  792  2714  25066  
6487  4863  3679  22395  2402  191  4753  32014  607  2238  1970  15605  10611  14426  88632  1202  2624  53422  3731  132669  38151  46056  31726  226126  613002  530169  869484  74670  154108  50565  252  46018  1135  8595  1.79288e+06  88428  54740  44435  29625  0  1.12502e+06  4043  598  1221  4059  449  528  2676  16681  509  1714  5037  2411  676  2030  6933  2255  2247  25461  2990  50949  8420  14568  17425  29236  13453  5313  3751  4699  10536  2825  904  3932  228  719  92406  9006  9048  5572  3076  69193  7816  96066  
5698  2532  996  10626  1215  52  1947  10360  191  2705  1206  7224  4612  3581  3016  1803  529  9880  1832  10536  2185  3203  5840  6224  265074  18165  738813  53482  47313  3362  58  5398  176  3809  714190  75581  36802  135682  51928  1.27304e+06  0  1102  121  323  1298  82  95  683  2580  119  475  198  531  158  604  329  276  109  1167  152  2296  377  404  738  797  802  193  547  1391  1103  309  35  379  7  83  8320  2935  1700  1162  1100  3846  4778  146465  
2120  4275  4700  74893  1224  225  5897  22701  1468  4393  4570  7064  2918  1082  674  1946  697  6230  469  7994  9770  12358  1239  10972  1622  367  5641  9599  3425  1499  42  2410  234  749  10697  4816  6605  2627  13085  3131  2582  0  1.38253e+06  46328  739037  361967  218160  354012  109848  8744  33526  4775  26068  5291  1554  7371  24355  36580  67802  14752  32842  33964  51168  120358  82475  27119  3549  13737  186577  91361  88872  21286  507815  1487  1.3188e+06  386249  328292  488367  53994  19873  69449  29076  110283  
384  46038  9778  11872  16682  839  43955  66759  3301  3252  2899  165  227  431  299  1407  683  3235  299  5350  4185  4599  608  3510  438  228  375  341  626  442  63  912  155  540  10892  3857  3911  2220  519  1602  1002  1.36753e+06  0  3821  1677  560763  98946  217671  53010  9718  19310  4499  501  320  512  9298  10794  7543  45812  5790  40383  16151  19182  51642  24516  39295  4290  20835  13358  45778  24252  4892  43110  331  43532  684013  427367  257674  51565  3787  143523  33328  136469  
1411  19370  47764  177789  1036  50  27493  79045  140  301  220  1258  286  187  146  203  68  500  90  755  537  739  388  1328  481  68  1254  2350  959  486  15  539  14  115  2475  8737  5057  518  4297  819  771  35558  2184  0  181654  284  598  233676  105106  306  630  264  6330  963  870  1139  670  344  3159  415  2492  1617  2246  4698  3714  1372  189  707  1255  2715  1954  147  1545  15  1012  25218  42100  25061  2162  1335  4349  2043  8111  
19528  19248  48733  1.57374e+06  1595  131  26573  294858  342  1898  948  280043  27975  11155  5895  1445  332  2680  599  10503  3158  2992  3196  10359  8544  1146  23839  45460  16716  6852  64  9182  76  3684  21430  22438  49792  4323  49277  11073  19003  1.0785e+06  2130  208854  0  1105  866  42914  639545  528  543  185  615894  32136  15719  8394  273  441  2198  579  8284  2429  2506  3840  5053  1363  197  903  11178  8034  4925  190  5804  20  1213  8557  124394  7108  1304  10530  2515  3861  8950  
318  11092  1523  2517  21596  5175  61969  97153  17516  7760  4213  195  284  423  349  2337  1373  3615  565  5963  3475  3404  784  2240  573  233  421  602  1260  933  177  1884  186  2043  23607  5307  8539  4615  366  2363  1465  619432  1.03113e+06  2236  1137  0  1.42595e+06  887009  169970  37019  63962  4579  575  407  587  12284  23240  27782  53433  8826  52265  14957  14050  50829  14779  27104  5216  13274  11755  64505  45405  21714  73048  1143  379824  658054  89747  307030  90431  1327  111118  23980  203619  
321  2356  553  1222  7310  6118  24773  169124  66588  21404  4843  180  310  424  356  2612  1499  4444  933  6092  1350  1149  571  896  559  239  372  594  1640  1101  224  2095  228  2065  18828  2650  9401  4456  302  1966  1001  274922  218093  4856  872  1.24818e+06  0  812314  505222  730657  1.47985e+06  4276  362  247  381  7177  59411  75989  37702  52578  30985  5577  4148  50118  4630  18629  2709  2793  6350  173999  158165  50963  235752  8300  966179  126226  135535  95526  32705  839  26482  5223  62845  
1767  181016  37183  61468  105238  16599  306558  419506  32089  9168  3425  1030  1231  857  717  3203  3672  5894  1445  10368  4528  4023  1751  3858  1475  479  1243  1822  3199  2780  559  5386  410  6988  60338  19615  27713  10788  1553  6115  3316  314466  594327  192829  9283  1.60298e+06  1.46941e+06  0  2.42285e+06  1.34927e+06  118120  4931  2010  1028  942  13361  25248  20901  56395  25744  56723  15272  14898  85148  18658  43259  5559  15872  12325  228871  148858  9352  20890  343  25331  679163  320237  209976  73224  3819  129541  29026  221534  
6160  228080  76980  425214  207270  35630  522109  4.31173e+06  368273  274877  110969  125805  304172  143473  45041  12792  8875  18967  7624  205977  48578  13204  8812  14842  7265  2576  7389  12205  16132  10681  1655  17037  982  21402  325632  66682  181136  85295  7916  27954  16373  120554  108974  267766  1.0365e+06  117287  332301  2.34059e+06  0  1.95057e+06  793860  357637  1.57736e+06  1.20152e+06  777933  267585  20549  10272  75147  15185  631771  85718  27537  52072  49261  23601  16903  15012  16298  34236  21189  4473  64563  1495  120726  703161  454718  775825  305347  5791  134461  28812  566180  
293  1471  444  728  2296  3442  8369  253306  102563  40675  2616  101  96  248  186  1271  746  3100  1164  3641  514  448  561  520  436  134  259  456  1495  826  119  1222  112  1321  16623  2209  9313  5404  248  1352  881  9972  17824  2078  419  20110  716310  937916  2.10588e+06  0  2.12088e+06  1802  149  100  149  2422  26177  23656  32136  89017  21981  1741  1390  59903  2043  26235  1378  1305  3858  174180  120151  2986  15045  382  24710  48493  202399  61325  30705  530  22821  2580  46934  
502  2256  889  1843  1775  1404  4630  334855  54081  241847  50533  454  701  5264  461  5795  1001  6662  1911  10110  1359  887  905  983  869  358  644  840  1472  905  94  1708  304  1493  25071  5645  16693  15762  559  2116  1852  45251  20057  3204  1223  27380  1.24083e+06  67293  1.13108e+06  1.77432e+06  0  70549  731  598  7451  7428  2.47541e+06  181787  95057  112165  38182  5119  3044  58360  4260  30958  3561  5640  14567  166198  128020  46083  635816  92687  990025  169085  370564  229404  215006  3244  146054  13340  194841  
477  1552  546  1737  1047  355  2158  91518  7003  264199  308123  531  2528  14894  946  42290  3528  9548  1100  40556  2491  535  686  881  1412  1212  734  700  1427  1101  140  3575  1153  1932  27575  6543  14943  18345  410  3879  1661  1837  1144  641  492  1456  3231  6275  498727  1477  222472  0  959  4673  723580  3321  54926  3463  28428  380  388007  4407  743  910  933  1056  404  709  1576  1871  1017  840  5434  833  2416  21766  7259  14998  8550  1654  6210  2657  38246  
1554  5113  5043  329424  3012  211  10263  561396  553  988  2526  746824  242016  60025  38496  580  229  1498  217  54520  13240  2977  773  3300  2231  1079  4203  5469  2703  848  32  1142  53  1070  10558  3767  8236  2581  4651  4857  6423  80058  3084  43727  883655  3344  1257  35693  1.24678e+06  733  682  723  0  419757  137921  91703  415  447  2395  510  94461  16319  4467  3237  7015  1323  747  824  9790  7510  4648  173  6078  30  917  11776  9614  9251  2400  10603  2963  2057  8826  
493  1623  846  64145  1998  382  6737  179262  930  1608  5839  76579  372820  107961  23854  403  266  1639  161  86187  15398  2716  382  2576  1123  1109  1193  1518  1014  487  29  720  62  635  8715  1485  5369  1810  1114  3377  1252  31720  1161  8373  132981  1403  1159  10279  1.21978e+06  634  1638  4468  500060  0  456977  203212  558  529  3176  581  266223  34099  5983  2526  14397  2140  4839  1747  6400  5696  3427  169  4675  42  767  8517  3071  7101  2954  6717  4867  1288  8032  
668  1579  944  33234  1602  735  4482  191480  5415  29248  78734  22666  65266  710715  47670  12554  3685  13907  868  308489  42286  6571  1290  5804  6492  8211  2900  1471  2824  1765  177  4596  1280  1948  35335  5193  17492  15060  850  19452  2075  13295  1539  8879  49838  1884  2847  13185  936462  1748  28185  805174  159853  272886  0  553152  8019  2335  18978  1100  1.05251e+06  96634  9750  2494  8979  2424  3272  1654  3314  5567  2648  1067  5419  408  2217  28923  6666  16805  8668  2241  10730  2255  36819  
845  2079  1677  39670  1691  383  5518  125306  1460  2358  13163  11500  24085  93503  221195  1167  1787  27668  1809  245362  23139  6692  2389  8212  5671  6672  2710  2188  5136  2875  154  4568  633  2206  28169  3879  12856  5593  1516  21756  2428  17395  2357  41764  90440  1955  1688  18965  430849  875  2787  3565  223561  197472  587246  0  3207  7583  44636  8725  1.49188e+06  111993  57371  8173  693836  40534  177108  45914  5492  14168  5338  1755  14082  2525  4107  45254  9131  43698  25305  1986  69760  7883  34461  
197  1101  505  1141  691  180  1840  29172  2495  54104  31811  214  171  1146  281  18143  3273  6448  481  11671  1106  560  374  547  470  260  374  463  793  683  87  2798  968  1009  10101  2706  4971  4557  535  1615  979  33379  18160  3064  1286  22354  66504  34808  60517  51168  2.04083e+06  32637  569  362  1095  4397  0  1.94836e+06  791323  187940  25543  3549  1746  21531  2533  11888  1990  4120  19887  54214  57677  52650  916908  543167  744269  143486  82087  274463  180798  4358  90300  13838  155835  
999  1741  647  2638  1120  308  2127  23857  3325  15293  42953  459  458  3649  5390  29772  12808  112839  3729  126717  7589  2205  1569  2986  4406  4134  2066  2361  5391  5004  623  15864  4299  4574  46702  7809  16863  10472  1899  13836  4186  49372  25310  4113  3229  41924  161656  74703  68694  128068  375871  7792  3621  3273  6720  90548  2.47988e+06  0  1.14571e+06  2.22091e+06  302525  26362  7724  73095  15915  43950  20367  12562  42303  349517  615275  427196  1.81922e+06  405354  571313  175909  47925  180233  46486  4839  79051  20174  82883  
2594  2912  2251  6242  1465  326  2923  25684  3449  14649  19935  799  603  1916  2862  21880  15297  106180  12515  94013  22105  15878  23894  18498  4859  2284  2802  6445  17426  10778  536  19392  3545  7333  78423  8648  37008  17616  5005  31568  6885  48189  13857  8223  4552  7054  20578  44688  108922  81777  196273  15408  1638  943  1873  21191  1.12649e+06  1.03102e+06  0  3.27327e+06  1.15934e+06  102847  29114  694127  66338  106186  16701  14381  57788  236837  120538  11219  189019  8187  40960  201162  52358  349308  121968  14650  127643  48240  155688  
1680  1892  1529  4514  1022  211  2371  21625  3398  5132  3181  588  435  497  3212  2308  2340  59937  8267  62196  4996  4114  4785  5154  3612  2305  2154  4440  11887  6354  226  9181  1087  4280  42746  5377  25027  11711  3614  13875  4745  38423  14484  6051  3884  9576  47069  90746  85510  185800  137904  1146  1612  1115  1469  36527  205780  2.03983e+06  2.90793e+06  0  596089  30347  8849  2.13929e+06  22888  305292  34648  16901  55177  934836  1.81976e+06  494634  303240  6458  27373  132637  34266  196626  59047  8196  96709  35379  79501  
10657  11934  10265  42521  6988  1509  16675  260528  11540  62834  167760  13739  60650  77137  105281  69125  39681  468076  58649  1.63248e+06  87385  54865  79076  71178  22785  13136  11187  25800  81037  47188  1954  74933  11889  29577  308448  35975  159180  71698  13265  137282  29198  37756  9084  20738  35698  5841  8781  43522  942052  6190  43628  411571  96654  100467  595808  1.61079e+06  14004  33306  1.1348e+06  103549  0  1.92946e+06  743134  143721  787757  103387  163695  67996  53143  231958  69488  13756  88992  6104  13396  291935  49639  158577  82185  11692  264254  49489  218120  
1886  1489  1696  3887  481  48  1050  10725  329  1769  2076  516  1354  903  3300  552  1087  70538  14594  73711  87711  67188  37592  28559  4212  2004  1634  3821  11589  6699  115  9149  768  4711  52761  3353  25031  9590  2116  33522  4004  8591  1719  1675  1699  532  445  5279  27892  298  1338  385  3036  1274  3697  89589  415  1511  173431  7928  1.07026e+06  0  388975  146641  229752  25976  31192  14419  9930  44289  15768  426  14902  628  1699  61734  6665  26812  11153  2110  73634  9674  30055  
285  247  240  846  118  10  265  2279  58  225  397  175  270  244  771  81  162  24686  1667  16041  22352  56319  25986  29665  1273  696  466  700  1410  877  20  1279  104  568  43160  565  3352  1478  752  34643  609  6978  1254  1048  909  231  195  3299  11049  97  351  83  1010  430  810  142769  176  703  49452  1744  375331  303372  0  159871  684799  36130  54767  15621  8687  24809  11583  168  9944  292  1192  49652  4170  15681  4475  1575  88768  4846  12712  
1856  2003  1881  4985  875  106  2104  12956  765  2126  1117  642  399  440  2186  807  731  148930  21733  76007  50816  98751  138591  119274  8943  2827  2104  4395  10875  7416  112  9444  548  4194  143275  3202  25098  10183  4956  104195  4063  61354  16430  9798  5094  4093  5877  45632  90804  10673  7073  630  1328  697  478  33266  4520  12265  561288  1.23653e+06  439808  155037  509702  0  578659  1.19791e+06  70658  25384  61284  1.3314e+06  1.37216e+06  6353  203672  1511  22772  218831  30134  206762  42475  11025  154653  44182  88128  
832  635  885  3431  297  47  751  6114  143  544  1181  628  725  661  1673  276  328  32045  2066  22504  28435  71940  30914  214915  3211  1602  1535  2326  3773  2364  42  2976  182  1281  63859  1416  8527  3719  2638  50377  1616  35985  4596  4091  3891  658  512  12252  31777  389  1243  259  2197  1182  1156  693649  597  2677  106287  8745  577620  298271  871173  454396  0  1.79024e+06  594353  81597  47245  154344  37556  487  39501  917  3185  115025  16826  45461  14723  5638  276172  16354  55252  
507  698  505  2045  394  66  1004  7829  453  1048  2005  415  655  469  982  1058  971  23443  2898  18773  10447  19503  10694  25514  2113  1113  1021  1584  2920  1782  53  2807  330  1161  29603  1812  6821  3684  2142  14142  1513  27861  5975  4240  2985  1800  3233  20901  46479  9073  4499  400  1476  1082  753  196847  3400  4464  89408  99021  109193  51749  112973  995101  1.76696e+06  0  1.82037e+06  1.11083e+06  166684  2.9009e+06  136703  841  34660  434  4055  253192  39886  51028  18120  8859  625933  204249  80999  
121  179  127  474  117  26  351  5196  92  289  1555  96  678  569  615  187  196  5442  412  8208  2931  3191  1549  3416  789  734  313  324  775  438  19  673  82  275  7471  482  1787  934  273  3953  414  1232  340  305  268  179  206  1330  27052  314  524  145  894  911  597  276381  348  1147  21042  7815  83865  35443  53694  57799  412953  1.5155e+06  0  589239  3729  46856  5550  179  3712  366  675  20720  1716  8351  4662  569  136539  11257  81887  
73  145  85  453  93  10  209  1512  58  344  649  115  117  171  192  213  123  2154  116  2781  1228  1239  806  1641  435  274  257  527  629  285  15  364  37  100  5741  683  1359  1970  1676  2414  646  8467  425  394  484  175  169  1444  7077  195  979  189  432  268  208  38822  647  674  11313  1580  17905  9170  12229  14030  34967  1.08857e+06  358768  0  257353  20977  2292  127  3079  101  6621  92462  11728  24247  7972  12266  288677  386022  63096  
518  337  234  7913  206  28  462  3513  141  779  1445  3190  1204  532  318  1183  366  2812  226  3509  3031  3582  673  3537  918  206  1783  4168  2770  991  18  1286  133  269  5159  1634  4570  8174  8390  1790  2405  215137  5677  4276  10729  1291  2644  14498  17920  1988  5906  565  7227  2849  1094  3355  5014  9853  33090  5491  16023  12319  16930  41882  25378  171878  1584  226184  0  267923  192625  2294  380013  489  59963  74975  25453  127601  19710  41366  27346  230415  42097  
1226  1343  1042  2971  671  124  1405  8532  740  1583  2756  434  293  373  2195  1454  2436  37658  4423  44174  13151  15459  2788  11390  2290  1498  1480  3245  7965  4437  197  7139  971  3534  29533  3767  18429  8902  2904  8596  3453  24687  15209  3243  2307  19582  46495  77598  33984  41879  17443  473  870  486  586  33409  7821  55987  116966  171336  100143  45254  62893  1.35736e+06  108325  3.65995e+06  47688  39027  466378  0  3.98357e+06  64341  108461  706  10197  153645  24642  59162  17645  4834  194295  21876  53683  
707  1471  641  2587  1147  363  2633  11792  1540  3306  15624  553  337  1488  1642  8888  7155  58545  2401  61994  24716  24931  3067  15514  1841  1206  1232  2070  3735  3066  298  8954  2150  2622  25522  4135  10453  6715  3096  7227  2386  44759  59469  4756  3445  93559  255234  284097  58505  139236  64557  1373  1384  840  1673  36792  20457  652234  258787  521488  151428  83040  104989  923434  112973  85831  16507  11793  394781  4.58669e+06  0  2.14907e+06  3.72559e+06  9585  33829  153291  30644  130119  37509  7389  45536  27825  86688  
121  392  148  366  369  146  848  3032  510  1015  4962  62  60  472  472  2905  2166  15308  489  17169  1315  448  245  416  379  298  218  320  687  691  84  2358  615  607  5682  961  2092  1281  281  1333  479  7329  28067  591  438  50966  165426  148884  14590  58580  29699  396  260  182  501  10086  5055  562352  20704  777097  32239  4886  1927  30986  3177  9144  3087  1824  11593  281801  2.28366e+06  0  729354  1310  8822  30753  6753  16876  5524  547  7417  3138  11393  
1180  2136  857  5333  1575  492  3409  29179  3267  15442  59530  1282  887  5457  2304  56321  19575  76462  2868  109933  26053  21044  3036  13190  2481  1613  2081  3216  5149  4869  684  18423  5681  5128  39083  7493  16955  11431  4963  9004  3470  316035  66262  11892  9242  89168  285138  86599  164106  20068  396917  9095  3483  1933  3969  56017  634762  1.9216e+06  448375  119969  325613  98392  89217  379924  103538  47383  23111  17637  369791  254053  4.21924e+06  1.25599e+06  0  1.15727e+06  1.22222e+06  205960  72940  394662  57940  12581  45270  41681  120053  
46  84  18  82  49  20  115  818  90  1281  3820  7  14  259  71  3712  832  1903  105  3650  368  117  82  105  60  48  38  56  167  146  29  706  261  207  1257  283  643  373  69  275  100  5818  2113  291  114  3767  10376  1970  5297  513  28931  858  47  43  151  3237  246518  292494  15625  2821  17956  2927  525  2389  1188  1060  1296  812  3155  3772  10034  14150  596990  0  400358  4022  1919  19191  2987  258  1454  921  3044  
221  1535  483  1538  1762  598  4416  35260  5607  13184  21636  308  402  1253  463  13928  3124  9223  578  17096  4103  3196  606  1777  516  349  345  487  972  823  132  2935  914  1085  9710  2208  4372  3013  710  1746  779  1.3927e+06  231692  12375  3541  624136  1.80833e+06  76062  341279  24943  1.49246e+06  11656  1278  807  1123  14082  1.42548e+06  986615  113809  30243  82727  19038  12960  77067  12680  18106  5636  11089  68684  119438  118168  99769  1.91223e+06  861764  0  134535  60404  381888  46036  6158  26156  38381  63123  
2634  14701  4393  14490  20188  3460  48161  280151  19202  58709  37726  2243  3271  6416  4481  12030  4171  34028  2968  60650  37362  38935  11396  34101  8645  3727  7607  5401  7468  3877  308  7875  1374  4434  300048  47653  39712  34710  7325  37361  26574  251925  157153  97325  41473  95687  50475  507537  2.46361e+06  34027  637562  116361  11215  7841  8806  167202  228994  34654  554995  38528  618009  190563  190627  438401  219416  757370  112657  539591  344082  479334  83333  8796  92550  2925  41386  0  1.92667e+06  1.11134e+06  741882  71696  2.91044e+06  1.35765e+06  4.21514e+06  
394  2353  1148  4736  1857  166  4125  27255  1512  10194  10522  548  491  1807  935  3910  991  8440  515  15697  7229  7900  1018  8058  1440  846  1964  2526  1863  954  53  1975  394  665  17410  4431  5738  3822  6593  3874  2397  253942  70402  107062  18927  5008  28507  312804  195224  18897  49572  13216  2472  1405  1700  21774  19341  9232  81419  7637  102064  33761  42480  64855  75940  56750  9913  28208  47494  78499  33426  2311  35047  644  7744  1.28798e+06  0  320265  284263  315929  378557  63217  416888  
595  5160  1898  7163  4946  845  13795  100655  5396  53337  42204  1068  1313  2240  881  12246  3121  11040  1148  20198  8574  7563  2176  5667  1790  703  1434  2985  3488  2053  133  4110  897  1660  27116  9686  21345  22237  20770  4580  3593  235842  101982  64618  14455  30524  14844  268045  1.06837e+06  37188  645484  64072  5369  3359  2688  36888  267511  44460  270995  52514  196778  48243  31876  151096  30825  38443  15348  23821  61242  106998  60430  4940  68899  1562  76883  558315  614115  0  1.86567e+06  333176  133613  120052  456939  
196  1573  454  1268  1624  271  4485  32018  2048  24937  13877  140  353  613  248  2992  796  3089  386  5720  1991  1535  485  963  445  200  273  342  670  429  37  922  218  508  10529  3742  5702  11799  1185  1546  887  22110  20021  5036  2251  13757  4126  56076  396142  15298  260624  18500  719  592  609  13057  84929  5690  66798  16529  59833  13584  7352  35688  7970  12751  6121  7706  9184  28883  14558  1130  10744  249  10079  181496  149327  1.54084e+06  0  10827  302949  44915  565776  
304  508  330  4769  299  31  544  1367  241  670  378  571  365  206  154  353  107  1138  86  1075  939  1283  532  1791  692  128  1528  2276  1154  503  5  657  40  151  3283  2421  4446  3108  9304  1605  1789  17036  1844  3578  2371  354  1337  9810  3604  753  3134  301  2922  2271  1504  1154  940  581  6584  946  3481  3922  6202  9398  10573  25867  569  30906  81777  36010  8091  180  10746  40  7474  49033  373428  135097  6128  0  15011  121568  13884  
421  975  534  2190  556  98  1021  8313  526  5664  6835  326  501  1723  4696  2535  2081  27727  1108  31213  7451  8285  9095  17950  5928  5830  2438  1181  2870  1679  122  3271  613  1214  67586  3343  6503  4721  1641  39186  2288  12211  2155  2606  6521  759  991  8014  34295  1844  28667  2361  2608  1984  1674  103408  8229  1083  27938  5368  45322  29503  40839  45867  127732  604698  504263  746408  52564  119203  8670  215  5928  121  4508  1.38287e+06  84791  48282  103532  11439  0  1.21852e+06  192088  
139  932  447  1981  602  53  1021  4272  260  1618  1305  168  145  186  208  743  180  1556  134  2236  1052  931  525  1005  705  207  559  1053  1197  373  8  512  60  148  12629  3832  2675  4111  2716  2072  2354  12954  1543  1503  4651  595  465  5429  16565  435  4308  947  1510  1028  731  6433  2438  1343  23523  2101  18272  5646  4391  14901  5033  432553  9305  754688  357534  27379  3238  296  6135  94  11908  656881  66514  27369  36627  77748  1.18338e+06  0  268505  
18845  70503  13406  49981  51189  4267  74048  720036  28694  752011  206684  2570  7190  10557  16345  381780  15006  221735  45003  189197  31549  33031  65365  51329  79604  28363  71180  53178  104356  48754  2790  33247  2984  18619  3.21245e+06  867966  866641  2.55353e+06  36159  234207  364681  73901  45672  31716  42669  24299  28830  141877  1.0485e+06  48706  847835  134088  4801  2913  5614  58308  253552  22851  242313  28686  305987  51213  36759  130565  38243  136081  27955  130612  103773  72446  26849  3342  34405  1007  24654  4.15346e+06  642443  1.08444e+06  2.72732e+06  13231  861753  713735  0  
