4423642  
2421626  
654134  
4074675  
4004112  
4415992  
9840010  
14170177  
4521052  
7470496  
2619711  
2648808  
2406922  
3448723  
2896534  
5829400  
8163756  
6527665  
8193673  
8888752  
1398760  
1189932  
4582736  
4016745  
7510814  
2200162  
1715093  
1733636  
8238808  
10249271  
3066761  
10117497  
845910  
6955954  
11022763  
3239664  
5071378  
2160983  
753890  
3931711  
1921147  
5001525  
2339171  
652505  
3572903  
3702488  
4758303  
8232601  
14827147  
5186477  
7490534  
2029415  
2717520  
2058577  
3292477  
2797295  
5655872  
7680741  
6751512  
8530787  
8712324  
1629431  
1167181  
5824528  
4067300  
7410778  
2082468  
1712816  
1488104  
8533865  
10520436  
3203507  
9726736  
932147  
7094242  
11126903  
2817944  
5061545  
2272253  
647217  
3587166  
2054273  
13161770  
