4358246  
2425578  
638782  
3512975  
3946973  
4211747  
8947116  
13767052  
4430740  
7154330  
2967586  
2504836  
2496005  
3502176  
2703608  
5996670  
8551794  
6994621  
8640497  
8768964  
1436174  
1246649  
4276633  
3935281  
7943900  
1993781  
1945711  
1827829  
8573772  
10430306  
3051382  
10013331  
842081  
6697232  
1915569  
1615351  
1364552  
1900869  
971855  
2449918  
1822616  
3200451  
5501461  
2540111  
784123  
2317647  
1558021  
80747  
483356  
700118  
1092754  
404389  
471342  
421645  
59589  
88010  
958781  
102409  
1053778  
3612258  
1110098  
5218364  
2202337  
567192  
3323179  
3550845  
4648439  
8271628  
14024096  
5271297  
7409687  
2250299  
2541529  
2196400  
3465787  
2822457  
5896310  
7645182  
7127705  
8308615  
8911475  
1826706  
1269565  
4597639  
4009363  
7503692  
2210093  
2094201  
1830676  
8472752  
9856447  
3177133  
9071500  
885459  
6786476  
1518914  
1667447  
1931810  
1732674  
1480267  
2470473  
1524096  
3183709  
5300295  
2658632  
747084  
2266339  
1672777  
66963  
507838  
679579  
1061351  
414806  
469128  
501048  
108529  
99089  
983829  
145653  
962051  
3294611  
1272259  
9348997  
11870778  
5585635  
205490  
