4289241  
2731752  
618398  
3712336  
4193073  
4410682  
8628207  
14448427  
4328966  
7081322  
3022164  
2225394  
2366595  
3622131  
2805279  
6210929  
8146216  
6292227  
8135742  
8730040  
1391149  
1345269  
4788692  
3577120  
7162073  
2276035  
1684332  
1842567  
7803224  
9740520  
2933458  
9566418  
826059  
7154840  
11126075  
4483997  
6565881  
2593027  
745693  
1537987  
2094256  
82009  
489191  
687038  
1084986  
409557  
467834  
417433  
59022  
87357  
950381  
102381  
1076404  
5563127  
1370401  
4753000  
2229738  
581245  
3329809  
3374200  
4897043  
9298091  
14467451  
4825242  
7281387  
2525478  
2741296  
1973519  
3319998  
2882580  
6279882  
7717884  
6785848  
7879126  
8833580  
1626398  
1160468  
4359489  
3499326  
6971840  
2116758  
1544476  
2143835  
8848755  
10486965  
3557671  
9057622  
963789  
7210983  
11015781  
3207777  
5587091  
2597077  
680143  
1668733  
1735229  
65980  
512205  
679310  
1042255  
402325  
470535  
499076  
103978  
99694  
974359  
145451  
1023674  
5638868  
1559167  
16644945  
