0  1.39361e+06  62093  631440  203826  62213  401317  53063  2777  13158  8543  3055  1121  2017  5164  27259  102419  48315  49469  29308  27860  77467  157062  73593  43682  8225  16007  212958  39212  150661  45112  241755  3140  1.30365e+06  101572  130845  488508  44191  87714  49253  30362  5328  3922  7600  21886  1665  1130  13046  10693  2098  3867  1750  640  336  281  1121  1776  3499  8565  3216  13164  5044  3286  2869  2272  1384  241  633  945  2395  1436  486  2091  163  1235  9598  19675  4660  2522  1217  3175  2550  40205  
1.35672e+06  0  35699  8712  863794  66025  687659  71472  2313  19001  18846  1420  1168  1906  5961  27447  65127  56460  34028  41240  22237  56402  97127  49978  29712  5737  25125  15607  25893  67440  27156  57946  4748  83372  585145  790544  464018  107550  15733  91605  52427  5692  10153  18422  8792  15143  2420  47843  28120  2182  3828  1918  536  368  360  1201  1670  2855  7787  2846  12557  4078  2456  2635  1830  1334  239  854  1167  2133  1317  447  1857  179  1484  22945  17153  6405  4489  1077  4343  4253  129625  
23130  7974  0  222423  1041  254  137146  105817  199  1670  3748  606  793  1110  1204  3251  3203  8710  4147  7802  4172  11299  13441  9701  4570  1074  2130  1414  2327  4554  976  4270  749  3008  47124  164336  123637  16833  28065  10889  4268  15167  13303  31331  35326  5148  391  30435  20105  424  592  271  405  384  261  387  282  552  1333  556  2857  841  517  729  468  312  59  272  368  473  306  75  385  32  298  6507  12941  3755  1283  1265  1012  794  13086  
691137  5901  218319  0  2221  541  24719  635987  441  1750  12794  592743  28667  18948  15540  4951  6103  17524  6429  43419  7649  14654  17881  16994  15054  5097  16309  51125  11185  19417  1355  30425  675  2582  44011  183171  348207  32051  185148  26816  22585  88506  45689  155677  1.2838e+06  12560  2204  119145  202314  2035  2205  1299  222489  31529  14742  7492  1252  2223  7188  3700  42160  3814  3440  14258  10409  3948  683  6755  20914  9426  6018  421  6622  223  2714  32368  217436  53246  8639  143077  9239  22444  17478  
695796  1.26463e+06  2819  3985  0  1.44669e+06  1.18158e+06  324003  25017  37597  16364  1608  5773  5442  6673  35969  374941  36760  70112  35962  4707  3582  21288  3258  8819  2008  15632  11070  69010  213184  163930  207569  3689  607363  420271  328097  129365  54794  4566  47048  34271  1725  1844  1795  1502  44547  32780  176057  122546  17781  11251  2965  1499  1172  486  1621  3109  4958  12061  5844  15625  1421  861  5477  1811  2456  343  1979  3514  5339  4031  634  4336  350  6967  79191  25194  23374  17905  780  7519  6484  106844  
396338  446124  1620  1557  1.21455e+06  0  464596  313771  512843  1.6791e+06  12667  386  1029  16309  1872  130427  357355  37812  152928  16881  2097  1701  20776  1574  8422  900  2202  2071  72466  135907  81546  229131  14799  1.061e+06  95891  52880  119239  52212  1625  6663  5934  2120  1830  664  614  11894  61837  74936  148893  145198  152017  9404  234  345  337  865  9212  8133  14278  14432  10776  796  563  9738  1001  4314  248  1370  2444  21841  11750  710  4867  405  11526  40265  10990  17098  10986  514  4031  4012  62591  
429300  765644  218903  15365  2.38803e+06  591930  0  2.36385e+06  945886  98548  31920  4211  6985  6144  10803  37866  187157  90358  260325  64629  21753  48624  144010  43432  50851  7135  23743  18101  365593  324867  216257  51296  6668  58970  751141  911762  482959  145785  21923  92450  54304  27746  38826  68427  42175  172262  95355  652759  393563  79187  32393  5722  3624  2346  1065  3646  5690  6757  19896  14407  30475  5883  3804  15583  5531  7644  808  6362  10260  15708  10807  1182  8969  683  16302  237576  136855  55334  38881  3971  23574  18309  245744  
26092  82166  157235  1.22104e+06  107564  92126  2.00893e+06  0  2.05769e+06  377830  694539  1.17842e+06  2.0356e+06  1.09523e+06  330852  49734  51187  142929  192572  773237  65503  23807  70919  23623  35445  71954  69888  16721  64468  66374  14078  38805  5642  71373  647516  623795  303650  162019  35220  130968  42393  81241  121197  136543  264101  271635  186034  1.0475e+06  3.43373e+06  477092  643079  192393  453427  425927  311695  115392  48936  23630  75680  65565  396796  29801  20052  49218  38484  24408  7261  22927  32389  52361  34542  3259  31817  2303  87416  699722  365066  254836  165326  58156  62692  54456  481990  
2278  13135  1227  819  75839  844869  1.02028e+06  1.88409e+06  0  1.42423e+06  2325  211  229  729  507  9980  113902  54619  304111  7085  546  410  33899  477  9858  468  698  790  77703  74201  43038  6778  349  5669  21904  12415  14158  9440  640  3412  1768  2338  1747  678  546  9612  89461  83220  238664  346908  293257  7571  141  258  244  739  10185  6641  14368  29163  8473  694  525  15965  1019  7912  316  1548  2806  38012  20305  810  4797  301  13841  44091  15898  16779  9733  433  3914  3625  28628  
90066  92801  3619  3114  71155  1.36732e+06  138760  1.09477e+06  1.45506e+06  0  148388  1092  1208  26862  1716  2.43301e+06  435084  123233  134332  24721  1556  953  14212  1002  4781  788  1684  1843  38581  97034  37931  427759  72558  685374  119329  79128  277375  201599  2450  5018  6206  11602  9043  870  1568  22599  25809  29358  208620  100437  680170  107264  691  667  1113  1133  162206  18610  26079  14731  14181  686  474  4878  800  2423  200  1512  2240  9058  5484  628  9051  958  42517  56193  64656  80507  56684  1774  19374  12880  170116  
3009  3292  4199  25326  2315  1132  7415  1.08835e+06  2388  179385  0  44759  143594  1.38555e+06  13212  117356  10720  51687  5996  1.0473e+06  11181  1970  1849  1501  2519  6749  5319  1164  1250  1778  381  5514  1159  7537  29011  14584  23884  16375  2632  8288  2082  10013  7111  2795  7726  16360  7900  21688  154552  14015  309324  272799  19146  33437  39137  8275  139533  53055  49644  12221  109441  2893  1463  4257  2495  3155  1264  2484  2370  4587  3039  1008  17799  2291  37610  57334  31122  62965  46212  4153  14735  8197  58660  
3027  3892  14079  1.15443e+06  3767  621  19496  1.3796e+06  694  1511  22658  0  617478  190396  131783  4169  5445  11594  3812  240217  18335  6946  6928  7617  8125  20132  22411  7863  3993  4447  498  5381  355  1946  41106  19892  64615  12622  38432  41386  19820  20295  3899  12832  260205  8846  2576  34219  331789  2240  2425  3904  853687  194892  85685  46749  1623  4153  11136  5163  190830  10730  9551  14054  19112  5005  1555  7436  19127  10164  5825  546  7175  319  4284  42586  104610  46747  12848  142633  10891  24598  22730  
3861  4303  19114  88698  4979  1240  25045  1.1091e+06  1577  3335  54778  674236  0  858607  424595  8106  12100  23843  7280  750867  60715  14905  7407  13949  13191  47700  42555  7708  6091  5843  963  8550  721  3898  58198  21545  48945  13724  24157  75016  14900  12114  3379  17017  73161  8604  4737  28710  354384  3408  5340  11364  314740  836089  127206  115829  4012  10160  24549  9379  318538  23267  17460  12603  27475  6581  3856  7242  10987  10431  5853  1248  9590  758  11074  65916  79392  68150  34112  82794  13200  16196  45926  
3483  2899  7281  43132  2187  1525  10447  890729  2543  15543  1.29464e+06  282135  836295  0  599071  56680  36532  64559  12511  1.76013e+06  77364  16946  8321  12649  10489  34608  35745  6019  7703  8205  1164  16615  2036  6872  76206  13717  43019  13558  17831  102879  11584  13186  3317  6565  46255  6073  4570  17475  185444  7600  50583  108370  86847  205500  1.16041e+06  204444  29420  34188  57317  15985  763856  31296  25677  12022  28504  9603  7035  9556  9107  14060  7322  2288  17417  2032  18162  54603  56269  45284  23155  62724  18072  14894  47727  
5466  3772  7451  36038  1414  541  10254  179421  571  1295  6438  216139  364665  527126  0  4047  20837  64516  17773  2.34098e+06  173109  86735  15284  603658  29531  214660  162901  11994  11491  11929  1175  25120  2870  9508  93106  9760  45249  14269  13299  265258  15465  8447  1759  6883  39579  2304  1072  10091  91303  990  2358  5926  82489  118744  179962  440395  2959  13186  36825  17414  526084  36395  32354  15056  32098  11786  5315  8367  9538  20849  10070  2938  12522  887  5889  38234  39027  28445  13219  45123  23198  13837  85798  
64812  54204  4875  5224  38474  176836  55184  98324  107366  2.60992e+06  261938  2784  2017  13607  1874  0  2.93501e+06  765551  130995  58972  1659  1087  19809  1165  5811  838  1941  2891  42710  145141  44646  457692  199984  778638  147368  53195  348894  325384  4416  6563  8101  7144  4378  840  3272  11552  7209  10919  22028  7497  97396  104698  1495  1246  2420  1501  133774  133389  70119  18831  59602  821  556  5048  847  3368  338  1350  1945  5465  4246  2328  43571  4386  32923  36259  17414  33078  23752  3769  12869  17190  243486  
140621  163421  10040  14092  219358  174811  272588  127911  145426  302219  139033  9943  7819  21105  27630  2.58639e+06  0  718756  1.60708e+06  362304  20688  7096  43408  6178  20637  5395  8950  13578  142066  545583  698655  2.15876e+06  473127  630259  150738  73542  279198  83155  11858  63544  24350  17760  9671  3722  11402  19019  12200  29223  42724  12803  64554  83129  5485  5043  9417  20208  131060  333789  429080  127614  328810  6358  5655  21866  7334  15047  3756  8810  12242  33356  27206  14847  106693  13331  73657  118426  36849  120553  75608  12264  40512  32568  179331  
69426  46126  25954  22572  19393  50416  103826  250468  141686  132109  219575  8362  3582  4420  20766  754383  1.30715e+06  0  3.61442e+06  1.06037e+06  254266  74326  937681  114316  98893  45939  25491  34994  105787  149741  11327  288909  18305  130935  300237  47923  440630  183481  36183  217731  68739  11731  5475  6429  11579  7260  6114  26735  33875  12700  30640  12562  4288  2640  3348  14574  21324  135616  335040  131033  379267  40564  103765  180586  53752  70529  10232  22790  27200  103105  42463  14283  64873  5922  24510  173472  24532  72312  38843  9602  91464  44793  242445  
112705  83510  39514  29651  56535  57464  327896  382239  237075  37263  50918  9159  3091  3401  39240  83776  2.34485e+06  3.34507e+06  0  330555  28407  14530  1.72436e+06  31281  592024  52200  45231  56299  1.26094e+06  2.20158e+06  929161  799204  10858  173357  287111  52967  618733  206664  55313  226056  109914  6466  3115  4426  8766  5127  6697  25155  31402  16364  21059  5591  2857  1606  1870  12114  8194  43767  143757  69904  206072  20904  36598  88430  28000  48932  5615  14308  17274  67090  25310  6656  30866  2273  10163  98390  15578  43178  21603  5670  45989  33655  232873  
28036  18383  35330  86633  5878  2964  52417  482504  3359  9932  881799  264822  472393  762826  2.10479e+06  46555  105421  998970  125803  0  2.14004e+06  905607  189452  1.10926e+06  159261  298601  156149  45364  154163  109908  7037  129392  10335  36095  337803  42743  198640  62849  32535  606367  66085  24280  10703  24691  79924  13771  8352  51272  267411  9666  44656  69765  176071  275523  325889  438774  58600  214241  506304  206997  2.37667e+06  213013  286662  317640  184301  157538  26850  51626  52411  185385  69404  19458  104639  10795  47701  281093  79927  134601  72569  65148  162008  68149  220701  
6192  3271  5580  4294  319  103  9304  15914  92  329  843  4162  7133  5106  60528  543  3136  248399  17029  926487  0  673161  144163  240357  42871  43389  14159  9907  36666  25993  784  20444  579  4027  82412  5313  41178  9883  3835  143026  12915  1469  636  1826  2325  369  160  4195  5960  182  650  806  2550  3375  2229  8603  673  1832  73910  9853  98801  238609  110241  72100  63196  15896  5509  6558  4793  7964  4088  446  5852  222  1475  43293  2375  8756  2707  1450  35546  5662  19910  
7575  3392  8507  4391  185  47  12804  10720  37  140  203  2091  2383  1994  42232  186  962  114028  4040  241775  517623  0  164550  819141  30859  68604  17237  12471  19698  32116  597  20821  159  1795  72561  5413  42200  5331  2863  106557  11236  527  193  527  1026  99  41  1162  1532  49  119  123  809  950  617  3433  69  313  16156  1511  19784  103181  85582  26988  35900  3695  1967  1987  1346  1763  1110  81  1442  42  314  15411  782  2443  629  525  14027  2137  11588  
68465  47628  28593  21385  6544  2328  95847  89881  10382  3326  7814  5878  1955  2047  10666  8176  47413  799184  1.58383e+06  148090  193303  227307  0  640529  1.49517e+06  75753  38603  42201  1.19022e+06  803498  88586  310163  3317  73902  277312  24365  409090  126054  33721  306802  96525  2072  890  1463  4602  1214  982  5764  6299  2159  3170  1438  1409  677  574  4055  2373  8230  78326  19813  169905  40633  116711  180954  61497  30023  11378  12333  6809  10733  5173  788  6420  524  2150  185767  4722  12323  4921  2315  107358  17379  140714  
19450  8223  19699  11208  459  143  29161  24686  118  353  548  5701  6655  4795  659884  463  3234  262260  24290  634164  315738  931890  908433  0  1.87846e+06  1.30085e+06  236372  51772  124649  97934  1966  60490  535  5562  168316  13918  102565  14000  7864  510109  32201  1127  295  864  2522  216  83  2094  3461  130  317  282  2077  2331  876  4542  228  661  16869  3176  34099  49564  69551  51733  121528  9960  3384  3863  3371  3708  2168  207  2279  80  389  28421  1767  4102  1214  1192  24063  4489  97133  
14591  6717  10547  8987  857  353  19454  20155  935  616  1274  4589  4203  2268  15856  1114  8852  52859  129797  46247  34437  61393  1.22698e+06  1.94056e+06  0  2.32619e+06  720086  74256  3.38453e+06  154318  7192  57579  569  9491  113152  12240  83208  21657  9192  586102  42772  575  210  472  1948  321  181  1389  2892  360  708  358  1313  1374  319  1440  537  1561  15646  5213  28770  9365  14555  26091  16417  16452  2532  2868  1819  3756  1511  264  1718  143  565  29151  1898  3685  2748  885  16241  4017  120586  
3215  1294  2045  2737  197  70  3174  7452  128  119  349  3303  4698  2225  55220  225  2094  28595  31242  35696  25569  44834  175040  416081  1.98997e+06  0  622426  46775  163974  37938  1779  16387  162  2447  21408  2286  18059  4744  2259  412329  10308  148  56  101  706  75  37  345  1974  78  126  98  1259  1493  224  553  88  309  2991  1055  5918  3354  2841  3630  2093  1199  343  385  352  690  264  51  327  39  129  3113  576  840  456  406  1550  781  60945  
21414  956  1998  23539  370  73  2730  15835  92  558  540  12982  12417  8272  111157  568  1679  16580  7676  52413  19062  25124  38991  103297  945830  651006  0  227259  14752  11531  524  9471  217  5103  193894  13500  83568  58079  14478  682237  397209  601  181  332  4607  299  81  943  4447  101  232  180  3810  3319  511  1402  146  616  2419  1022  6779  1967  1508  1824  1567  887  285  526  622  1034  542  145  625  54  254  4332  2903  1782  818  1703  2516  2048  119654  
390486  3665  6506  96228  958  143  8774  13385  321  1227  1284  11808  3156  2932  7124  2676  3706  18718  13100  14238  14058  33721  52800  42172  54381  14878  182910  0  171052  333460  3051  293652  329  139681  231717  23431  270635  106402  31412  181969  369448  1130  188  592  9937  301  161  1486  2314  303  557  320  1724  616  243  927  288  1135  3835  1766  7357  2579  1688  2140  1842  1049  193  610  1139  1820  1017  301  1150  71  383  5004  4464  3724  1179  1651  2744  4954  103160  
28250  21480  11047  10405  12418  1734  98156  49309  18798  4262  3941  5661  2946  2778  18572  15089  54463  50016  514226  54840  26162  64825  1.35657e+06  110848  3.26423e+06  103267  57889  307233  0  3.66959e+06  179944  160825  3378  29689  231103  28267  146278  51984  15985  345021  48464  1536  807  967  3012  1218  1184  5504  6160  2024  2178  1367  1300  849  666  3506  2681  12046  31433  14858  48836  8965  8765  15913  8403  9960  1319  2765  3287  11737  4933  1363  7216  652  2758  21875  4394  9167  5446  1693  9835  6662  85553  
145057  147248  23287  18509  207551  15895  325621  93807  46799  23387  11972  6683  3653  4182  27835  72384  1.00442e+06  168360  1.13334e+06  150099  82568  168768  1.23563e+06  179904  331195  39430  29530  380331  4.16304e+06  0  2.44222e+06  4.25514e+06  10724  84661  367926  51460  369191  184308  24853  248904  90840  3512  1836  1647  4866  3578  3063  13127  15061  4310  5707  3676  1889  1438  1753  7629  6526  42524  113534  29959  115618  14676  11582  16585  9483  8979  1822  3964  5536  15153  9877  4449  18612  1800  8399  44555  9195  24716  16604  2979  20734  17443  254142  
24029  67556  2427  1488  150024  8070  197401  23507  33257  9584  2124  474  383  523  6128  28191  1.06441e+06  28289  496487  30984  8063  4990  65748  4623  20941  3359  2432  3980  161836  1.77441e+06  0  984137  2232  16181  39884  6630  62068  48271  1924  9591  3638  583  371  278  553  1019  1175  4043  4162  1791  1532  761  253  247  285  1355  1313  7820  19256  5286  20510  1162  869  1781  908  1250  260  597  985  2703  2015  915  3384  324  1552  7848  1730  4206  3242  426  3421  2647  51586  
555801  247997  27069  39478  217604  163879  124883  117746  11332  284787  41831  10266  6003  8299  70912  361713  2.55168e+06  504538  523450  484988  145880  173613  719149  161911  154987  42290  32353  551133  233421  5.45284e+06  786839  0  955105  1.47877e+06  371963  164986  848930  146844  36758  185827  130882  9133  4978  3067  9360  7990  4370  17151  26772  4784  14796  13028  3605  3039  4609  19285  21134  135109  360892  72991  305758  19708  12791  20166  11914  12452  3423  7335  9446  22232  18618  11310  50006  5696  26248  90251  22390  67853  45558  7030  35416  31468  270262  
12019  10703  975  1145  5001  11992  5024  10259  319  33036  12155  650  351  1713  942  135593  409858  35423  6832  21856  1080  373  1959  372  821  241  368  715  2354  11770  2736  516343  0  391210  16108  26237  53725  4784  1352  765  1365  707  376  177  687  1050  525  1324  1902  477  4849  7047  236  197  303  406  9997  13142  10373  2423  9682  202  147  612  164  406  68  217  265  585  455  312  4525  498  2959  3542  1868  3055  2014  680  799  866  9676  
1.7711e+06  643013  8356  8017  905178  1.56209e+06  59993  276684  8485  1.07696e+06  57054  2344  4351  12664  13220  1.32389e+06  1.83557e+06  350417  135698  139056  20484  14950  109917  12421  20677  5337  8521  42363  41713  249971  85029  1.72265e+06  899012  0  131318  122668  1.21838e+06  42271  7181  15243  17601  2806  1810  981  2596  5708  6033  18276  40914  13612  28964  19424  1147  1167  1340  2955  25646  39833  50803  12623  48760  2698  1643  4252  1724  2463  526  1420  1890  4656  3497  1556  14014  1514  11368  29616  9062  18000  12267  1999  6184  5532  74442  
137116  201702  130530  120378  131169  21070  445226  2.35158e+06  22189  340413  244692  71632  72113  98539  180711  310046  282652  1.0928e+06  351636  759619  126259  107028  486190  119115  205789  74911  582964  378043  261368  382464  40436  459883  48493  247849  0  3.28778e+06  1.22914e+06  1.01458e+06  584061  2.12359e+06  1.50446e+06  9759  6244  8481  29683  26808  22533  113004  259771  54951  78816  26282  18333  14094  6272  18377  16588  24132  68433  25382  117939  17459  11142  22981  13225  11172  3452  10239  13005  16913  10987  2722  16019  1651  20010  331216  53513  68284  56472  13738  61608  78273  3.60357e+06  
113245  213762  340373  155795  71835  6057  740986  747760  3731  82739  160506  6416  6485  10798  15345  186220  149883  173799  39983  192347  14193  9209  41566  8050  27038  6246  77255  53492  37925  63832  7436  269012  98583  295203  2.07289e+06  0  810640  512808  769559  271281  173221  7578  7716  15264  16613  12372  3974  46715  61197  7355  11892  15020  2536  1922  2015  3205  8850  13174  30813  7293  41593  2613  1578  4770  2385  2162  583  2025  2799  3663  2610  892  6306  918  7815  84761  31145  23694  17768  4607  14159  23639  539911  
311244  438952  303799  244008  166833  21788  643404  1.16699e+06  42847  368769  225795  51485  17751  35778  31552  385899  191317  483953  199234  267973  42509  41061  179075  35187  38402  12720  42059  54952  40166  102359  45467  151059  13116  382864  791069  1.5977e+06  0  2.22324e+06  482233  64401  140629  8065  6981  8317  36482  17187  8025  48172  116555  23928  112952  40242  8979  4109  2307  4950  34528  17365  35768  12070  49660  6907  4090  10687  6311  4214  766  3041  5462  6865  5062  1353  9592  896  15443  61058  36207  57598  29898  12294  15211  25185  434752  
21142  54493  23141  32790  31187  3815  77758  237844  5427  142055  59691  12082  4409  6727  10515  203922  93364  156859  99719  96990  12610  5865  38691  4854  9008  3701  13853  12057  16952  47155  37555  34340  3173  29563  228355  252305  1.56174e+06  0  117085  20839  85805  1731  1091  1298  6737  3128  1513  9286  19231  2832  13733  7353  2251  1003  719  1919  6939  6240  12533  4555  18228  2605  1631  5615  3396  1864  377  1290  2368  2573  2106  440  3827  307  3360  22230  9125  27052  17660  5546  15288  31808  455273  
39473  3081  44472  79264  555  234  11573  14926  131  2123  7071  19986  2575  2137  2517  8513  8001  16658  5487  16961  3259  3955  12625  4192  5390  1397  10914  8511  4605  7307  999  14685  3944  11124  209310  459684  188066  62536  0  31809  35857  3070  866  3046  13337  449  132  3844  3136  158  520  583  2767  518  350  785  548  1182  4695  1752  7702  1245  812  3302  2154  843  179  836  1663  1154  977  186  1398  110  650  12226  11970  21281  4941  13755  2618  8405  53600  
17998  5461  17367  38304  2185  238  20969  48457  356  1697  2088  44033  33634  30748  120343  1934  6448  56152  25174  104987  47336  59262  107887  130085  287401  523650  1.61029e+06  218596  143947  104697  1776  71872  607  10030  1.97413e+06  101657  158244  67190  62472  0  1.62523e+06  4293  1435  2222  16832  2222  475  7640  13573  530  1142  1327  11766  7586  2441  11255  899  7653  24814  14633  65834  9428  11903  20262  15788  10511  4937  6997  7145  17642  9287  2255  8843  431  2454  57186  15778  13698  6682  11033  43656  15839  258263  
9498  3923  5532  28533  2042  267  9429  36035  216  2338  2077  39289  17240  13847  28575  1957  4282  29144  17802  31380  13994  15256  66976  20004  31356  19178  1.25385e+06  255406  16033  25797  1067  23785  500  7772  1.25832e+06  80766  226475  270857  63908  1.49858e+06  0  2331  757  927  13708  1588  292  3987  6459  493  901  633  7433  2640  993  2474  431  1557  5269  1894  11561  1998  1293  2060  1680  1072  399  1023  1433  1644  1058  262  1316  106  749  13704  11351  4091  2738  5707  7421  10181  278774  
4516  3018  3360  33481  1896  1198  12521  27465  2536  9324  4445  5415  1770  1580  1328  5403  7104  14332  3140  16970  4114  3509  2014  4803  769  236  485  505  1107  1407  360  3239  318  1411  10408  6221  7335  3707  7443  2188  1434  0  1.87647e+06  41219  808056  647532  77119  618013  51727  4138  23207  9105  15503  3026  4192  10181  22284  17988  58682  41874  65414  17868  14438  131511  36582  12161  2600  28475  106049  43024  87970  13447  270584  4888  1.39727e+06  199346  186578  497236  101539  18924  36838  74006  88786  
18190  27906  25913  31476  5730  772  91506  115945  849  1953  2105  584  398  511  515  1878  3294  6592  1599  8900  2197  1907  1621  2343  560  171  477  408  728  834  202  1731  213  771  9283  33766  4445  2345  20569  1838  1357  1.08675e+06  0  7292  7904  661478  14611  287907  25025  1986  7271  3188  1273  603  871  5018  6516  7694  30293  19103  47749  9361  7600  69584  15817  14564  2049  22973  28346  15651  25968  2783  22912  832  24984  477284  644382  260572  62735  7859  71766  38996  107058  
36104  19261  26557  79573  4839  166  51024  28514  115  328  771  537  526  403  524  606  1018  1770  483  3656  760  659  762  652  289  99  328  326  322  471  78  824  94  387  4323  27760  3171  1108  27140  1196  848  22199  2025  0  177825  814  407  103302  46483  235  850  694  387  668  1184  2716  1671  1516  9601  5605  15708  3120  2177  20362  3586  2034  509  2633  2842  1989  3077  434  2595  175  656  57736  166177  122068  18017  16397  7235  5024  16248  
33942  34392  159674  1.22814e+06  7016  365  124922  178326  330  1061  4423  212555  9056  4524  4112  2503  4211  9699  2784  21797  2926  3940  4894  6217  3208  1170  3150  4034  2201  3120  389  4332  344  1431  19547  74925  76179  10199  64451  8891  8651  856767  9067  190899  0  4080  1529  23981  489230  1873  1675  1231  873839  16766  9202  7521  1993  3671  14738  9024  44032  6402  6890  52937  35868  14867  1592  40302  111038  36440  22353  1169  28958  375  10836  49685  250727  146863  16258  186579  25676  132699  15612  
2182  42968  5829  6748  31519  8232  166489  147813  9504  15056  6910  868  2664  2124  1203  8238  6715  9899  4215  15022  1941  1318  2704  1285  1089  342  1126  887  3165  3206  1432  3078  452  3243  39086  31367  12971  7944  2754  3962  2999  436686  822995  2895  3420  0  805964  941584  123998  22372  66566  14440  2122  2630  1480  7196  30360  24164  54673  29304  76900  7554  4291  41035  9320  20170  2141  18961  25687  52999  40165  6970  41336  3741  370823  612997  811441  260948  181585  5514  71377  37687  162593  
2215  14713  1060  1908  28817  83192  108240  228929  155317  77796  7659  556  4262  4649  772  12179  14524  12564  28763  12559  1052  651  3190  673  1505  201  671  686  9870  10644  7304  3803  441  7151  38442  14581  17146  8933  963  2558  2337  163678  106730  2136  1823  1.1761e+06  0  687209  348262  660670  1.56901e+06  13234  785  1054  1310  6695  68854  88869  28809  54224  36467  3377  2064  56557  4440  22175  1422  6369  15231  224815  162333  21512  100347  10008  1.14864e+06  175939  250581  146021  84200  2023  19280  13533  86583  
36198  191345  33947  58498  234511  128683  889469  873139  81620  38837  10920  2397  6218  4126  3860  12326  25258  26347  27362  27620  4508  3563  13602  3715  5631  1177  5365  4523  37979  37539  23051  11787  1285  24036  215528  170644  82423  33791  32511  17942  14518  297883  323864  182050  18166  1.3164e+06  955874  0  2.01964e+06  1.10437e+06  137734  11422  4261  3799  2407  11059  15452  24135  67571  227114  78258  11725  9533  230681  18655  102509  4212  21991  30631  370895  219115  4692  30166  1559  28707  418094  790030  329956  90308  17033  61343  32948  152397  
55847  190911  107815  326459  213935  246116  936729  3.47544e+06  646318  445887  66757  79314  285254  118508  78917  25272  48525  60018  136312  301961  17168  6511  23363  6788  12014  13400  17658  8480  49711  53741  29954  21680  2363  49850  357422  246992  151708  64664  46078  44087  24762  31242  46732  175691  824887  166479  279991  2.56385e+06  0  2.16894e+06  635875  542684  1.59593e+06  1.06614e+06  885556  305664  26839  25337  135245  110723  784017  39372  30341  46663  84533  26721  35005  47164  34067  37040  26254  3750  44431  3321  141062  650954  1.05114e+06  332040  190686  40966  100057  54544  315546  
2984  10930  901  1180  24383  166574  97950  375552  402233  150573  3997  183  1541  2285  437  3710  16675  14071  71038  7984  475  342  4923  323  2526  175  578  721  14254  16452  9401  3816  327  8677  43939  13072  17087  9049  628  2262  2349  2219  2635  1388  693  54077  660660  1.17656e+06  1.84317e+06  0  1.79026e+06  3219  277  415  364  1766  7899  39532  60139  168782  11554  669  761  75110  1488  52223  1211  4300  5472  136935  121271  1826  8204  233  10444  19909  71737  13863  8882  528  4764  2677  29112  
7185  18349  1741  2213  13276  101931  61648  371442  494214  849812  46669  742  2709  20537  931  50702  28413  28849  82871  20322  1268  691  4128  534  2012  277  809  851  12308  13100  8366  6432  945  18918  54439  17910  44641  30184  1175  2764  3028  51122  30686  2601  2244  107176  1.33209e+06  190037  882637  1.8573e+06  0  140971  1244  1262  3259  6611  2.4901e+06  186943  177449  121732  36452  4216  1866  35001  3514  12416  1311  4420  10003  105006  122295  22939  450469  243178  979819  122699  396054  249313  158188  2958  42141  19449  134351  
5031  5216  2182  4356  3467  3106  13066  127955  28105  641475  269506  3203  7817  67252  3671  149482  31918  19020  7768  58022  2270  436  1374  409  810  981  1030  476  1722  2036  688  6342  1741  12252  30170  15427  37189  29662  1042  2144  1388  3127  1936  2178  4769  4775  2843  6036  482699  4801  157345  0  10860  21322  810141  12357  84227  9366  89270  2818  519436  1926  1225  1647  3003  1402  3529  3228  1364  1562  978  366  5791  905  13242  28423  11120  21600  17054  3553  7108  5217  47451  
4524  5770  33657  495627  4994  927  30715  593739  1549  2430  13075  746152  297007  61481  75671  7908  6914  12110  3747  203078  11679  4097  4924  5334  5032  13250  13217  3928  3178  3567  506  4757  387  2037  28652  28200  42122  9277  21988  24131  8366  14221  6739  19714  706329  15065  3437  48968  1.00587e+06  3742  3209  9121  0  592651  163443  63678  2707  7146  16649  8694  371751  14878  13754  25891  35592  10410  3662  17253  44425  19738  10048  842  12860  536  7328  68588  90277  68083  23059  160116  19201  64273  32283  
3138  3844  17441  66568  4895  3043  26066  575386  6388  4955  22147  107554  637700  193009  126329  9923  8624  14196  5239  307530  20366  5079  3999  5012  6037  20990  17535  2885  3942  3895  916  4869  437  3126  30127  16921  20803  7798  6028  27015  4118  5192  2925  15912  58640  8176  8242  32813  1.09295e+06  12257  6798  28215  527963  0  524400  187908  3704  8183  20552  8737  433841  20160  16679  12040  40966  7810  13881  16120  13264  9527  5338  958  10051  755  16378  84909  37073  70543  38202  81931  18573  26970  44272  
4690  4319  9572  37874  4180  3943  17854  291092  7881  84404  164395  55333  135388  1.00407e+06  172828  121546  60876  68301  14502  867694  41031  8388  6781  5588  5220  7801  6824  2479  8464  8577  1571  18494  2621  8819  38916  14906  28100  14315  5789  17624  4612  4916  2546  7118  35288  4817  5477  13464  672690  14167  23838  1.06311e+06  234508  499109  0  551879  18069  38158  64193  16441  1.57198e+06  33475  28829  12622  45746  11345  13454  16958  12881  15496  7430  2640  22835  2943  16901  54810  27059  39023  19050  78206  26193  27904  43493  
4699  4153  12701  43123  1744  808  14605  85931  778  1424  11961  46425  67523  143739  565615  5316  22017  63070  19262  779242  51642  12927  10437  9555  6255  6406  6267  3224  9503  9767  1137  17140  1484  5481  35598  9925  24276  8651  6593  25093  5800  5719  2916  16709  54048  3153  1402  14608  160801  1013  3019  2869  148086  241457  554819  0  2577  14970  57317  21814  2.13602e+06  217377  151377  25687  716375  43526  218803  150895  19059  31116  14383  6058  22212  1942  8080  93542  35577  44833  25300  60469  145975  34722  48375  
3091  6269  1189  3129  4206  4004  20687  41406  17634  226066  55177  1776  1616  4050  984  140777  54656  19245  6352  25348  822  374  1921  335  848  253  465  497  2152  2545  858  11033  2794  8658  22650  11748  22527  17457  1099  1528  1956  51536  28571  2617  4089  63485  90071  69835  72498  155634  2.2566e+06  117291  3791  3074  3831  5179  0  2.14983e+06  1.00439e+06  146204  36851  2174  1199  21296  2448  11934  815  4930  8248  38277  37747  11177  623503  347356  789231  214592  127337  534954  304280  7941  53664  44192  230531  
10061  10171  3543  9935  7179  10335  31914  51985  26243  66408  193467  7349  4761  15300  5481  452880  364239  254719  47141  321139  5058  1606  12838  1504  5922  1240  2127  2686  19600  24574  6070  103954  17341  31701  85581  25633  60724  33156  5769  9598  6798  38637  26778  4486  15853  86008  189912  117407  51396  136144  427118  28542  17089  12316  15388  22957  2.47313e+06  0  957039  2.11776e+06  457646  8377  5573  83609  11049  19591  3940  12340  27163  132631  427615  274478  1.89145e+06  360936  491519  165565  84232  200836  88742  32049  45205  44357  132003  
11674  10959  6525  11906  6533  9962  32181  58949  20425  25372  74425  6738  3532  3388  7417  58903  249069  331916  124766  235864  37946  21022  121538  15056  55116  7847  7067  9293  69752  52384  6916  111358  10678  24644  102461  19145  79652  31314  10899  33325  17806  37138  21835  17658  21759  30054  16734  124884  138114  169650  134417  65563  17632  9793  6872  31461  953456  932053  0  3.93228e+06  995809  131238  41863  883638  61027  220841  23149  63281  62528  239570  80454  17240  161120  16047  133728  236706  38639  294320  119062  32346  102026  96120  221443  
7583  10308  5079  9095  7761  14317  37746  70892  29625  15625  25768  4206  3092  2794  8946  18626  106637  232466  84313  186273  19002  10119  62715  8122  32250  5095  4810  6145  36398  28380  5127  56953  4504  14361  67811  13964  52614  20809  9751  24649  12121  34673  26181  29078  21667  40202  34424  415363  106539  347650  88152  4512  9754  5766  6378  54365  31184  2.88304e+06  2.73424e+06  0  530354  23186  26540  2.2357e+06  41190  262122  23795  56559  85742  891476  1.91851e+06  484438  385445  11794  96027  264452  57530  279641  78696  22117  104166  100678  185101  
29317  22335  43064  91933  9344  6908  67750  242850  13921  55693  153152  78319  107071  187668  273528  128702  259033  823573  278240  2.33172e+06  202844  84545  396240  68578  126713  35501  25479  24949  124137  101487  10941  157376  13114  43363  216516  47031  181478  64746  27903  159597  44266  25116  13153  38967  113838  13225  7110  66965  455637  7422  28070  352377  273842  401452  743813  1.66997e+06  19366  101832  1.25257e+06  191800  0  2.14199e+06  946472  360479  1.27434e+06  315500  299177  222566  90203  274448  82321  20352  123087  13379  42076  333197  94429  187275  99290  95160  289731  119228  250194  
1654  1095  1455  1966  234  118  2951  5875  119  287  1064  1175  1681  1572  5672  867  2694  99486  24097  62272  152037  86210  109431  39840  22026  6561  2390  2099  11378  6820  339  6275  382  1754  23546  1705  10817  3337  1595  38085  2834  3514  1241  3902  3786  592  199  9144  8718  207  748  401  2433  2655  2151  118612  383  1381  271811  15907  1.22132e+06  0  477220  180134  377354  35265  48817  32799  14294  17886  10155  947  12993  531  2324  53327  3897  17794  6618  2248  73143  14276  17710  
771  561  1017  2028  176  92  1792  4879  81  186  674  1441  1984  1638  6716  512  1678  26012  7827  38193  55815  109003  36395  37882  7343  1977  1086  962  4286  2951  174  2982  212  925  14592  1085  5469  1736  1282  22800  1472  4357  817  3178  4941  337  165  7615  8993  120  447  273  3777  4221  2703  94455  226  887  78716  5264  498802  460011  0  156242  696953  25385  51809  26999  18095  15592  9387  613  10174  294  1089  50749  3676  11278  3448  2376  84379  13890  12322  
5425  6451  4456  8869  2764  1889  20297  34470  3173  2463  3355  3511  2050  1627  7907  3837  13191  246651  86654  94918  84989  74948  291785  102459  75641  13090  6046  6241  42950  22912  1515  22231  1806  7555  73143  7811  39262  13521  7660  49804  10203  42655  29624  73192  26668  23070  7564  290326  62896  57550  11787  2224  8510  4217  3775  47534  11450  23332  563105  1.35494e+06  511862  118535  563607  0  904692  1.01287e+06  51078  85303  118596  785799  1.01312e+06  9084  208934  2875  63437  323789  39990  237959  42685  17509  197221  101520  140183  
902  718  1090  5135  319  151  2360  6664  130  310  909  2619  2142  1762  10782  733  2417  24958  8566  31474  36826  37402  34501  228516  9772  2464  1258  976  4653  2996  201  3344  278  1103  20369  1730  7591  2955  4003  28385  1754  23932  2570  12496  22561  823  408  34429  14165  463  861  497  7687  5942  4878  673916  444  1671  79697  14861  636026  386006  679251  714884  0  2.09405e+06  933378  216491  168994  84147  45706  1407  45854  428  2987  124061  9704  45284  5672  7939  345306  61390  49271  
1790  1579  1101  2909  653  430  4232  7777  546  607  1585  1348  805  701  3321  1414  7564  42048  21244  35337  7652  4763  16373  14302  10981  1674  1360  1508  9032  5895  514  8648  823  3184  18529  2497  13369  5357  3253  10247  3176  12320  2760  6355  11075  4589  1409  39947  10633  9333  2286  504  3528  1997  1492  97078  2530  4620  43327  145938  97629  28692  32193  1.21604e+06  1.93871e+06  0  1.80998e+06  1.46398e+06  303796  3.01004e+06  136029  1839  34284  1034  7039  148930  14760  39224  11989  7133  634574  73491  54859  
195  221  228  808  152  85  787  2029  76  100  339  379  379  236  488  195  923  4629  1735  4317  2266  1477  2869  2968  1061  259  188  191  784  596  81  824  59  284  3040  380  1479  592  709  1931  322  2107  351  1032  2860  336  140  2898  6633  347  269  210  1499  1123  754  158598  185  626  10058  8410  69159  33619  31418  78381  392085  1.58717e+06  0  990491  81175  32381  5542  373  5185  172  1085  41855  4724  6313  2307  2310  489998  57114  19281  
292  367  276  4236  234  113  1352  3703  171  434  982  1894  749  682  754  680  2498  7879  1962  6971  2049  1639  4012  2465  1167  256  324  290  779  798  128  1517  118  429  7217  846  3191  1439  2269  3499  771  24923  2160  1494  19032  1544  370  5889  8841  493  965  720  5941  2922  1620  101759  1017  1590  13111  10281  48902  19202  15341  56353  103963  874830  830480  0  422174  66140  9080  734  11442  384  26213  185575  16305  58003  10853  12376  705426  410470  41906  
384  485  313  8813  329  164  1843  5046  267  978  1112  3614  1084  724  803  1262  3932  9755  1956  9284  2738  2385  1674  3953  630  195  270  289  670  855  190  2034  148  541  4778  1205  4415  1969  3766  1533  809  88785  6191  3122  47126  4439  1964  16627  8881  1394  1808  967  9451  4263  2036  8503  1702  4731  19912  19506  24046  11543  10564  88227  57433  129741  22925  366105  0  185083  181060  5002  279824  984  75437  185909  19632  153774  14460  19804  212084  466387  62599  
4048  4439  2445  3603  2654  2092  13713  21287  4186  2987  6986  1767  1734  1712  8097  6907  36987  126407  40771  129630  13840  8570  11861  12212  7302  1947  2518  3140  13442  13582  1967  24750  2003  7218  32767  6626  27655  10532  4650  15450  6367  18880  11994  7705  8792  69209  35118  250807  22189  83843  11256  1304  3377  2574  3191  79417  14252  33945  111373  362195  213181  41075  34573  1.37456e+06  124719  3.7149e+06  61732  213244  584614  0  4.48289e+06  40122  119655  2466  26558  124414  24390  89447  41547  6783  140107  37617  85813  
3101  6811  2086  5055  5421  6546  24678  38022  14349  8215  13434  2226  1967  2128  4153  12032  53338  128662  26106  114290  19344  15937  10319  26271  4108  1110  1460  1841  7001  8844  2535  24680  1880  6680  34602  8594  21855  9510  5482  11542  4374  49209  46750  18919  17671  282851  256988  612897  40647  246956  55024  2149  5592  3826  5250  32140  12656  602178  154951  711065  220236  81020  68812  878751  202232  189299  13954  36698  608123  4.56286e+06  0  1.54416e+06  3.98236e+06  2497  44204  186895  60421  113538  39273  10533  174646  58084  114237  
1063  2465  649  1120  1893  2503  8828  12917  4606  2861  6084  630  660  784  1368  5712  20933  45673  8412  42555  2674  1354  2928  910  1369  303  458  565  2467  2973  916  9222  785  2549  11816  3023  7070  3111  1052  3139  1403  8852  15324  2819  2624  127911  138963  214287  13383  52323  36265  875  1360  1071  1668  11757  6268  952583  37336  959061  84654  10557  5259  70406  8238  11496  3422  5653  23476  99884  2.40154e+06  0  896802  1675  16733  40761  22761  28077  10599  2983  16577  9719  22090  
4563  7201  2497  10277  4746  4592  24913  43973  11449  25525  70175  4937  3606  8607  4228  161615  132912  154623  24293  175869  27776  18249  12608  15812  4164  1222  1568  1846  8713  11017  2553  42027  6163  13209  53345  14370  31115  16656  7044  10897  4980  390766  93062  28810  41617  212738  239520  187144  66900  15493  377761  15319  11780  7691  9713  46310  357582  1.70001e+06  316151  324975  386520  124211  68114  550195  116295  45549  17383  35741  559555  223337  3.60884e+06  1.2333e+06  0  804535  1.14854e+06  209852  89243  351079  77290  22834  73807  115306  156795  
430  796  212  601  531  394  2922  5176  1076  4510  9957  445  393  1387  338  23271  13766  10490  1705  15568  378  126  618  102  271  89  121  123  752  916  219  3742  717  1352  4842  1694  2866  1773  319  443  349  10533  6519  541  1021  14794  17290  4355  8303  413  141385  4045  870  733  1089  2721  289038  314551  28655  7075  38745  1617  686  2620  1393  1261  592  1309  2242  5974  7262  10461  579701  0  449695  22116  10816  57948  18624  2243  2980  5483  17768  
2951  9666  2034  5379  10105  13446  43780  143913  28856  79528  43741  2341  7614  13254  2972  87711  46632  39098  12442  58196  3355  1633  3601  1113  1458  496  930  817  4335  5178  2090  12758  2342  8411  38761  15841  21589  12507  1962  3206  2618  1.51104e+06  295058  9464  11463  1.04197e+06  1.75509e+06  90273  316228  9139  1.79989e+06  56855  4421  5467  10216  24210  1.47372e+06  834977  197092  58303  183556  13972  6016  42241  11580  11074  3800  19729  58114  55951  63527  38581  1.34415e+06  1.09326e+06  0  192287  210681  483234  101988  9822  23311  63301  122104  
8176  45102  11238  33309  52068  22533  239461  683784  34157  50020  36749  13220  39582  22675  19038  28084  36490  84510  29559  148216  45858  29368  37136  31257  11863  3756  10239  8764  19049  20356  6674  22767  2111  19968  388273  116978  98791  61815  32830  46079  39708  101190  72283  131527  115718  105493  77263  441731  1.34873e+06  27891  421368  199020  35360  33500  59998  253655  283865  127093  726524  271625  1.15534e+06  198190  116799  595235  281778  374420  97437  791699  900248  251499  200061  26147  254512  32683  192162  0  2.25931e+06  907521  830777  380744  2.38128e+06  1.82522e+06  3.8567e+06  
7533  32411  11522  27511  12978  2167  100646  121831  4012  13879  21963  2531  2528  3989  2479  15665  17665  31001  5811  54550  2698  1509  3860  1741  1748  748  1449  1360  2835  3300  825  7617  984  3750  35796  23815  16301  11637  15397  4690  4838  76853  197300  198553  123645  99702  20413  535002  682353  7947  83813  27325  6517  3728  6060  22226  51328  67640  74939  26487  178445  9859  6560  23683  15813  37750  5683  56595  67311  21239  14494  6079  53521  12205  97109  1.54824e+06  0  624968  440982  345687  322843  121974  426042  
5549  36091  10655  36395  19838  4467  134350  236040  12039  76636  29522  12197  13182  11626  10452  35105  22524  32048  9275  68078  7295  4039  7611  3265  2927  1088  2266  1760  4643  5094  1460  9106  1160  6784  60979  39473  44264  27793  39595  7941  6156  266078  321654  342601  125236  289888  23853  664932  666428  16512  308371  169512  21245  19663  41217  68282  333174  86992  346055  97564  391959  27886  13879  83844  27435  28924  6706  42970  51985  75486  53370  9528  87983  6895  213704  596094  1.53624e+06  0  2.31371e+06  213784  95113  184094  488013  
1065  5354  1227  3161  5013  2352  23215  56606  4924  19826  8747  1451  5350  3109  4184  10257  7120  10557  3513  25330  1870  874  2930  949  1416  575  726  529  1822  2021  645  3079  333  2308  25162  10598  12369  16701  3358  2732  3287  54187  69545  36070  6624  90294  10521  81484  273608  8190  129870  49238  2104  5610  15450  31373  101196  29517  119196  50752  172534  8249  4485  24153  9857  14276  3114  10086  9817  35713  23373  3480  26138  2386  68583  270092  295156  1.64853e+06  0  17248  272447  122016  673662  
2250  1341  2663  36835  392  96  4567  11370  146  446  1395  14276  4618  2292  2266  1726  2240  5460  1490  14796  1420  997  2619  1246  968  352  1383  1168  799  1125  219  1581  146  462  10270  8763  22275  12406  57016  3750  4008  93048  2836  49818  235807  671  335  33654  30801  276  1512  1305  36327  24001  10580  5293  1783  4101  9692  5011  37978  3069  2523  11317  7219  7621  1272  13044  20284  6112  4320  814  5797  463  1750  299565  435697  115041  20854  0  30357  46413  60593  
1620  1469  1273  12387  829  385  4450  13374  574  2541  6049  9228  3380  4763  5206  3810  19086  50029  12092  39386  6388  4995  17616  7968  4026  1282  1874  1943  3141  4482  980  11180  545  2652  52441  5562  13896  8983  6193  23855  8198  12407  1905  4247  44380  1987  805  11544  23834  817  9748  6096  38532  18534  11293  196085  7338  4814  34911  16284  117961  37822  38776  86938  156271  442533  712422  1.29641e+06  402765  50005  21524  1180  27977  617  6857  1.96223e+06  59736  81737  105366  95659  0  2.15619e+06  280549  
564  799  596  13057  506  201  2807  9806  306  1563  1916  10322  2800  2072  1832  3032  4980  10958  2729  13620  5210  3745  5166  4305  1495  470  720  788  1142  1756  238  3267  248  899  28513  4207  9947  6616  9008  7325  5435  15857  1947  2866  37688  2011  995  8843  12558  797  4542  2162  28052  14559  6463  22000  3464  5573  35684  27681  50626  21157  13720  92101  39209  35535  25780  995272  522329  21846  20825  1692  60903  1112  35811  993937  58267  173355  82013  104169  1.36883e+06  0  274821  
38164  63235  27892  26925  38460  14025  147327  720719  25276  402425  172194  7170  12428  23219  32715  347928  139184  405495  178572  305525  46133  25810  156285  46251  116342  66604  95253  73744  61092  82742  29274  106525  12305  88405  3.65046e+06  979261  921915  2.62642e+06  123082  149591  452289  32794  26554  38657  18406  43345  23229  115995  380500  31625  290850  127989  4671  7113  17856  53360  193783  78728  331097  142264  455055  48257  22069  114379  67652  94033  19643  129652  116993  64724  46083  9136  74714  9115  97964  2.53235e+06  502302  954020  2.45682e+06  58087  572191  614535  0  
