4164076  
3043664  
676807  
3605039  
4320751  
4361167  
9440092  
15395617  
4758906  
7307657  
3310915  
2801672  
2672625  
4141745  
3287012  
6494505  
8662952  
8154733  
10016288  
9863671  
1834573  
1496248  
5692601  
4613434  
7696757  
2430640  
2054684  
1691111  
8017427  
11355262  
2956894  
11268338  
823748  
7282437  
11403013  
4568368  
6472916  
2158512  
738826  
4680526  
2483307  
5055484  
2408164  
620592  
3711885  
3486528  
4613536  
8766949  
15130989  
5308225  
7847041  
2580930  
2813164  
2339384  
3876283  
3146619  
6223645  
8381758  
7963713  
9441754  
10103881  
1890632  
1342877  
5778189  
4452218  
7718946  
2246094  
2122875  
1372215  
9419956  
10901239  
3311555  
9041939  
1030456  
7266137  
11381456  
3723326  
6003283  
2372288  
795599  
4723534  
2359351  
11475703  
