5061103  
2537958  
631290  
3921160  
3900604  
4339085  
8370951  
12925886  
4441085  
7255641  
3389337  
2509382  
2284371  
3641618  
2997149  
5913472  
8027058  
6297519  
8784193  
9739858  
1629002  
1508147  
4667672  
4201864  
7436807  
2060722  
1837206  
1933507  
7491425  
10029106  
3004936  
10596328  
849495  
7084810  
1826269  
1616837  
1359255  
1880397  
974919  
2429729  
1830214  
3444459  
5278151  
2477056  
748786  
2227177  
1558441  
83963  
479493  
698442  
1115492  
411320  
474069  
422802  
59231  
86154  
958883  
103988  
1036446  
3546588  
1064139  
4721362  
2279916  
607537  
3683495  
3336805  
4852947  
7335914  
13075152  
4670344  
7368544  
2503930  
2868686  
2105919  
3513108  
3041384  
6100495  
7269442  
7215445  
8323709  
9880476  
1873416  
1358212  
5163756  
4415008  
7751753  
2290261  
2133990  
2356994  
8816008  
10800442  
3455671  
10060690  
917546  
6553385  
1514846  
1664957  
1900988  
1720897  
1447334  
2445943  
1534870  
3476015  
5404048  
2697103  
785427  
2115778  
1673142  
68971  
523458  
663149  
1053999  
412676  
468703  
500136  
109511  
99644  
977886  
144168  
933565  
3319017  
1285696  
9333832  
11464647  
4736237  
199607  
