444438  
507462  
654445  
477745  
903445  
674732  
379030  
286112  
245428  
149857  
540993  
684941  
649630  
854889  
261396  
630445  
220467  
947501  
677998  
665997  
817658  
252948  
433971  
754015  
419402  
316112  
474721  
560402  
634548  
192953  
191804  
253874  
669102  
430326  
396328  
453170  
479829  
656383  
845185  
734193  
947037  
629397  
410657  
445402  
598433  
435535  
845167  
698460  
368463  
643498  
465245  
863829  
631977  
464934  
515401  
774401  
629511  
614498  
768276  
555078  
818977  
588384  
665588  
491537  
558074  
566705  
682563  
718761  
509883  
690824  
529385  
692866  
560724  
469321  
583726  
330344  
373000  
600747  
488430  
768246  
782092  
506884  
729186  
513400  
465968  
463750  
383107  
521540  
804097  
489577  
781584  
471967  
471844  
571911  
443592  
504530  
529548  
637676  
401349  
537154  
365960  
474263  
672384  
336304  
345307  
714733  
438139  
684211  
437655  
370887  
677087  
525896  
304471  
179886  
329575  
748450  
881949  
242656  
236164  
296500  
613044  
306426  
209941  
532998  
345415  
481878  
499380  
498328  
764519  
439194  
622672  
338336  
435525  
480879  
373810  
467852  
393015  
181238  
389520  
335288  
584735  
327080  
159484  
184005  
213561  
254407  
209482  
189661  
204536  
190601  
359108  
160307  
170461  
216786  
227447  
149802  
197612  
394556  
459590  
271567  
69695  
137094  
157204  
156737  
280319  
176565  
144017  
150380  
163830  
310376  
243919  
754302  
224246  
267468  
213267  
394532  
414544  
516033  
353300  
900820  
637504  
488823  
546569  
353691  
428536  
533883  
537387  
266916  
491825  
591022  
197864  
717541  
672020  
216941  
401277  
203826  
774845  
341441  
397722  
636179  
878237  
445397  
531802  
281724  
453343  
607091  
515961  
357473  
437859  
158681  
527310  
369833  
179589  
192060  
290933  
292414  
297033  
161947  
243643  
151759  
208632  
250687  
321129  
184231  
139397  
135226  
157466  
247705  
238971  
117835  
139877  
188722  
145237  
134458  
347297  
547861  
459983  
312774  
407024  
594236  
851341  
384596  
483624  
830596  
443250  
707531  
926868  
294832  
480409  
666338  
678085  
752623  
616344  
410457  
342121  
628716  
593871  
428559  
174122  
209769  
263561  
390476  
269607  
314309  
249366  
223673  
363886  
257221  
348582  
583893  
311588  
266518  
219862  
313922  
303505  
454558  
218155  
188765  
197744  
173794  
264175  
379628  
374386  
656622  
446001  
293610  
323625  
567772  
578213  
689973  
419685  
218611  
191845  
374370  
443999  
354284  
276496  
412715  
396128  
465117  
911593  
629479  
565130  
444545  
766859  
370497  
341926  
362568  
399100  
334487  
269098  
431641  
583029  
490513  
541715  
498332  
651774  
612405  
745592  
638436  
351214  
472981  
494429  
451516  
826567  
733409  
625496  
614457  
571254  
888157  
435199  
231296  
311029  
199273  
253530  
239709  
284992  
227318  
116545  
116159  
326928  
174572  
200869  
161811  
259468  
194250  
197614  
217722  
253868  
76112  
133758  
257203  
530423  
301014  
360865  
112810  
370187  
457842  
468396  
396252  
183963  
176212  
225714  
249763  
218020  
245487  
458528  
526735  
537010  
618752  
367223  
262586  
290642  
173304  
537234  
159071  
211180  
206242  
229001  
353906  
526977  
225811  
244508  
272086  
290366  
266466  
269283  
399881  
387719  
536942  
296692  
318022  
576369  
413429  
365591  
383380  
483412  
446433  
808727  
537458  
868111  
742027  
717000  
746753  
1130657  
416813  
307604  
437357  
306517  
540541  
480602  
1342498  
616273  
712934  
1004406  
546856  
567772  
961715  
1002724  
880013  
587858  
521099  
589708  
512778  
847138  
450025  
763035  
725711  
497778  
721602  
660341  
1069261  
677959  
575459  
439278  
808409  
653258  
476419  
557569  
470933  
641132  
898476  
664334  
796980  
965814  
956803  
418221  
745140  
859503  
891287  
772932  
567683  
417128  
515211  
591700  
752810  
764657  
477261  
365763  
355552  
402759  
600956  
714403  
582207  
535313  
759293  
503651  
415305  
532220  
485044  
425152  
292584  
448726  
350479  
782756  
661444  
528339  
724842  
377477  
557943  
763360  
947835  
385567  
261740  
206686  
289599  
379539  
426800  
434736  
335713  
587265  
726219  
422708  
431615  
513923  
527933  
823087  
483642  
472610  
537201  
1175121  
10988949  
4457472  
6556129  
2452527  
706777  
4552577  
1871997  
398326  
426149  
583576  
587698  
986178  
571407  
369263  
320350  
269207  
267423  
633895  
777542  
623325  
970400  
284368  
605125  
398977  
943098  
838171  
438545  
511382  
132161  
501103  
775906  
521821  
406417  
481815  
406283  
476198  
258633  
231108  
357287  
546793  
392324  
357218  
469341  
453892  
437685  
831619  
757442  
524410  
203240  
696379  
503556  
777106  
458142  
929337  
522620  
565730  
566986  
437550  
827359  
712773  
572934  
606346  
868137  
978958  
492751  
662627  
587098  
772807  
510632  
532357  
734246  
563218  
688668  
610942  
765695  
596024  
739083  
428248  
518180  
528327  
408646  
316478  
267913  
288237  
464058  
434328  
639517  
747170  
659561  
744070  
533298  
394744  
523084  
568605  
477451  
841666  
497944  
813936  
523310  
288351  
412935  
375227  
513258  
471321  
563544  
485049  
492413  
395446  
351513  
680606  
307038  
386940  
550153  
503486  
760707  
419006  
368320  
546104  
515428  
344178  
294169  
281783  
887956  
1259737  
393172  
285530  
349440  
779820  
301965  
219144  
529393  
330074  
381318  
486055  
494686  
924005  
573528  
734712  
400399  
490867  
392159  
355263  
463724  
575781  
177831  
327931  
311267  
586775  
371911  
238725  
209107  
198815  
253544  
266458  
223991  
221789  
142661  
362722  
146453  
97268  
156420  
118958  
149133  
163123  
409679  
267270  
206101  
113767  
110660  
129637  
114497  
227378  
104608  
172613  
347418  
146875  
259442  
80760  
396348  
338008  
346685  
255418  
262886  
431896  
329886  
307266  
872279  
841944  
713111  
643113  
182023  
290355  
397218  
468182  
290292  
640805  
398225  
260805  
656515  
489048  
255845  
295713  
190993  
989374  
355422  
302405  
551204  
826539  
494588  
564094  
408117  
234934  
758664  
637852  
435921  
527465  
143427  
379633  
244463  
225086  
217758  
218952  
379458  
215473  
122702  
216027  
150779  
154111  
308254  
400138  
168830  
154090  
159376  
154802  
199392  
289955  
150450  
118116  
131096  
171095  
99078  
320408  
534379  
277080  
494807  
355089  
538093  
850961  
564806  
444695  
736351  
389497  
749875  
857932  
159173  
431604  
493147  
711653  
656222  
314799  
178958  
465971  
821840  
480335  
537479  
104211  
200300  
324658  
294473  
225621  
354851  
407777  
369621  
340143  
359072  
318815  
658533  
350865  
301537  
268078  
326362  
301846  
432109  
191726  
228755  
144127  
211154  
396905  
373220  
287500  
472818  
376580  
320311  
338505  
385295  
823694  
910422  
581898  
206833  
241405  
396007  
367137  
281480  
397539  
315439  
358910  
800430  
1139762  
344258  
193551  
291073  
257457  
567268  
335557  
606919  
483575  
294871  
321240  
296440  
676375  
515468  
461690  
444697  
648203  
592488  
653380  
678767  
504717  
528158  
355009  
431676  
808837  
795178  
707997  
456210  
503940  
929856  
480172  
124817  
376420  
181649  
380559  
334871  
226527  
183040  
106049  
169582  
419036  
200252  
137890  
188752  
208039  
34866  
73928  
143630  
209018  
204716  
269893  
379994  
809277  
408401  
422093  
172552  
383161  
360320  
472870  
428440  
394040  
282226  
330795  
207109  
232242  
245311  
389414  
549118  
735042  
686921  
245562  
255231  
141935  
155457  
506506  
163992  
168533  
392008  
271762  
320594  
487851  
297992  
245079  
334499  
311080  
264817  
329693  
612270  
320173  
591769  
253156  
362838  
549827  
447116  
371139  
303958  
470391  
521544  
822376  
572490  
834491  
688870  
547552  
839303  
1196635  
209927  
256396  
467774  
277375  
571741  
602479  
1127130  
672185  
1282505  
874622  
814018  
580702  
1171443  
864263  
749023  
671060  
647660  
551607  
726547  
718147  
986379  
923890  
1304524  
691438  
627094  
691522  
833626  
566296  
598349  
517388  
753751  
815567  
696756  
523085  
596852  
508269  
879283  
715777  
469740  
1046550  
978604  
497820  
706467  
980427  
980380  
785874  
864519  
430284  
637124  
611826  
767015  
844901  
789018  
387016  
354323  
335529  
347520  
268709  
515134  
522538  
731893  
385089  
416408  
545579  
524264  
361042  
275432  
304220  
351923  
824926  
630113  
631076  
740125  
321030  
527798  
842035  
1202070  
535126  
287302  
178214  
308223  
439327  
428582  
506296  
367827  
687128  
622699  
531341  
447583  
461943  
397973  
947426  
467996  
431437  
601111  
1182237  
10656763  
3204036  
5581308  
2488153  
662874  
3923324  
1653541  
12115752  
