4491627  
2656464  
449837  
3043596  
3847045  
4241415  
7477766  
13871575  
4655415  
7318645  
3172070  
2279796  
2556913  
3489340  
3149674  
6149360  
7841116  
7353092  
8187173  
9902665  
1587877  
1502198  
4764097  
4565535  
8164284  
2149198  
2180406  
2254774  
8949910  
10328477  
3028989  
10349925  
843583  
6804447  
1878426  
1627382  
1360743  
1876958  
935275  
2447838  
1840100  
4034221  
6806877  
2480526  
792851  
2576694  
1583983  
86064  
487288  
706916  
1118552  
415995  
468992  
424617  
59495  
87517  
961629  
106732  
1055032  
3626037  
1097095  
5032732  
2345289  
442949  
3103365  
3370973  
4670610  
7705447  
14148692  
5019359  
7707684  
2488318  
2614903  
2168219  
3244637  
2972797  
6324457  
7922990  
7280107  
8924659  
9772604  
1843436  
1383024  
5166385  
3973276  
8627199  
2211408  
2294954  
2356197  
9117653  
11055320  
3529906  
9577250  
960604  
7172508  
1512450  
1653578  
1898972  
1724605  
1395732  
2441753  
1533066  
3058794  
6020805  
2562624  
702196  
2320968  
1641256  
68749  
507874  
677504  
1013697  
416899  
469952  
501051  
108391  
98743  
973969  
146265  
961353  
3305027  
1260202  
9269486  
11436368  
5341783  
230694  
