0  1.09158e+06  233163  790610  303840  20548  540390  125234  1424  7535  4181  87623  2725  3538  2534  9184  24808  25783  18137  26640  12281  25733  38145  116451  40146  9717  59873  194348  46122  58534  20489  339774  768  615062  169037  346727  438120  32760  18197  61408  61074  119365  20828  14878  51069  4592  823  41949  25086  1283  2197  1024  3182  1411  1096  1043  3202  1738  5549  1261  9289  1290  1188  3122  2704  1061  396  5007  3769  3143  2133  376  2889  76  12974  9342  157751  5254  1974  43717  2128  2808  49738  
868640  0  14703  3678  641562  1432  381817  79705  1319  3914  3331  930  441  903  1077  4605  1982  15798  5537  18505  8981  18745  16353  70920  20966  6040  8186  13058  13941  8760  1888  16773  133  2723  125034  355922  296917  20593  11237  45342  21006  97451  46009  12610  14868  15259  6010  100353  62214  7961  1979  584  371  306  385  582  1573  843  3109  1012  5102  869  835  2550  2027  758  226  477  1019  1363  1056  226  2271  33  1324  7900  177018  5437  1767  4878  1627  1407  33109  
82571  21233  0  179837  696  119  154766  190090  231  780  557  1692  194  292  271  895  594  3439  2370  3572  2312  4891  5348  20013  9319  2512  8202  19458  12189  7628  1461  5407  38  1430  4896  74504  80796  3625  4106  11806  18943  40319  21421  8329  9647  5071  302  33226  17983  328  384  183  162  138  129  188  497  277  911  253  1524  228  251  879  617  240  70  587  580  587  412  81  1032  15  1303  1766  59938  1821  416  5160  441  594  2252  
944457  13509  168355  0  1498  269  17285  1.42899e+06  284  744  543  1.96433e+06  16432  12186  5330  756  390  2904  1066  10101  1729  3160  3030  10072  4745  1555  20162  36540  5075  2629  448  7472  43  5192  7649  33482  39673  2689  6919  9874  13590  291231  121487  168485  898742  24111  725  270900  361085  812  806  777  98825  24475  11011  6455  591  324  1367  911  21191  2900  1247  4587  3372  961  212  4980  3935  3675  3261  455  5431  16  13594  5352  138519  9515  1351  52646  863  2609  3306  
278811  808277  3140  2065  0  898369  1.10811e+06  134867  18348  24892  9953  676  1050  2503  3353  20013  59830  43720  63710  46950  9254  16648  38328  76230  30344  4993  14799  15627  55699  45790  29434  60144  728  234266  592460  626877  406853  64401  7089  54678  27758  6519  7895  679  924  18144  26978  104849  100377  52568  5230  1385  184  245  902  1081  4228  2182  8036  3543  9958  1181  992  3562  1999  1210  444  461  532  1897  1058  273  2182  102  1492  27573  25178  7365  6081  1118  3447  2023  177659  
54780  35643  1694  1322  774098  0  371237  284634  671304  1.5912e+06  4673  532  898  2272  2363  57772  88238  20213  57139  13863  1889  2564  22721  13162  10749  1399  7356  17185  42412  48308  30791  156297  2274  988303  75060  59967  347335  27214  2126  8643  12848  1910  2199  192  370  4639  40436  46375  221789  144484  64311  1879  194  295  2357  1172  6750  2421  11095  11730  7476  710  434  5206  791  2018  345  478  506  4322  1215  282  3790  101  4692  36590  40043  13708  10786  908  5940  1937  50008  
606480  989641  204432  6548  2.04641e+06  566731  0  1.77543e+06  997663  77095  5231  1014  1595  1767  3168  16046  7050  27775  82905  23656  5803  10845  42325  47039  37242  4794  12132  24796  105111  36182  4469  15151  154  7022  242479  355419  191403  31088  7934  33753  28078  66248  59889  8477  9578  99453  124259  562486  483171  213711  9106  1261  363  567  1407  1955  3961  1621  11709  9118  12905  1661  1369  9188  2662  3129  584  1025  1535  5250  3422  640  4919  90  4781  73997  170301  24087  14129  3728  6371  3600  103894  
67749  120750  230363  1.24894e+06  201806  146047  1.7368e+06  0  1.7817e+06  481880  426610  1.34294e+06  1.70289e+06  866477  339840  20213  6143  75806  24858  536303  28791  17670  40852  84769  24760  8429  14315  23570  28697  22846  6485  21937  484  23016  400550  249288  467699  132211  18186  34753  26880  248628  312905  104229  130163  215379  196595  1.19269e+06  3.2269e+06  471387  413023  34339  58514  68635  67963  27006  43932  7810  48107  53205  98026  10841  5347  32303  10466  8563  1792  3911  5457  17114  10450  2032  25702  308  31037  223355  315312  118546  64457  22222  34347  12692  325188  
1495  16253  548  480  70971  1.40208e+06  924295  1.51163e+06  0  1.52296e+06  2090  251  331  799  980  9244  3145  43482  95540  6119  433  405  72353  1135  19326  1269  2005  1672  53625  17540  497  2031  42  1407  43484  19513  34953  18439  1454  4787  1947  1925  3688  168  174  9002  65777  103827  287427  220268  91559  1931  122  249  2086  1048  6215  840  13480  18077  6149  758  462  6870  735  2432  291  452  569  4605  1393  243  3382  46  5593  44741  44361  19469  12852  895  7056  2152  49324  
28966  16920  3288  3628  65564  1.64171e+06  133156  874001  1.66801e+06  0  76559  2360  1662  4970  2216  1.91883e+06  128466  93501  71695  27622  2462  2846  43355  9862  12438  2100  9562  20247  32292  35275  17951  381719  24829  707187  195754  241309  473916  211652  7373  12279  19095  8057  4920  437  1078  7631  15352  13116  354747  88975  458952  53810  774  799  4823  1677  104195  34536  30214  35150  14954  1311  996  13306  1805  2412  586  1462  2327  6788  3925  819  13561  465  22995  95581  44767  90787  56470  5468  34946  8753  224124  
3451  1845  984  3258  2321  1683  3552  753327  2465  162045  0  5769  17407  950633  11345  196157  27655  31172  696  656412  2611  824  838  2760  1273  819  1568  2616  1159  1498  709  16603  3786  7953  48433  28856  40086  23773  1620  3814  2683  5831  4820  398  996  7143  5656  9667  80080  8484  182708  139265  1408  3180  26649  3422  164137  71116  27238  7637  19826  1173  478  5473  1410  1212  833  1200  1447  4347  2520  1771  21410  1284  12238  58327  18768  53499  44905  2605  24934  6262  76401  
65698  13565  10857  970621  3596  583  26011  1.31457e+06  492  686  1696  0  475977  293370  152234  945  805  2715  684  153320  3705  2486  1790  11183  2605  1571  11927  19572  2129  1016  224  3883  153  2112  8997  7800  21327  2398  7133  7286  7162  117367  32686  60044  277076  8196  870  99361  530664  1651  3233  2885  435579  49188  19255  14907  2700  998  3147  1088  42031  4535  1357  2622  2743  679  452  2283  1843  1893  1545  279  2468  47  6015  9050  44599  7086  2059  27433  1598  1956  5577  
12284  7399  4145  92742  10361  4914  28567  1.33766e+06  3920  2033  5404  724884  0  700669  240274  1897  1414  3564  846  218432  8443  3142  1848  14507  2481  2046  7662  12431  2025  1124  320  3307  271  1522  26338  10317  21206  4477  6433  6501  5200  29487  8238  11034  62369  6433  6024  45689  420095  12057  9891  9423  183703  447789  63504  25150  5021  1821  6128  2457  79519  7686  2128  2922  3383  908  964  1199  1077  1732  1324  328  2772  115  3512  28099  19360  13585  7650  13255  3827  2281  21492  
8815  3413  1897  57071  4292  4977  7735  718135  9836  40055  990456  306861  573602  0  382405  44941  26695  26101  2214  911076  30016  6282  2009  23268  4568  3953  5501  7304  4637  4757  2020  25444  4980  8707  73456  18396  37023  20784  4241  13269  5969  21753  5135  6130  31680  4282  6104  20238  243835  17915  79313  80041  48594  102545  793594  89830  83009  44195  57880  11811  198156  16190  4218  7247  11078  3028  7723  5422  1785  4583  3049  2657  24184  1463  11023  67867  19603  31546  23425  7582  17015  5664  67664  
6890  3379  1738  34082  3961  2194  8826  247261  1348  1232  2263  215029  143117  625205  0  2447  5169  14115  3099  1.75892e+06  55275  54230  2654  461760  10064  65720  10398  5766  7073  3788  1961  8450  915  2411  53744  10408  23244  10382  4041  73673  5039  27282  5612  9727  15338  2716  4622  27984  79252  11851  1635  2602  14508  8101  99063  221895  5372  3075  27053  6963  220052  9211  5702  6759  10124  4289  3969  3228  1438  5738  2550  889  4750  239  2532  24303  15128  6489  5907  6007  8093  3136  25771  
28917  7547  2132  2165  19737  43738  11929  65549  22883  2.04574e+06  144319  1633  1679  14494  2806  0  1.93273e+06  498667  62073  71462  2227  1424  35661  4067  17155  2174  7420  17943  47112  30535  15303  524189  315491  606547  182202  68586  359930  168849  2750  11107  12063  6550  4647  212  764  9801  8216  5200  20927  6896  48027  34723  622  704  8900  4943  229064  136030  46931  3569  25544  1508  597  3289  1986  1062  1700  1849  1418  2080  1967  4200  54134  4112  15163  64316  10795  36446  33846  2145  18136  6870  222695  
88585  73095  6882  4578  189600  105543  27137  102545  18983  193366  78796  3037  2958  48309  15820  2.0041e+06  0  548995  1.31198e+06  286105  9320  4222  43379  12350  42577  7602  12858  21564  119569  313455  417466  1.95301e+06  531003  485375  153594  49210  402510  92678  6061  109986  18160  7390  4002  436  1773  8383  7843  6998  26707  11610  18816  40149  1324  1790  21132  18224  283974  183527  157335  12003  143717  5598  2003  7613  6912  4328  7138  6078  3034  7887  6650  10501  105875  6949  21889  120420  17694  41408  35689  3111  24571  11290  159351  
25091  34049  11793  7024  32709  16812  45372  196231  204039  315839  44613  2870  1625  5422  6416  449102  591833  0  3.01505e+06  623631  155870  58702  699322  35539  212998  39498  35359  31059  202617  71769  17641  182652  12865  55614  309330  71799  315562  138577  15084  186350  52422  5356  3228  636  2772  3077  2876  9302  26576  6555  21477  11097  1595  1158  5564  8382  46315  32916  121166  33754  163452  24011  37950  71159  46420  18887  5330  4295  3430  14353  7249  3788  26190  1581  7674  159635  10915  22869  19544  3460  35694  9136  135995  
27173  72191  17715  8872  136230  56472  171443  155362  353569  154945  4063  2724  1574  4604  11134  30369  1.62657e+06  2.60401e+06  0  172615  20132  8620  1.35076e+06  14464  368332  34514  34167  32882  1.00665e+06  1.05557e+06  583065  220908  4719  35152  156367  76268  254055  92774  14770  260431  40459  4445  2854  658  2555  2475  4460  13729  28718  12075  10121  2104  1161  678  1493  7628  7291  6515  80119  20143  111690  8860  7163  20005  10657  10914  3811  3158  2866  14128  6542  2322  10518  433  3376  68672  9389  15908  14647  2792  20504  7103  82905  
29371  39364  18632  40408  19247  6137  38049  532614  5550  18008  606834  183728  178806  869026  1.66269e+06  47215  63755  659662  57879  0  1.68769e+06  847210  33041  1.05518e+06  196255  189563  87857  39516  204350  80851  44275  144382  12033  32324  556871  103485  273436  127652  19488  559201  69671  26480  12411  5945  14405  8688  7444  39809  142883  16502  14439  36712  20707  22784  96573  104170  58038  46101  393379  118641  1.10008e+06  133547  155683  234323  165474  67559  18083  14594  13340  65402  28467  10336  55663  2590  14816  439406  33357  53171  53508  10000  99996  28760  177345  
1595  2967  1142  693  994  130  2038  7634  145  264  200  455  804  1466  36336  220  825  96929  5945  818089  0  806726  21234  209464  29237  36933  7763  2170  7073  1872  441  5239  156  1164  96325  5711  17460  5356  1009  102093  3627  839  543  112  236  256  116  1283  2342  267  203  135  144  137  267  4103  294  320  53660  13151  76017  176091  96548  57401  63077  10227  2383  1491  1031  3442  1551  252  1729  37  532  55799  974  2470  2142  482  14522  1629  6788  
2653  5816  2247  1045  1468  98  3748  8383  84  215  109  405  354  545  21423  164  376  59288  3869  286997  655666  0  59428  587155  57382  44038  6930  2806  5208  2097  323  5276  78  906  81920  9673  29210  5082  1228  104502  4274  628  536  115  312  248  69  1185  1399  159  109  52  147  131  109  3536  144  113  23802  2489  40212  107136  86044  34681  81848  6210  2029  1129  736  1676  921  117  934  16  308  27746  735  1555  1122  423  14303  1054  5273  
10699  17421  5265  2876  15167  6679  32625  83789  168105  40258  797  1064  642  943  1879  1932  7546  549851  1.08945e+06  30399  36505  68989  0  231191  662853  96440  36170  16076  912750  477302  19978  123677  1636  15852  115095  25248  136154  43032  6173  107149  27234  1362  1233  204  1043  1026  1686  6123  10462  4593  3570  398  483  222  291  1944  1366  919  18727  8437  40893  8432  20996  33061  29270  7356  1655  1093  793  3073  1320  318  1873  77  800  41066  2531  4189  3297  931  13655  1726  31477  
13307  26699  10860  5472  7806  453  17714  50066  326  632  367  3215  2900  4878  510956  476  1262  55986  6121  657275  261153  969458  320437  0  1.46816e+06  527723  41167  16497  22146  10850  1285  23292  211  2609  139972  37557  135193  21351  5909  277603  20599  2130  1916  451  1579  1039  487  5403  7144  1126  438  221  774  785  826  5617  588  417  13068  4807  65622  20270  34621  55330  172906  9896  2599  1611  1151  3367  1525  265  1649  45  701  40581  2505  4015  2655  1227  19727  1853  21359  
17441  25410  15015  8181  11446  4145  31058  46301  26814  2582  1546  2455  1175  2344  9341  2617  2955  85923  76994  65119  35093  76633  796568  1.60616e+06  0  1.70562e+06  1.0864e+06  168234  2.9096e+06  50599  3261  34971  594  5415  277681  80853  138304  44536  20818  972916  175949  2533  1704  477  2182  1121  908  5330  6943  1693  942  783  972  510  678  3383  3221  2730  28231  6669  45537  6842  11683  21834  22667  10738  2743  1777  1369  5604  2704  884  4003  152  1273  47777  4108  8790  6146  2099  18318  2717  51093  
6869  8476  6801  3387  1389  186  5910  10957  692  393  170  1137  548  857  35537  298  558  38474  15205  40890  33830  62544  130065  404961  1.58484e+06  0  428749  19703  38355  6452  571  10212  131  1731  57777  22964  42924  10277  5017  483836  17253  856  460  166  891  190  136  1019  1457  312  248  240  357  179  211  1019  1042  589  6700  2062  13079  3360  5115  9572  8888  3132  957  655  420  1288  663  164  829  35  325  20282  1113  2584  1342  718  7075  649  18516  
35157  4769  10344  12812  1568  681  5752  14358  551  2002  861  4328  1406  2195  21522  2042  1094  11350  3010  28601  9123  11471  14044  33356  1.09143e+06  623832  0  351292  15285  4965  790  9435  124  18023  252900  47868  58292  80673  13367  696168  511728  7532  725  749  2795  302  213  2077  2627  532  640  585  734  366  509  2104  1950  1105  8158  1228  13265  1203  2749  4880  6894  2184  1110  1520  983  1864  1037  317  1573  56  2561  15201  8208  2940  2376  7736  5959  1440  66743  
332433  39596  125056  127037  5688  1910  52167  70486  1113  6294  1639  26407  4732  4760  3220  6723  3250  16267  8955  18763  10528  22908  31112  97823  98354  11928  434029  0  180112  302511  5357  590951  294  63058  186411  175792  330523  125588  46529  157202  516249  39795  5058  6883  23275  1143  494  13026  8933  809  2292  583  4822  1871  920  1054  1863  1152  7115  1888  10140  1466  1710  6196  5493  2418  493  4286  4478  7026  3693  483  2674  63  11600  17450  43153  15754  7893  40311  3430  3179  51352  
33519  55918  28919  15577  73797  21394  107671  78012  101424  10260  8770  3328  1395  7812  6811  15856  46761  99802  417214  110455  19377  33755  959270  123650  2.94045e+06  93303  89680  335078  0  3.40314e+06  121174  136285  2018  14153  142682  75158  223907  86762  20802  335761  71882  4256  2491  917  3165  2016  2670  9170  14093  5778  2684  3977  1120  658  2701  7566  22484  15597  51288  10054  80729  5962  4062  11407  8776  7445  3411  2687  2379  11967  5194  2114  13027  689  3486  40916  7558  16760  12753  2969  13507  5208  95797  
65227  79667  37116  18525  119318  18584  83186  147886  38009  10785  20497  3596  1934  22753  9898  21069  476779  157761  807042  167584  30773  43293  465748  159295  203288  35160  48604  422453  3.2937e+06  0  1.50902e+06  3.41413e+06  2247  33960  183829  73111  332201  117619  19822  152758  56037  4563  3382  1075  3291  2923  2375  10228  15739  4326  3946  9523  1062  977  6221  6974  43680  30755  68686  8302  87603  4885  3547  8714  7728  4517  2988  2474  1743  7740  4624  3024  22173  1347  5033  43669  8900  18280  14201  2714  12665  5064  125707  
20052  26769  2928  1689  56639  9838  13242  41951  2057  3436  7760  696  627  7410  5285  10630  653741  67148  743022  93959  9670  6923  51269  7874  29732  8588  6148  11465  164930  1.51348e+06  0  798059  930  16215  44680  12934  109520  42371  2170  27869  6924  1483  887  161  463  1067  815  2345  5520  1437  1567  3785  275  337  2462  4130  19906  14075  40193  4356  48826  1922  1144  2701  2351  2277  1636  1285  975  4478  2728  1688  10772  668  2309  22136  3479  6444  6596  783  8004  2812  41655  
464933  101939  38417  25189  128030  146352  46012  193694  8622  354937  76658  6957  3957  71356  26986  353821  1.5751e+06  386563  142998  453361  63498  70546  335927  211615  123640  55433  42775  359065  126279  3.18825e+06  719739  0  788341  1.18274e+06  292555  140874  843936  151768  31549  174319  97101  10444  4739  1531  5693  5044  3869  11916  26286  6195  12122  30764  2290  2575  21434  17090  133217  76008  154795  17214  199250  10530  6390  16082  14094  7038  7632  6412  3174  10776  7438  6494  50133  3551  13263  94814  19129  37946  29252  7315  22342  9826  188382  
6368  1408  297  284  4217  2736  1054  8994  191  36920  9758  273  224  5608  2017  194192  231529  20829  1863  34931  1265  378  1621  997  1008  708  930  2461  1280  3062  1846  448027  0  322544  7891  2052  100381  6555  305  1611  1640  477  249  21  138  508  425  556  1868  614  1126  3537  123  214  2440  1752  20364  10678  10338  821  12950  525  164  613  676  278  745  587  150  379  359  613  5832  432  1451  8270  1177  2777  2408  219  1473  700  11521  
882850  76717  11966  6682  570190  1.65244e+06  35452  271889  3892  1.14812e+06  33687  1935  2063  15875  7060  1.45679e+06  922611  111098  42270  108399  7407  6950  34939  31266  18479  5803  27476  85758  43456  102481  56410  1.41271e+06  598246  0  102945  55951  1.5814e+06  38544  2955  24402  58847  2846  2528  409  1624  3053  3042  10185  20409  5815  9668  10133  691  683  5873  4114  57014  25655  27142  2849  32728  1633  809  2419  2067  1056  1607  1401  631  1557  1172  1348  13642  1102  4256  26243  5922  9608  8359  1419  5444  2357  60689  
206845  269511  83471  41130  194027  38771  425424  2.52006e+06  41830  614101  273470  15222  15670  36394  69322  333988  40237  510689  60950  755358  71905  66814  149745  186422  337936  71995  596687  356101  112562  58459  9670  148971  4312  32637  0  4.2025e+06  499622  503453  451697  2.00426e+06  1.0483e+06  15665  23413  2687  5523  23931  16166  107929  182400  40060  34257  16515  3144  3311  7521  10638  42869  22025  55525  12134  79317  10068  16266  44018  44439  18254  7220  5883  5944  11019  5990  1902  15993  807  6811  456792  36422  38752  40568  9151  67003  33359  3.12498e+06  
63348  122019  36629  18492  60672  11886  158077  313215  7681  52312  42797  3179  1838  5914  7888  41621  6852  69290  6856  124360  12519  13300  17337  38813  59797  11312  93772  63850  20527  8943  1427  20422  561  6065  2.42666e+06  0  507380  344406  679359  288316  158194  4916  10744  968  1468  9610  12026  53464  58396  26840  14563  5475  434  384  1641  1582  14229  7009  9992  2773  12533  1441  1340  4845  2244  1437  654  877  1253  2322  1187  411  3609  171  2243  107445  15075  10925  11841  3614  6986  6654  527839  
230186  246968  145460  107328  140812  68177  197249  1.43895e+06  25142  462088  150565  33169  16785  29809  24686  325929  84214  272010  74527  294018  36826  45369  111899  148206  75018  25357  51964  92993  88546  70573  20812  241648  20335  269411  642307  1.65252e+06  0  1.62616e+06  335207  153301  111852  18878  11160  4106  21229  10420  8402  41478  116219  20748  96560  34135  9683  4611  8038  5632  76289  30972  36334  10330  46405  4298  3291  9839  6464  3195  2135  2998  2663  5845  3402  1491  14551  956  11468  61815  31406  39507  29122  16303  18254  6847  201903  
14100  22228  7728  7470  22941  6373  25552  270345  7300  192509  46109  6045  3911  9732  10818  110386  15056  112064  42314  173135  15171  6904  41157  13094  19487  7635  23141  20799  38961  21199  3798  18757  1170  8415  135606  220439  1.5405e+06  0  62796  28751  84221  3017  1464  350  3773  1816  1571  5926  17786  2758  14003  6424  2351  1189  2546  2176  20700  9913  13944  2839  18316  1930  1529  5205  3401  1503  874  926  792  2525  1457  569  5375  351  2433  24202  5651  17403  16747  3264  7736  6264  237171  
49646  27379  27030  33895  3665  1110  19787  35779  740  2225  1330  9360  2011  2132  1399  1786  433  5208  1155  7575  1710  2865  3224  8186  6350  1938  24153  33117  4499  1787  274  3547  40  690  98365  546402  228607  47474  0  21287  26546  14048  1830  1303  3520  1365  3923  11165  9645  7360  1332  281  549  366  308  361  810  341  2300  752  2804  459  530  2603  1650  590  128  1591  1850  2012  1236  123  991  25  4346  16451  19138  9804  3242  18057  1081  1959  19564  
29167  21748  19425  19583  4771  1186  17520  34425  1982  2533  3358  17436  10174  13704  54488  2491  2953  67501  14344  176096  45206  60087  62107  115077  618019  585702  1.59788e+06  174289  115318  25389  1533  27439  287  8108  1.96536e+06  194719  135184  50953  54940  0  1.38293e+06  9650  2845  1362  5993  1727  1516  7250  11410  2465  2117  2647  4450  3308  3157  13375  8178  7927  87448  11927  127056  7901  33531  51190  76377  20862  7941  5754  4009  13423  7394  2885  12420  505  3803  96571  16410  19035  14990  10193  62574  8971  115001  
20242  6680  5085  6469  3155  733  7429  27472  613  3506  1885  5558  3451  4220  5873  2775  1407  20164  4556  21761  6601  10568  25699  39726  74271  13521  1.46996e+06  366847  19376  8061  939  19113  197  12916  1.04725e+06  113249  115592  293085  47956  1.31181e+06  0  3035  828  372  1436  591  509  2792  3767  933  1131  409  924  663  539  1338  1419  921  6811  1241  9397  1082  1207  3501  3299  1739  765  751  881  2068  1006  249  1419  58  865  39544  4886  5862  5539  3857  5374  3698  231792  
63312  35659  53626  88065  4236  759  30001  50882  1301  4775  2751  27048  1560  1686  1152  3468  2024  5669  970  10754  1307  4327  1155  5133  1993  561  6066  9086  2062  1335  636  2919  216  897  14167  26098  10164  3745  3316  4779  3860  0  1.72778e+06  73677  727160  371713  119555  526735  117070  5242  12372  4001  16372  3675  3212  5396  14579  8653  32565  21436  51710  8837  13886  116199  50589  18510  2022  26825  94718  57977  90866  17051  474710  706  927270  384829  597951  329959  69578  139322  32429  38410  95194  
74277  104100  125144  81519  5846  664  102094  183978  1067  1387  598  7109  282  402  406  776  440  1593  433  2962  596  1801  814  3701  1173  346  836  1601  1049  722  216  1054  55  245  5286  12925  13032  1660  1410  2360  1475  1.04756e+06  0  9446  6493  529217  27942  475333  41066  3265  3972  750  214  197  400  1279  5008  1626  8424  4198  12400  2211  4073  33636  15448  5917  587  2055  5340  13967  13817  2811  51357  63  10451  115282  213416  80911  17400  22195  13803  7757  24008  
16715  14025  26090  67065  1584  51  10558  20337  46  106  49  12276  114  96  91  73  57  307  87  633  118  373  182  740  314  94  697  1242  376  213  63  286  5  68  857  3853  2370  250  452  649  796  77822  2895  0  121799  495  403  232116  102648  328  254  49  207  171  109  228  109  172  577  886  1355  331  606  6238  3737  1123  65  201  1068  2724  2871  490  1243  5  2118  4107  82653  8405  924  7121  397  568  1469  
88082  38738  68817  863660  3761  185  34106  201943  219  394  264  421367  14017  9116  4673  375  231  1245  416  6044  684  1419  1164  4081  1768  604  8286  14563  1757  920  173  3100  28  2351  3497  15313  14774  1205  2169  4024  4803  803064  17367  124370  0  4356  694  49678  857335  707  573  617  829286  22405  6669  3159  378  344  1107  1270  11908  1618  1068  6838  4484  1479  164  1427  3392  4596  4517  726  2439  8  5598  4989  192804  10475  963  34788  905  2044  2113  
21341  65383  24467  11800  22906  5134  110171  129078  9653  5682  3012  1123  287  770  542  4334  2093  4637  582  6613  798  1654  802  2182  958  273  679  923  900  703  300  1781  239  707  15450  9201  9135  4358  1245  2386  1477  525422  939782  1843  1129  0  949230  671409  78848  23086  26544  4349  408  578  2027  4808  25166  18624  41025  13041  56040  7767  7517  55810  12175  12613  2054  5809  10013  41472  75637  23996  93975  858  238883  489243  312830  184317  107149  10039  50712  24315  130906  
2512  23897  1223  845  24663  38177  74233  198758  69766  34126  4167  300  455  1231  598  5048  2612  6994  1828  7836  544  956  1587  1231  1160  235  737  975  1742  926  286  2293  262  1242  26747  8694  13168  7327  1264  2097  1530  152941  106657  685  390  1.09413e+06  0  678118  307843  597425  1.64069e+06  4258  292  505  3723  3795  58764  49771  31293  74092  34247  4457  3819  54331  6140  20039  1677  6425  8442  106166  87484  28594  151799  3171  998946  221016  246033  97791  74983  2600  37331  15493  111085  
85967  305735  116072  83262  145684  38720  612744  644560  62711  7346  2515  8936  1089  1042  1224  3312  1382  4107  1534  7063  1133  2963  2304  6932  2463  596  1836  2764  2451  1678  513  2345  108  1017  35182  31824  29798  7020  3527  4681  3133  475818  933669  161254  10831  1.52565e+06  1.15466e+06  0  1.24903e+06  1.05573e+06  64453  2446  446  647  1535  3093  24756  2735  57970  97499  24547  4149  7316  107778  19646  34064  2717  4541  6860  82032  25485  5083  45600  188  30955  193465  311009  163766  53128  17326  25848  11013  75549  
157541  456594  167949  447270  254355  167115  1.06528e+06  3.04059e+06  319612  388293  51490  297015  205091  99495  52802  10624  4114  18464  10221  102085  8425  7843  11394  22897  9008  2510  8857  13896  10754  5949  1420  9597  434  8646  180969  113267  125993  39081  11348  16735  14747  171237  117788  140118  947608  132000  113543  1.79824e+06  0  1.60368e+06  457337  445252  774083  1.08621e+06  921083  102014  26947  6514  67692  58817  416190  60259  19340  83067  33241  12186  4707  6380  11420  23235  32064  6478  61004  775  102573  381412  690579  383751  177590  35347  50909  24433  237595  
3901  38958  1813  1073  36281  66710  109800  284811  118098  53400  1818  465  444  664  576  1777  793  2516  2596  3374  343  424  2172  1267  1183  247  814  1255  2366  1168  232  1143  38  1159  26218  9958  15981  6761  1931  1793  1731  7153  14109  675  438  29360  825773  1.0165e+06  1.52962e+06  0  1.76e+06  1391  248  238  2347  943  11426  4967  49434  188096  6808  859  757  110842  1381  37679  2110  2935  1610  157074  17791  5139  9205  98  12285  55472  171303  37266  25727  2392  14466  3423  45412  
11053  8050  3184  5793  7620  28424  15197  337134  123982  436261  57601  5708  3475  5386  2189  32891  11034  15007  3879  14793  1257  2004  5103  5348  3615  926  6879  11832  3721  2251  646  10270  756  11131  78382  51243  85168  35618  8862  8492  13675  41616  18858  977  1969  50059  1.41573e+06  109307  880689  1.25039e+06  0  94010  2170  2064  9483  3297  2.42592e+06  271564  102899  172512  32618  3153  2560  75450  3834  15998  1403  8535  11879  78735  47348  24661  475256  43766  888203  118840  496584  244753  150960  12844  74937  26711  151226  
4747  3108  1716  3649  2915  3261  5283  51778  12204  146437  94463  3305  3573  43804  2142  81444  30924  15290  1556  40210  1168  865  1586  2087  1995  469  2748  4339  1941  1678  692  13315  2379  6990  66030  48078  50633  38692  2491  4981  5300  3910  1240  656  3244  1757  1654  3064  457044  1695  208793  0  5042  13314  861682  5470  216808  17465  41338  1620  255948  3795  723  1549  1434  609  594  508  754  1106  1055  921  11803  878  4370  17630  7895  12058  8055  2832  4145  2796  52582  
34496  20482  18048  289748  5037  557  38945  279258  532  612  950  990557  147495  73126  34698  815  564  2054  516  43398  1785  1623  1215  5301  1645  789  6819  11375  1342  652  169  2665  73  1959  5647  6094  13069  1503  1634  3978  3732  107265  22044  25536  901044  2879  634  49357  1.15283e+06  992  1548  3767  0  278502  45609  20638  897  592  1739  836  78110  10882  2687  3365  4231  920  555  1460  2242  2340  2015  320  2361  37  3621  7311  58382  6623  1503  36300  1385  2263  3842  
15401  14936  12037  48517  16240  8902  45295  262178  9816  3191  3277  110701  526799  166750  45529  2831  1831  4954  1176  77444  3569  1922  1178  5959  1822  772  2537  3618  1709  966  390  2611  319  1131  28702  12040  10867  3982  1432  3781  2397  30945  5717  11559  123559  2904  2837  26440  1.21218e+06  4946  4209  16256  454879  0  385582  108628  2842  1555  4664  1724  300687  32582  7580  4796  9349  1590  1707  1679  3528  3373  2431  497  4671  134  3749  26549  28826  18354  8707  68216  3368  4916  20693  
8930  5342  3522  18890  5664  13051  10854  199029  22392  97437  82789  40961  50851  949886  91066  69135  33469  33630  3236  243392  15223  4648  2503  12309  4344  2209  2985  4232  4439  3284  1470  20089  4452  9129  79420  34654  49398  30689  2004  9801  4219  19783  3005  3658  52238  2712  3683  10039  767756  8530  61597  1.01467e+06  129031  294723  0  441233  64907  24609  26920  5602  874936  62522  12668  4954  17497  3110  6858  4017  3198  4802  3129  1960  18965  1141  8691  52708  20575  24287  16060  37922  10853  5993  66411  
7622  6134  4660  23198  5726  10341  13405  86068  11807  6568  14426  19583  9356  69814  150348  17800  9106  28313  4131  162097  4510  3736  2829  11693  6190  2246  2520  2371  7350  4173  2184  10646  1317  2833  45773  9675  19042  12276  1718  13752  3971  17648  4006  6820  24644  1757  1634  13247  151289  2541  2231  5296  48711  111212  492866  0  2898  2373  17785  2865  1.6104e+06  77300  71033  12282  649225  44596  274605  145061  8087  7669  4153  1754  7756  394  4471  63529  19905  22215  17082  25443  77411  15214  33014  
8685  4122  2076  3550  4545  2990  6471  72047  19151  177070  73375  2582  1628  6322  1600  170114  87791  33313  2184  28690  1106  1198  2300  2950  2813  658  4017  6990  2676  2577  1128  29209  5694  16818  109794  61830  88655  54811  4072  7317  7408  25612  9899  784  1633  22469  60356  14593  84532  18953  2.15867e+06  94135  1925  2081  15583  3467  0  2.0245e+06  639156  86712  45879  3426  1802  31499  3208  11302  1610  10011  15024  30755  20789  19238  945111  460154  869457  130787  181410  321952  208310  15506  92601  40129  224296  
8800  6336  2068  2851  7673  4230  10653  45447  10489  68792  94534  2237  1586  24097  5375  227858  134464  198046  5694  171600  3390  1869  3222  3660  7957  1568  6058  7764  7704  9665  4961  69507  14367  25511  209240  71275  108234  79730  4935  24325  10943  27682  24371  705  1862  63096  181452  30421  48595  61894  439380  46070  2290  3348  37784  12069  2.28057e+06  0  713791  1.54369e+06  256181  12706  3358  96567  6215  42592  5247  10255  12575  214332  340390  463524  1.72038e+06  426753  541733  110350  49420  173373  96148  9789  41741  27546  181822  
8401  11996  4592  4099  8713  5653  18428  52282  11744  20304  20834  1843  1207  6385  6127  43438  49743  187887  28382  192000  26799  20542  21890  10921  49645  10427  13147  12026  37116  21921  14886  52964  6902  12289  201604  35747  76324  48623  11503  79581  22914  24681  14333  2370  2592  14718  10697  67962  153888  117726  119431  18586  2704  2259  4355  7985  751533  704149  0  3.31821e+06  753657  141239  26648  573199  22533  69414  7350  13152  23431  117222  91149  50514  171400  7421  54928  265865  51505  178070  171094  17772  142221  75968  174210  
6450  11725  4010  3891  9471  8034  23022  64222  14965  18667  16402  1727  1230  6976  11693  16670  24991  165766  27201  216508  11734  6756  15798  9471  40440  9147  11095  9614  30549  16709  11047  40310  4182  8922  155773  29197  60975  42702  10861  59955  19512  35409  29995  3650  2822  40709  130446  156154  153111  303596  169246  4196  2186  2148  6139  38240  44679  1.9575e+06  2.6441e+06  0  331905  19314  10236  1.43314e+06  27763  188784  26285  28880  31956  728961  1.20052e+06  1.25422e+06  312266  9338  52271  247709  65512  163593  168429  16868  133398  76018  161352  
29459  34384  19802  48670  17294  8268  34317  157840  12402  24296  35312  35508  22814  88077  150163  60814  67903  451794  116891  1.29676e+06  113168  77469  105440  90217  201199  59408  44564  30434  134782  56542  30801  114513  10894  25127  599003  81571  203180  110585  19834  240734  58346  76739  24104  15422  65014  10402  5031  54706  351791  5653  20975  327876  96694  226383  664075  1.92496e+06  38128  37591  659692  66254  0  2.01424e+06  864781  138786  861204  124326  161560  89580  39513  167041  65329  15443  98916  4542  29949  428561  70592  103809  94348  42998  161916  64679  184702  
1404  2255  944  1254  1091  521  2126  8307  997  1017  1080  640  639  902  6989  1411  1619  87196  19761  99985  165894  132305  36976  28950  45595  20691  6978  2134  9118  2149  670  5071  351  1189  174106  4593  13877  6342  1641  47232  3941  4106  2194  645  980  1084  348  4350  21373  325  1274  1385  1073  2249  1926  40952  798  1241  235260  4004  1.06628e+06  0  478762  168012  229661  22813  22175  11118  6523  14705  7207  1291  8727  229  3216  162214  5577  14076  13420  2127  27928  9684  17453  
484  683  355  514  327  112  604  2209  161  200  202  247  175  340  3019  354  386  19791  4111  32222  36911  73130  20669  26747  11134  5379  2263  711  2587  699  231  1466  73  342  57537  1474  4151  2225  833  59853  1337  2767  1635  464  488  500  122  2906  5089  122  211  157  396  1037  658  101723  181  263  47673  1389  446414  370921  0  153669  725094  21518  58610  27621  7658  9895  5107  422  4391  98  1843  46881  2894  8107  4879  1390  41083  6770  6930  
1607  3394  1037  1249  2243  2018  6789  16474  3606  2839  1086  513  313  657  4316  2091  1876  42642  9615  43068  30572  41388  42033  39652  28575  10526  4179  1844  5692  1583  510  3758  315  930  195396  4488  10575  7031  3373  71355  3915  23326  21202  2526  1107  16594  25608  73704  54693  161669  29317  628  658  585  775  27151  4370  25084  422748  1.79524e+06  340995  93146  334774  0  480484  692531  35048  33112  25227  1.16641e+06  591790  117115  165813  555  20943  250648  26050  82904  43038  7898  96331  49558  73097  
1673  1720  1296  2025  940  1574  2147  9240  1787  1037  1188  677  409  960  3273  1812  1060  22624  4569  37944  31664  130894  30093  174691  16425  6924  4105  2075  4084  1333  432  2829  168  570  127384  3717  8108  7478  4609  138216  4626  15136  8277  2490  1610  1883  616  14577  20639  625  922  594  859  1391  1314  701030  723  796  57564  24867  587306  200539  651858  667143  0  1.70594e+06  469240  160047  62896  105225  36138  1820  19605  287  9534  129732  18641  34476  15809  9560  227215  38172  28694  
1305  1830  874  1093  1180  1110  3054  8737  1793  1817  1725  390  270  1005  3327  3054  2529  15281  4303  29210  6718  13256  6676  15947  11016  3347  2612  2158  4918  2180  1205  4410  366  1028  56493  4254  8730  8902  4010  29763  5056  10050  10174  1212  801  9791  18986  36870  16658  38289  7544  588  753  662  855  77280  1495  7366  34488  95815  77195  22664  50884  995110  1.46136e+06  0  1.55007e+06  816133  176584  2.69123e+06  75289  16401  16400  214  6369  196869  25767  36799  22521  8415  664046  70769  77665  
725  1059  328  450  1073  3879  2025  14892  4229  3924  7082  223  227  1885  1853  10647  3595  8326  2130  17785  2262  3824  2193  3691  3345  1061  1076  961  2812  1186  491  3299  418  1056  24253  3414  6996  5742  1591  9120  2205  1966  914  247  310  999  1197  3144  22063  2527  1305  3121  319  488  1977  361811  554  689  10263  6524  73825  15137  30423  73803  509340  1.12491e+06  0  821557  61055  48701  5334  1089  4205  187  2356  55028  9314  12831  10329  2203  552869  47374  20288  
1806  976  1069  1619  594  1023  1325  5971  1070  1947  4246  409  271  1607  2044  7522  3233  9760  2175  18503  3380  6065  3956  6517  5064  1582  1710  1561  2799  1227  642  3312  397  987  42057  4122  6920  5513  2690  21854  3002  17241  1786  386  748  2201  2114  4854  10862  3120  1694  1224  1205  1025  1315  165982  1408  1052  10713  9107  46121  9662  22137  83244  119436  1.05085e+06  817822  0  298966  46741  7194  1657  9468  179  18025  199243  23611  28028  12245  12922  737860  433481  50513  
13475  3703  11289  20436  753  194  4092  7052  368  1185  700  2716  441  565  668  838  842  4231  868  8290  1308  5137  1280  5390  2662  712  3803  6461  2752  1326  561  2401  136  419  14498  17433  5986  9844  7881  5927  8013  186321  9851  5648  7118  6960  4132  22688  23343  2195  3872  674  2630  1862  1317  7278  3258  2910  15935  11481  22705  6758  18365  134529  61994  147187  23066  258725  0  380664  463121  6431  370603  282  124730  270048  162011  146071  43368  112530  196772  723338  150168  
2601  4012  1937  2668  2709  2959  8150  20622  5200  4150  1889  733  310  1180  4044  3057  4402  20070  4680  44146  3475  9083  3144  8854  7436  2192  3037  4187  7545  4106  2426  7885  692  1698  30194  6956  13293  17827  8638  14055  10705  22873  35564  2041  1696  51592  92582  118007  29035  187653  40673  851  695  569  1484  13332  4280  40292  51005  462140  71280  14318  38129  1.27596e+06  107033  3.038e+06  67493  93655  515787  0  3.67049e+06  98220  53345  597  16416  115901  37558  55836  44759  13647  64285  41963  51653  
4333  8469  3538  4501  5588  3759  18541  34119  6726  4907  7338  1341  466  3152  2335  6070  8843  54406  3995  65574  4893  14979  3339  11824  7130  1782  3472  4804  7135  5106  3141  14280  1643  2989  48360  11592  19069  23316  10629  18947  11541  75070  146745  4393  3124  267638  314441  181938  60867  103344  58554  2795  1020  977  4763  18470  6294  312439  114092  722686  142931  30558  94021  1.04714e+06  123901  101458  8978  10250  427200  3.5612e+06  0  1.81082e+06  2.99666e+06  1746  47256  129057  66335  85996  48895  16677  36422  56981  83264  
970  3500  754  468  2403  1391  8282  12511  2314  1328  2682  132  100  1111  548  2756  3444  19060  981  20099  775  764  576  606  1597  280  730  736  1574  1438  911  4379  614  1000  14274  3060  5482  4113  585  4761  1416  15931  62015  251  213  133452  160666  52369  14309  16275  22555  997  169  214  1883  4067  3260  366184  62796  643960  49045  5342  4293  106327  4277  19179  2616  2471  2429  87772  1.65676e+06  0  783747  745  7157  25310  17017  18055  11283  1008  7635  4755  16634  
11208  8408  6977  10776  5523  3513  14138  47947  8661  23342  35398  2666  1256  11298  4065  68696  54180  122675  5434  120609  6569  12301  3903  8528  8692  2028  5846  7433  8299  7719  4460  35025  5886  10329  106840  27801  46186  38301  9709  25567  11921  687039  109752  8602  5420  176228  230472  98861  171391  12034  385822  20020  2818  3292  22591  31199  577814  1.17428e+06  242230  117863  302930  53181  83818  608425  81200  40927  12470  22552  281790  104464  3.31038e+06  1.17568e+06  0  649448  1.16406e+06  214738  182751  273075  91384  55580  50670  156227  163857  
316  233  70  108  241  159  424  1840  400  2483  4668  74  68  922  257  10933  6021  6291  217  5985  165  117  140  155  275  54  194  252  228  287  129  2545  526  992  7190  1732  3464  2411  234  756  365  3222  1254  48  88  4050  6079  1047  5226  164  59244  4618  118  183  2056  1365  247779  318130  11595  1631  18323  1468  426  1924  835  1076  484  1353  2154  2756  3417  7514  517002  0  477719  4178  2049  17069  4948  681  1511  2424  6176  
3661  3966  1830  2775  3126  3148  8749  37202  6398  22442  20575  1000  599  4469  1509  37510  20343  31366  1476  31359  1442  2345  1051  2177  2080  541  1593  2075  1840  1814  1029  10918  2154  4252  38666  12060  18766  13169  1775  5747  2659  1.00808e+06  128245  2275  1774  688754  1.60335e+06  55546  213936  12375  1.23066e+06  20513  1254  1890  11929  10924  1.22329e+06  1.01542e+06  133413  30544  133599  14756  11242  83712  19761  17578  4117  35564  64557  48164  95993  57962  1.7929e+06  870279  0  180518  102927  199321  88792  14123  32592  96252  99415  
12718  21428  8634  9475  22645  14927  64980  252897  25373  67434  30046  4655  6563  11951  9005  26603  13670  57344  7898  99087  17335  32927  15843  28375  22097  5628  35098  30816  12495  6959  3309  19211  1972  7112  516719  115544  64166  79401  58683  69544  97736  487669  176355  35717  11118  199445  63026  304134  1.84238e+06  30963  410798  82652  16832  20532  39400  142670  384618  49066  786128  103008  1.16915e+06  186897  141032  714850  243170  224799  76545  180358  289713  434662  197292  24912  277683  5401  80547  0  1.78522e+06  1.33098e+06  1.21158e+06  122200  1.55215e+06  1.22105e+06  3.70223e+06  
12537  22235  12427  12585  6415  2768  26044  55198  5203  9161  4119  1669  546  2190  1243  6361  3838  9312  867  13571  1070  2788  970  3107  1367  397  1977  2600  1342  1014  485  3463  571  1204  21979  19166  8541  7464  2516  3692  2836  377939  152455  18751  11663  78876  31506  289809  261033  60026  82973  6033  1325  1756  5383  9503  16912  8049  40361  10416  86810  9841  8933  63285  31975  20777  3941  20708  33786  38835  22386  4261  80214  763  30115  1.26828e+06  0  356031  295279  452165  213726  90196  317875  
18060  13155  9160  15708  9420  6779  28457  120428  19003  97110  36582  6105  4126  7784  4018  32388  16055  28975  2956  40878  3875  6173  4306  10256  7070  2284  7402  12707  6912  3874  1439  13412  1903  5551  67679  37362  55978  61973  60700  18030  25073  276467  130661  21864  11965  119486  23210  265861  998920  27969  296760  60763  10111  12755  23513  40913  328579  43568  260259  49635  342974  40164  23736  166337  42681  38801  13045  17101  30757  96568  34920  7310  94131  2432  83893  663669  635260  0  2.04351e+06  356549  131416  246916  455784  
1789  3028  964  1304  3166  3193  8825  35182  6112  19968  8279  787  933  2357  1400  10546  5057  10835  1022  15362  1129  1309  1386  1651  1595  464  1330  1787  1443  947  437  3856  601  1461  28734  11211  10400  18575  2918  3602  3763  53911  25137  4089  1031  37278  9261  54192  383121  13913  178753  17537  1054  2327  7641  14893  140115  13710  92011  22957  128004  13384  5220  44452  11388  16261  5062  4625  3760  30012  8000  2286  27669  586  18276  264457  217887  1.57358e+06  0  16559  368363  141692  656115  
24260  3959  9837  21729  668  138  3952  6251  210  1300  647  9816  4762  4097  1643  560  411  1428  309  4239  426  1187  410  1808  862  236  5902  9107  954  513  185  1244  52  366  2982  16874  4133  1072  6150  1829  2285  183405  11264  5062  14757  2418  1232  18511  14836  1189  2348  1256  19949  18470  10772  4364  2346  848  5875  3378  16510  2393  3187  22500  11877  4532  482  21285  40645  27525  20115  1817  20031  54  53264  25495  449141  187651  8086  0  3486  28358  5742  
3358  2137  1511  2548  1287  803  2490  10395  1119  4123  6548  2229  2057  5761  6409  11095  6163  24470  3423  43955  5948  11237  7335  14266  11194  3698  5641  6327  6140  3003  1542  8148  958  2176  96964  9892  20333  23511  24414  48890  16303  13371  3258  950  6074  2639  1565  7698  25539  1670  22865  3127  17615  14203  8427  233054  10531  1623  22239  7430  82782  15661  34225  99377  143967  465299  823803  1.18936e+06  300146  65586  15337  1194  14307  181  9268  1.57066e+06  43493  68624  138768  43791  0  1.25323e+06  261886  
2042  1117  983  1526  600  255  1585  6209  445  1675  1071  902  700  947  705  1642  974  4615  643  7278  1464  4595  1369  3515  1488  472  1477  1749  1020  643  294  1658  129  412  27890  6643  4568  5195  5808  4687  3859  23206  3739  712  2226  4054  2536  6843  22505  1249  5510  1063  6220  5124  3125  13585  6959  3297  32242  6804  33152  10308  25188  162621  33259  20703  10217  448491  377379  57943  38343  2839  93721  712  73838  977986  45245  191403  100359  43450  1.03813e+06  0  505984  
37111  50618  22881  10497  37526  16601  91838  660109  29672  524473  160485  3308  3789  21636  22489  261508  29405  251449  45760  356950  35021  26643  105175  67032  64619  21180  101672  72384  45101  21902  5084  52162  3134  16943  2.79854e+06  1.09384e+06  286510  1.78245e+06  53783  138565  269940  64948  37174  4033  2810  54288  24391  88067  565199  23155  421705  76089  3206  5187  22137  43014  417128  44481  305088  51100  410542  53725  39614  216736  52521  81768  34789  30787  36234  47048  29483  6226  66930  1820  24392  2.51122e+06  505882  734929  2.68024e+06  10638  697252  428800  0  
