4162081  
2013145  
702352  
4389843  
3608933  
4054366  
7713628  
13490239  
4595848  
6799491  
2588172  
2611484  
2592763  
3553365  
2680916  
5229833  
6791835  
5923437  
7305342  
8221444  
1532412  
1355215  
3566364  
3741849  
7381397  
2122438  
2238672  
2194085  
7737258  
8755284  
2693761  
8521525  
786266  
6527045  
10701251  
3622724  
5793419  
2146761  
787789  
4648545  
2431295  
5023324  
2246927  
518336  
3239160  
3179406  
4659965  
7369250  
12911415  
4802790  
7190672  
1944217  
2648203  
2221945  
3457654  
2703634  
5987774  
7095649  
6402037  
8231551  
8416191  
1777010  
1231503  
4462222  
3875638  
6440534  
2095781  
2086537  
2181186  
7920348  
9244926  
2606628  
8412812  
1001503  
6543485  
10658675  
2932342  
5113190  
2357933  
724150  
4004744  
2252688  
10507317  
