4111154  
1829727  
676096  
3931543  
3259336  
3504706  
7114875  
14882762  
4129603  
6842111  
3563884  
2426163  
2558839  
3996568  
2919305  
5329563  
6292210  
6019125  
6771559  
9976552  
1441739  
1197626  
3343623  
4049179  
6652134  
2137937  
2338200  
2585523  
6672717  
7815273  
2430100  
8824234  
832554  
6655491  
1924572  
1629464  
1356357  
1888084  
975902  
2450120  
1838124  
4042553  
6299135  
2579387  
828546  
2558771  
1588009  
86519  
490239  
705655  
1076122  
412326  
467443  
419297  
59357  
86128  
951904  
105846  
999299  
3596449  
1136753  
4396135  
2212428  
456836  
3579592  
3460874  
4517054  
6969294  
13915489  
5292829  
8068676  
2064513  
2565831  
1892872  
2779768  
2710532  
6241632  
7184663  
6227855  
8273666  
7997665  
1438278  
864076  
4488430  
3315646  
6597663  
1904784  
1950960  
1521624  
8529982  
9917585  
3555439  
9622694  
934445  
7434969  
1492048  
1670813  
1916696  
1723593  
1413976  
2496542  
1521575  
1969707  
4795640  
2938884  
761859  
2107165  
1644899  
66610  
516765  
669540  
999898  
404518  
468372  
501749  
109794  
99365  
964435  
140654  
888546  
3266216  
1318993  
9114249  
10887061  
4808688  
201179  
