617282  
581266  
657817  
448821  
856187  
716387  
429818  
340258  
275520  
191823  
580619  
748842  
665570  
851082  
229102  
578119  
240626  
1028042  
774761  
743364  
772426  
236413  
508589  
730269  
435549  
442553  
539911  
513550  
656481  
256881  
231480  
377353  
555887  
507245  
396401  
468830  
502295  
590541  
794049  
718453  
882834  
594511  
470050  
391947  
573295  
433299  
861629  
606277  
475960  
614098  
473567  
834951  
576931  
479584  
528039  
892512  
646118  
532931  
730923  
504575  
770427  
559157  
673314  
504126  
519437  
606044  
546383  
700676  
502162  
668211  
459331  
628751  
457619  
536677  
536741  
295470  
400216  
575880  
387586  
670883  
697936  
475975  
730280  
451820  
445531  
431624  
396488  
453124  
776871  
450211  
804993  
434379  
372215  
540683  
385756  
352499  
479354  
595011  
441972  
475353  
333829  
417185  
627665  
309174  
316559  
591268  
410724  
649738  
350563  
299715  
635171  
529700  
319292  
229665  
252957  
600757  
842052  
219463  
187816  
197301  
617922  
312057  
197610  
541220  
357978  
452790  
489990  
488561  
695969  
408852  
622913  
336297  
434725  
487684  
350105  
488415  
388539  
193084  
423898  
396340  
579832  
326856  
255991  
193683  
233585  
250954  
246127  
214669  
242246  
203400  
368565  
127500  
153304  
217345  
211454  
149974  
178692  
397844  
426710  
241033  
50018  
134057  
130592  
131368  
209978  
119701  
72868  
142468  
160492  
254713  
224938  
670846  
205267  
244196  
216742  
388253  
404896  
482660  
319081  
751081  
660958  
486775  
566227  
334673  
431939  
512322  
574064  
259875  
498361  
579154  
183335  
637343  
608270  
190649  
391599  
193959  
746283  
275463  
368417  
607275  
833558  
479494  
592306  
312383  
426831  
596455  
547881  
356742  
444314  
190171  
532957  
358135  
185233  
195849  
282519  
306533  
255640  
162999  
216566  
133474  
155802  
213092  
317364  
119669  
107889  
136030  
93875  
225149  
225661  
102982  
143101  
184777  
121345  
173930  
359892  
533711  
390332  
299306  
395699  
620643  
785301  
313700  
414265  
804401  
421976  
593567  
865101  
269734  
448040  
693552  
653540  
740220  
531865  
443805  
353200  
697393  
552965  
445853  
177777  
207044  
330324  
287944  
284850  
262532  
170604  
219001  
235603  
235756  
324949  
635455  
275595  
189758  
159582  
295555  
337348  
479832  
212966  
158535  
176633  
191606  
234739  
377652  
387292  
607900  
471425  
244609  
217082  
369227  
482402  
662909  
433625  
137070  
100502  
384684  
404758  
281133  
256926  
365969  
408020  
457471  
791151  
626616  
552491  
444681  
698636  
420938  
326041  
382578  
396913  
329041  
281748  
437921  
641427  
528811  
600533  
538188  
665030  
620214  
771111  
751876  
347137  
574633  
416549  
425531  
777917  
723810  
615762  
621288  
551463  
939557  
413005  
219398  
315771  
193133  
239857  
257952  
299650  
295370  
163050  
150312  
354130  
215369  
204958  
174261  
287016  
203664  
228278  
127376  
224066  
97427  
109206  
154582  
204105  
359116  
359935  
121743  
326237  
455931  
486442  
431948  
205209  
183387  
102239  
291995  
266971  
202119  
453042  
502906  
508614  
645657  
417584  
261986  
295011  
124268  
572549  
169663  
231048  
265709  
299475  
370661  
519514  
231159  
263705  
274428  
279338  
246487  
265223  
391901  
441360  
563788  
287895  
352854  
582014  
418815  
442139  
366104  
446131  
464712  
968129  
530221  
821143  
769101  
821302  
876230  
1310653  
338406  
285908  
330903  
303405  
491202  
461702  
1590842  
760827  
831288  
1032357  
866289  
566838  
1105374  
1011649  
860987  
639330  
670896  
597719  
538917  
765137  
505064  
877030  
711305  
567721  
754730  
649191  
1220915  
674353  
593889  
396352  
737629  
610552  
538959  
571594  
464705  
634424  
901974  
664367  
765688  
1000334  
994649  
424825  
784199  
836437  
929712  
786503  
486637  
411691  
493049  
596559  
679938  
650813  
439561  
357378  
328211  
380844  
587722  
671422  
610604  
603798  
756599  
521389  
405567  
502453  
575697  
438975  
304123  
422699  
387605  
848350  
575849  
542635  
786483  
395892  
548928  
863382  
1022372  
365034  
272135  
199892  
273445  
368120  
427311  
459368  
343845  
519269  
689480  
402515  
424326  
463536  
507929  
846375  
464145  
462912  
551463  
1151619  
8822696  
3073717  
5195860  
2014957  
722683  
3719581  
2285088  
465100  
430303  
471881  
517823  
937273  
605046  
390801  
321682  
249084  
219113  
560749  
829636  
640926  
884501  
220348  
634137  
366098  
846432  
863401  
420384  
424153  
136767  
486404  
762492  
519263  
439614  
657106  
385720  
686439  
278550  
226542  
318639  
627762  
386277  
344476  
449722  
456982  
423886  
727715  
718461  
557888  
226930  
856584  
471644  
737628  
389538  
867755  
464896  
486624  
536065  
384880  
799615  
641392  
602518  
577840  
865124  
879234  
462513  
603180  
465954  
688020  
448460  
515480  
600900  
423310  
637248  
482986  
708306  
478012  
683908  
287721  
411607  
490956  
370839  
314227  
224635  
273498  
461027  
293260  
603862  
644166  
643772  
684850  
375352  
369721  
402368  
441665  
386584  
760971  
499087  
831094  
439307  
286423  
417647  
414354  
361623  
370660  
575460  
523307  
438036  
394451  
312897  
619684  
321764  
340445  
578544  
524081  
797901  
423338  
354059  
565389  
512732  
302751  
236526  
228776  
814221  
1243543  
293653  
173037  
254739  
750559  
257784  
179729  
510591  
315604  
375063  
459328  
493019  
929827  
461775  
771227  
358010  
501238  
414915  
373099  
406504  
575791  
183802  
372836  
323141  
611639  
319966  
298987  
178088  
163300  
220612  
245558  
243529  
239873  
191487  
261481  
122174  
71954  
143119  
121173  
119937  
114199  
420790  
264264  
173111  
91775  
97494  
85128  
55124  
201745  
84255  
104766  
199328  
139043  
194813  
70695  
356435  
301398  
308564  
189807  
229444  
489656  
322187  
305728  
909413  
750616  
698844  
573744  
207868  
295171  
355896  
448674  
300062  
618365  
381657  
238353  
638195  
455984  
257095  
321080  
184421  
839290  
319696  
306688  
528577  
832793  
509350  
579741  
391957  
209581  
788649  
650672  
403976  
464870  
157676  
374105  
305238  
203954  
179618  
215846  
377537  
206569  
115689  
174713  
151357  
94980  
290755  
370372  
125497  
114386  
171442  
121917  
185011  
246259  
130190  
119753  
117385  
133130  
132268  
306561  
513368  
253488  
538120  
309151  
473226  
832716  
508223  
373836  
756269  
344764  
676798  
782054  
161680  
383283  
519396  
679032  
638668  
273481  
177976  
458759  
736021  
501801  
510601  
95879  
113552  
391002  
177207  
208092  
265927  
252674  
308177  
235153  
309912  
319022  
615643  
300308  
289745  
208935  
320152  
289713  
414926  
189325  
196679  
124492  
237370  
405500  
351996  
287841  
410531  
388873  
289106  
266266  
250292  
762925  
964123  
486694  
163348  
196251  
350924  
369112  
273474  
370245  
309334  
370409  
777456  
1154902  
346744  
184607  
293727  
273774  
524656  
362518  
633787  
480848  
291138  
307138  
308561  
674651  
503593  
534424  
532013  
682147  
560138  
677105  
700901  
489426  
591526  
372684  
499187  
807643  
747666  
687240  
451655  
549449  
812362  
470659  
103653  
363790  
199969  
367137  
316878  
241337  
211987  
132879  
221846  
417393  
201579  
136718  
175332  
218898  
41643  
72115  
152032  
246815  
271138  
252248  
262353  
820517  
452708  
430236  
178812  
359309  
361324  
471964  
428857  
268656  
279574  
388895  
201867  
316442  
326104  
399273  
616193  
806192  
718191  
429470  
333176  
116636  
138856  
506187  
171617  
163966  
360249  
263640  
336610  
462636  
292300  
258757  
328114  
312512  
236827  
310057  
675908  
330508  
596982  
290012  
390127  
622056  
431239  
425540  
317959  
459467  
526193  
881990  
598666  
904190  
710142  
481936  
644776  
1504516  
213947  
216819  
370331  
248929  
499348  
730456  
1262930  
712593  
1281371  
900352  
683274  
551670  
1129434  
847391  
757336  
569894  
573693  
555724  
761692  
829227  
976200  
951124  
1349184  
744603  
632286  
677713  
922494  
523740  
538181  
538027  
721559  
834043  
623029  
509906  
559163  
475519  
867440  
774869  
500695  
1000950  
963186  
480532  
753039  
915277  
915923  
793844  
860739  
432832  
632618  
643479  
832195  
851188  
676468  
354107  
301940  
367933  
367401  
273867  
534465  
561944  
684451  
370453  
385925  
515219  
554877  
358256  
357012  
282349  
376037  
778543  
618677  
614151  
750960  
276555  
441041  
957660  
1150813  
546519  
309309  
157680  
316625  
449938  
385084  
448490  
354631  
512498  
