0  1.29841e+06  50519  650906  265760  16944  268695  28823  936  3605  475  12170  240  276  280  6271  12270  23333  11238  4823  1440  5245  66947  19594  13889  1393  12326  55379  36824  60224  4256  68439  933  1.10506e+06  26720  36759  205817  13781  9333  9391  30315  478  75  510  5239  145  97  1248  2913  159  206  286  188  43  78  70  91  44  1723  45  3783  413  272  572  529  180  39  64  37  147  57  12  88  8  46  1650  2940  601  401  261  322  373  17620  
840974  0  2665  1238  716569  30000  413193  12925  1300  3687  1351  808  420  415  479  4837  11867  17884  9680  7906  1646  5643  45557  31143  22378  3712  14139  62512  70935  45052  5197  20171  415  34888  533716  688322  574035  115969  26336  60534  92938  270  247  162  350  425  428  3258  6451  439  683  833  43  29  121  194  189  38  2848  113  5521  677  384  1683  982  450  165  342  131  374  219  10  232  3  123  13984  2758  2139  1965  547  1271  1884  294583  
24448  369  0  88575  15  26  159617  53930  13  29  19  84  46  37  32  39  16  378  86  215  42  87  718  305  676  146  819  1839  938  520  45  183  0  29  7546  25910  18287  1841  16379  1145  2200  755  97  3070  3616  35  6  6630  9941  6  11  12  10  5  8  8  2  2  164  13  161  40  13  146  51  40  15  32  26  44  15  0  22  0  8  396  7243  568  78  591  80  324  4882  
648230  404  111843  0  81  117  21240  511140  39  56  127  639276  3709  2667  1525  127  55  797  147  2709  315  269  1293  807  20623  1366  30164  58134  2169  1677  63  15230  8  14653  17748  91968  21328  2108  91093  4542  10230  20062  312  48584  614356  305  76  31590  146703  45  52  128  99982  3535  2217  1202  22  12  553  40  1639  218  80  669  253  284  106  304  288  203  109  4  440  1  446  1773  121820  3056  663  5326  523  1543  7594  
214032  1.00333e+06  1063  752  0  1.01315e+06  1.4191e+06  36297  4260  35717  3965  218  201  250  1076  29171  104774  64148  25044  25910  4926  11620  105124  43441  28527  7166  20653  47338  54376  52863  12802  97231  4925  461170  742942  614747  656434  139461  3871  117446  58850  129  789  32  106  5030  3344  21197  24799  2153  1781  2091  18  13  278  346  601  189  7186  270  14625  1327  700  2747  1578  887  243  353  237  965  465  54  517  18  514  19772  3458  5265  3833  140  2741  2191  309194  
13543  37943  207  242  857284  0  499651  369761  490991  1.26222e+06  5054  53  225  263  519  47240  139968  32376  60785  19331  2531  2557  27920  6758  7042  1741  3396  8665  43794  77197  22705  157344  7918  962752  146041  168485  211583  30654  1022  15448  7753  780  712  27  86  3692  19592  10454  180975  49118  28761  7024  18  33  482  455  1788  324  6989  890  12298  812  311  3693  1156  1707  298  492  591  3476  1273  88  1693  48  6007  31812  8446  30808  14345  91  7359  1534  81821  
286066  441526  175707  7204  2.06026e+06  823317  0  1.29989e+06  1.31241e+06  84890  6687  507  445  617  1570  10145  19616  42798  57745  38118  5689  4116  29438  18333  36011  7511  26001  53909  108764  102933  28193  13089  159  5193  903223  1.17501e+06  200288  62991  60022  136873  71475  2128  22907  3432  5178  61613  45211  359443  344158  19329  6888  3356  653  231  921  1397  2067  368  10900  1030  19570  1894  743  7757  3690  4174  955  1403  1527  5940  2569  133  2541  49  5007  82833  47728  40095  20312  2041  15710  5208  307389  
5304  7580  56054  1.05541e+06  28686  274168  1.85981e+06  0  1.9571e+06  540663  520721  723469  1.10776e+06  775303  238969  22800  12400  76043  111171  630748  98909  26311  45299  44513  69984  51094  30538  32233  62516  37498  6200  38992  716  38536  390945  271028  438617  173070  19783  61109  24624  10149  29513  17407  107924  86840  121257  475509  2.88383e+06  179942  162070  88573  181629  61900  38264  54990  11237  1352  33477  6390  149239  9199  3707  32894  13594  16813  5209  5880  5084  25297  9119  495  10141  218  28629  254084  144701  208076  93881  4281  55018  11655  345643  
1085  2778  115  100  8554  988160  794302  1.85373e+06  0  1.70996e+06  2501  29  31  105  133  5554  25633  33820  277041  5355  695  462  27698  917  73273  511  1300  3607  141961  110721  17483  14224  198  7884  70173  44035  52161  24451  529  5356  2798  547  503  19  50  2186  18190  6234  96473  25967  23934  6572  15  24  254  340  1689  196  3190  837  4358  361  131  3082  685  1487  218  320  433  3448  1140  64  1232  32  4896  21000  5433  22876  9621  50  4936  1012  52917  
4356  8297  297  277  65183  1.20456e+06  150259  1.55157e+06  1.56649e+06  0  92498  146  290  2018  845  2.25988e+06  324983  118033  146676  37039  3557  1439  24271  2629  27194  2393  2978  8006  106301  216603  80517  617400  93881  785792  309291  502821  310209  293628  873  37075  7216  4409  2744  79  152  11636  6431  6575  393599  33208  213139  146691  62  230  5032  1194  9923  972  21398  6498  31618  1714  607  24114  4420  8831  662  1392  1955  16099  4107  300  6050  99  20711  68584  50621  170016  47764  368  28579  5642  362802  
198  355  232  1392  1809  4165  5277  1.0328e+06  1108  129238  0  2806  10214  910613  1693  48726  827  41369  689  953340  20422  3277  1522  2545  801  599  768  832  511  788  98  2592  280  1978  49517  38276  29711  26748  506  5248  2504  1742  1206  96  578  4695  3465  5604  124220  8115  164055  367501  1066  1688  62532  3910  14748  2031  49109  1872  133322  2187  614  7786  2569  3714  1398  1722  891  5754  2224  353  3276  212  4952  79347  78300  115045  54742  439  27132  6846  85022  
2953  195  1226  948249  113  246  5924  1.01392e+06  92  234  3552  0  378496  188854  85939  139  84  2648  190  132903  12091  4227  736  6702  14465  6341  20701  25211  1563  586  31  3938  24  2679  9378  2526  4555  1135  5945  5915  13162  3022  731  2082  164666  1826  512  12952  190210  203  412  2376  654723  59042  25548  22565  83  24  1687  156  34329  1912  925  1969  1862  1215  837  1164  650  682  248  11  746  6  1185  10261  7247  6607  3219  7105  2028  992  4844  
382  144  656  56643  331  807  6083  854990  231  635  16025  609031  0  785466  273502  290  213  8608  508  384559  42574  13610  1276  20929  14113  15381  15149  9600  1453  558  48  1427  59  997  15199  3992  6952  2591  7383  13720  9926  3037  428  1138  50066  1178  810  5270  178647  396  1600  10372  209387  412560  57992  37317  161  65  4527  262  74199  3434  1522  2123  2533  1890  1994  2121  821  927  378  28  1204  7  1704  13042  7396  7584  4244  12266  2744  1206  9345  
446  215  537  30380  682  1603  5591  741402  556  4266  831234  246427  546720  0  441871  1270  647  33303  1366  1.21394e+06  150943  32455  2298  26134  10697  9124  11983  10344  1370  989  92  3048  212  1328  22170  10878  14749  7687  7297  11045  9093  2641  387  1314  40357  1298  1552  4189  115221  1840  18124  101618  62631  107127  596604  109390  970  460  26936  655  257642  11246  4386  4629  4415  2667  2726  2616  613  1467  854  205  1673  47  2014  17905  10681  16248  7787  3134  5373  2625  19581  
448  450  618  25814  1113  1099  6186  209142  583  653  5220  126012  237769  492142  0  737  1729  35287  2666  1.73984e+06  69893  48839  7060  442385  58580  170008  56376  6242  5897  2628  169  5347  1103  2364  23603  5613  16649  7353  3852  104445  9362  1731  399  1140  29280  1004  536  4166  92464  292  812  5581  23562  14641  73332  332157  189  141  23254  1875  315253  17105  7586  4396  7896  2757  3049  2705  485  1385  941  90  1233  34  989  18592  8328  4664  3811  1487  5106  3981  20753  
3899  7896  230  186  48669  133531  35957  55782  90482  2.52705e+06  95568  99  90  541  550  0  2.19254e+06  722334  169712  44788  2561  1055  15234  1983  23136  1376  2272  8454  103074  234896  68620  800624  404874  694180  118848  70796  329846  161904  749  22623  4959  195  224  6  54  819  756  1688  13376  1420  10674  19077  18  19  1105  335  5358  2182  32351  777  39812  678  173  2811  520  1302  167  290  188  2863  827  349  1973  191  781  19056  7444  8128  5648  87  3677  1910  136182  
6583  26761  615  541  140927  315105  81349  47025  138148  495924  20614  245  714  4166  5755  2.43711e+06  0  1.01738e+06  1.34392e+06  593358  35039  8635  26013  11428  24343  10333  6515  7755  116995  425252  303785  2.38781e+06  586820  534626  132903  43503  284262  57124  3982  23586  15399  355  537  32  125  1656  1963  4325  18195  2424  6403  13483  55  88  5135  3579  11707  5899  175991  3187  371030  6654  1796  10632  2834  4246  1043  1418  547  7707  3055  1186  5956  496  1177  68820  11317  9375  15124  384  13650  8089  109315  
7064  11161  1554  1712  32638  36983  41445  186617  154354  172393  24870  1019  995  2510  8871  581497  694950  0  2.93351e+06  690397  167057  76672  773364  92151  90598  15888  17708  28828  81184  84598  4197  191675  16004  72986  289593  55467  415990  203566  14197  135259  73916  896  1195  67  347  2875  1375  7359  21732  3277  6807  7902  194  131  1121  4149  4328  3344  160510  6338  209866  60415  18540  84550  25257  19846  4237  3619  1534  14830  5301  999  7116  529  1496  90837  11980  20896  19084  1427  23057  20827  239719  
9604  18446  1839  1830  38761  146170  142606  216194  416885  158400  2815  988  631  1067  3640  82316  1.96105e+06  2.98277e+06  0  120271  16831  8058  1.16958e+06  17210  330736  20060  20209  37862  710932  1.49829e+06  551772  387583  12890  68605  183172  51797  337116  149197  14831  166001  78859  492  731  65  320  1946  2108  6973  23003  3663  5222  2886  155  103  346  1525  524  347  50072  3625  96836  13965  4054  20561  5996  5407  1258  1519  822  4653  2160  150  1991  69  883  35795  6623  11611  8194  1064  10045  10111  147445  
2218  3252  1808  24675  7561  10432  27845  607502  3826  13369  507525  74997  222141  714583  1.20442e+06  17164  11267  1.51664e+06  35696  0  1.67577e+06  829325  49978  827602  70008  98377  45855  18244  16763  17529  1326  36920  4298  11387  236295  59298  162415  105888  14206  162253  60331  3676  3918  779  13465  9855  5651  27624  232152  7125  20495  76654  16846  13667  84515  158610  7033  5427  498116  23196  2.6944e+06  168306  53272  220681  83623  66593  24114  22105  6171  48651  19634  2496  20823  1006  5761  268708  47781  75812  68923  4334  87834  82509  254062  
191  299  94  693  513  479  1679  32748  97  342  1141  996  5222  15250  19475  292  288  196691  5051  803004  0  489553  74652  173991  9944  13128  5386  1212  1225  1147  55  1991  132  635  27818  1994  9169  4368  655  22209  2976  183  226  22  200  609  234  971  7303  302  397  1110  238  243  1002  6522  169  100  40554  665  106446  206773  59283  39096  33973  7056  2686  1490  338  2562  971  53  1514  74  307  15894  835  4205  3412  234  6933  3816  9462  
322  586  85  230  755  196  1486  5863  47  142  308  348  1025  1433  15940  100  117  124701  6767  230515  438341  0  97349  545043  5936  5372  2112  1305  1073  1326  28  2147  68  693  12461  950  7964  2836  522  14717  2338  94  163  9  86  338  57  463  1954  64  98  158  83  67  162  2724  37  27  21171  161  28061  97331  96777  24865  98484  3622  999  558  172  750  393  13  506  16  98  5994  281  1546  826  101  3316  1628  3960  
17214  28998  2470  2292  34114  10701  50110  92146  18332  8630  1201  1060  599  630  2311  3368  13432  682602  1.23872e+06  32461  76414  138845  0  455655  1.10953e+06  57979  24124  48480  1.20925e+06  741394  7461  287063  3492  51662  122490  20538  229820  71878  12023  145740  58316  309  601  56  376  1582  588  6058  9377  935  1386  1092  153  76  160  1782  203  106  56134  1374  60235  62645  18804  76638  16405  11256  2210  1190  392  3522  1060  32  1657  89  448  38621  1908  7229  4845  831  5996  4653  66423  
2544  3313  915  1660  3275  952  11178  27235  261  626  424  2074  4951  4213  413495  309  702  192484  24123  544288  128929  703953  495495  0  1.21968e+06  269401  23725  24999  43400  24649  716  19121  473  3677  54618  4996  46770  9450  2945  192242  14855  118  304  43  541  661  168  2466  6196  159  197  264  443  174  270  2836  60  35  12115  261  23118  22270  25371  34579  201814  3447  1069  588  206  997  395  24  531  21  159  9243  738  2474  1301  261  3600  2091  15865  
9685  5612  5123  18496  5372  2861  19658  41332  7674  2321  461  5827  2630  1090  11057  1015  3628  87728  213746  26142  9826  13222  1.14102e+06  1.48456e+06  0  1.47038e+06  847551  186333  2.6505e+06  82322  2209  35860  1187  14369  122854  17138  99785  22844  14611  596959  75273  502  204  214  3154  531  250  2646  7493  350  461  365  434  150  141  443  76  28  6957  290  11680  5078  1772  7441  4100  3354  448  284  173  941  269  9  497  16  285  8222  3414  2112  1324  1437  1974  1571  30865  
773  749  600  1932  1035  536  3627  23846  286  415  229  1368  4939  1480  88827  261  699  22202  18226  33167  7330  4690  73494  205280  1.47487e+06  0  276103  13094  48241  9410  367  8102  556  2142  29277  3877  19288  5277  2159  537917  20200  50  75  21  380  166  74  650  7203  70  91  162  358  172  123  301  27  6  1687  96  6132  930  358  1296  713  365  153  104  48  184  83  4  94  7  38  2471  473  573  374  147  599  458  11659  
15289  1901  6313  32813  778  309  4936  11193  85  536  259  10889  2104  1210  31544  816  508  5482  972  9329  2491  1999  7703  12779  936126  407981  0  321198  4444  1545  235  3055  141  24315  49253  7694  61192  11880  23317  458673  182337  724  20  344  5343  66  54  284  2902  58  93  138  552  156  146  103  27  4  700  34  2000  373  196  706  479  228  126  127  160  99  60  3  337  1  299  2283  4602  375  152  2050  604  480  32312  
55711  16496  22024  91553  3879  2605  57986  49966  955  2222  601  33410  980  836  661  2198  2149  12716  5994  5665  1562  5368  38878  32144  269668  5531  324249  0  429602  543702  4806  311565  204  63075  145058  30808  263859  40445  27428  105185  201388  1290  254  641  14435  549  363  3656  8977  452  480  346  894  209  176  195  88  30  2649  168  5320  581  387  1423  837  472  126  288  325  485  207  14  536  4  519  3564  5659  2954  981  2180  837  2411  45465  
9794  12751  2648  1665  11145  42702  128815  65936  72672  12766  1113  457  338  652  1086  4562  36140  103043  513933  27413  4246  7619  1.62459e+06  50600  3.2419e+06  31059  36613  606803  0  3.5031e+06  144909  78840  2047  13833  86260  20903  110985  29933  6217  116578  30949  134  296  41  254  854  959  3875  11490  1481  1619  943  127  52  241  441  319  169  11572  407  26084  2968  889  4770  1636  1447  268  289  178  1036  434  47  527  22  349  7415  1561  3604  2229  341  1960  1981  36520  
35874  29323  7008  3207  37628  166836  346156  86228  134169  56886  7505  468  566  3492  3871  24435  722032  226358  833071  169835  16843  18353  695950  75977  143399  12202  10208  602875  4.33974e+06  0  1.56705e+06  3.31043e+06  7327  66274  82599  30698  189514  50372  3678  54531  19317  175  504  51  288  1648  2387  6835  22239  3196  3552  3698  144  92  2752  2067  1974  1519  61544  872  172460  3554  1426  5102  2848  1915  530  687  266  2398  1222  502  2159  151  736  25580  5029  5903  6494  273  5495  3515  56210  
1484  4456  173  139  18009  117023  238526  28194  57406  31227  1237  47  93  485  621  7886  1.03612e+06  30512  611716  32293  2424  815  26318  1722  17418  2182  1427  4903  191374  1.95932e+06  0  1.02555e+06  1180  9203  16016  11999  58323  18315  429  6645  2276  69  101  1  34  646  1192  2407  9974  1863  1538  1043  14  12  361  369  647  318  14029  268  32981  511  131  798  247  349  112  152  65  622  306  87  480  31  319  5863  1400  1856  1569  43  1270  745  11563  
76604  47027  6459  11652  120717  267740  102277  122563  29231  578282  27893  2887  1081  7640  11357  492583  1.98923e+06  725095  374017  543899  53104  27280  574857  74360  106975  36193  15052  461040  226711  4.5589e+06  571809  0  998641  1.56519e+06  102493  73466  485325  41607  4507  83534  20209  612  802  102  1653  2611  2221  7056  55196  6248  13017  15482  240  153  8319  5390  8339  6209  204716  3127  500495  9969  2952  14793  5273  5706  1390  1807  668  8064  3535  1476  7108  595  2340  86535  14492  16452  21957  515  18722  10379  100479  
926  2054  27  19  12885  8257  1862  3382  440  38887  2103  7  38  162  322  179753  307400  35415  2850  22562  1704  396  2169  660  1153  551  349  918  2052  10866  2441  502966  0  324116  1985  1675  47855  1524  62  1030  378  25  45  0  4  146  77  267  1107  104  569  1487  2  7  359  141  1168  716  13173  197  18431  365  88  796  140  338  50  87  20  720  182  103  589  61  102  7416  1002  726  1619  16  1328  570  7023  
1.01569e+06  153667  4393  4803  980847  1.6309e+06  56628  73920  6207  1.10501e+06  8423  856  154  601  1359  1.44824e+06  822411  186103  31845  63932  6953  4962  91286  7757  18970  4213  16379  52026  40274  170122  40105  1.7951e+06  915182  0  24391  28673  766672  12678  1331  9291  12039  145  199  33  409  649  1293  2125  16267  3986  3597  5937  26  12  846  409  3074  1491  30186  535  47727  1423  452  2636  719  1008  183  259  130  1871  575  232  1335  134  568  17079  3295  3766  4110  87  3042  1418  25828  
39309  112017  63670  43047  41076  52903  631147  1.2793e+06  30188  313712  171193  13516  10845  10544  21637  215720  8578  401754  40310  281862  40286  24854  177050  95815  357919  143792  412839  502652  330101  148077  7434  72558  1730  15216  0  3.38358e+06  436676  300719  325779  2.76213e+06  1.2121e+06  2882  8731  1093  5030  21815  21263  106197  317139  21951  46135  81017  2251  1034  9822  4753  6216  1269  55486  2777  108789  10774  4440  38125  17250  11245  3730  6925  3751  11275  7034  313  6557  118  5950  393652  41864  87529  49982  5830  41087  44749  5.61373e+06  
28033  113163  30057  31066  15866  19339  578490  116549  11567  25369  46357  432  462  1274  2651  33515  2820  90959  7295  88027  9820  3555  18419  9727  81284  26491  103841  87000  50068  16389  1132  9254  230  4124  2.75509e+06  0  181935  201842  666044  418461  253728  2470  2682  915  4552  5780  3566  29809  62501  5400  26543  46945  270  126  3835  937  2788  566  19346  945  36995  2734  842  8720  2867  2746  837  1406  1052  3209  1322  106  1823  50  2050  49851  23418  33923  13831  14115  9849  12931  748653  
110751  186790  72732  38480  282089  94652  707626  1.36937e+06  18028  301836  64437  10845  7239  8405  12475  407436  23342  388828  70892  181936  28712  20682  170890  53009  54590  25528  29736  72770  84386  79936  16395  127997  6278  134815  205961  869813  0  1.44276e+06  138860  75141  104234  1392  7049  1006  4677  17579  8121  92905  206999  18263  40363  44351  2912  1039  4292  1673  4565  1499  36136  1694  67839  5195  1996  13359  5447  4483  843  1215  1126  5639  2037  263  3156  165  4675  53193  21878  48898  20713  3589  12184  7800  162902  
4208  13032  3101  2726  36300  10539  89009  339724  2718  211426  34355  2675  2249  2882  5839  152377  3298  135773  28943  72214  11049  4533  32835  7739  22004  16753  12153  4228  19730  17023  2143  4978  751  1999  72914  256576  1.41947e+06  0  24340  74990  75565  325  1636  133  600  4460  1579  23561  37784  2903  9548  22899  699  295  2690  658  1222  371  11371  408  24297  2286  715  4555  1676  1485  352  396  249  1436  554  71  801  49  651  15773  7307  13374  10010  989  5801  5127  358944  
6102  10645  39748  136720  126  614  67710  11046  268  210  660  3067  1456  1321  620  863  121  5896  765  4630  873  994  6885  2638  51952  10600  71159  36456  6492  1409  92  1144  17  1594  76195  379848  128243  15695  0  27002  81720  1378  75  2490  22626  106  45  746  1458  87  109  190  197  75  154  218  44  18  3110  220  2451  889  282  3114  869  856  359  692  502  756  272  4  512  3  150  3994  3303  11564  1210  16405  1847  7924  18036  
3393  2384  3221  6738  1385  1368  12337  23054  757  3312  2273  3106  3037  1696  7607  4877  1057  36055  18125  38312  9326  8153  69429  75858  521815  538641  705807  74775  126589  36459  1950  14855  401  3478  1.04286e+06  80409  55426  41905  16046  0  796240  252  223  93  1341  475  221  2288  7304  255  728  1383  360  158  267  662  185  91  13381  958  29306  2352  1283  5194  3289  1937  982  818  288  1278  680  54  613  19  217  19393  2619  3252  2608  1135  6212  5061  261887  
8742  1254  1643  4854  455  423  6367  11098  269  899  2102  3972  2035  1769  3790  2819  321  25459  3170  12519  2909  2852  27834  7878  164712  98292  521103  48527  8012  2607  127  4358  77  14114  418026  121970  71248  80779  55596  1.01888e+06  0  145  92  56  803  210  185  877  3123  201  609  984  190  87  225  196  269  90  3493  122  6751  616  257  1327  592  416  182  313  131  359  171  23  221  11  93  8211  1263  1781  1619  750  2629  3824  138980  
83  67  269  3182  85  214  2173  3540  163  273  594  1726  925  916  296  251  100  2568  216  3547  970  1051  1029  836  1712  140  2180  2944  202  177  16  518  45  164  4252  2245  1374  814  753  546  633  0  1.12958e+06  28907  571006  431294  32414  195141  40297  5339  8153  1249  1184  800  618  3369  7059  7251  47194  8143  17814  10974  3690  93677  28595  21666  3209  12798  39072  28664  42483  4145  102582  2026  1.22497e+06  103457  43436  249720  46757  18319  19196  8967  36785  
163  546  275  550  559  1240  39460  23923  347  392  501  64  143  98  95  283  107  2103  194  2954  526  723  767  748  352  128  307  456  442  260  34  279  28  88  16506  9480  4073  1654  305  1490  1251  830591  0  267  342  916002  27076  360305  21121  4404  5182  2129  305  230  234  2402  4933  1277  20051  4226  13423  4197  2116  51273  26700  25015  2988  4766  7690  32653  22736  819  35422  243  39270  384299  311484  520971  113656  3380  53209  13264  108875  
118  88  4467  27033  0  3  2810  1701  0  2  0  96  6  9  5  1  0  12  3  18  4  4  11  4  26  2  42  70  13  8  0  16  1  10  153  4375  143  20  506  22  34  28553  10  0  162908  17  10  103262  39221  19  21  7  126  32  19  37  19  2  81  17  82  24  17  330  188  205  53  109  125  206  125  2  116  1  95  1223  19209  3284  695  1387  292  475  440  
2461  299  21163  665764  29  39  16174  49923  12  16  76  106662  4688  2277  1140  16  8  137  29  1745  180  85  197  206  2924  306  4467  10554  459  427  20  1870  1  901  2832  32263  2144  326  17666  766  1579  594485  78  175624  0  130  34  5080  312409  23  28  119  595954  7901  3064  1318  20  4  166  24  1495  111  52  391  251  684  259  1239  952  401  178  5  800  1  1449  1636  84807  2353  467  14233  749  2065  1543  
118  541  243  627  4274  10320  77292  54711  1972  849  1544  179  1176  262  282  761  263  4625  516  8392  1700  1311  1743  1586  987  323  911  1660  1395  844  143  680  56  250  36280  21387  12253  4397  377  4438  3045  510663  726527  206  373  0  913668  779788  82831  15963  20882  6179  150  259  782  8175  15173  10926  79511  12772  53233  15481  4720  86662  22144  25339  6125  7717  8296  36260  18292  3358  33802  2624  415498  434843  351207  316764  112535  869  78756  14827  95261  
200  584  126  262  5237  37509  66244  103257  23013  3643  2972  120  868  236  228  1422  749  3840  953  6496  1039  580  1771  882  1455  382  1364  2876  2326  1655  341  1729  63  1782  51560  23233  19525  7387  275  6622  4078  46711  50874  82  192  1.34526e+06  0  690117  328588  713074  1.40452e+06  8380  85  147  1166  4217  74906  71187  60867  31807  35770  8409  1844  38366  6835  16312  2647  3545  5101  100852  98458  24549  88557  6089  1.23526e+06  116265  113864  218184  43587  394  24043  5501  51875  
2301  6420  6822  19829  18664  37846  584752  374350  12291  2796  3708  573  1894  1177  1032  1942  810  9574  1867  23780  2160  1639  4737  4375  4155  1125  3715  7249  6803  3819  652  2178  119  1007  160672  122316  58377  17015  1648  20018  11944  145779  288582  119370  7132  2.02588e+06  1.35225e+06  0  1.72433e+06  1.1385e+06  128691  23524  423  899  5774  10777  33349  3291  95029  11285  158174  12360  2746  55355  20667  35383  5600  7469  9176  107150  32231  1475  15159  328  24789  506271  607440  316006  106315  7616  91389  18022  164242  
14574  16342  48407  330614  36032  220471  912342  2.80532e+06  213432  57669  69453  163445  53233  55306  63256  11275  4926  30041  8255  175064  14692  7086  15117  11934  18133  11260  16473  31925  21113  14533  2703  17914  354  17048  531830  261254  244575  98294  5773  62000  35842  10646  31529  47746  679661  106602  209397  2.04226e+06  0  2.29748e+06  523638  658219  945293  876522  823933  298355  19743  4433  100245  26647  603876  40228  15157  72136  33545  34948  28223  24039  8813  43167  18530  1259  23859  745  70600  551165  576116  694770  382883  12975  97595  24488  492681  
274  464  50  93  2475  45735  22321  180879  19010  11581  3017  28  57  103  68  1697  1316  3615  1433  4364  470  290  1992  455  829  192  672  1739  1714  2123  522  3815  65  4220  40905  15420  25005  9847  179  2462  1662  2532  4590  53  74  19149  846707  1.23747e+06  1.91981e+06  0  1.51683e+06  6322  27  49  338  964  22166  7556  32238  80018  15627  1893  390  87993  2047  25105  830  1426  3210  219992  52248  5499  11944  250  25900  77318  68167  152031  88092  210  14580  4322  70791  
554  867  95  198  4971  34800  9044  397099  15314  69228  77588  84  244  797  191  7099  1249  10058  5189  10604  1016  515  3694  831  2147  425  1108  3273  3093  2766  529  6981  181  7649  117942  113961  98739  54978  337  4931  3678  15545  8894  150  307  57455  1.30982e+06  119623  940849  1.96157e+06  0  115996  136  216  1698  1812  2.20849e+06  196405  81540  123799  22773  2288  609  58740  4632  16407  1258  3197  6030  164080  87354  22420  354208  87126  835201  156086  328777  394519  251957  1354  110786  29615  236698  
505  928  267  1160  5664  9400  14106  277412  8869  83647  301114  1539  2559  64358  2164  29542  2087  19879  3219  74407  2915  768  2486  891  1681  660  1213  2697  1848  1824  307  6133  455  6354  137400  174138  97232  77102  496  9231  3644  634  1231  135  1209  4643  4280  20914  805195  2380  246379  0  3458  6798  861064  8262  78600  2035  78239  645  560642  1988  632  2924  1258  1357  759  1022  461  1673  1092  436  2932  318  2902  78102  88465  46893  50471  294  24316  10704  168593  
879  291  2609  298227  150  267  11703  376629  81  320  3504  948175  176307  100203  49257  90  69  1883  149  77283  7012  2647  421  3713  4381  3008  5765  7898  565  331  22  1380  13  873  5440  3643  3081  1217  1350  2293  2382  4564  786  1181  580140  1941  465  14165  1.11643e+06  216  436  4994  0  396775  157707  75577  170  39  2013  251  103355  5201  2402  3376  4095  3644  2637  5481  1916  1001  435  16  1289  7  4790  11669  5971  12864  4589  69788  3076  3523  5935  
495  115  753  38289  350  916  7043  117874  509  849  8416  60786  282693  141892  39608  196  107  3110  267  102137  9986  3450  430  2201  2573  1603  3348  6549  554  392  40  1322  34  715  9688  4630  4263  2175  548  2358  1390  5249  494  705  88314  1476  500  5812  843187  243  795  15990  518816  0  511361  227951  118  52  3355  278  292463  17089  7749  1691  9278  8473  13845  12668  1756  720  260  12  1374  15  3805  7105  5901  6055  2787  71290  3226  3193  7506  
572  486  1211  38944  2220  7545  20681  138382  6623  31949  197604  43081  44998  552533  118982  6412  825  27862  1223  326033  20190  6081  1497  4021  3416  2825  3539  6273  1262  1163  155  3603  257  1786  76296  95984  27360  35712  1016  8874  3793  2590  1345  753  58281  4707  4037  27665  975380  1188  5850  1.06985e+06  199967  466676  0  610158  764  281  13168  830  912380  30555  11692  4317  6720  5269  7220  5815  778  1772  923  102  1441  45  3510  22361  24356  23681  10286  11627  5471  3296  68529  
359  334  1300  25812  642  1562  10143  79865  1506  690  10106  19870  15994  50741  312497  1091  720  23381  1672  277473  20854  9274  2553  6332  2995  3750  2448  2563  877  948  86  2671  317  767  16566  6458  9273  6112  965  5563  3240  848  976  704  27577  3263  1117  10923  377241  455  956  5564  40623  189577  397028  0  342  188  36778  868  1.71592e+06  98025  49069  7916  533017  84350  216582  147492  1089  2286  1002  82  2507  161  1451  29229  8198  18511  13447  3011  36695  10011  24999  
137  237  52  139  1218  1651  2490  53348  970  12621  38482  51  150  293  104  14311  1665  7787  826  7929  465  228  800  276  399  126  292  583  470  639  94  2677  439  1938  29889  32822  20316  14197  260  1730  2105  13288  8733  150  330  41947  91171  18552  52888  129042  2.18696e+06  96698  157  175  536  2704  0  2.25421e+06  810786  113504  28539  2422  438  51410  3852  12731  1725  4647  8365  170028  98851  24421  742701  389833  583347  118475  98704  387143  239952  1765  76609  43814  147349  
218  438  102  227  1986  3386  4631  19755  1153  5157  55871  100  321  1106  328  71947  9612  70467  1083  74702  2143  475  1067  507  726  355  745  706  1064  2475  428  10986  2128  4094  47384  18656  23196  13518  816  2991  3492  16233  13699  141  297  60080  163154  31518  48723  195134  590277  30338  132  243  1573  5767  2.32901e+06  0  1.22141e+06  1.89856e+06  132643  3373  680  38548  3361  31370  2999  7217  12775  266095  404407  463345  1.99283e+06  360061  459635  114437  40919  353682  158639  1715  46999  37375  116439  
552  1029  488  763  2812  3104  8865  28918  1074  4985  18645  270  621  1862  1320  38537  11236  160426  11137  122386  12547  8054  25263  5140  4092  1546  3003  2559  3457  6339  771  22443  3709  5563  99856  28545  50443  36650  5022  14431  17909  11629  12814  360  761  44594  20718  33176  70752  156180  131374  61539  413  596  1272  8065  847416  787831  0  2.66341e+06  873086  149804  26240  774036  29535  106039  11666  16338  13578  135455  89906  7156  143918  4402  38016  221923  40167  360579  234657  5082  140142  121806  245446  
188  367  251  514  1126  3766  7639  30654  1322  3646  9822  202  608  769  570  15226  3338  42865  2823  43266  2379  1218  6473  1473  1129  425  857  992  1042  1687  253  5913  1047  1956  33598  13903  17188  11293  2505  3957  5373  13227  15511  346  788  56432  63611  61381  85001  487651  332478  5956  486  712  882  6960  69271  2.17108e+06  2.65611e+06  0  377643  18285  1447  2.23551e+06  7988  133069  7667  17975  20843  1.15234e+06  1.18235e+06  871363  483789  23487  52801  219526  46372  340824  216924  6125  121260  115433  200875  
3111  5388  3085  16271  13681  14751  48987  227799  10974  19095  188599  16494  39667  119056  148388  87663  35345  788757  67424  2.54684e+06  163482  60123  144181  43716  29378  18496  20762  17144  19773  29329  3188  83461  11288  21753  434351  140777  260408  193619  21886  91972  95313  4650  5611  711  15451  16961  10053  64233  603977  6526  40645  336541  24045  101286  483481  1.57963e+06  10654  5503  1.26608e+06  36902  0  1.80486e+06  711912  178034  827472  120764  156641  97972  8457  50361  23622  2037  36768  2040  11268  249485  58685  129805  101463  6147  147552  95458  375791  
185  268  82  171  534  241  1451  3869  122  233  1624  216  475  680  2286  288  349  58813  6067  47956  270992  86469  60484  23216  3605  1708  1152  1009  1131  1048  46  2002  187  717  36883  2279  9204  5035  739  8416  2985  720  1042  30  146  3216  353  1657  7113  216  400  325  119  234  390  64264  133  110  266083  581  952914  0  444401  185363  240305  24418  30138  16504  1285  4287  4606  169  6809  91  1287  46308  1337  13655  6576  892  37518  12047  16222  
55  71  27  90  153  84  461  1534  57  74  802  111  277  376  1233  78  91  9891  990  15396  81489  109162  8910  19558  921  475  331  256  277  226  14  511  58  176  9453  727  2268  1240  218  2687  752  264  315  13  75  969  106  724  3765  87  154  143  60  145  233  26858  101  79  82252  260  383376  504543  0  95509  502728  13978  11744  5555  580  2030  1113  25  2206  102  563  17082  557  6632  5199  352  23086  4844  6588  
350  548  297  704  1227  2244  7624  21672  774  1881  2931  238  496  400  1778  2844  997  121607  12338  57623  29790  24542  103847  29027  6957  2694  1962  1897  2275  2091  121  4134  428  1679  55194  9072  19058  9840  2665  13768  5849  11000  16275  407  924  42494  14878  45050  64658  215106  90715  2627  390  876  689  15483  8888  15875  728101  1.47553e+06  239975  196206  192614  0  323210  873998  38157  25399  18151  1.23579e+06  560978  65114  163999  2075  15318  147328  18278  171385  72905  6419  109475  127086  151183  
77  139  88  444  193  127  2263  4340  63  109  293  202  417  443  1746  131  101  14147  1497  24256  42798  111730  11789  169771  2150  942  707  442  423  358  17  699  69  239  20168  1504  3526  1893  585  6549  1248  5693  4141  382  671  6786  687  10484  22961  1171  1282  358  289  1144  674  441898  518  241  97194  1321  479441  225171  494546  458021  0  1.74124e+06  283760  66073  10606  51367  25311  271  17344  129  2839  65946  4091  52534  7513  2563  199006  36318  31604  
77  153  169  678  305  421  2931  7538  160  291  1074  271  429  403  794  760  339  18934  2008  17604  7658  7279  10748  5592  5008  625  704  693  600  565  41  1215  155  407  12833  3256  5884  3643  1655  3643  2208  11572  5196  577  1709  9053  4170  19415  38227  26373  15181  868  866  1902  1094  108455  1429  2379  113000  14758  77334  38092  28679  1.0961e+06  1.49036e+06  0  1.42568e+06  931265  113494  2.88749e+06  49585  784  41354  366  10698  154318  24044  84182  18838  16041  635696  106474  65732  
52  68  124  782  147  139  1249  9354  88  108  1425  386  507  584  1698  153  83  5379  653  15109  3098  1484  1526  1115  559  323  414  454  246  238  14  437  42  143  4917  1221  2759  1648  575  1589  983  1818  561  110  1404  1471  278  2160  43757  502  522  656  888  4276  2095  438562  225  140  24380  808  96082  23156  9242  37885  379591  1.17247e+06  0  827433  6986  23137  2002  60  3708  169  3025  40012  6218  12504  8015  8486  405815  39908  20744  
50  43  120  808  74  110  822  6962  77  87  1927  440  516  662  713  131  65  3045  287  10370  1188  585  496  518  524  171  584  635  139  144  22  316  27  134  3378  1698  1711  1032  1721  934  689  8071  533  184  4498  1280  220  1439  29735  331  577  717  2272  3389  1870  230843  497  218  12785  838  44664  9482  2482  13899  56964  959173  668997  0  219508  7258  1236  66  6708  167  56044  37537  11253  24032  5748  37880  267832  211784  25426  
35  24  133  1310  18  45  420  898  35  63  126  756  467  441  116  51  19  540  46  1080  251  500  331  436  856  81  1122  1382  108  72  2  167  9  68  1904  1874  845  415  3235  600  467  28404  1235  587  4973  2700  629  2865  4518  1493  2133  303  2421  1964  1204  2560  1974  1171  7956  1535  4607  2138  1234  20058  8844  103012  6405  207727  0  112524  72178  369  242500  604  91422  52545  20747  43824  1702  67849  48373  226158  20551  
131  245  138  408  696  2598  5167  14736  1078  1141  3499  139  344  588  662  4303  1541  30735  2514  32656  4172  3681  5140  3180  1472  600  842  790  853  1264  131  3797  527  1124  20682  6935  11506  7429  1512  3325  3832  17191  10801  705  921  28765  120650  109686  46367  486851  290017  1987  304  469  567  10589  7076  62733  169097  433915  82910  34423  12036  1.14171e+06  64649  3.64284e+06  34707  40167  333301  0  4.28751e+06  112378  97400  966  17627  160915  29768  158932  48826  4428  281359  63702  73359  
192  416  196  434  1454  6463  12447  23669  3111  1980  10593  137  447  1510  854  11150  4034  69616  2037  73636  5082  4374  5930  3354  1245  590  1049  1134  1357  3115  349  9437  1381  1900  41935  13234  15342  9433  1331  4360  4637  29692  29962  756  1038  89057  582338  206554  67661  561860  353827  4276  217  384  806  24736  11373  554012  289311  908128  162122  35447  13536  806192  108299  107380  13208  14180  118036  4.27985e+06  0  1.97614e+06  3.89168e+06  1785  57640  134990  35463  170938  46457  2500  79213  33894  81885  
41  89  44  58  499  2308  3589  8282  1068  721  3855  28  78  391  132  4182  1213  17833  351  18890  656  205  494  209  259  124  250  299  337  821  94  2571  381  551  11336  3941  4196  2426  254  990  1056  2084  8333  32  62  28075  235352  57523  16516  128865  91757  1433  21  41  174  3572  6180  750564  39960  843769  36815  2025  399  68760  1708  9377  1519  1674  2122  167132  1.99942e+06  0  1.22072e+06  2669  23003  16881  10563  34753  10316  252  5379  3182  11526  
301  454  341  1833  1807  3247  8571  18730  1492  4063  45938  925  973  2119  970  42488  6517  83721  2090  94448  7818  3904  6313  2935  2103  711  2124  2212  1398  3263  375  10912  1702  3244  50782  20748  22894  13611  2469  4575  4729  99197  32746  1270  4936  87889  266455  52614  70864  65708  436557  24528  981  1066  2040  39214  427974  1.89368e+06  549633  254787  316811  66128  13921  395615  74075  88894  23018  28299  318021  216158  3.81417e+06  1.19218e+06  0  696298  942230  160304  56638  299744  66609  20273  103723  72286  96973  
17  39  9  24  149  171  462  1123  76  291  4414  16  43  118  88  2995  368  5614  110  6750  398  132  247  102  81  53  71  56  66  149  14  712  127  201  3283  1494  1617  1004  70  270  305  3609  2298  7  26  10635  11995  1084  4630  1305  72916  2766  11  26  138  3263  148936  279884  39857  7911  29665  1526  260  3256  790  2734  1114  1615  2416  8564  7215  14837  506539  0  333123  2714  3055  35582  5949  157  1223  1386  2996  
93  157  216  992  698  3558  9047  21702  4692  1582  5629  332  453  465  390  3068  564  8921  552  13264  2335  1147  1838  960  629  180  624  901  371  508  81  1263  178  595  12145  6392  6530  3254  857  1368  1094  1.03846e+06  156291  1648  2791  1.01206e+06  1.72393e+06  67921  176685  59983  1.695e+06  8757  1330  1365  1533  13687  1.10889e+06  765206  209408  40552  94143  24471  4709  110857  18944  59086  10665  107823  95688  108021  126427  59934  1.41057e+06  807619  0  61389  34772  363087  43245  15136  16139  46116  28275  
1187  3514  2771  6001  6681  17674  99882  190547  8798  12336  24445  2672  9556  3753  4493  12245  3091  66265  4451  111438  13745  13070  12878  13033  8294  3922  8904  7403  5293  3947  485  7672  1007  2613  505014  130611  60290  37066  16443  33652  44520  105777  127567  9767  14021  186199  46815  555151  1.41759e+06  48977  409582  365522  12206  13358  14902  137619  202431  15999  602941  32746  585330  62413  28956  336498  179245  483051  217459  367472  264186  657860  312302  3171  239831  350  24588  0  1.79103e+06  1.03829e+06  570883  115581  3.39873e+06  1.53793e+06  4.11038e+06  
142  285  583  4894  838  2785  15386  23916  763  5583  15612  177  354  410  346  3849  670  11266  554  16496  995  633  870  682  536  215  494  617  536  601  69  1480  212  512  24429  18935  8328  5678  1090  2027  2066  21583  126206  6247  8887  132302  14718  351578  115384  9980  24635  27289  583  800  1028  10067  9960  4165  64602  2687  61904  2684  1258  13509  8132  36382  11473  23223  14297  39767  8750  670  10571  401  3219  1.12066e+06  0  255080  125652  317432  201049  50883  177292  
335  722  1335  4943  2328  6348  50006  141290  5859  15104  26502  1744  5133  1726  2075  3343  591  10958  1842  24630  4209  2619  4827  3055  1884  541  1369  2692  2142  1345  167  2115  132  1649  58880  52175  38743  20111  12352  6253  4727  90331  120759  9512  11682  235168  27256  343766  864775  99083  367642  88047  9839  11473  11204  39467  341102  13384  408255  66914  210712  34101  7686  147004  45570  71737  23864  52755  29322  145220  42816  2165  41234  1518  83519  255560  448933  0  1.72908e+06  168074  111516  145752  247915  
82  196  268  971  622  1850  12488  31750  1950  3564  7398  288  1135  357  578  1492  202  3947  425  7355  750  309  997  501  439  176  321  509  501  346  39  542  59  358  18028  10635  8542  9103  666  2618  5482  2797  27679  1289  1999  74953  8204  65944  343924  31882  261564  87823  265  1541  2451  7845  121754  3061  135972  11638  59113  5160  756  21201  2154  7718  3017  3155  1013  26916  4278  278  3530  76  2129  135844  103541  1.5156e+06  0  1429  387799  120131  484867  
41  41  621  1365  15  26  375  679  9  25  107  621  1258  1164  280  31  13  466  64  1142  210  264  833  454  265  80  242  275  183  86  8  58  4  32  2231  8385  2718  832  13837  1012  535  52057  318  4042  12772  214  60  10598  3180  133  226  205  17507  15340  8364  9691  193  91  3033  357  5387  1591  545  5386  2740  40748  18426  75333  24826  11024  1255  28  10099  67  22878  49283  249887  100149  1560  0  18858  128525  6420  
72  107  189  747  231  269  1580  4764  131  509  1668  391  474  558  624  431  421  9778  797  15387  3446  3094  2369  3385  1344  753  987  636  412  511  63  1202  141  303  20977  5408  4406  3697  4681  7359  3669  5568  1970  262  2276  2964  933  8442  25707  2650  33644  20652  5065  4197  2451  60840  14758  886  50108  3254  54900  20412  14094  55596  75914  323684  934099  507190  48280  174252  14186  198  17841  71  5778  1.24038e+06  60134  52008  168152  30330  0  1.17293e+06  233487  
46  108  368  959  109  227  1587  3808  117  327  691  335  359  340  256  256  83  2350  243  4208  1098  1975  1356  1901  789  315  774  823  442  219  25  291  25  84  16320  9864  3764  2566  12472  3762  4031  5621  1012  247  2391  1961  526  4744  20266  702  3397  2066  3819  3081  2009  40388  1485  240  24006  1189  23924  9333  4646  54695  26899  76872  96299  546173  47920  20969  3951  55  9947  79  23165  495846  59756  30478  26930  94896  1.06302e+06  0  263139  
10952  24846  14033  6681  16152  20156  155640  663957  10724  457507  168711  1138  3452  4743  11114  292542  8855  506567  40563  283432  32903  19234  152653  50012  81124  41914  64626  32893  31432  19118  1560  21363  3895  9443  3.33194e+06  1.19371e+06  491135  2.14242e+06  38539  400602  442905  8422  22344  1275  2823  45982  16787  103744  648430  42485  544514  386676  888  1403  11984  35424  217742  10706  583949  24480  467295  53450  16857  184007  64361  59702  32098  54468  17078  56310  27999  923  26901  227  8243  2.44644e+06  362012  791848  2.61104e+06  5061  902946  410466  0  
