3464567  
2611393  
336636  
2525131  
4180952  
3833881  
7534154  
12219855  
4510989  
7737174  
2979205  
2260592  
2105209  
3268090  
2663371  
5743434  
7811715  
6269716  
8145978  
8694958  
1476154  
1192041  
4800453  
3249185  
6778419  
1927811  
1648499  
1913968  
7921931  
10031412  
3028527  
9986956  
815254  
6802218  
10800183  
3662260  
5395602  
2078839  
690434  
3028308  
1659612  
3430105  
2342217  
324480  
2161593  
3305481  
4665461  
7689840  
13023895  
5041743  
7205780  
2693548  
2514108  
1832779  
3382511  
2677867  
5762085  
7465052  
6163799  
8664108  
9172400  
1738130  
1165414  
4968306  
3527598  
7050362  
2047053  
1730963  
946239  
9334394  
10364891  
3160959  
8879182  
860142  
6890776  
10936102  
2085651  
4676745  
2166644  
577876  
3655065  
1920344  
11705590  
