3200335  
2172412  
307185  
3319357  
3533058  
3466138  
5920835  
10832119  
3942243  
5577286  
2468995  
2249932  
2014442  
3080774  
2534370  
4947409  
6935135  
5536537  
7243679  
6657610  
1370951  
1230262  
3596820  
3345557  
6678365  
1844215  
1881441  
2113112  
6772310  
8447637  
2529111  
9102262  
737944  
5559234  
9951604  
3301647  
4739178  
2324355  
658846  
3603973  
2235899  
4195822  
2079564  
284465  
2555186  
2885049  
3965824  
6511846  
10738049  
4551507  
6423944  
1926044  
2468029  
1524363  
2652358  
2470541  
4982509  
6092476  
5841701  
7070767  
7607929  
1641863  
1128338  
4622717  
3403649  
6813454  
2047328  
1895107  
2075022  
7923024  
8633929  
3185897  
8201414  
877250  
5965214  
9873463  
1785499  
4490007  
2580635  
570024  
3817110  
1857869  
11085633  
