4648682  
2664151  
813769  
3855800  
4226390  
4351661  
8721201  
13661885  
3838307  
6717059  
3008945  
2462420  
2429781  
3664004  
2749661  
5615361  
7127838  
5862167  
7542199  
7995482  
1441007  
1342585  
3773272  
3725521  
7909590  
2008817  
2162507  
2225195  
8459440  
9733429  
2693343  
10088195  
825639  
7235035  
11146097  
4418284  
5535609  
2188860  
700621  
1574080  
2355735  
84100  
486098  
696787  
1114579  
411242  
467919  
423986  
58865  
89113  
959947  
106959  
982833  
5542417  
1482734  
5000329  
2464405  
674295  
3640424  
3520116  
5110744  
7564892  
13364327  
4746015  
7284747  
2378372  
2591965  
1934114  
3272537  
2592023  
5641753  
7060631  
6021233  
8192107  
8172508  
1505222  
1138786  
4334363  
3922869  
7618113  
2030424  
1886545  
2060014  
8837145  
9915690  
3441025  
9376176  
983685  
7029851  
11121583  
3807859  
4564133  
2347818  
732477  
1707700  
2069418  
68428  
527363  
652012  
1037102  
413421  
469646  
501118  
108768  
99305  
976200  
145139  
954295  
5614931  
1569303  
16403922  
