4746171  
2632251  
686839  
3895022  
4445526  
3960029  
8380973  
13596227  
4419088  
7123983  
2781793  
2375231  
2365862  
3588698  
3199499  
5822443  
8282120  
5860817  
8181797  
9045146  
1454591  
1330287  
5127479  
4413960  
8978974  
2419344  
2363263  
1869748  
9032063  
10318510  
3107409  
10291591  
856507  
7610892  
1896231  
1615391  
1346982  
1869802  
979090  
2445453  
1832225  
3568701  
5595733  
2424756  
868317  
2469291  
1562047  
84266  
493540  
709603  
1108723  
412197  
472990  
422128  
58820  
83251  
957199  
107368  
1074217  
3632018  
1080409  
5081253  
2200993  
624996  
4117578  
3361981  
4943085  
8265581  
13864558  
5009291  
7664131  
2165436  
2745530  
1974491  
3490857  
3075876  
5735558  
7486776  
5871143  
8077745  
8189910  
1730990  
1277932  
6072123  
4504222  
8390256  
2145856  
2212937  
1793059  
9851673  
9869915  
3674370  
9434402  
1013553  
7505627  
1505823  
1665035  
1960319  
1720094  
1472083  
2477008  
1532156  
2640705  
4994778  
2568897  
752655  
2294498  
1643429  
68852  
499140  
670869  
1063689  
413730  
475121  
503381  
105798  
99412  
982501  
146286  
1018868  
3337265  
1228451  
9341739  
11248582  
5427469  
216517  
