432671  
400282  
657137  
479736  
844986  
596602  
376474  
291504  
272062  
126505  
478044  
667910  
674927  
849773  
232596  
606342  
202549  
1022633  
651153  
771916  
790573  
186174  
430244  
649888  
368224  
393595  
509089  
549181  
665773  
275579  
194059  
289675  
642541  
485072  
385931  
437802  
565214  
700927  
851668  
700274  
890569  
683889  
444418  
474757  
587833  
427056  
780862  
718916  
478876  
619237  
456144  
812538  
581388  
525806  
670086  
766639  
700381  
568656  
820856  
567251  
828704  
414500  
586810  
474973  
483986  
542192  
580106  
714045  
547154  
722319  
388362  
602512  
584013  
519708  
574110  
268085  
391615  
567639  
435564  
710365  
753222  
509650  
725827  
407573  
388989  
449068  
366606  
533617  
825014  
485394  
833722  
430410  
417978  
555714  
382072  
469699  
521876  
687989  
493005  
523411  
380434  
467481  
665451  
322942  
334618  
733077  
435260  
800169  
430566  
380062  
635503  
503148  
282308  
247868  
349311  
687807  
838617  
190382  
208192  
251489  
616239  
300287  
190218  
487471  
371733  
414042  
433164  
461762  
695971  
481049  
624133  
365678  
463475  
507150  
371772  
512141  
401939  
177443  
416408  
344973  
526105  
278525  
236797  
190737  
206477  
260781  
228060  
175216  
199531  
167976  
371004  
165948  
166029  
221565  
174292  
143553  
136979  
440841  
461132  
230455  
70083  
118070  
194584  
138956  
277209  
136275  
115153  
133628  
146296  
353192  
250294  
707873  
261113  
257817  
200305  
401388  
412703  
495193  
351910  
875668  
778171  
508572  
611350  
365753  
437987  
471592  
610302  
278225  
521750  
553956  
210615  
722997  
658816  
201407  
430245  
206660  
761168  
310958  
363793  
624486  
874083  
450732  
532024  
325020  
447489  
622490  
570268  
376625  
467064  
184106  
498737  
331586  
178534  
148442  
274890  
320137  
274529  
133768  
179878  
130410  
151105  
220793  
309157  
149853  
109423  
112443  
86415  
242082  
246778  
109923  
82859  
191181  
122425  
168265  
328185  
564053  
365433  
320090  
406845  
622604  
676662  
358018  
479251  
764530  
412902  
690924  
1018108  
253335  
446212  
589157  
614368  
726220  
560054  
444183  
320703  
560474  
570418  
411409  
170284  
193646  
370028  
258516  
274239  
246479  
246686  
278105  
351429  
235661  
308679  
591099  
272185  
323304  
163105  
339785  
282161  
462879  
221891  
167352  
184521  
173354  
264817  
362623  
352566  
706833  
499219  
375366  
354175  
558520  
516392  
694020  
471912  
236309  
126576  
398044  
452829  
297084  
246046  
419068  
416991  
445404  
881732  
570653  
547439  
473248  
776233  
420337  
330558  
372682  
378321  
349305  
265826  
398079  
570070  
467717  
499886  
464534  
670494  
586996  
697192  
731977  
345974  
508822  
451071  
396571  
894076  
681382  
619174  
583783  
555575  
970308  
430647  
211511  
296552  
193988  
236505  
270184  
272278  
247620  
112495  
97180  
289019  
189669  
197687  
154679  
288650  
178070  
164140  
139470  
249041  
34212  
104843  
77350  
204898  
338705  
352344  
116480  
365983  
454787  
497874  
462758  
228760  
202634  
173699  
279404  
180724  
243032  
432102  
531031  
510680  
634592  
314836  
384919  
389636  
133158  
538988  
153815  
227064  
250704  
248919  
386530  
521229  
237816  
234918  
252933  
287207  
282347  
250641  
394276  
430531  
562264  
274618  
304705  
557993  
465680  
434033  
379359  
442484  
404632  
914523  
529516  
976659  
824046  
773688  
751031  
1108122  
343477  
298714  
427441  
293161  
573582  
515131  
1369097  
628326  
887342  
1005239  
878776  
590944  
1084306  
997195  
766673  
656060  
671672  
585098  
463956  
751780  
513889  
887691  
754259  
514444  
736480  
669917  
1155609  
638785  
544960  
406025  
787630  
651810  
546616  
576537  
445269  
606475  
835787  
697049  
783888  
928260  
957437  
398084  
797634  
898773  
857312  
718338  
525298  
411191  
470785  
504595  
796801  
702060  
481702  
364814  
345526  
395140  
649790  
713881  
650631  
631847  
778603  
498887  
433851  
529287  
541101  
436021  
336682  
438717  
368501  
710337  
639017  
462925  
754430  
363599  
546056  
838693  
1002715  
378877  
242890  
201287  
278423  
360787  
423893  
411604  
289888  
544548  
705745  
385185  
419688  
524290  
528282  
792892  
485407  
514194  
563086  
1182972  
9356119  
3636346  
5700550  
1654759  
695077  
3432956  
2105364  
351040  
406697  
484500  
517640  
1045640  
673605  
404198  
307784  
258725  
200843  
612762  
772689  
634044  
942989  
173411  
663929  
280655  
838161  
697145  
429862  
494500  
119270  
355561  
734886  
431479  
420280  
594884  
389737  
552538  
295053  
216128  
320704  
409546  
345051  
344306  
451519  
460193  
491158  
823819  
831975  
538431  
258569  
758019  
574843  
779964  
387637  
883103  
553271  
538401  
547259  
415888  
906517  
633771  
552946  
599503  
910039  
949570  
456726  
705831  
550626  
719332  
413664  
533008  
740083  
477457  
661070  
555887  
697420  
522395  
739026  
303210  
439986  
508590  
350280  
283754  
176176  
216153  
449059  
292076  
551187  
645522  
680810  
675670  
414676  
337782  
395310  
472221  
411157  
795617  
492414  
849290  
528100  
290459  
371989  
404216  
447288  
451093  
622914  
519276  
510926  
446160  
378596  
671050  
324992  
416512  
588225  
504096  
821727  
429332  
416142  
557284  
512423  
352928  
222961  
230431  
910408  
1174458  
334267  
198767  
326082  
788863  
311169  
234772  
559248  
376747  
391899  
455354  
509993  
953611  
680089  
705632  
360582  
494483  
416188  
356422  
405528  
572994  
199537  
302343  
308140  
582736  
283016  
278141  
219896  
186166  
258385  
251689  
236951  
314002  
203272  
314489  
213109  
112392  
153615  
128522  
146099  
184762  
369634  
267875  
167219  
121660  
101681  
97541  
88772  
188946  
66827  
126699  
270164  
157067  
298059  
84355  
378059  
297032  
342396  
251213  
277580  
441229  
342231  
293697  
899984  
783485  
738966  
595630  
199242  
298975  
385703  
504985  
279352  
622712  
423493  
285766  
639544  
524878  
273547  
343928  
194735  
919608  
344201  
292256  
505195  
842788  
520050  
577488  
375928  
224553  
804435  
614602  
434489  
482822  
166283  
351240  
252247  
225088  
211515  
244497  
364458  
227932  
125076  
223319  
165483  
146205  
312773  
400329  
165955  
104426  
152518  
161825  
186428  
249924  
156168  
87793  
106009  
131645  
140468  
309040  
556150  
278326  
482718  
321571  
574029  
835505  
566719  
507936  
779505  
395869  
701649  
820138  
159396  
414428  
450514  
683814  
661714  
314287  
172317  
469434  
753325  
451243  
409263  
85062  
83961  
341322  
228456  
210453  
367050  
302748  
329174  
345959  
389473  
330924  
621254  
319108  
263476  
294718  
312111  
306830  
411636  
184830  
248335  
125601  
204185  
384311  
397390  
288742  
450052  
418639  
347997  
324724  
461755  
735989  
968069  
529509  
204042  
237401  
408246  
340330  
304950  
371946  
317936  
351439  
800357  
1102664  
330789  
189502  
264542  
259600  
549810  
336176  
617231  
471521  
296019  
333880  
296902  
654819  
543191  
498196  
535121  
691439  
610265  
702736  
651395  
495010  
567746  
441985  
465160  
828550  
798489  
681313  
462017  
551966  
874840  
460394  
125753  
355396  
196520  
402181  
305548  
229577  
181192  
116968  
237613  
428944  
162473  
118519  
167080  
217728  
40554  
93149  
150761  
219943  
232818  
257270  
292859  
991603  
426290  
416257  
201203  
380250  
345484  
444784  
445039  
306446  
314904  
383177  
204890  
311890  
292715  
444886  
583934  
781080  
725044  
357891  
331026  
139815  
134206  
509137  
179431  
169064  
372172  
241232  
314593  
463495  
283695  
229362  
311148  
291011  
269740  
295677  
611548  
317774  
581039  
279371  
353886  
624247  
490590  
382776  
310480  
455098  
481982  
901639  
568199  
909207  
668520  
501566  
699548  
1143146  
210383  
227628  
449767  
243725  
615390  
741952  
1346238  
760170  
1052949  
861911  
881154  
558333  
985447  
900343  
691706  
625322  
625750  
541174  
700215  
793833  
1042737  
966803  
1315784  
764436  
651586  
672783  
928739  
542731  
516318  
530035  
708993  
804593  
708751  
519673  
530069  
496936  
892233  
720696  
494483  
996487  
974087  
503567  
801869  
998380  
1007036  
708745  
866645  
419435  
634752  
608865  
851149  
827693  
816889  
430431  
356063  
364674  
328176  
262603  
403190  
549650  
672090  
353107  
406239  
556093  
576624  
336725  
352242  
314805  
356650  
788816  
554945  
571363  
798728  
294743  
504969  
993265  
1216729  
518912  
299416  
154638  
319380  
448682  
386908  
471231  
368477  
565974  
