4117952  
2775335  
699639  
3873724  
3953347  
4044271  
8739139  
12635086  
4034316  
7048614  
2640851  
2141088  
2307919  
3039136  
2812025  
5910178  
7928492  
6063745  
7525861  
9220611  
1644451  
1493784  
4047342  
3598945  
8029807  
1793249  
2276381  
2075988  
9141986  
9627292  
2654319  
9483337  
802747  
6813737  
1720802  
1598216  
1337395  
1826878  
948605  
2405799  
1830767  
3059750  
5242980  
2201052  
746788  
2394933  
1538632  
87016  
483010  
701300  
1088155  
413142  
471423  
425603  
59085  
88545  
945949  
103686  
1006661  
3567834  
1067575  
4744173  
2163545  
558487  
4345504  
3253058  
4568494  
8620971  
12883126  
4433542  
6883077  
2043618  
2619611  
1960020  
3031839  
2755592  
5901170  
7071553  
6412134  
8123954  
8761733  
1811387  
1186309  
5147615  
3666457  
8281927  
2055787  
2031776  
2277369  
8523130  
9690514  
3518236  
9002713  
997446  
6853421  
1486712  
1659788  
1889931  
1681259  
1387392  
2407351  
1534180  
2888662  
5098310  
2152227  
725496  
2179201  
1577042  
68967  
488275  
670194  
1045074  
412828  
469044  
494522  
108795  
99477  
976663  
144958  
973008  
3233456  
1281601  
9296580  
12286935  
4855250  
228656  
