0  1.61282e+06  104351  843719  234004  21283  755985  49395  1969  12086  6881  10032  3006  3149  2197  14421  32807  35252  32393  18368  3867  13268  34309  50394  39639  5795  22096  437386  33760  103577  9227  715366  922  1.13123e+06  236840  411450  418571  63751  74973  39501  47889  5212  839  3430  64085  195  364  4312  14207  1085  2481  2626  3427  1352  1009  612  2333  1163  6905  1160  7886  1282  1737  1906  2143  1101  339  410  1435  1459  1041  178  1053  81  627  12005  28459  4057  2529  1620  2097  1941  102062  
804330  0  27411  7862  856659  32932  587435  90464  1471  11382  7192  384  554  742  911  9637  32377  20012  12216  16035  2531  6066  10629  25658  26498  5553  13428  25687  17673  32051  5801  45945  180  39227  419147  574079  275856  79666  38480  67183  38606  458  2019  854  1192  438  504  15216  15715  1274  2093  2005  109  141  251  220  1362  543  3510  608  4235  615  846  1011  1098  561  239  226  491  771  555  84  584  37  475  11225  2435  3621  2275  521  1824  1551  125214  
41083  8303  0  279914  778  689  216323  111242  469  1077  701  292  515  243  420  703  460  1842  918  2091  406  535  939  1979  3167  651  4629  11213  2787  5069  244  4296  8  1153  47188  133554  42846  10730  51660  6410  6515  4675  17722  27385  18791  112  158  26591  69050  332  274  207  503  581  516  382  167  83  411  90  911  115  345  306  383  230  245  164  270  218  214  19  298  9  128  5210  6098  1978  725  912  1214  717  17928  
965010  2892  180989  0  1585  1550  18371  852733  662  1599  2737  911087  25075  14776  14373  1544  1847  5726  3160  16423  1896  1923  3124  6821  13054  2612  42551  186167  8119  33229  732  116288  163  17346  35620  205384  66927  9249  120072  12741  24474  64432  16055  211379  1.37837e+06  327  516  42647  374513  1017  826  2605  185664  49123  32666  16816  665  353  1934  401  16382  1144  1270  1074  3220  1608  2427  3656  11184  2352  2684  80  2154  30  1637  11863  100944  6913  2044  12602  5934  6263  12572  
230368  910861  11196  6058  0  975776  1.42326e+06  471393  14108  28781  7399  484  2465  1343  2035  19743  83888  29731  32501  20326  3704  9173  17460  36481  26265  6279  6118  14383  16298  34225  13297  76694  969  480764  192746  185866  289483  51005  3897  33189  14374  1001  4501  1658  1923  10863  14370  196328  184732  38829  4092  3104  561  1232  645  828  2293  1143  6412  2211  7548  1302  2370  5284  2606  1481  481  437  1421  2575  3785  488  2978  100  4227  34335  13012  30277  12612  648  4499  2669  86925  
36209  91298  6429  4150  1.00753e+06  0  691221  626296  411508  1.33179e+06  11662  258  4463  1654  1881  107502  170183  37293  54528  20966  2366  3796  16201  11158  15476  1871  3868  18520  23221  62250  32168  301059  7276  1.06788e+06  84837  52232  145942  25323  1946  10546  5765  1346  3447  785  1216  12138  54074  157534  353160  169825  29296  5704  333  1545  740  736  4374  1797  7664  2704  8494  1085  1814  4251  1521  1713  473  420  1667  3344  4362  619  5044  190  11878  34616  18887  33546  15168  560  5388  2325  65570  
479948  781574  362602  24237  2.76126e+06  786784  0  1.87049e+06  682988  105160  23399  1566  4377  2720  4114  27654  87328  89493  99972  65183  9016  24599  47347  96790  84889  14765  29634  62200  96434  128063  34559  69975  366  41138  1.02889e+06  1.30919e+06  865186  203094  105831  154559  79098  4832  43141  11102  6783  33968  38486  717542  644670  119569  13129  8351  1136  3394  1663  2173  6130  3372  18762  5922  22420  3968  7255  14552  8307  5066  2031  1556  4486  8406  10469  1298  7460  293  11280  117812  47507  87575  36476  3236  17739  10008  403870  
28331  59594  263103  901134  367444  479967  2.0261e+06  0  1.86265e+06  426972  591978  1.36434e+06  1.61545e+06  799915  322448  43713  39550  148481  66536  634373  69978  36095  35310  86275  76586  47002  44821  60375  38665  54245  16337  69996  851  40565  836246  878426  770064  236512  46297  149489  56300  36255  110405  118552  206312  40235  152112  1.01998e+06  3.31976e+06  424641  198690  78072  204788  420659  87383  119136  22121  6783  31666  11626  160460  14212  14293  22625  33764  17749  28528  19663  12537  18332  20301  2438  21000  760  39553  185537  168619  173080  75658  10058  58270  16797  481396  
2713  5483  4695  1837  31366  784397  1.1348e+06  1.48535e+06  0  1.45448e+06  5587  136  1587  509  393  12285  28709  66434  125582  12009  453  724  5515  1847  9626  474  1714  5081  17417  5993  1826  9886  157  7745  53717  56730  65913  31435  1117  5316  3016  1241  3430  424  559  6682  77643  88298  271758  208743  69609  4674  120  480  430  466  4206  1519  6685  2433  5836  637  1112  2779  905  1836  446  462  1441  4571  3905  544  6268  209  13947  27624  24740  27107  13955  358  6475  2088  60058  
27938  36675  10762  5660  80148  1.3287e+06  277606  991962  1.29238e+06  0  155636  946  1518  4063  991  2.25283e+06  237686  95364  106357  32540  1349  1973  7556  5511  11127  1494  7749  30582  20728  59625  29907  411471  19914  670138  245377  352436  338601  288242  5907  17649  11828  3444  6250  1079  1952  6296  63572  71034  467733  227276  364146  67309  342  472  2337  1029  32041  4263  16198  7273  15593  1504  2210  5741  1747  4716  1021  1487  4146  8277  6440  868  14600  441  32146  68002  97802  71419  44401  1019  31868  8512  319958  
2486  3130  6413  11152  4727  5278  19317  650138  4331  176235  0  6670  81788  1.02496e+06  6678  206168  16336  113227  3600  848622  5432  1819  1424  2482  4128  1251  3092  5985  3337  4037  1244  13299  498  5868  70790  50021  38988  28785  4106  10400  6543  4263  4670  2939  5317  4408  8488  22274  181708  17607  337737  359492  3958  11907  58078  6317  150663  73904  86541  22221  88713  2560  5479  12273  4423  11500  2641  2477  5243  15291  11553  5368  32869  3663  33229  106372  79453  85925  70575  2479  47950  8732  114131  
3927  1066  10881  1.20953e+06  1738  1489  10803  1.35609e+06  682  1310  10070  0  344709  99458  119863  1223  657  4758  853  77858  6049  2460  586  5595  10905  14752  22495  22588  2435  1908  142  5302  18  1613  12397  21858  11338  2284  13965  24210  11204  27662  5543  39390  204598  1433  835  60115  294146  2620  1852  7759  600720  114696  54145  32659  1920  636  2841  624  38171  2457  1612  1622  5343  2106  4377  3960  6424  1879  2315  150  1581  54  1373  10510  22484  9962  3917  6584  6051  3679  7491  
2113  1017  7661  107998  4175  5433  10503  1.3717e+06  3637  4044  67263  498027  0  538885  303402  4287  1336  15011  1712  291548  24582  8489  801  14702  13103  21761  17795  11383  2084  1678  255  4604  53  1071  24103  17904  13533  4307  5551  37853  4526  10178  3873  14268  53265  2156  6550  49242  297263  20693  9274  30184  135545  580902  164851  84376  8137  2265  9004  1582  112438  6593  3542  2189  15004  4839  11686  7562  4708  2529  2644  416  2803  191  3388  16769  13577  14919  6782  3231  12050  2636  15901  
2507  1376  7509  62941  5075  6206  9856  831628  5397  18933  1.29864e+06  156308  648282  0  512102  37672  6466  51231  4545  835527  43461  14113  1554  17541  11398  16926  16748  14856  3761  3108  768  9117  181  2183  44332  25658  22531  10179  6156  37648  6262  7953  3242  10222  40867  2730  7245  20205  224617  18148  114334  201233  48993  136819  746109  141878  123840  24409  66280  7731  247936  11272  5600  4847  15152  8221  12198  7627  5549  7437  5561  1735  13262  1433  15021  52431  28721  37769  29451  3288  27429  4884  52422  
1995  1293  6869  43963  5482  4676  9034  252284  2722  2597  15777  75410  210296  449587  0  3674  5102  116297  7834  2.07686e+06  149640  127032  3557  652437  66984  153842  68144  11232  8455  4596  1211  8489  107  1952  89858  21287  23936  8489  5693  214876  7897  4374  2094  10250  29502  1172  1947  15371  108246  4426  8191  30728  21306  21567  147887  463098  14055  11088  62840  7616  354258  22481  10246  4434  23955  8794  18228  8429  4308  6802  4649  1661  6715  518  3392  26317  10298  15142  8247  2333  20335  3480  27118  
27182  25222  6611  4449  51464  86948  119973  123543  93686  2.29508e+06  266851  1264  2625  16820  1814  0  2.27273e+06  619660  172630  114884  1840  1590  10672  4523  22059  2363  7306  33386  36618  57307  24429  714609  294877  766514  204416  80954  387661  223412  7537  18071  9241  1109  1166  537  1438  1230  3273  9572  41618  8799  65832  64487  405  535  5230  1190  43966  16156  23509  4878  28551  934  2328  3316  1654  2902  916  719  1409  4000  2858  1245  7662  828  6212  30111  13258  17378  14217  954  11837  4633  230007  
31523  63830  9625  6419  149112  132568  136983  121755  93215  276578  176952  2205  2478  48831  14208  2.14968e+06  0  799143  1.76315e+06  408058  10764  4943  21984  9918  49901  15389  15918  48857  123969  592084  680216  3.03435e+06  701820  558390  227499  64356  360586  107041  28815  183796  25843  2833  2688  1436  2751  2601  4124  18064  38175  10350  51900  115141  961  1063  14683  4366  120869  54595  190314  22636  168990  4325  6129  9053  5529  10485  3398  2675  5883  17985  12718  5568  26272  2621  12799  84610  15854  51609  32063  6636  27919  9028  163968  
26758  22517  14428  8941  30061  27050  99596  107847  227228  117703  99461  2869  2591  5299  11356  541059  596124  0  2.88764e+06  1.05692e+06  172592  73800  701073  105076  234701  46888  23544  61448  135636  90123  14646  110235  2265  57437  290940  71302  379378  145573  41663  225040  50795  5659  4830  2998  4584  2448  3384  18073  38276  9061  18189  17129  1049  950  4168  3173  29682  57937  245251  55838  198158  28919  66430  64611  32067  33979  7941  5173  15761  55928  34017  10414  34752  2460  11018  220101  21777  76676  37153  14708  66858  21624  185954  
48558  44246  20367  12285  67524  54258  213057  130457  265222  85716  12639  4252  2444  6346  10246  54086  1.84852e+06  2.75758e+06  0  156998  17614  10801  1.45846e+06  36138  747499  31949  32305  99247  1.12538e+06  1.18566e+06  668981  332260  1452  92828  266372  86874  526111  169854  60578  367672  67067  3985  3034  2048  4254  1817  3568  17100  35576  10529  12815  11282  918  801  3283  2878  14143  28708  173493  30644  132355  13192  26631  26535  15242  16621  4779  3183  10330  33010  20395  5535  18970  1180  7688  111627  15783  57534  27029  14917  41413  14948  157765  
12668  11020  18350  44651  15201  11014  50261  492281  9453  25373  718753  40761  300761  457026  2.27823e+06  118071  70653  1.68069e+06  87620  0  2.02633e+06  1.45619e+06  47342  1.65484e+06  309874  471453  111524  51294  150881  73479  19811  74981  1204  18061  397847  77083  205875  88353  41618  800417  47886  12503  10476  12696  22833  5847  7483  44511  184458  15499  81235  207820  16159  24650  115303  241798  87437  118465  545145  106234  1.8824e+06  165672  140866  121785  97666  63410  23501  14264  29226  90305  56054  18267  70293  5754  25616  356997  43130  145183  81881  20881  131120  36880  220211  
3307  2459  1504  1434  2645  510  6341  12670  186  559  742  710  3543  1849  92917  537  1284  295016  10831  857098  0  841612  56187  370853  46230  79495  12260  6408  7709  4640  395  9523  54  3653  58119  6046  34858  14943  3528  93852  8925  578  470  427  679  218  161  1717  4871  371  637  1025  298  324  818  3571  872  1302  31504  4403  91550  169601  52887  21437  23193  5611  1948  889  1573  3479  2218  471  2590  159  934  28730  1576  8470  4792  1445  15693  2380  18051  
3318  2749  1641  1151  2357  381  7387  10354  132  379  428  459  1985  1095  74098  292  740  182781  10695  387834  711096  0  79469  754723  71340  158311  10458  7007  7571  5579  322  7978  23  2002  37093  4836  30051  9707  3582  66257  6853  534  448  344  582  227  165  1556  3710  262  498  621  196  229  471  2178  611  698  32149  2646  53650  123316  68789  17636  63720  3965  1407  689  1681  2592  1879  335  3004  116  891  22207  1763  8522  5629  1627  9384  3153  15506  
24437  18023  7565  4493  17528  3558  54379  29857  11581  2818  2414  1132  663  1291  4102  4075  15574  921460  1.40185e+06  76133  71392  78293  0  432720  1.19006e+06  30355  16511  32409  1.22377e+06  531874  51142  61703  251  24102  153081  29798  207372  74288  17983  72275  45842  1358  1027  670  1449  601  552  4494  7536  1219  1040  1467  287  236  572  1185  2414  2455  70611  16740  146848  37818  70137  73295  28785  19817  3312  1315  3365  7451  5228  1246  6671  585  2270  93084  3441  22626  10610  5576  20744  4431  53225  
13506  10657  6665  3367  7188  1105  30656  34312  434  729  801  1449  4168  2574  527506  641  1499  247964  39588  787150  459313  1.1553e+06  471998  0  1.85222e+06  818831  36767  31338  45401  32176  1007  30001  63  5160  75164  15216  89755  20711  11595  211666  16479  726  627  561  1254  287  234  2611  6622  522  624  965  461  415  1001  11077  920  1150  23995  5679  75788  32164  34388  22937  244977  7603  2305  826  1869  4481  2885  487  2758  217  899  30140  2062  11849  5352  3806  10054  2421  33769  
13947  10138  9144  7502  6780  2399  51414  51571  12241  2616  3048  4082  4575  4075  70543  4309  10337  216075  289807  144384  55118  83229  952959  1.66938e+06  0  1.98695e+06  1.24846e+06  181782  3.1285e+06  118585  11985  34157  214  9913  294213  67680  112241  99854  36998  995303  211826  1536  1005  1074  2627  672  746  5423  15463  1980  2080  4483  826  565  1235  1386  5290  4709  44259  10599  65632  14090  22838  29160  18987  14022  2264  1084  3367  9197  5376  1141  5888  485  2286  45088  4912  21479  13624  5983  10659  5267  99205  
1541  1328  1536  1900  1086  513  6208  18357  870  377  476  1481  2382  1752  55778  507  1185  63590  21331  88404  47119  85977  22023  375649  1.7956e+06  0  222864  16665  109027  12084  357  4640  26  1024  28404  6626  18575  7724  4967  424404  11954  383  288  419  811  184  253  1528  5912  626  541  1407  325  243  389  502  1464  956  10379  2478  16106  3781  5531  6620  5130  2884  538  282  826  2459  1445  273  1512  105  663  9356  1171  5072  2861  1256  2584  1306  79276  
7187  1419  4231  9083  605  397  7733  20282  217  866  984  5420  2904  4297  54315  917  1833  39535  6384  47077  11011  8114  7919  23253  1.16266e+06  523955  0  210446  4948  2442  382  3038  65  3963  188580  36069  39258  76674  18514  662236  366281  1320  220  860  4196  117  174  1353  5962  480  911  3203  940  448  736  515  2583  1087  6287  750  7497  937  2086  1020  1172  526  349  264  578  802  566  140  764  64  355  8466  5269  2061  1407  751  2250  951  96165  
274641  17943  50677  142584  5797  2429  78887  50191  1244  6914  6531  24922  10441  8215  5851  8725  13129  53961  27010  31418  7671  15253  33754  51364  184383  13109  301359  0  166090  306573  4424  595061  1038  54761  286840  203069  395515  262210  113926  170272  608505  20655  745  6055  86679  217  303  3709  15764  911  2130  2591  6395  2898  1849  1357  2078  1537  10535  2169  12214  2226  3630  3903  4811  4500  1212  970  5071  10327  5499  303  2110  82  823  20944  105579  21943  17326  14953  7904  8116  122964  
19626  13528  13019  6776  10574  14880  127171  49320  30650  10653  9997  2636  1765  5792  13822  15627  66680  233770  694077  101921  31497  28831  1.04262e+06  99849  3.48006e+06  111861  40916  352481  0  3.95297e+06  212618  81810  437  20652  158006  51188  186355  92647  47430  411057  53511  2555  1875  1268  2556  1197  1464  8290  16368  3718  3924  8252  587  506  2117  2058  13004  12656  96423  18936  98804  14365  19987  31676  13933  16633  3311  2016  7630  23790  13159  2610  12280  937  4907  61893  8683  45056  28828  13284  20143  12580  77882  
69954  47143  29850  14403  52462  39051  211707  128155  22727  34753  50905  2415  1940  29344  9861  63370  1.0593e+06  287828  1.08168e+06  216791  28362  54245  646225  203208  368394  35822  23677  462684  3.73966e+06  0  1.8179e+06  3.82121e+06  3192  104425  241001  81478  390594  155567  38081  231793  44454  2249  2035  1265  3003  1605  2343  14034  24564  5923  12255  37237  708  676  7497  2981  65123  26912  118168  14210  114013  9114  12517  16324  11971  10666  3001  2092  5256  16379  9945  3037  15086  1444  7192  59463  10163  40513  23563  10341  19357  9142  152611  
10183  10627  3342  2026  21007  17797  39913  39629  2694  18011  14942  504  489  8067  2966  22685  981942  74397  909813  70474  5030  2588  23234  4776  29327  5495  5267  18708  183217  2.03639e+06  0  1.12694e+06  577  34920  68458  16287  132954  81048  7332  44409  8294  672  611  326  660  570  793  5187  8615  1996  4137  11163  191  200  2451  892  18816  10689  46988  5307  37175  1414  1724  2313  1534  2202  731  593  1415  3916  2900  1228  5448  510  2802  17079  3126  11554  6162  1652  6109  2608  57765  
375391  112425  37580  96404  158431  274849  186804  191526  16028  310274  88341  5682  3313  45319  11359  584490  2.74488e+06  475868  428441  348863  27262  50773  183180  169672  185377  29845  23858  774361  138620  4.8745e+06  769606  0  621829  1.28335e+06  225827  98927  655230  124393  28223  122467  41292  5431  2285  3701  38525  2325  4614  22198  48488  12438  24879  56497  1993  1240  10388  3339  76852  29426  121814  12610  118655  7713  10940  13188  9992  8590  2622  1898  4137  10996  7824  3088  16358  1729  8408  59434  33877  38625  22293  6669  16900  6704  152089  
4221  4055  807  525  8316  8920  5313  7627  319  18241  6882  115  117  1707  257  167606  370135  20857  4049  18473  296  213  919  558  1437  361  928  6551  1759  8554  3457  524108  0  301773  7283  3065  65591  8517  794  1258  1066  80  65  59  152  77  141  798  1576  369  1894  4004  42  31  408  112  4051  864  2408  245  3795  107  121  204  96  177  72  67  92  217  171  56  430  38  279  1761  501  1033  832  83  554  198  7408  
1.09632e+06  313974  25455  19510  753403  1.64446e+06  202729  229450  8212  1.14595e+06  50522  1457  1450  10878  2920  1.66489e+06  1.32247e+06  207916  90546  116619  5976  11566  47590  37283  45355  6171  15713  137698  46316  195027  90082  1.97746e+06  741677  0  74518  54427  866777  43528  5375  22574  18844  1148  1086  945  6479  1401  3162  20293  40106  8490  17366  22468  654  534  2696  927  23635  6212  20199  2545  27559  1653  2407  3149  2230  1869  730  550  1062  2265  1768  577  3617  388  2920  17392  8713  11261  7104  972  4928  1744  52002  
126442  177076  235915  85207  44912  28949  976920  1.96224e+06  26844  528545  279212  13621  16711  23541  51656  301658  140978  1.03672e+06  191333  678274  60634  59009  154872  118005  549653  116315  532290  482408  251077  196882  32889  125902  1867  25075  0  3.16157e+06  608118  668469  473919  2.69955e+06  1.58194e+06  6463  7876  7202  15505  5379  13690  106848  273902  37091  59470  50670  2548  3602  6936  6049  30223  9697  60962  9933  103880  15472  33497  23262  22417  12314  6811  4578  10494  18888  12789  1875  11757  854  10214  249386  40418  72722  46269  20087  59298  45192  3.7603e+06  
119893  234578  299702  85547  13161  6840  1.30433e+06  559901  4989  72261  133392  1718  2695  6089  4344  59592  18212  96339  15577  145748  5231  4471  11240  10303  98842  15302  84980  61399  47621  24903  2855  14283  164  3379  2.48152e+06  0  319848  419107  607307  520704  235696  1989  3508  3734  7761  1436  3116  39319  61912  7960  41502  34328  706  681  2683  1282  20903  2742  12663  1874  23785  1513  2115  2993  2132  2163  1034  864  1936  3651  2387  349  2820  258  4381  43367  15344  20085  13427  4910  10204  6900  557955  
277156  240820  295020  125168  163066  37909  1.09445e+06  1.42995e+06  24257  503156  296185  32607  19941  22101  12808  361083  118994  389945  136545  261135  24268  32206  99035  92441  115251  21967  61824  177698  104125  149889  46594  142559  2433  98084  350910  1.87233e+06  0  2.12201e+06  561270  94376  125762  7174  5387  5839  20894  3106  10153  47775  164445  32399  136389  83786  3813  3156  6958  2936  29698  5973  30257  6172  45262  5423  8176  10580  10412  6054  2452  1604  5340  9233  7101  947  8220  515  15504  47874  51117  72706  35133  28007  23966  6916  265388  
23921  43851  51381  16008  25405  10642  209930  300873  8364  228256  83082  7341  4445  6914  4372  183610  48278  204540  62310  134541  13456  8047  33905  9182  47243  8767  23951  29412  52378  57728  30438  27432  597  9234  244945  505569  1.64e+06  0  105915  61705  110733  1590  1230  1228  3533  756  1893  10179  30623  5351  27653  23680  753  669  2092  1152  11788  2590  14921  2643  22398  2866  3529  5163  3291  3734  1071  710  2306  5990  3051  422  3031  219  3040  30022  11056  26976  27191  11625  21580  21737  611393  
75817  16119  124602  117883  325  232  112678  14339  216  2421  2904  9485  4458  3610  2429  3089  2058  11642  4828  9013  1392  1763  4783  4284  23215  2720  53516  81964  17075  12315  592  6129  21  774  113642  621121  365886  106403  0  28561  78688  3038  332  1533  13571  63  87  1122  2867  188  585  830  389  234  290  401  595  255  2082  679  2801  628  1180  1723  1812  1018  437  300  1265  1679  1220  57  591  19  170  6814  14674  13090  3586  11538  2768  1803  23114  
7580  6074  17866  21673  1567  1011  38449  50587  854  2953  3922  12023  8071  17366  105100  2583  5077  124352  14240  169378  44223  29532  10084  121373  595656  787405  1.23524e+06  108304  116985  43783  1262  11658  93  3196  1.63261e+06  139797  67333  48501  63657  0  1.24756e+06  3088  1379  2606  8595  725  794  6036  16613  1833  4280  13756  1961  1189  4295  2892  11301  17672  83726  12736  74937  8020  27403  10997  14908  7007  4139  2246  4817  13772  8528  2598  9165  668  3714  66137  11646  23902  12434  8222  32868  9530  155586  
11597  5210  12145  10707  715  373  28631  23888  562  2846  2769  5302  2647  3062  8040  2212  3585  44824  17709  18508  7425  6659  26518  7787  127228  23902  722867  240779  14578  7500  881  6963  91  3344  1.06846e+06  156334  67340  279477  79976  1.35682e+06  0  1111  325  591  3046  107  189  1864  4567  421  886  1547  418  281  586  568  1330  938  6643  897  9939  1976  5560  2538  3254  1238  862  481  995  1473  844  192  853  57  382  29787  4941  4500  4695  1824  7875  4666  210061  
1517  1230  8407  31477  541  824  11301  11699  2024  3850  3277  2206  839  1220  704  1453  862  8694  2125  9040  781  3271  860  1643  2276  377  3757  7607  1293  803  129  2086  29  489  14055  7282  5143  5008  6317  2418  3719  0  1.50936e+06  124066  900613  211042  77966  1.04663e+06  116275  13066  18876  8156  11452  5709  3776  4273  11281  8458  28791  16300  32367  9209  19418  46643  31893  25201  7842  36776  412752  57818  106753  6287  1.05237e+06  2216  1.21741e+06  464341  455414  489918  75694  90783  67120  77354  221586  
1673  6219  22399  8351  1581  1882  55222  40872  4207  3904  1629  105  278  390  370  945  496  4684  1339  4720  468  1826  635  1014  1280  261  768  1190  781  542  96  704  12  329  12413  7085  4524  3294  2234  1798  2284  939516  0  14517  6490  514591  125827  406941  141524  10498  14806  6073  361  426  689  2756  7696  4788  17381  6330  21094  5161  11300  23570  14235  18223  4892  6544  27663  21191  24432  2361  226936  1055  46903  403265  639077  195030  53246  54044  72583  35126  124120  
7191  1542  78795  126649  375  298  25012  29406  145  238  214  828  589  452  828  124  117  704  231  1336  193  261  178  339  545  136  909  2632  258  491  34  1269  2  191  3408  14531  2018  842  4353  806  1000  86845  5379  0  113895  112  172  128725  98421  454  402  301  756  2139  2090  2398  295  192  955  412  2396  453  1115  1838  2631  1749  1149  971  2705  2732  3866  115  3333  16  837  23937  103788  36482  8590  42358  4989  4174  12749  
32017  3446  99038  1.54509e+06  1226  1143  31353  187954  497  1073  2587  192234  17858  13349  10427  1010  705  3239  1123  15953  1239  932  1031  1931  4411  1093  16273  61644  1963  5620  161  30575  54  3674  12290  102513  11458  3173  35620  4349  7027  837190  5648  194991  0  254  449  17154  806233  785  1075  6504  1.26675e+06  111437  65738  28948  878  531  2676  852  37132  2622  2594  2329  6700  5168  4985  7997  28206  8902  9703  154  5172  45  2676  34129  302579  25923  6383  122155  14793  21959  11134  
429  711  1031  728  9091  17668  19941  45746  24881  14796  4166  81  493  771  598  2493  1238  8892  2698  8273  905  3750  979  1656  1731  280  692  1211  1301  886  249  1834  45  996  21555  9963  9806  6838  917  2207  2237  305075  785960  1708  1232  0  1.42019e+06  918593  189073  84369  64004  14526  302  728  1478  4248  25244  19308  40204  16394  41635  10110  23771  61991  22097  24051  5541  6303  20166  44825  49014  9641  55396  2686  357404  536597  310247  364247  146413  4189  82424  38851  206031  
1912  1790  1503  1216  12347  48178  29168  199617  120621  92164  10114  110  1536  1283  718  5973  2957  9296  6543  8829  667  1547  1466  1560  1947  296  1138  3709  2048  2058  625  6295  107  5210  43126  29765  41845  19255  845  3048  2366  115562  214083  1367  1113  1.41041e+06  0  894060  628612  743968  1.7883e+06  26012  319  771  2287  3262  59774  30279  29377  11820  31551  5192  8476  21536  7409  16150  3539  4433  13134  70389  58061  9890  143189  6886  931438  292984  243313  123355  72332  2771  59153  19430  157409  
5465  21856  54495  23098  104526  111411  457494  494655  65950  46671  9461  1266  3175  1822  2196  5785  5146  21736  7905  22006  2248  5218  4029  5747  7639  1364  3933  6351  5510  5600  1712  7749  134  3594  167351  120617  59732  30461  5170  17300  11325  494626  874657  284948  15051  1.68038e+06  1.12228e+06  0  1.93007e+06  1.23675e+06  233495  23102  1657  2769  2895  7535  42559  14383  49841  19827  56963  12187  25855  62220  34775  52297  12244  10338  39817  131330  103028  7591  66405  1219  48673  674288  1.1616e+06  476953  143327  61722  133210  51934  314696  
25440  51025  207015  325761  231280  291511  842434  3.31266e+06  330781  397563  100531  134547  156751  75238  116765  25439  16944  63840  28016  200545  17545  12655  11026  20795  21751  7819  15714  35401  14697  16950  4718  36559  482  23673  467062  371796  251276  115392  21078  48846  27853  61506  120526  167627  843544  80184  315407  2.11935e+06  0  1.99109e+06  527606  690314  2.01035e+06  1.97183e+06  918903  489891  43528  15735  80779  35872  639018  56104  43890  59250  133150  58544  125173  85149  42037  42376  64648  7893  86499  1992  139522  434940  825304  545656  245776  40024  196410  37850  484054  
2116  2048  1379  959  12521  36981  28425  208814  123815  141207  18483  111  1469  1008  593  5187  3618  9911  8693  8041  510  888  1447  1394  2028  294  1137  3894  2229  2253  697  6203  101  7342  43885  38445  50202  26105  711  3579  2097  4646  14946  835  743  60527  691929  1.23046e+06  1.78086e+06  0  1.58578e+06  12306  134  337  950  1952  33469  30096  34624  77167  16187  2277  3556  39250  3279  41487  2916  1835  6622  135784  60586  4514  25903  769  56607  92580  190463  126357  91491  1194  34981  6272  113761  
5195  3953  2367  1743  6197  10194  17038  367344  72476  593943  225276  248  1235  8615  957  47939  6631  23655  11135  31045  1057  1350  2172  2103  3573  671  2490  9253  3172  3615  913  12384  221  23736  90333  75632  92540  63740  1739  8742  4292  25648  26758  2592  2267  43988  1.401e+06  219137  1.35161e+06  1.65664e+06  0  297716  636  851  8960  3445  2.36013e+06  163532  110295  85979  62103  5300  5306  34866  4433  31245  4316  4957  12573  95845  62836  15478  416708  198722  910517  219877  483436  366139  355992  3400  184015  19088  341106  
2218  1944  2363  3813  3341  4133  11507  83036  13419  268592  337101  1568  7049  61524  5303  116629  15120  57821  11540  124656  2619  1250  2075  2049  5532  1639  2211  4384  5042  3468  1067  9877  307  8406  82823  50935  39365  38082  2902  11941  3932  3455  3605  2527  9430  3278  4396  14495  734387  5017  447918  0  16912  24929  1.09318e+06  7886  207536  25328  83055  4559  722229  4817  3030  3225  2863  4674  2129  1946  4125  7180  6323  4279  27546  4128  16872  78174  110166  66438  64128  2493  39396  7240  112362  
6002  1588  18149  360465  3735  3289  20451  334412  1423  2402  10036  745710  164788  60215  63787  2326  1140  6501  1370  63864  3668  1756  607  3215  6673  7708  14213  26555  1685  2031  239  8933  40  1371  15722  33214  9974  3016  11861  13733  5081  82752  3889  37504  824264  869  918  34955  1.5076e+06  2289  2889  23674  0  539249  216678  135573  2465  1327  5204  924  162925  11172  6128  1681  27473  8955  23559  19515  22769  5532  5148  242  3696  130  2983  13357  52902  10484  3508  33515  24796  15734  10079  
2127  1174  7687  47960  7565  9802  16771  277628  5479  5040  29197  52441  416451  142246  93267  3873  1569  10643  2148  115733  7732  3248  785  4987  4815  5460  5439  12086  1362  1405  302  5760  34  991  21353  15030  11404  4638  3989  9913  1911  15251  2405  11687  94534  1065  2413  20994  1.05608e+06  6187  5683  45065  320850  0  520026  296686  4395  1987  8702  1322  282537  22490  11590  1731  62128  16189  47312  30286  13940  4707  3587  430  2958  154  2530  14447  20516  10990  4331  27237  43161  10246  15500  
3187  1629  7573  40476  4434  6888  12302  136109  17682  69754  226468  15599  92946  819096  149129  64622  15854  89617  15148  359935  18009  6972  2438  8478  10516  8953  7477  14641  6047  4713  1360  15128  433  4353  75540  35857  30463  20921  6654  22390  4743  15838  3026  11116  92236  2060  4130  15495  906826  6695  56227  1.32763e+06  190165  367094  0  609992  61809  23138  55856  7171  1.01507e+06  35461  16000  4235  44295  15711  32678  18347  13318  11257  8859  4685  23522  3063  8704  48365  40858  30739  20549  16490  46774  10670  57920  
1918  887  8386  31959  2619  2680  7874  74435  6055  3955  17023  10411  27995  113053  416475  5530  6484  54939  11261  336884  16607  8982  2903  16498  7977  5315  3178  6909  5674  3435  1112  7631  200  1823  27325  12773  13714  6774  4659  13337  2920  5407  2748  17508  60874  1369  1420  12450  246686  2505  6889  22476  67983  119750  535078  0  7937  11295  92689  7802  1.90808e+06  141425  115809  7352  844103  61638  270063  107171  23679  13327  8663  2865  14086  1358  6965  51321  19117  34844  20431  6097  198745  11925  36610  
1107  951  932  1092  1572  1498  5669  31438  6063  108211  103455  239  771  12584  1172  93608  10280  37498  6753  60060  1297  1030  1407  1185  3402  759  1133  2240  3082  2122  586  5940  244  4354  47542  18995  19615  19299  1720  6215  2631  15440  17280  3250  2942  27562  79670  55605  118136  110672  2.3251e+06  313845  985  1070  14004  3309  0  1.9852e+06  805558  112882  98284  5079  4193  41230  4193  32551  4943  4455  10179  68030  52316  22571  769059  489220  697756  187770  101099  397439  315810  5003  114902  19014  256673  
2578  2292  2478  2187  2850  2470  11482  31679  10271  52418  168634  754  1688  43240  6762  147098  41618  260196  47768  336992  5421  2929  6156  4052  15213  3600  4105  6929  16858  11076  3736  25251  1065  6332  136425  23842  45347  30670  9099  31704  9042  12217  19419  4081  4305  40438  122101  66178  63468  170463  381158  142454  2098  2104  50230  26681  2.2902e+06  0  854315  1.485e+06  349493  16868  10701  73074  12996  55034  23618  14363  26440  221637  718160  784645  2.14283e+06  402356  226493  205865  66092  116974  79111  12095  106923  27383  144045  
3315  2929  2854  3279  3151  1895  13426  25494  4336  16782  44068  780  807  4688  3295  17621  26270  258971  81038  164125  17527  26785  28188  14200  50528  6996  5730  10442  40550  15854  4065  22998  525  6440  127834  20134  54921  32750  23555  48138  11500  24172  19815  10888  10823  14571  15779  55379  103366  121317  113034  40106  3113  2459  4988  7907  733515  928627  0  3.04766e+06  1.01877e+06  112488  107405  779826  33951  113040  21987  19857  62991  166751  97674  21009  159459  8620  93233  274415  58549  371597  202664  36432  124746  88368  189255  
2274  1989  2510  4508  2912  2319  12153  26166  4452  11631  17593  862  1016  3498  3716  7424  13835  189777  48824  119541  14560  8410  24074  12344  42616  5630  4390  8216  27770  10285  2414  14528  343  4491  80188  18881  46530  30637  28680  29062  9224  42009  30496  16408  18127  22151  25316  126393  143537  281437  89408  11712  4830  4036  6740  17656  47592  2.12505e+06  2.67722e+06  0  485063  34662  23496  1.93648e+06  42832  451606  53315  35153  126622  915341  1.2818e+06  1.2608e+06  409167  7295  125310  364743  84201  507794  316180  54930  181035  164785  231099  
9746  8285  9694  16758  9758  6214  36186  126313  13140  49587  155216  9924  40215  121526  301854  90245  76538  878818  223249  1.92032e+06  168552  90228  119532  94128  179872  31012  17217  28049  120084  47930  12759  69115  1719  19485  320992  53062  141184  75604  36134  150009  29164  21670  17775  16394  34745  7748  7903  50583  327514  10003  106040  896412  46791  50514  534911  1.87218e+06  134949  85731  1.4859e+06  109609  0  2.06707e+06  1.37293e+06  213569  1.41858e+06  216254  434937  137431  89942  177369  102746  25397  117351  9807  33579  405822  67333  243079  124272  37529  555256  77983  238470  
994  708  717  1053  808  347  2936  5561  337  695  1479  336  987  1439  8131  970  1253  83403  14552  71073  113731  119754  24490  29817  32213  5721  2086  2228  14591  3168  307  4226  46  1581  42073  2794  10323  4857  2924  24775  2396  3251  3052  1909  2411  1208  479  8322  17078  636  1470  1686  1231  1745  3345  60838  1271  1572  269518  11085  1.29149e+06  0  707187  116631  416083  42819  84512  19832  16015  17004  12661  1209  15463  341  3517  69417  7585  46388  22612  4870  132220  15874  28274  
482  422  444  815  452  194  2315  3610  201  360  662  160  285  482  2151  446  513  45282  6737  22644  25235  59480  13818  19752  17610  2849  1184  1179  6925  1648  185  1925  20  733  24802  2005  5490  2906  2494  11063  1257  3887  4235  2417  2398  1459  408  11129  16035  478  765  678  877  1059  1332  81624  700  836  126900  9325  662314  603622  0  157831  648148  55496  111383  18130  17480  16113  13997  556  13175  267  2700  55247  7461  56503  13432  4981  85598  13878  24768  
2432  1921  1916  2505  2513  1234  10385  16201  1415  2125  2370  517  618  937  2507  2336  2959  273898  40345  78239  54032  41869  76305  44297  98652  11082  4101  5726  33478  8913  909  10797  138  4137  128293  10075  27984  15069  12377  33382  5222  16556  15201  7115  8814  10247  5956  65566  70720  81616  17141  2844  2555  2055  2032  11366  8071  22750  688387  1.49769e+06  511145  162936  478073  0  292729  892313  56162  24048  60367  815435  931282  42250  106504  1066  26759  338933  41342  298050  141348  27939  89280  98970  133126  
664  598  977  2393  670  378  3239  7202  638  674  1327  457  900  1502  9793  823  741  38221  6857  29155  19904  70359  11512  200065  18423  4089  1174  1981  7806  2017  197  2601  32  849  18299  3671  9781  6042  6633  7707  1849  13015  10377  9816  8836  1717  881  24445  42073  1474  1647  1242  4481  4824  5716  829625  1260  2753  91523  28949  794759  446862  826971  317433  0  1.54616e+06  942084  79281  68265  111532  70333  1551  23748  687  5329  74666  18909  105306  20829  11758  221656  26341  58339  
855  797  1115  2430  1005  655  4142  9075  1420  1562  2715  377  507  1029  1810  1919  2246  66767  13913  28811  7650  11814  11906  10543  23781  2650  1506  3184  11180  3264  484  4491  86  1674  28338  4702  13410  12299  9403  8597  4508  13638  10531  8945  8971  3020  3049  35336  45313  42538  7174  2104  3760  4156  3254  75286  4073  6858  67359  132821  142258  59177  112343  713757  1.48837e+06  0  1.47141e+06  787326  428836  3.46762e+06  132877  3721  25438  511  9167  275612  61051  101475  42606  22375  737117  135175  70976  
193  152  538  1574  438  479  1277  7556  1714  718  987  221  545  597  1314  517  325  7100  1665  4656  1336  1527  1112  1296  2142  382  250  499  1231  413  72  687  9  290  3909  1093  2474  1444  1256  1231  440  2770  1616  3011  5035  403  442  5703  38213  2482  956  796  4467  5269  2762  153156  1037  1732  26051  12841  102417  44211  46163  30683  296701  1.4107e+06  0  689956  58342  66332  15813  558  4909  241  2135  21803  6739  16858  9433  2528  307726  13519  48202  
302  114  1143  4409  172  171  1182  4538  459  780  1741  634  563  861  1399  914  210  2568  564  3376  453  758  278  418  725  282  633  1198  384  180  31  481  3  120  3240  1424  1089  981  881  1025  522  21616  2357  3778  14079  1519  1440  4374  30521  639  1852  1468  8140  7188  4557  95773  1550  1281  14408  3542  39063  10060  9466  8515  23018  1.14173e+06  581652  0  516330  19164  5815  451  7684  222  26290  80511  15837  17869  17272  5739  635109  244777  42551  
845  323  1491  11788  349  361  2969  5777  631  2327  2686  2060  1289  1601  1292  1089  735  8251  2032  8603  965  3084  1052  1930  3278  717  4800  10210  2521  1225  139  2212  23  339  11225  4681  7141  11117  12874  5455  5064  238856  25289  25180  63777  8997  6699  51369  56123  6026  6715  4297  15213  10406  6546  17086  4394  3663  33824  17730  41704  14551  21423  52223  23714  321467  38476  408913  0  350763  290180  2586  515732  666  94116  385225  103515  112633  83311  50634  314204  877343  147339  
2107  1756  1671  1969  2313  2484  9087  22893  6442  7249  6057  424  781  2524  4628  3835  11422  187261  50518  132009  7037  9823  11001  7664  24092  3703  2746  6263  21990  9611  2266  14554  370  4840  48401  10830  33685  19860  12391  22769  6858  13392  18377  8191  5981  27528  71230  149398  71254  225609  55553  7522  1475  1656  5523  20468  8512  40997  152978  257783  221276  34342  52194  963500  110826  3.39382e+06  95216  39449  503249  0  4.47186e+06  51061  68809  735  11788  146654  39161  128400  31363  15332  387497  41365  57327  
1788  1617  1781  2245  2835  5062  10739  39773  15408  17234  18916  448  928  5423  4372  7710  15575  141906  33106  153899  5910  17929  7364  8110  15079  2762  2630  5391  14363  7774  2409  13830  420  4113  54892  14229  33172  21381  13572  22535  6771  23846  38045  11520  7697  74808  265634  290277  134072  437071  249374  16072  1539  1688  9787  26058  27498  586433  208577  442000  237484  61926  97488  629419  115560  162663  41048  17679  471328  3.86813e+06  0  2.21261e+06  4.13517e+06  4930  18955  222908  68781  168138  43316  17343  162827  43027  106205  
574  476  440  473  740  1358  2587  11530  4580  5742  8648  128  308  2540  1619  3326  6679  51430  12167  61891  1446  1343  1890  1064  3878  778  849  1666  4529  2780  989  4937  158  1299  19844  4518  9757  5418  2229  8472  1925  2534  6453  1006  999  21129  72310  89582  23692  214160  116086  6662  299  343  4117  15652  16315  915123  68455  936843  98045  14557  6311  74821  9697  27419  16998  6748  11949  112431  2.29155e+06  0  986405  3703  6829  33892  17255  23259  12092  2764  31075  6941  20516  
2016  2053  3431  6436  2952  4074  13805  39789  11369  33310  89793  948  1446  25282  4443  53352  21139  153182  25172  212848  6149  16778  5644  6800  11632  2584  4184  7804  9767  6555  1991  16880  700  4858  89317  21521  38264  28011  16788  18259  7972  761434  359057  28499  31215  123570  366283  186597  193150  104067  454800  105046  5045  3937  32403  33615  613646  2.17296e+06  351269  254714  371467  79907  102427  326532  80395  83658  40567  29670  455709  151641  4.36186e+06  1.38795e+06  0  876903  971066  313664  190601  386021  95781  33646  107957  85951  195187  
106  87  92  111  148  161  502  1829  499  3539  8865  36  86  2564  304  7592  1375  8570  1123  13161  295  223  199  160  525  153  157  251  402  310  79  913  39  290  6002  1238  1831  1372  259  743  349  3173  4013  208  283  8922  13313  4089  7133  1335  78834  14527  126  121  2860  1478  288139  235678  30015  4577  29970  2369  1181  2856  1145  2202  1456  957  2212  4432  8625  12470  579716  0  307245  10382  5595  23667  8341  484  3949  1455  11045  
937  1020  1578  2708  2755  4342  9382  45231  12586  52985  51539  476  979  9757  1615  28535  5473  35056  6289  51955  1890  3827  1635  1818  3446  783  1199  2375  2768  1760  474  4558  168  2917  35835  14323  16090  13094  2104  4878  2709  1.20568e+06  347040  14133  10016  806590  1.85338e+06  180187  413117  67988  1.81647e+06  131930  2625  2388  14229  10433  1.36107e+06  358081  233123  52371  166303  21315  22774  64232  22451  41748  13445  51681  112141  82053  85175  42335  1.36545e+06  767529  0  311628  214730  612629  122004  11675  74510  91065  171008  
5011  6780  13857  16565  19278  17367  87658  194067  16553  51633  39219  1555  3665  8410  7908  18936  8977  95366  23600  91265  13249  32007  15280  14386  29424  5503  18902  22996  15534  8507  1880  11181  251  4804  367659  63998  65810  91433  27346  38588  69656  203732  238754  113722  66182  66025  65304  664771  1.79859e+06  155710  557819  233495  8170  11332  19811  96581  366030  119725  847590  88175  879123  203790  252616  345830  174066  522066  168769  222576  595892  612150  362325  18425  203661  14907  70517  0  2.1154e+06  696512  894115  300791  2.94032e+06  1.61957e+06  4.54745e+06  
1697  4689  11819  22869  3391  2359  55861  84391  4897  35832  24560  508  917  2732  1572  8111  1958  14300  3239  20729  1313  2006  1409  1535  3319  682  3472  6384  2134  1671  329  3012  55  1810  37178  29479  15861  15179  12738  5193  6836  206711  452673  144765  104241  19988  12538  968734  471282  34105  51187  64427  2028  1715  5376  16166  38548  17295  67992  8437  109541  16014  15105  18610  14110  110499  26288  38803  72559  90718  26632  3004  27917  2004  8661  1.50673e+06  0  323252  460030  613501  584971  184255  471945  
2139  3616  8648  15750  12190  9989  56499  135295  9979  103948  73010  1676  3172  8584  4451  18406  4980  39457  9595  51838  3554  10112  5103  6746  7971  1652  3282  7159  5835  3597  866  6198  129  6060  68161  55959  63743  58617  52206  13014  10798  299430  287355  157491  79312  159840  40044  827523  1.28863e+06  87005  375664  188345  11382  12207  18706  26973  275232  56157  317685  81564  295473  41023  59077  158816  56352  78024  24822  21433  62025  132162  89888  10064  106818  4295  105060  321457  924349  0  1.96888e+06  348216  95358  124072  341995  
580  1127  2384  2479  3037  2878  15949  38156  3845  23424  17895  252  727  2497  1517  6203  1864  16085  3382  21095  1531  2315  1341  1225  2719  564  925  1589  2058  1287  397  1920  42  1208  25323  12839  11646  21457  3461  3685  3692  41043  65193  22845  9705  29500  12649  202765  471075  61961  224191  51514  1172  1966  5072  15283  100566  17807  116534  34294  143801  22977  15794  44209  11700  28622  15112  9673  11224  36990  17725  3963  29627  1352  19652  221098  388156  1.63362e+06  0  23960  313477  57435  830373  
362  148  1120  15335  81  58  1264  2263  68  246  453  950  1244  1226  962  197  258  2444  810  2621  356  852  790  911  1282  240  2305  4548  755  462  48  938  4  121  4417  9355  10228  9434  16926  1793  2527  149202  11345  81581  128282  343  300  56857  28354  476  763  989  15307  11842  7604  3803  1036  917  7003  3339  9852  2561  4225  8633  5323  20416  2756  7082  38016  28453  15943  313  4567  87  1421  116212  604170  122812  28267  0  32590  85408  22197  
1127  943  4288  11565  680  551  7200  14764  1572  6488  16387  1030  1186  5277  6769  9029  3234  37340  8447  43885  3554  3617  3371  4127  7079  3807  3207  3672  5265  2560  514  3305  83  948  43857  8277  12280  14881  9350  20570  5162  11794  8490  11677  23764  1407  1308  25543  60405  3400  26573  9757  9687  20033  15713  190720  10746  4742  66980  14515  171571  46477  58016  27382  110736  399655  664108  763158  266640  226988  47908  1530  14446  607  7330  1.53604e+06  195060  56073  131858  25395  0  1.43124e+06  241367  
519  420  1709  4577  273  220  3442  4923  368  1958  2174  616  597  1045  1132  1321  618  6296  1477  5559  977  1916  1144  1021  2240  669  1369  2364  1292  675  129  853  18  221  18867  4850  2927  6310  2455  4033  3366  12373  5565  6045  15592  917  959  15241  25277  2323  5389  2534  5859  5260  3859  17844  3877  2434  31654  12720  37439  14368  17338  40109  9507  86160  22542  238052  415894  53624  16599  1094  16613  339  7749  882172  150653  40496  100003  41552  1.42097e+06  0  258480  
30037  45179  54924  17930  21055  16051  262759  593636  20598  507277  234213  1323  3762  15371  10267  294352  75254  435584  98883  335630  28573  21047  58198  35502  111527  22958  102000  95012  66051  68026  31021  44239  1240  15568  2.91204e+06  1.10473e+06  494747  2.33664e+06  51435  196650  391243  47991  48788  22478  14305  18266  31114  185881  689013  92569  669792  233968  1806  2888  14443  43535  316533  54973  341469  60564  405391  71190  53707  118483  43334  85288  52885  52044  64818  67834  38208  8779  65143  4757  51571  2.58337e+06  736643  728447  2.90532e+06  36918  911073  330996  0  
