4031701  
2367558  
728291  
3824277  
4023505  
4247297  
8775303  
13349271  
4459279  
7064178  
2926921  
2610201  
2087311  
3480322  
2885942  
5862770  
7597723  
6005883  
8512048  
8919383  
1407968  
1355668  
4088825  
4041928  
8541404  
2099110  
1995177  
2270293  
9036757  
9983401  
2831031  
10113976  
832614  
6542132  
1946953  
1608667  
1372551  
1879092  
969515  
2431769  
1823793  
3954370  
5626103  
2232659  
794910  
2319384  
1573752  
85528  
484613  
686857  
1111653  
412385  
471260  
423787  
59399  
87833  
951179  
106217  
990041  
3597831  
1108590  
4676647  
2200076  
574186  
3980341  
3445364  
4626793  
9006793  
13934069  
5159087  
7785269  
2330610  
2687019  
2048886  
3258552  
2798034  
5727882  
7899824  
6689584  
8683332  
8863779  
1646143  
1195906  
5578833  
4320501  
8316372  
2205911  
1910865  
2110750  
9618066  
9858663  
3542193  
9133355  
929254  
6792782  
1513427  
1642323  
1937937  
1729993  
1453970  
2443998  
1512864  
3275182  
5020549  
2238058  
741771  
2259172  
1657786  
69262  
523409  
664383  
1039738  
413517  
472607  
500273  
108465  
99753  
981321  
146058  
963867  
3272151  
1283556  
9365846  
11865926  
5266752  
225957  
