0  1.03532e+06  66330  543206  198378  11620  462419  33154  3222  6465  3442  2429  2079  1402  3159  10229  8799  28614  10829  18871  11490  22025  24590  77745  118167  27657  90374  221555  47776  25454  4774  154235  697  1.12191e+06  119278  240182  837768  65965  62308  140954  44421  316  225  895  2809  249  175  2818  7478  1268  1114  619  519  145  71  367  1202  695  6780  652  6985  577  1458  1469  2303  793  254  315  505  741  231  170  1203  75  645  11374  2267  2939  2894  574  2452  980  75313  
861138  0  3214  5155  710822  4319  459266  31620  2329  8189  8942  640  1086  804  2686  16120  5093  35055  7915  23859  8089  18365  19383  55327  23892  8786  9159  7365  9798  11529  3864  12194  526  63022  602124  820479  495398  114124  6867  71443  15264  406  1898  2150  1739  1370  180  14989  20075  1174  1656  1108  216  60  76  614  1748  846  7120  775  7347  560  1215  1344  2232  819  387  461  530  705  195  161  1215  77  729  19320  3270  3546  4538  484  2788  1612  234067  
46270  2140  0  234146  254  53  151090  129109  166  616  841  219  727  660  769  1139  94  2119  407  1988  526  727  897  2194  2449  1107  2157  1625  1124  261  30  271  20  239  49155  206960  104547  10830  75649  6106  4792  2254  1346  31456  22150  215  52  16944  33240  164  202  101  831  43  32  416  166  57  562  90  1314  258  162  230  215  311  88  266  331  207  47  27  130  7  154  4270  7731  1323  666  950  595  846  19509  
608018  1631  200999  0  1022  168  18210  1.10125e+06  869  1043  2367  934396  41017  12898  13803  1519  274  5888  1611  15821  3694  3189  4387  10908  226684  28849  188571  320312  78549  2992  103  5818  100  1089  34501  136956  241844  8282  112045  52381  83777  49748  3553  184412  1.19281e+06  1283  306  54195  386620  915  515  395  113332  5916  2173  6546  392  220  1832  278  20695  4654  968  942  1340  3964  755  2199  5779  3362  439  134  522  24  1033  10365  155888  6227  2581  25143  2954  1988  11267  
307681  821124  2946  2596  0  964922  969950  260307  67610  45273  17303  543  3904  1810  4357  42918  38506  73315  39773  41746  5621  11520  23280  28281  15488  5794  9579  8171  15962  91518  54898  44104  1702  625966  844821  847185  256036  73902  3960  38858  14295  652  4026  1437  1016  13784  2866  79813  108082  11140  3450  1637  724  151  223  940  2776  1236  9989  1477  10651  823  1275  1961  2002  1569  541  720  1518  1432  480  395  2505  112  3341  39731  10053  15218  14533  1405  3444  2015  265496  
32120  46006  1443  1518  921201  0  472561  513414  571684  1.51308e+06  10801  280  3663  1403  3757  83557  198829  58857  61774  19905  1879  2201  8836  2899  8811  3391  4425  5149  22610  236316  110194  182103  10023  914899  93388  110271  86731  20131  3518  7901  2159  923  864  984  643  5603  9679  49435  195759  102590  24157  1112  387  365  210  725  3008  1864  12777  2594  11001  559  692  1917  905  3072  410  1051  3496  4374  1121  495  4688  152  11052  52510  26426  20277  13112  1560  4271  1596  76363  
240785  530078  253665  14496  1.69051e+06  668534  0  1.77362e+06  1.24359e+06  251859  44463  1362  5718  3447  7211  74696  25120  120417  90940  73489  8268  14052  33772  42920  70194  15987  21873  16615  78683  174679  57715  27348  1555  50200  1.41429e+06  1.64743e+06  397983  108708  36922  103821  31348  3405  33520  24562  14183  61314  8202  424492  466631  35443  14417  3543  1593  333  389  2259  4843  1783  13213  2775  18872  1804  2261  4520  3279  3565  1096  1743  3828  3557  1172  672  4263  164  7736  110459  41206  36471  33042  4626  6614  4330  386601  
14761  31883  157875  1.21927e+06  141481  114513  1.81429e+06  0  1.86564e+06  424824  794969  859088  2.07256e+06  806445  335031  65504  22968  124412  70263  592026  43274  20607  41743  51221  130996  151707  175571  40223  57172  91039  54447  48323  1929  118801  1.15494e+06  1.20982e+06  489597  173182  35467  227847  38754  40807  61180  228593  378271  122050  57833  985643  4.56379e+06  475469  169838  64774  210456  55679  39757  36402  19848  6025  44595  16131  155358  17967  7993  18066  11776  23044  9634  13821  30190  27033  7927  3276  24377  529  70689  452242  377171  222827  153408  51739  35582  13070  584446  
2033  1968  1471  944  114488  728919  1.04941e+06  1.55505e+06  0  1.51652e+06  6889  165  991  606  666  8347  11979  45043  129528  6635  566  1034  24272  2260  28102  2427  4440  4674  83905  138545  29530  10835  200  14489  153445  143495  59776  27634  2040  7342  2679  1189  1122  991  494  6066  20733  92527  278138  203035  56973  1543  237  415  288  656  4025  861  7944  4298  7552  599  638  2504  969  4635  462  1397  4965  7541  1980  514  4712  84  15545  70908  41111  27402  17356  1476  4978  1711  125085  
10772  11158  2858  2842  44010  1.39009e+06  121769  998822  1.21909e+06  0  216891  296  1768  2315  2222  2.15048e+06  174173  97300  85731  16845  1557  2117  15228  3689  14236  2741  7027  23669  71265  292325  88953  241878  31019  602785  174133  240665  260116  128519  11007  14277  4641  1729  1391  1554  1037  2217  5646  15571  366334  179326  294080  26856  249  1091  1733  826  26497  2595  20052  9646  13368  547  833  2642  1180  4644  537  1404  4382  6803  1963  602  5309  174  12833  107258  109779  52691  31858  1267  15560  3561  214920  
826  704  1564  11359  1233  951  4608  754775  3453  246481  0  8432  118689  1.09607e+06  5919  81116  3161  36989  1126  1.07032e+06  14517  2500  1464  2632  2812  2106  3364  2755  1448  1827  280  4420  604  4849  37157  19373  28326  16471  1094  7655  2619  2257  1692  3420  3866  2470  1738  13797  217942  11893  252445  260566  2693  10103  81972  10267  102877  17006  44560  3818  104660  6232  1926  2179  1728  4169  3106  3898  3888  3065  914  698  14617  563  9638  107490  89540  44930  42936  2015  28095  5053  80187  
3067  1074  6262  918982  1380  311  13162  1.09124e+06  1540  979  3897  0  765611  168071  99206  1210  367  5216  1093  124922  7126  3778  2970  11580  58389  24538  66227  75841  14115  1162  155  1968  110  1242  30697  23056  163678  8629  7866  43257  37062  20342  2045  28933  195286  1622  355  24081  349594  883  613  583  615471  93511  6428  30391  464  280  2478  414  71599  12070  1809  1197  3123  6469  3069  5355  8515  4958  752  175  874  37  1788  16435  47335  9109  5178  30707  9378  2063  14926  
2792  1361  5371  84163  2832  1375  15765  1.01959e+06  4810  1963  34631  624097  0  885694  355743  1944  1082  9722  1404  535126  25621  7705  3885  22127  58296  84055  108742  38336  8057  2175  444  3058  238  4387  61387  24817  136130  12869  6472  122985  26989  17838  1943  14321  56829  5498  1759  33982  430763  5297  2526  2582  219695  530055  36254  56637  1213  653  5752  1111  187912  22391  3621  2366  5382  7326  7768  7418  7715  5291  1079  434  2522  83  5452  32612  38018  28120  19940  24269  13199  2566  32611  
2006  955  3641  41029  1369  544  6989  545503  2094  3607  1.35917e+06  270774  925798  0  625707  3432  1912  18443  1280  1.39966e+06  56773  10432  2882  18602  41989  71800  91520  24392  6204  2198  287  3951  490  3279  63560  13324  70590  9089  3948  131536  18920  15370  1294  9558  39660  1875  877  15250  201573  4117  102903  87418  26170  168580  552901  88987  20428  2257  15515  2396  378049  34665  5085  2247  4240  6583  6475  5780  6324  6047  1177  456  4240  211  5783  51014  52068  29777  24603  12549  21186  3305  39988  
2767  761  2236  32827  688  190  4414  115969  556  616  14057  170043  352106  656749  0  965  2582  41588  2676  1.78274e+06  68134  35537  4613  557855  64554  153449  136365  27260  6440  2404  228  7777  1742  4292  56057  6574  58126  8491  2665  169126  19607  11270  464  6245  27838  561  140  6153  64736  325  3042  5145  16110  31315  61272  205597  1920  1099  12994  1252  173731  14926  4540  4346  3560  3791  1758  1917  3194  3783  685  285  2123  129  1300  13868  18683  4886  3602  6545  7626  1888  17114  
20540  12044  1297  1752  28472  92439  22876  69191  52693  2.10634e+06  114356  434  1850  1681  2927  0  1.77032e+06  732122  110221  41740  2036  2296  14807  4489  12597  3587  10454  55769  125027  441978  111072  576021  153476  680499  127770  42522  451533  151258  2557  29455  6930  621  611  825  554  938  606  7363  23883  5968  17361  19093  157  117  505  618  27740  7829  35815  1773  20281  563  2142  2064  1416  2747  696  1096  1546  1700  498  532  8370  478  3801  38884  11576  10338  11081  511  10105  4087  133689  
19391  22871  1403  2607  89750  85309  61363  102108  88122  123816  60490  1020  2878  3664  21024  2.34432e+06  0  859977  1.45302e+06  311872  9105  5968  23976  5611  26829  20022  28529  33796  96234  845334  733162  2.26031e+06  497712  719372  107461  32923  317670  39488  3495  49068  12841  1736  1082  1846  949  1616  1077  11318  26790  5080  7022  28598  322  237  2640  4423  72425  23035  162076  5031  113586  2894  3836  4649  2668  7407  1921  2645  4583  5391  1947  2351  26498  1565  11903  108677  13118  32665  37660  1323  30419  8956  94241  
25394  15427  5713  8676  38604  87667  67411  125803  150233  244918  31271  2237  5631  4765  7594  679784  514649  0  2.82763e+06  743470  107621  41444  674862  70540  116267  18373  51216  68073  79635  69732  6353  161064  10270  86566  211587  32995  378221  149434  17268  245755  106526  5188  2444  7756  3615  1726  1058  21593  40823  7918  14722  2985  589  295  453  5058  7402  21264  223715  23803  226287  22017  108440  92683  50592  31490  7637  10754  12181  20573  7246  6458  36233  2155  11074  280314  21421  49180  40248  3283  70798  27132  145701  
27434  16064  4244  6770  86333  84599  165613  135342  424428  158271  7822  1654  3879  3045  5773  119425  1.98281e+06  2.78193e+06  0  55015  4734  5575  1.1148e+06  12345  269941  24540  43910  62809  664795  1.72999e+06  780022  302184  18598  115686  110179  25714  310820  91071  9390  137143  54451  1282  990  2305  1716  1091  1296  14308  36457  14746  9970  1166  406  169  229  1397  3208  3761  46678  5911  51902  4180  23266  26932  8066  7350  1595  2003  2814  4544  1628  1143  7605  513  3556  66215  8821  13579  10494  1153  13680  6897  79228  
19630  10235  8782  63702  6189  2326  34090  540184  5394  10495  839505  155051  526570  790968  1.70939e+06  34944  27600  1.03841e+06  30089  0  1.33725e+06  689473  45608  946542  146240  227757  208975  79090  53737  38962  2944  78050  6970  32262  305590  53315  311631  111912  18079  524713  116060  19288  6433  26724  25121  5397  3263  55119  211080  11076  46133  84102  21394  51742  153535  143560  82175  59435  575933  52665  1.48391e+06  65204  155003  168584  91371  74743  23253  26710  36719  65596  18873  14087  95133  5956  36020  533088  64886  132378  113067  13605  180008  60184  242795  
2558  1158  543  1995  599  116  2924  9474  211  203  994  1201  3593  3241  20580  293  1117  192483  4018  789480  0  584758  58944  174465  16345  24842  19058  8092  5503  4887  265  12768  272  3912  26782  2278  32643  11137  1649  73810  12551  819  310  1163  740  160  59  2558  5930  175  419  1323  654  701  630  4157  1388  451  42390  3964  93762  140741  68866  35793  39427  7564  2713  1669  1692  2212  1013  354  2499  125  994  26971  1406  4532  2306  508  9070  2832  10924  
4180  2385  633  1283  1058  83  4451  9652  114  140  246  884  2603  2291  15714  186  967  68683  2113  303269  520234  0  34525  609112  19471  45241  9955  8859  4345  6954  265  15343  190  4260  34177  1658  36149  6400  1118  94600  7701  477  240  736  565  148  36  2379  4332  98  102  121  307  275  193  2115  98  94  19116  800  44610  76170  68058  19605  84804  4913  2143  1019  953  1005  430  107  964  27  365  21142  822  2154  848  259  11860  1331  7481  
17017  7940  2586  5057  4338  1734  22722  38753  32985  3426  2361  1446  3075  2398  3414  1882  7667  537057  1.11905e+06  61412  57710  39496  0  210893  886896  39396  42175  46540  1.01507e+06  519925  4710  147407  1200  36791  87526  10137  193531  59739  9551  82407  57267  868  662  1662  1375  410  189  6820  11446  1736  1121  200  304  94  46  2241  505  525  62406  5101  128014  16791  101551  98940  39669  12996  1690  1406  1617  2340  1501  426  2589  103  997  77270  3232  5862  2937  658  9625  3634  37153  
39388  15265  5429  7993  4123  148  44418  62512  591  451  692  7508  19525  17279  458546  527  1190  77493  5250  617746  267745  781061  293991  0  1.51434e+06  541435  70757  61803  45046  34449  396  29619  418  8425  116094  6949  184007  14903  3792  437612  28768  1108  947  2071  2374  593  102  9788  18959  369  220  266  808  721  488  2379  238  241  20359  1250  44719  10547  49880  36927  233419  8843  2975  1964  1642  1584  652  165  1509  40  629  46979  3196  4643  1974  669  28931  2333  30902  
69907  15684  9174  43747  3997  828  65073  89705  17973  2184  1946  22074  28527  25179  51425  2070  4832  132482  82654  72165  48839  77832  839888  1.70351e+06  0  1.63079e+06  1.45919e+06  218099  2.9259e+06  86981  1577  60714  1943  22212  235376  16993  299834  64859  19922  839682  196364  1126  904  2339  5439  638  160  9787  26622  1136  991  761  1391  829  674  1851  711  770  21997  2398  36477  4571  25678  26709  15395  5231  1373  1282  1255  1455  695  305  1935  92  863  37869  5735  6709  3688  1247  11654  2501  73443  
12303  1879  2096  11852  561  159  12542  30664  669  236  434  11497  25923  24582  66229  397  972  32426  7904  56415  42005  52767  63117  347569  1.5426e+06  0  446503  28365  29762  10008  278  13517  438  4782  19012  2393  53886  7889  1746  270380  19361  626  150  795  2431  133  29  1806  14038  133  122  319  861  680  519  1045  187  120  3615  319  7544  1249  4451  3707  4030  818  300  281  283  274  112  49  331  11  195  5430  1690  978  665  405  2360  393  95471  
27864  827  2566  44193  454  177  5237  33412  641  931  660  18036  30692  33904  67249  1857  1895  25544  3802  37927  13695  11080  25686  25285  1.11766e+06  486638  0  318391  16958  4147  451  11385  1159  44560  134622  11569  119799  107642  20256  720965  486004  1173  156  1794  5506  143  55  1859  16944  192  407  1469  1544  870  1269  2515  638  606  5927  361  9145  1009  2968  1897  2715  1205  702  812  666  616  174  112  862  48  463  10811  5140  2524  1863  1339  5530  1220  90901  
246364  6514  14735  104874  2635  614  49363  40639  3536  6437  2591  25108  6196  2935  4458  10858  5221  33561  11221  20772  14168  30010  46599  90482  185333  25577  319140  0  246188  199008  3687  575514  790  145093  87204  14855  466467  48474  31185  164459  489997  1156  403  2437  8100  274  125  4557  10345  1011  872  490  1763  436  121  481  1020  910  9230  964  9499  909  2091  2254  3511  1617  402  616  1225  1284  336  260  1639  116  693  11523  8446  5998  3133  2985  3308  1546  43209  
52925  8077  3392  7474  12972  12189  58941  58281  142820  24381  3201  2154  2963  2403  6812  10098  15488  126462  243955  47064  19646  32487  1.17372e+06  100500  3.20555e+06  87585  133148  356269  0  3.39808e+06  31988  74658  2437  32102  122774  17274  194396  51963  6942  307945  38085  757  482  1337  1227  558  763  6667  19734  9855  4706  719  271  132  188  1049  2470  2357  28337  3250  25640  2243  6792  10219  5215  3970  906  1015  1719  2952  975  740  4661  346  2539  28115  4978  8514  6529  690  7173  3498  60144  
53671  21226  2478  4634  101901  51310  138883  229310  215425  49030  25773  1408  3699  3547  19668  51524  511345  263979  751874  178196  31623  46239  565607  82966  174218  39363  40424  443336  3.34382e+06  0  1.4753e+06  3.46385e+06  5135  91681  106583  36070  285542  63552  4473  129720  22884  1713  1283  2217  1287  2545  1952  19392  52027  21596  9652  11188  440  314  1217  2721  29701  13559  107243  5402  83412  3147  6542  7896  6236  7356  1801  2332  4348  6829  2217  2116  18588  1266  9036  86307  12909  27177  27183  1398  22962  7810  88011  
2495  11035  313  561  177730  49932  133417  148465  32946  15106  2951  140  640  506  2431  9623  914136  22024  559784  16170  1662  1727  8678  1972  5985  3050  4388  5947  26291  1.84112e+06  0  813078  826  13494  14159  10522  62863  7636  441  6958  1563  198  252  315  200  1043  616  6989  16382  4937  1478  1066  94  26  100  269  2487  1394  9150  554  7061  194  365  535  322  715  181  253  468  698  250  252  1907  135  1241  10210  2523  3825  3732  297  2124  723  10220  
336937  39682  4156  14314  53394  115957  45868  194788  32324  105332  66151  3585  5273  5554  48755  417777  2.10109e+06  684907  236738  456608  107387  124521  479600  123084  172497  79208  84151  962365  99540  4.38343e+06  883718  0  840257  1.73281e+06  160023  34107  700437  49672  6657  189560  59571  3132  1797  3706  2227  2613  1503  19636  43968  7649  8149  27956  649  402  2896  5805  76306  31692  248958  10613  186617  7310  13823  14631  12256  14597  3545  4708  8141  11776  4020  4498  40942  2644  17175  172157  18414  50609  55561  2464  49736  16037  136291  
2343  1248  109  331  2114  9768  1219  6676  585  10653  8119  174  385  471  3848  87027  180575  57360  6956  46602  1786  1037  2555  781  4084  3534  4722  5073  2385  10725  2434  462650  0  278211  8528  2465  52163  3376  284  6818  1131  173  110  189  79  127  73  904  2318  392  578  4097  31  32  323  494  10373  1999  18320  440  12889  311  605  714  344  740  199  262  434  476  146  159  2410  135  1187  10799  1193  3097  3717  119  3098  863  8817  
1.04625e+06  197734  2006  4307  763880  1.24848e+06  48521  290356  14482  889089  28227  950  5277  4499  12865  1.60487e+06  1.17026e+06  265041  65209  110503  13818  16006  47596  22642  35962  15027  56982  221818  34430  325175  92342  1.58518e+06  705184  0  62813  42580  1.59043e+06  23910  2225  40046  20059  757  1005  1377  995  2016  1403  17452  45791  9288  5309  10617  471  222  765  1442  21399  5770  42115  1785  33221  1283  2301  2723  2075  2580  676  1003  1920  2160  661  639  7224  449  4277  38947  7762  12394  13160  923  9052  2839  44663  
45902  66661  164949  62051  59826  17527  504058  1.54851e+06  64327  444186  319680  17081  132936  104920  152057  357712  47014  754013  95771  558114  67617  75159  171596  109110  344682  115696  489353  191747  181516  85607  4737  114899  13970  51277  0  3.75914e+06  512451  622062  313675  1.83396e+06  976456  5575  13667  13927  13762  23978  9252  210551  516323  60517  49320  20843  6040  2907  3319  11998  27719  9840  85489  10810  97769  8009  15458  20008  16534  12824  6074  7605  9293  9099  2910  2188  16338  946  17574  425966  63330  91209  78369  7999  51821  39425  5.27123e+06  
16422  60430  207915  65978  39768  5551  519583  432902  16981  64665  112881  1793  14486  9280  14744  120431  9549  126050  10875  116305  5923  5585  12661  8918  33785  14223  52987  16319  14744  7776  1036  13944  2296  9686  2.56118e+06  0  191904  293034  832318  197482  109534  1645  4480  5898  6487  6299  1567  60565  106073  9672  18929  11046  819  389  579  1771  8738  2136  14436  1631  16994  1104  1505  2798  1591  1973  827  1113  1741  1506  491  335  3033  166  2940  76427  18619  18226  16127  2164  7161  5026  664029  
180998  77613  175112  188598  43437  6584  438290  1.01353e+06  38806  373973  183890  33636  91502  59135  63517  365173  45051  401168  77645  192716  38438  59371  122120  127890  155746  60140  102946  218074  111470  113755  17831  195562  8652  264954  306262  1.39832e+06  0  1.18168e+06  183351  194689  173088  7438  14095  20475  33429  13432  4629  174605  397470  59940  78761  24341  9331  3495  1754  3656  24543  6774  50297  5185  49348  3377  6138  8708  8513  8027  1748  3247  7882  7292  2170  1321  10478  559  11243  144068  80896  62270  44838  18178  17648  5981  220207  
3024  5721  10601  7831  3426  1451  30650  210256  5102  143933  53340  1892  13710  11090  15128  139638  4057  111676  22874  58242  9844  10082  28985  8775  32229  12802  41607  18420  28484  28001  1238  9975  785  4720  142888  277611  976500  0  48225  49588  127351  751  1516  2320  2553  1546  634  18717  57811  4781  9777  5201  944  338  453  1031  6602  1859  14126  1322  13061  952  1388  2387  1452  1557  579  723  1069  1135  382  303  2566  133  1889  28613  10741  13270  15241  1461  10385  9923  362483  
12453  255  108246  127354  158  82  11583  10845  164  1915  3118  1023  741  411  822  4980  436  8626  1222  5801  1383  1813  4676  2333  13395  1602  15432  12193  4109  602  37  902  85  473  113119  419509  97666  37397  0  12870  45817  476  84  2678  8644  82  24  1206  2990  179  432  245  1342  240  45  259  344  173  1996  435  1891  263  505  972  577  619  256  368  383  256  74  47  285  11  130  6545  5727  8071  2966  2545  1516  1111  25143  
49159  5919  12264  31978  1066  260  56263  63658  1220  1742  1830  20692  40606  47758  85744  3074  2591  53714  7160  94996  41661  50283  30490  150490  561232  271324  1.37952e+06  201232  124901  40420  588  24924  1651  12092  1.66391e+06  64055  259506  90917  38474  0  1.18947e+06  2838  749  3838  7099  464  163  7168  22370  466  963  2287  1731  922  1599  5732  1770  3766  41980  3915  53527  7323  29493  16785  27000  9259  4579  5283  4120  4802  1437  1119  6778  436  2514  79505  9706  21187  13358  3113  47847  12743  108669  
3072  558  3912  5043  293  91  3984  9491  338  1220  1634  2674  5678  6454  12555  2073  735  35440  5901  16805  13810  19834  65581  28687  149197  87276  1.24207e+06  163597  15464  3475  133  7874  206  5181  684186  55879  224266  345013  50762  1.2582e+06  0  814  157  1674  2263  109  67  1554  4598  204  569  436  357  193  172  773  758  1025  8814  898  8994  886  2379  2194  2573  1314  474  722  792  932  281  254  1417  105  528  19268  5985  6327  4272  1432  5011  3658  201452  
195  322  959  4854  788  617  5561  20291  2926  1674  1404  1801  1395  432  284  886  779  4651  463  4346  669  3599  1055  4114  750  224  636  689  524  615  146  1295  212  818  13964  7166  6259  3412  820  1878  1192  0  1.40621e+06  66623  617169  330204  209951  717236  91315  9722  13174  2099  1918  694  179  6891  10492  13006  34197  19170  27901  7349  21350  63965  52556  161833  24904  102670  499514  150427  51185  16632  380032  1587  1.40015e+06  312253  73710  436075  141142  45954  33980  13675  97146  
175  2176  2569  1948  2323  423  29351  36284  1959  1470  1592  179  594  264  202  1019  475  2914  293  3094  318  1738  672  2204  458  181  393  338  324  433  90  798  127  609  14173  11411  5651  3325  450  1234  745  907308  0  9511  1263  599435  81039  466806  35816  9678  8724  2678  115  56  49  4808  9572  6161  25021  8493  25465  3287  9231  29890  16910  19138  3822  5306  18927  23950  10230  5430  94305  668  55750  355315  163818  190652  85012  10685  14947  5834  69268  
174  594  12292  34611  144  24  6676  24375  111  115  149  1523  545  270  262  92  35  246  34  547  78  237  104  335  367  161  545  457  134  44  5  90  15  69  1787  4483  3082  339  2261  464  793  61546  4172  0  132828  276  379  144996  140927  523  463  188  168  53  36  548  494  318  1264  410  1964  455  1209  2584  2670  2159  463  644  1112  1652  666  325  582  13  1124  24971  58786  45512  10541  23365  1689  1374  8191  
2408  2687  60566  1.13081e+06  875  135  31449  339983  659  725  1070  212913  15116  6368  5728  847  111  1638  329  6555  1794  1011  769  1956  13956  3652  15621  19248  3770  346  47  524  24  365  11757  36982  60892  3887  23585  7458  10223  656473  1643  156119  0  997  429  20349  704693  814  509  311  928585  4889  1016  10167  365  304  1619  467  25824  6587  1702  2209  3946  10740  2214  5336  11524  8310  1349  339  407  8  929  13123  238829  24136  3665  57957  4760  2578  6510  
294  916  789  844  6829  3595  34931  86488  16818  3590  2806  155  2547  437  288  1911  845  4108  629  4863  501  1096  959  1536  848  269  563  575  661  1499  682  1315  166  2145  38722  25982  12996  6783  546  1650  1133  617539  692673  3344  936  0  1.31143e+06  849488  141530  58977  25535  4504  381  116  220  6468  18563  10984  32716  8935  39321  4038  4659  16288  8209  25959  4546  8876  27441  71479  13710  10019  53609  901  421757  444814  109001  124140  87737  5290  20040  7193  113851  
637  791  664  818  4498  11896  18200  160077  63656  22060  6298  256  6764  2747  348  3851  889  4648  1497  5406  634  1029  1503  1552  1271  330  768  1268  1652  2661  788  1962  119  4653  53637  25499  28531  11858  617  1835  1352  295446  153071  9228  1893  1.33727e+06  0  909771  418769  769945  1.51405e+06  11521  433  264  471  4500  60145  56375  31732  18942  30801  4205  3028  14444  5607  47464  3280  6577  23402  169182  29569  13308  169985  4476  1.15076e+06  265673  211993  80844  51456  13480  15955  5064  121750  
1591  18737  13340  12254  56119  20062  401043  573397  125117  16948  9991  1129  10047  2350  1643  7930  2751  14926  2905  16283  1911  4356  4975  8427  4755  1593  2953  2561  3313  6108  2873  5095  438  9582  218763  178227  79630  34273  3313  9003  5019  371729  552938  277247  10623  1.58865e+06  1.10684e+06  0  2.53656e+06  1.22773e+06  121238  15211  1527  301  570  12338  49337  14221  90733  37150  102246  7625  10799  33874  20920  78692  9501  14705  37318  127524  23235  9064  45250  1349  121363  832730  670885  250394  107213  71343  46313  15177  263539  
7830  33686  110289  430633  82499  95437  628511  4.19943e+06  526472  413681  123533  167693  383981  65092  40328  31188  6554  44855  16322  115561  23665  14755  18421  24375  24627  18873  27439  18671  17440  24190  7372  17378  920  43774  701714  566837  352757  146929  16142  44327  19106  80020  85342  268177  952115  92224  108276  2.46371e+06  0  1.92281e+06  609399  594481  1.41841e+06  696919  776823  254331  44382  10881  109079  28113  649667  114441  17195  30246  30674  51955  58223  65149  77068  38065  15101  8574  68392  1183  232084  492833  1.68969e+06  414865  231413  269914  127020  22850  544232  
645  767  592  606  2397  15512  11607  152313  95004  63492  7610  125  3184  2359  228  2370  604  3938  2558  2719  231  493  1618  1003  1345  235  703  1616  2746  3498  560  1749  70  4375  41981  20683  30138  11834  464  1413  942  5133  9612  19715  3026  69650  766129  894118  1.79038e+06  0  1.71263e+06  1956  97  51  150  870  14713  12392  38098  75651  12963  598  728  19448  1776  66901  1499  2738  6158  143692  69306  5968  8666  155  19440  80314  658166  55881  25576  33708  8944  2197  62173  
1143  891  907  793  1546  6437  7957  154622  49134  297791  115302  215  2558  9126  438  23137  1866  9287  4615  8279  434  674  1946  1274  2511  535  2326  4459  3357  3237  348  4031  281  5722  73210  58962  54055  33732  1254  3425  3705  20754  10411  8240  1765  39481  1.38778e+06  181586  871177  1.63126e+06  0  101502  222  316  1518  2820  2.27253e+06  136343  119418  77637  29505  2053  1758  12309  3067  34693  2532  11646  49792  95982  36904  14842  475535  80500  939531  235699  1.10635e+06  158174  122150  11409  56471  10308  207314  
1789  1210  1864  3394  1914  1479  10141  63484  7323  196385  235898  778  3431  11913  709  74945  10388  12334  1147  45622  1818  741  982  1063  2234  678  2724  5523  2330  3354  331  10914  1312  10849  73209  61701  59866  37574  1732  6082  4496  2737  1897  6222  5193  2450  1443  15102  626727  2351  179712  0  2169  10107  613366  1205  166244  9289  118273  1013  619889  8300  807  1514  937  2351  582  1437  4119  2185  755  525  9262  454  10510  31897  36522  19193  13428  4467  6497  3861  59898  
882  1134  10291  255765  2113  730  19711  317932  4010  1062  2080  1.01536e+06  427841  28640  17786  1078  359  3499  696  40624  14995  4733  1818  4934  9323  6028  12618  10397  2310  912  225  1040  82  1546  42719  36754  53602  9580  3754  12490  7188  18363  1884  21021  587551  2374  554  22817  1.1542e+06  1161  598  728  0  457267  23725  138245  477  326  4705  634  267041  59867  7052  1986  12237  12935  13378  18370  11111  4760  828  264  1241  65  2989  18915  33373  12413  7553  81931  38699  3507  23178  
647  772  3070  34958  1493  1546  10181  148085  8538  4332  15998  106395  691423  226044  41283  1032  602  3926  595  182731  27533  6386  1369  4500  7630  9339  12641  5607  1637  1127  276  1419  125  1971  24691  13466  29251  6314  1284  13999  4143  6246  1313  6539  22426  2047  738  11698  848621  1575  1487  5588  391220  0  281791  220114  759  499  7771  824  508404  102003  10766  2356  16000  21318  45611  32940  10668  4399  939  371  2088  57  5184  19269  14432  17287  11864  80972  44823  4988  20096  
1164  980  2553  14134  2188  1693  13224  106022  10093  47630  135952  18048  97333  785495  72159  15407  10806  24633  1683  469823  52576  10884  1868  5465  7277  8978  11230  4435  4014  6261  594  10845  1616  5428  49515  23712  29003  15500  1475  17561  4099  4642  2131  9088  11865  2766  1102  14729  739135  2238  13791  746919  63253  295192  0  455440  5334  3089  34274  1809  1.68555e+06  221104  17242  3257  12624  11164  17633  12651  8827  5449  1484  806  7413  394  11658  32023  27689  22594  14661  34603  28115  4404  37418  
647  484  2696  41134  851  389  5687  46417  2232  524  7549  26854  36595  51041  121264  2025  2185  15511  1174  144240  40756  10769  2546  4092  4203  4470  6339  2705  1654  1623  214  4427  933  2269  22028  6401  13557  5458  1044  11817  3325  4429  992  5169  18498  1106  370  7161  105019  468  798  766  104114  99879  337759  0  659  2518  69069  6372  1.8699e+06  247223  53888  8816  589275  30122  122581  48063  11339  9986  1963  1414  9776  1108  7187  39177  12588  16903  12923  28186  123351  12450  21341  
1151  660  554  541  1036  816  4929  21336  4015  59345  49140  183  970  1105  311  49817  13097  13812  1105  13504  337  481  1096  884  1534  398  1429  3345  2171  4403  388  13107  2399  9173  47892  24517  34791  20695  984  4360  2729  15129  6430  4582  1551  12541  43573  26619  54709  45255  1.94549e+06  148373  198  130  475  3579  0  1.77932e+06  1.02e+06  87062  39914  2344  1758  13634  3446  57416  3571  11891  61694  98331  37322  26126  863593  525484  691408  173464  236672  186363  127829  4959  51272  15467  144079  
1826  921  813  859  1257  1127  6560  24477  4994  10637  27514  305  1225  1045  892  44319  25258  70621  3092  69452  947  977  2363  1393  3588  931  2613  4602  6144  11497  1196  27148  4789  13230  90595  21185  41597  27426  2101  10967  5636  18488  17039  6400  1971  57063  139740  88070  42190  223053  236072  39767  333  195  787  27111  2.10184e+06  0  1.10313e+06  1.53444e+06  313606  6477  3648  30936  7962  115946  18634  21181  60818  460083  428018  803569  1.9871e+06  280388  394249  194821  78066  79324  59472  4263  74393  20644  106857  
5008  2642  1906  2377  2006  1264  11506  30575  4619  12204  13614  646  1905  1363  2140  36150  39065  156004  16551  82961  15701  18126  42203  18808  20626  3535  12491  13759  16699  21431  2070  51137  7874  20778  180983  28239  85749  44346  6387  53947  25394  21896  7432  27928  7167  4637  9637  62259  81310  141336  99354  52769  500  314  686  33159  1.04481e+06  840648  0  2.74467e+06  970421  214055  63001  770010  60933  156359  27584  28470  57181  96802  29710  17038  147951  14037  91816  292091  42137  172163  94053  9801  145761  82379  156807  
2447  1607  1387  1858  1670  1585  12230  32101  7750  8148  4075  585  1782  913  1370  5193  9599  79535  9800  41532  6039  5819  18452  6749  10719  1960  6694  7159  7754  7815  860  19122  2576  7982  84366  17179  44391  22930  5243  23777  14772  38163  15073  48357  11626  18249  33380  146909  80335  303025  63413  1710  696  300  270  24385  29364  2.11653e+06  2.70281e+06  0  345465  21972  13400  1.46551e+06  34552  776088  42497  45913  97859  973649  943226  1.15879e+06  322058  11809  113107  297351  56109  245038  116732  16985  129616  119317  146167  
13888  8282  9522  51759  7785  4377  46705  201566  18527  35919  85047  39895  104538  114736  60041  78969  78761  385710  42395  910219  99991  49124  111517  63846  57341  15293  40880  40675  45381  51573  4917  119622  17941  50140  481026  83115  243786  120366  15712  174173  69624  43980  11825  56759  43985  8801  6126  99931  599828  7848  21288  460766  192332  255842  568692  1.82589e+06  28354  44273  1.61659e+06  71641  0  1.76644e+06  902850  104563  1.00072e+06  173037  204897  100465  96637  174895  35873  17138  125104  8441  59249  525046  98507  183553  96235  66917  428425  98298  259056  
1142  607  354  1010  330  100  2104  5007  299  246  385  398  690  404  859  401  965  45127  6188  31722  89462  63899  29884  22923  7524  1451  3736  3455  3401  2127  174  5323  323  2239  30547  2064  18286  7175  1086  28249  6719  3183  825  3843  1486  299  176  5838  8965  139  369  151  1030  730  460  101710  272  477  527681  10079  1.08375e+06  0  579984  127444  289935  35386  53639  15222  8232  8546  2802  1339  10586  403  3916  45712  2053  13910  6633  1335  39445  10131  15282  
326  218  157  411  132  27  1047  2263  116  82  240  188  257  142  360  140  202  15710  1527  18160  23316  46896  17067  26116  3308  824  1618  1029  850  547  21  1138  54  409  17712  904  4789  1766  382  28944  1824  6377  1267  7303  2443  259  180  9239  7060  105  179  53  461  215  174  77672  155  323  95233  2508  396547  289137  0  109756  676710  71638  66685  12718  13000  13815  4257  558  8829  116  2701  38651  1515  16896  3461  1447  39700  11123  9671  
3286  2163  1339  2116  1461  579  11122  24334  2731  1624  1051  700  1617  861  2123  1038  2009  173017  27713  100448  30120  29319  148170  94948  34108  5042  10966  10680  10835  6515  328  12617  539  4700  85696  9767  57599  23060  4417  46969  22864  24957  13007  38901  8122  12978  21024  109063  59464  121663  14787  605  649  290  138  29752  2808  12297  693382  1.1723e+06  309752  78525  376669  0  482933  1.33247e+06  57156  49710  69898  893485  895597  72636  137365  904  35428  247540  20863  202309  58607  10093  68875  110536  97050  
508  386  323  1557  294  61  2508  5574  320  180  344  653  609  266  475  247  310  15777  1726  16902  14298  62483  14571  179255  3778  1073  1796  1411  1059  803  49  1627  82  609  19852  1923  6833  2427  776  29657  2252  30514  4310  30676  11377  920  745  35670  24236  509  643  134  2014  737  541  791267  542  970  135235  10893  605377  175042  658934  377978  0  1.70163e+06  667646  65540  66381  85288  16911  1702  28582  338  11150  73127  4713  48032  7276  6050  96916  28687  29061  
676  527  558  2656  588  372  4539  12864  1814  1182  857  1308  1306  379  512  803  1455  26842  3957  15503  4977  10463  15498  14092  5485  894  2432  2248  2157  1790  187  3941  456  1623  24851  5068  13266  6202  1776  12505  4752  53929  7625  40827  16514  12119  17579  74265  46331  53982  9575  427  3831  1048  368  48942  3100  5680  113296  234452  88783  27811  105776  988793  1.70704e+06  0  1.68143e+06  1.18509e+06  269318  2.76539e+06  78051  10347  48054  774  41037  250680  20235  85498  19490  16979  330130  79257  46464  
117  89  330  2813  192  101  1537  7572  573  110  403  1837  1763  246  262  233  221  3100  373  3238  1662  3490  2093  4180  821  296  645  429  286  273  47  554  61  270  6676  1558  2508  941  357  6296  678  13363  916  4179  4564  643  369  5752  23341  732  443  92  7348  1655  455  137034  458  750  32705  12269  68629  24016  39810  58266  370344  1.55302e+06  0  533199  56412  24680  2976  762  6261  306  10669  41313  4086  14542  6654  9145  206679  55637  21250  
153  120  440  2258  386  205  2649  12031  1192  305  1346  1430  1749  284  266  736  483  2959  290  3105  684  1597  1286  3122  992  283  790  529  395  430  64  879  101  467  11253  2657  3200  1537  711  7053  922  25628  1107  2478  3290  1503  855  5342  38430  684  2397  289  5946  1849  1093  83552  2078  1215  28474  5389  55500  9072  11900  17195  32582  1.06282e+06  433316  0  467674  13626  1670  749  8277  470  40677  111216  7884  29158  14008  19450  569956  225283  14013  
198  285  550  3628  602  401  5001  15365  1966  1128  767  1651  1225  367  243  655  675  4391  396  3833  551  3186  968  3600  808  226  689  828  522  550  95  1284  240  702  10706  5591  5931  2135  778  2294  1241  223924  11939  20478  29967  11837  12419  38856  53716  7158  19561  1320  1825  746  214  6827  17164  15909  30175  16830  21130  6188  19425  57850  45828  214009  22083  250719  0  309096  166231  20127  386361  2069  262572  79896  14899  67621  23654  52163  70360  278032  24894  
818  603  528  1006  958  1230  6150  20161  6733  3650  1616  330  798  426  461  2005  3547  28912  3218  18370  2445  5779  6948  6576  3390  596  2027  2356  2604  2917  385  6987  1261  3153  30877  7405  16056  8151  1235  7927  4546  35348  26922  23953  11881  161220  279873  213263  51873  274335  116335  1107  409  199  160  16284  9950  221275  113969  451262  83038  17349  40013  1.13603e+06  116103  4.71471e+06  48056  48496  328930  0  3.60707e+06  367242  87631  1122  34504  123735  44832  53549  15468  7867  115040  22969  36884  
703  475  435  631  929  982  5682  17664  4672  2957  2318  203  711  359  389  3097  5794  34232  2465  22306  1829  6314  4460  6037  2442  474  1552  1928  2416  3393  500  8399  1467  3621  33354  8220  14486  8629  1140  6451  3629  20604  33647  13248  4309  149037  252744  159562  38044  258862  130339  1398  318  153  263  32566  15555  727058  166766  529139  114614  24143  37458  632962  60388  276857  28330  22924  328473  3.91296e+06  0  2.81514e+06  3.43567e+06  1049  49836  107858  39492  44439  18608  4101  46491  18294  35115  
282  196  165  212  348  336  2163  6693  1769  1317  912  72  249  117  107  1254  2128  11889  743  7846  440  650  1020  682  732  142  487  639  812  1231  154  3047  525  1282  12114  3107  4935  3104  451  1998  1181  4977  12043  3532  985  57719  106612  55434  13742  109703  81457  473  96  53  97  13310  8283  699161  54822  919349  46363  8303  4595  58255  8867  64589  9846  7868  28967  622270  2.46326e+06  0  725933  848  17258  44224  17473  17163  8332  1453  20075  7229  14018  
1736  1099  950  1704  2103  1521  11946  42946  6719  9270  21910  618  2057  1476  923  32898  23157  82293  4103  67710  2649  9385  5330  8449  4446  1060  2917  4622  6370  11268  1286  26353  4404  11855  96594  25711  40712  26536  2401  12867  6423  294298  85229  13568  6107  116732  152819  83630  113822  35215  255622  20486  683  359  818  67760  488133  1.81491e+06  583354  229436  391601  51305  60165  353447  80453  143249  49785  42771  807037  164417  3.32772e+06  1.22298e+06  0  633560  1.57238e+06  209067  53399  81881  50855  6219  72438  28254  98699  
73  38  34  44  85  58  394  1443  227  484  1452  12  83  60  26  2076  1395  3310  169  3437  75  67  145  90  175  38  103  216  350  639  45  1402  246  649  4381  1103  1972  1359  89  469  210  3174  1296  283  87  3025  3574  1707  3414  464  41579  1917  20  10  42  3387  180687  191549  58213  4934  35753  912  415  1162  936  3404  2067  2787  12159  3167  904  3390  489707  0  423316  6132  1980  4470  1625  171  2563  878  3894  
549  666  684  1233  2619  2468  15136  70482  11784  9019  11640  530  3894  1076  411  10300  4429  15373  1088  15677  955  1817  1538  2156  1319  348  941  1341  1591  2802  546  5405  809  3657  42949  22207  18227  10155  791  3440  1920  1.44043e+06  179947  12688  2761  632463  1.71785e+06  123065  328167  15135  1.24216e+06  25321  967  499  621  22081  1.251e+06  628828  286540  54621  140960  13632  10647  41841  20156  80025  16676  97179  452102  83797  29930  37747  2.19596e+06  889366  0  211035  38421  153385  78808  6914  28363  34644  93551  
3429  5561  11638  11281  13577  10100  102156  401637  54525  92270  68583  4810  28699  17131  5317  28264  11616  80184  9962  80297  8937  19425  19467  21836  13441  4879  14759  9301  8587  10516  1903  19498  2635  13789  596628  188680  106143  90968  25890  45290  45378  88866  67690  150781  26949  73652  27830  461966  1.26892e+06  45297  424151  119093  7624  4189  4088  205833  391936  80527  801390  142096  810011  98306  100684  269581  160891  425319  246584  347992  203950  209446  26855  14252  109265  8744  82439  0  1.44007e+06  1.07066e+06  1.06952e+06  63259  1.79104e+06  869618  4.1279e+06  
474  775  2597  14210  1481  1592  11562  44251  9028  11992  17115  2477  1864  1112  545  11781  2936  8039  728  11390  507  608  874  1021  1763  485  1810  2480  1341  1729  236  3427  544  2384  32510  15949  21971  8531  4576  2965  3585  33368  24994  80010  50013  9680  24477  210506  323249  139894  110266  28866  732  317  302  10134  47602  13526  45061  5725  58890  3723  2435  5206  5123  19723  14158  18326  9704  11021  1913  899  12511  1034  9845  1.0289e+06  0  248749  158609  459566  115840  38389  199696  
817  2707  4380  6928  4852  2168  46154  144837  13184  54147  47871  3161  6334  5020  1148  11146  3828  17039  2166  21306  2086  4063  3172  5091  2859  856  1974  2560  2405  2894  599  5362  895  3783  76650  58279  35795  25966  13854  6635  6142  180072  54258  252730  46779  27915  7212  426011  666716  26090  274672  46483  4441  2326  2073  37453  273901  24663  269940  63665  206318  20470  20315  75535  28827  77344  20350  27268  30327  52847  8285  4875  22575  736  28026  446175  208696  0  1.80931e+06  314595  101544  183333  356785  
300  1115  1376  2261  2316  1160  18682  70625  6157  12675  10044  1088  4147  1750  895  4615  1374  7683  930  10397  1069  1006  1504  1443  1129  563  990  810  918  1268  228  2063  294  1686  37588  27471  13678  25517  1672  3191  2055  9591  15738  31212  4978  14528  4055  89863  386380  15526  150036  19453  1564  843  1011  24518  94495  9510  97561  32467  103911  12089  3920  9810  7514  19498  10998  11897  6442  12925  2675  1966  8909  346  9712  238990  92762  1.43696e+06  0  10599  445717  76413  797233  
67  72  302  2667  182  156  1321  4960  646  239  274  4293  3325  1083  510  137  109  833  97  2732  1086  751  283  752  672  216  730  961  335  105  23  235  34  143  2166  1387  5570  839  2514  848  1289  49463  3064  48884  43557  1240  1987  45670  56322  4513  1367  364  38502  18745  2663  3094  1029  636  4351  1638  21135  4385  3901  6433  10545  37330  4853  14841  38991  27726  2901  569  1139  20  1153  27090  305619  113349  5420  0  11064  22868  4234  
942  605  2161  9492  603  301  4437  18497  1039  1753  7512  4735  3036  1372  1532  4202  4259  23719  1792  23711  2762  5938  5208  12300  5108  1567  5317  3359  2720  2866  369  7463  1253  3113  56372  10624  18549  14507  15156  35584  9545  14468  1456  6760  9164  1381  1080  9950  52521  1296  15082  3678  15704  6015  7290  236038  14802  4496  75563  9734  125093  19921  32521  30194  75864  311689  577385  951064  178289  104396  6164  1421  10582  710  11550  1.5931e+06  39384  50674  137894  26769  0  1.42751e+06  186848  
159  126  797  1445  110  44  1042  3285  244  476  1006  559  405  170  215  669  624  4361  467  3580  557  2332  1433  2048  937  279  938  623  559  419  54  1102  163  492  13257  3249  4158  5352  5590  4298  3045  4599  476  2460  1705  506  575  3649  8740  1219  1965  716  1776  677  601  24630  2140  1394  35699  14643  22555  5324  13105  56273  18550  55497  65563  408070  125955  15822  1998  818  13644  185  4481  692782  35609  53104  76694  46773  1.51681e+06  0  131315  
8944  10886  37200  15785  11494  10329  94970  613566  38508  628556  343185  3008  25531  20615  27189  442326  22632  426232  62132  258215  27051  28732  103508  40277  71297  48315  75841  28740  60295  49621  2529  43364  4548  23783  3.27603e+06  980169  267990  2.05732e+06  65186  171092  202783  16452  15371  37146  7582  17440  11926  127954  668211  51392  521727  132796  2826  1565  2734  74761  486068  51867  567716  99401  420931  36757  30049  123590  49872  76417  45536  44570  29107  39573  8407  7272  52646  3164  47949  3.52302e+06  223149  798586  2.46664e+06  8286  804177  298507  0  
