0  1.25368e+06  158486  933758  300022  5271  728490  28413  389  7623  3554  14248  1804  1787  4548  13099  15382  25835  41566  22247  3048  31398  67318  100215  43461  4061  44390  230793  46630  85400  1755  405867  7586  1.11004e+06  54218  63524  323707  32914  28000  39319  57438  16321  184  1926  21458  132  82  1495  3164  320  388  1099  3211  799  715  997  1133  644  5114  806  6723  1008  775  1209  4593  747  196  889  2925  1297  1199  173  680  26  370  4474  15396  3162  1163  16132  1493  1770  35670  
1.02886e+06  0  63255  18757  864404  1169  694394  36685  772  9727  7967  250  388  720  4208  12536  5521  25465  22291  24398  3434  42089  44483  104786  47891  4419  5595  21943  23785  36337  727  42471  896  43660  453613  623416  446788  95067  20807  72183  18819  963  1039  5103  2629  210  104  9435  9142  556  660  1047  456  129  206  714  675  432  3502  674  4761  974  724  1081  5587  407  171  269  484  527  493  112  457  16  160  8478  3452  2393  1633  1326  1386  1151  134365  
71561  17167  0  202520  2615  42  229553  72305  77  1037  1104  348  129  202  841  1890  689  4288  3268  3470  543  6383  5706  20947  15075  1261  1465  13544  12358  18039  107  6399  92  5509  22396  87213  149996  8584  18814  11000  14646  634  219  5473  6182  14  13  1878  2272  38  68  124  407  102  74  134  117  72  571  106  802  199  147  187  992  89  23  81  252  130  133  18  80  5  26  1009  1641  675  176  1178  240  292  9160  
764110  2482  191436  0  1286  105  34781  671187  286  3163  2083  939511  17074  13734  11681  2542  1359  5914  3704  21846  1012  3203  5223  8733  10448  1806  28653  47094  18150  17752  108  6285  128  8907  51332  427487  149258  13439  198495  13340  35664  129827  7340  239469  1.23814e+06  965  287  73338  309554  440  1316  1469  337178  30355  19453  12412  463  399  2109  954  23721  2316  2114  2976  3425  3301  427  5404  11656  4936  3837  87  1174  18  2287  28368  263549  27538  4368  76215  10096  16978  19251  
426413  849011  8476  10381  0  1.10777e+06  1.86036e+06  212916  31000  95869  20617  297  1862  3295  8656  73724  143213  69507  163528  79542  4712  24437  69231  55818  24398  6053  11470  16656  35217  70241  12387  61267  8642  681590  1.1133e+06  960561  536840  165192  14446  78622  24644  667  1347  2038  1862  2217  1825  52894  68537  11637  3447  2657  547  561  586  2184  2157  1086  8046  1424  11369  1522  749  2082  3251  712  361  570  743  975  1075  273  1054  66  513  19227  7407  5987  4532  1069  2909  2578  293567  
60694  19090  1572  2850  1.56057e+06  0  931921  405603  648462  1.58446e+06  6676  133  1880  4037  5219  89640  161302  21736  139024  20693  982  1582  12512  4502  4578  1410  2444  4443  16894  50600  10519  107171  12149  1.0851e+06  194708  117751  241973  68157  2762  8361  4558  195  266  319  495  2678  5426  35823  163780  85478  18301  1592  325  714  397  1414  1401  599  3437  900  4908  470  184  793  304  379  175  290  347  609  687  124  530  42  1261  9060  3302  6279  4410  248  1517  808  90214  
468470  856916  422395  86202  2.14177e+06  862295  0  1.91605e+06  992080  183001  29113  1276  2880  3095  12088  43635  110243  97615  248338  118968  7464  53190  82765  144700  78439  10718  17632  45749  62341  86169  3032  47832  2384  62528  1.5111e+06  1.84009e+06  791044  210389  54276  138037  52421  9572  29633  35501  20108  23512  24020  638687  654484  148043  24715  4669  6032  1493  1449  3812  3865  2151  13386  3446  19817  3027  2429  6213  9293  2163  922  1625  2835  3796  4287  485  2753  166  5371  99575  72552  45946  21431  6186  8972  5272  392700  
22659  15157  162392  1.14236e+06  99759  62452  2.14262e+06  0  1.7981e+06  421366  649388  907351  1.64852e+06  1.09718e+06  389455  51489  37059  117555  100934  689476  24767  24931  37451  44735  40163  51068  44216  25082  30485  30391  1946  18293  1744  22042  1.02375e+06  1.56924e+06  663086  275071  132329  89334  37120  41691  47639  185255  249319  37472  41597  855654  3.06826e+06  441308  230700  83781  266721  106350  60735  96707  22602  5551  30280  11751  192629  16383  7487  13161  10015  5833  3286  6108  9764  10197  11240  863  6117  313  13010  207495  223611  125627  50683  26874  25083  11944  430383  
334  520  430  1139  122758  653736  796223  1.61617e+06  0  1.9723e+06  3767  99  111  163  430  34000  114038  50545  164930  7476  163  159  1436  411  3455  518  610  739  4942  3169  206  1602  118  1554  45872  28113  37182  30300  1479  2028  1612  386  510  205  310  4728  12728  32874  406318  305884  182395  3494  135  73  128  464  16697  2317  9397  4731  3876  250  141  1019  174  734  232  522  653  1313  1552  166  914  63  3615  16353  9343  20516  11800  248  3963  931  48243  
31350  25247  4126  8599  266889  1.29885e+06  314681  904882  1.6866e+06  0  101799  570  1357  2044  3386  2.2535e+06  211886  59877  113782  32117  1222  1623  10525  4711  7196  2169  4415  9944  14487  34494  7630  245834  52505  774771  299830  148423  801469  516534  8665  13406  9597  755  1108  732  2118  3091  5171  29450  266489  133096  263708  27161  839  412  513  1082  28486  2979  12342  5640  6714  619  273  1333  542  703  265  673  884  1081  1274  189  977  68  2069  31092  26507  15836  12476  1268  5840  3383  428332  
531  337  375  5347  1066  211  4586  612088  946  176858  0  21817  113881  1.16453e+06  14308  40419  4342  50569  2501  934216  1329  513  745  740  1698  2370  1867  665  1207  1045  115  1263  151  759  29292  11516  20200  23075  1265  2758  1197  1012  867  779  3183  2305  1688  8378  143803  3505  258859  318962  8136  8903  39192  6256  65761  9633  36089  2707  62695  2112  417  1493  462  1006  899  1485  1419  1375  2351  1109  6473  307  2150  75304  29433  16834  14777  1034  8296  3251  68794  
30127  683  2411  1.13145e+06  1577  98  23624  1.2612e+06  236  1593  10453  0  445147  240076  161887  1360  776  6346  1903  240810  9866  5255  1549  5431  6427  8053  19927  14601  4300  3123  42  1279  62  3546  18933  26959  9655  3286  32274  7838  11241  24806  5687  33177  295815  1726  253  41769  417274  451  1265  5458  805998  93784  49563  47749  582  523  3245  1135  93915  7674  2485  2853  2821  3473  623  5774  11291  4200  3238  205  1348  37  2858  26913  53106  17864  3888  29672  6559  9853  12139  
7116  599  752  51687  3356  845  29858  1.13734e+06  2005  2930  83557  543658  0  761403  294924  3433  1689  13723  3344  559726  12262  5596  1997  5945  6888  13472  13201  5311  2544  1996  123  1319  128  1712  25129  20406  14428  6316  10769  9127  4865  4781  2717  5194  47412  3456  909  50798  441854  2884  2573  21829  250949  548559  110146  73967  1312  977  6187  1685  175530  11409  2316  2824  2245  2226  1675  3669  5706  3022  2678  430  1860  38  1744  20495  19947  12668  4043  9056  4833  4191  16647  
6702  523  695  33541  1088  384  6233  794861  1669  5267  1.34326e+06  260586  693553  0  778992  15063  6420  39635  7523  1.1533e+06  12385  5186  2497  6286  11038  22475  21263  5206  3541  2576  209  2501  243  1788  30246  9999  12438  6879  10254  20828  5146  3861  1003  2412  25036  1336  587  9149  175002  1578  17928  133661  77666  114882  597451  169736  11855  4295  22080  3214  251802  16398  2698  3225  2492  2487  3281  4369  4078  3545  3701  1058  4162  144  1590  25581  9080  12940  6867  4696  8524  3965  25086  
8014  1358  1632  33708  2137  310  9787  166238  524  1561  12138  153150  185005  618587  0  2699  5944  82112  16252  1.76148e+06  128595  165960  10520  625144  51900  143309  100822  10606  7422  5645  592  6853  818  3858  78094  14840  29856  14195  12757  79759  12020  5565  1406  3740  27003  1739  577  11626  86246  863  1844  18544  55593  48437  173231  529382  2811  5526  43012  8412  462448  38635  14962  9642  27960  5923  7583  8276  6968  8158  7115  1903  7276  223  2336  37902  10750  23295  10324  5632  17042  6723  54907  
31629  27139  6648  10011  140930  62889  133132  174566  94734  2.10216e+06  134799  401  1333  1898  3140  0  1.78052e+06  608940  145893  54970  1109  1382  7907  3824  10555  2225  4748  14306  17737  29243  6386  413578  330714  876144  291622  82451  624077  396413  7234  14059  10267  657  797  771  1934  1273  1361  10655  28272  10559  23736  35000  508  323  1002  1221  37804  5837  24895  2217  21385  800  255  1247  473  672  324  632  927  1079  2140  1009  4715  287  1193  39180  18919  8052  7762  979  4552  3460  403167  
40579  34247  9947  16097  293164  103126  208413  186804  78589  191340  97802  1502  5365  6710  18143  2.54065e+06  0  575753  1.48206e+06  288667  5628  3053  21530  7576  18549  7735  9383  18495  63892  371617  317759  1.65013e+06  756969  648089  390165  160696  618694  254751  18586  28629  19457  1574  1474  1464  3451  2453  2256  17473  40804  13877  14536  44019  1732  1131  5531  8717  51051  18235  115269  12300  102622  4083  941  4433  1218  2798  1751  2453  2826  5278  9892  4182  12488  528  2508  66390  26181  23445  19014  2436  11196  7043  338831  
9545  21842  14957  23324  30048  5928  95258  210105  68164  68590  114145  1691  2356  5746  23567  512089  587440  0  3.15301e+06  1.00964e+06  130908  23974  690153  42377  93219  22538  18631  27561  52153  51865  3743  74042  4624  59356  297709  76640  454621  215080  25495  135588  38467  3510  2666  3559  5851  3346  1614  19652  35530  7895  14207  20252  2658  1351  4397  13759  32616  24174  235806  41989  188495  34803  17266  60674  20915  11936  3169  5503  10532  19255  24467  8170  23849  886  4702  125301  25024  51381  30628  5892  30202  16630  294905  
18872  47773  19947  27595  136003  24864  210256  143232  33121  21202  13016  1868  2758  4231  45467  53319  1.69878e+06  2.92992e+06  0  363171  12815  8244  999564  23792  388927  62535  37280  45717  624270  1.30718e+06  402932  191460  5820  119443  311251  103641  584710  226640  37082  136094  44040  3105  2254  3142  5319  3056  1718  19428  36629  10269  5955  9014  2114  1351  4182  17023  11031  16468  165963  29446  167388  22947  6621  47970  7440  8953  3911  5590  8656  15060  16946  5805  17911  807  4542  81225  19746  45960  27547  5727  22247  14791  291786  
16150  12991  10546  69909  11425  877  52273  462556  2670  7697  679331  245230  418821  742178  2.8323e+06  30353  31535  1.16829e+06  166729  0  1.7057e+06  915661  146204  941058  131928  249785  171538  37380  42369  38352  2391  36094  2800  21798  374264  62013  195535  85877  33771  542735  52083  13911  7216  11504  41424  9715  3492  51457  209975  5363  15766  71547  87343  73916  131466  388851  53326  49397  545391  106365  1.67782e+06  213204  99031  282066  123270  39725  18939  23715  30504  50806  54920  16641  58616  2329  14022  316978  57848  146516  77359  14579  91397  41558  263476  
378  755  663  1517  654  16  2221  4652  31  91  221  1673  1801  4840  81156  92  391  218367  13942  839075  0  612708  62135  323646  14542  23758  15066  2474  2884  2526  124  2748  180  1434  53964  2231  9986  3481  1042  85201  3346  337  195  361  569  242  51  1238  2605  60  91  590  834  611  795  9154  136  245  33097  6710  70887  136027  62593  48657  54676  4647  1641  1070  1198  1346  1396  167  1732  114  428  44375  849  4331  1494  363  12581  1241  7381  
583  1605  1812  1939  645  6  4546  5789  10  57  84  959  1121  3801  96063  38  180  73834  3003  224910  556966  0  31365  665123  17325  17870  10099  3985  3962  2993  32  2149  85  1590  57159  2203  11093  2430  1275  102668  3370  335  176  364  464  139  24  981  1570  33  63  559  423  262  372  4020  91  137  8497  1207  20410  88385  66413  11019  101315  4504  2011  1041  1019  935  970  48  888  17  169  33581  619  2982  548  332  17144  914  4791  
12818  47049  20447  23731  31809  396  93655  82760  907  1556  1170  859  807  1512  11665  1344  2461  579685  1.01664e+06  76148  50232  42850  0  283862  899909  54566  22643  34879  833659  613407  1832  68358  642  70331  228979  50956  330182  89279  27577  112169  43900  1416  795  1658  3208  695  182  5678  8403  676  533  599  796  435  712  7272  498  749  77571  16395  113254  57327  32655  117356  36847  9765  2453  2151  3193  3283  3426  585  4373  408  1229  95541  4201  12002  4543  3991  19290  4932  115625  
9484  26844  34469  28470  7876  70  73305  70715  88  377  364  2189  2904  12842  563600  330  517  93631  14361  472278  324978  862642  334315  0  1.57471e+06  556617  92043  79565  98566  60507  122  30979  163  26737  218296  26401  145626  25661  16814  380432  38077  1186  423  1747  2869  285  92  3245  6357  145  272  2574  1003  510  707  5284  364  356  8682  1698  23504  26632  36303  21564  211706  10017  3968  2342  2610  2000  2037  105  1938  41  315  65078  2657  7444  1430  2690  37211  2642  42670  
8540  20669  24910  23330  8144  375  65380  69471  1775  1701  1161  1729  4664  10050  49059  3057  1948  74110  196897  32871  10851  63970  935626  1.72991e+06  0  1.68161e+06  928949  282542  3.45332e+06  276002  473  24811  289  22834  127118  27476  142754  38491  19756  548944  54461  858  259  1141  2480  254  178  2581  7028  910  852  2901  722  328  538  1775  1407  707  8610  1605  12187  4320  3689  7726  18302  7875  1249  930  1133  934  962  176  901  51  278  19264  3014  4095  2517  2495  7488  1753  78846  
1241  1031  2628  4274  618  38  3797  25973  87  150  211  3266  10886  17753  130899  169  286  15308  8187  53591  13563  40579  32980  444009  1.36988e+06  0  699472  56472  112302  21289  56  4725  100  1508  25161  5956  20515  4850  4556  526574  22322  244  69  180  711  93  51  845  4905  102  176  2172  995  580  609  2086  270  198  1832  319  6250  1913  1570  1347  7518  845  390  340  264  226  229  45  253  10  68  4581  705  1022  469  558  2036  412  25330  
32703  839  5105  27863  731  86  3990  12221  114  898  514  4248  3890  7729  41995  1095  985  9879  8093  23007  6080  14997  20556  53576  1.01399e+06  665070  0  270197  58592  17463  125  5030  457  13802  107425  12515  63728  43195  30426  475567  308967  2549  99  416  4158  79  32  718  2297  107  196  1626  1289  393  433  1084  310  259  1882  274  3848  1146  1728  1095  3404  1391  663  679  1321  669  524  50  345  8  149  11203  3323  1794  625  4525  5630  1126  58912  
272610  6326  55086  177141  5466  646  29100  33922  335  4991  3059  9971  2356  2511  6915  9265  10849  28180  39016  24879  3631  32576  67536  108811  193333  16181  185748  0  778988  1.08819e+06  1413  349320  7754  169848  116798  45724  373250  69776  64788  110060  306577  12667  205  2075  17358  137  79  1662  3565  309  373  980  3686  1111  980  1190  950  616  5529  901  7415  1184  922  1542  4936  1080  226  1083  4494  1890  1619  193  806  32  433  6420  16667  4695  1345  21384  2236  3066  55565  
13911  20645  29833  32338  17433  1487  61176  59327  4307  4381  7440  2316  1759  2721  13305  9678  13818  55494  506474  51881  5569  44805  1.24908e+06  190078  3.74576e+06  95568  126204  611995  0  4.62561e+06  2174  52686  663  38935  259889  61918  291839  109259  55322  281347  155873  1452  399  1200  3683  553  403  4116  8882  2204  1673  6668  915  401  989  2632  7299  3027  24719  3926  27545  3917  1898  7648  7097  1732  720  1037  1921  2103  2464  770  2729  117  696  18133  5969  7845  4635  3924  4375  3551  118688  
31510  31239  41816  34397  53425  6718  95174  86647  2763  6713  17403  1414  1798  2850  17921  12069  410943  161019  946745  115908  14558  51524  585611  173111  265965  26613  26695  684870  3.56916e+06  0  1.03063e+06  3.76847e+06  2714  80443  276239  82843  336547  135480  33328  143304  80415  1256  570  1475  3530  790  524  6340  12402  2285  2682  8998  811  465  1534  4731  9794  4233  36657  5635  43237  6274  2575  13333  8305  2104  1030  1378  2116  2729  3339  1077  4136  208  982  25776  8514  10752  6899  3234  5546  4197  183181  
4201  6018  4067  4441  29721  4512  31848  27687  695  2692  4983  188  446  683  3669  3674  611763  60837  710176  28362  4353  2047  40220  5550  12979  3131  2721  10048  64984  1.91606e+06  0  616600  1345  23382  81692  24265  87745  45353  5235  10024  5759  250  181  294  586  207  144  2202  4263  702  711  1944  154  127  351  1156  2030  1066  8436  1149  9453  877  260  1423  469  398  232  314  451  679  809  277  972  51  248  6433  2204  2773  1868  418  1383  1009  57400  
332263  64994  63345  79137  146363  90851  156813  169130  3471  188557  51442  1960  4198  5177  40259  246374  1.29696e+06  413840  459487  349714  34837  79387  396195  236485  133410  32799  28917  557221  132056  4.73612e+06  823106  0  864570  1.02694e+06  365082  153618  834368  200770  32506  134729  46250  2308  1068  2341  6149  1249  724  11377  21273  3662  3330  8830  1426  938  3022  9706  10956  6931  53520  7611  68443  8220  3221  10920  11542  2850  1584  2140  3117  4114  5206  1761  6321  319  1460  33554  11442  16781  11272  5178  8046  6056  284616  
7986  7234  1281  1844  29032  6220  17138  19626  272  32355  6845  132  559  422  2400  190458  318794  23593  8335  37817  934  491  1394  1087  1971  1504  1579  3593  3080  6036  1618  383762  0  277998  20838  15954  114590  21551  1475  2191  2036  88  116  100  248  81  50  1387  2039  308  241  468  86  61  182  627  615  358  2509  299  3378  323  100  437  151  107  85  94  106  170  209  64  279  11  87  1606  623  890  608  119  397  286  18646  
1.20481e+06  197119  36377  37618  1.25982e+06  1.33406e+06  200537  184302  3036  1.12648e+06  26702  1404  2365  2545  12587  1.56822e+06  982648  168927  185446  138749  7835  13351  96675  37306  28814  9543  18693  88431  49608  117056  20663  1.37184e+06  841615  0  137237  86958  1.12315e+06  87659  13957  24122  47857  1068  699  1057  2953  643  509  12061  20856  3326  1873  4075  750  475  962  2955  4206  2071  15654  2310  19950  2305  722  3039  2125  910  467  645  1011  1318  1685  478  1868  95  523  11739  5244  5531  3683  1859  2468  1914  100036  
43850  86257  201182  374259  120098  21329  907367  2.10093e+06  66437  352680  261164  9516  17381  34043  113878  210761  101292  900818  384421  1.12533e+06  51959  83465  508373  200012  206651  95471  377817  362647  428492  271981  12475  148628  8110  41277  0  3.59794e+06  918361  670649  873525  1.90381e+06  1.04076e+06  9650  5627  20642  45058  6254  5415  108583  266646  57392  27342  22404  5617  4639  4942  20059  12775  8397  65886  13509  106496  16389  7248  22809  14901  10157  5089  8597  11780  10972  10219  2270  9536  571  3739  310552  70913  54683  38401  25095  46517  43264  3.53131e+06  
18072  96539  168480  345880  77942  5001  961973  1.21451e+06  11859  94374  100545  2060  10888  6511  15284  61566  37088  102022  39253  212569  5239  7793  41632  18406  26917  11253  42779  45383  61897  33768  2571  22516  2177  6213  2.45205e+06  0  548205  436051  549294  226244  101488  2878  4238  16526  33945  1582  1151  45758  104278  9748  5641  10997  3125  1419  1929  4469  6652  2705  17265  2349  23879  2182  1011  2856  1908  1302  688  1283  2391  2059  2315  509  2304  108  851  32149  24596  15487  7594  9836  5590  5750  395283  
79412  173758  400405  579782  304556  16352  1.08379e+06  1.94476e+06  21143  496102  218437  6521  12345  14031  25916  381919  98812  383777  309945  295720  12620  25616  156089  63552  62019  19893  31646  70581  104017  151858  11262  109486  12894  118093  293043  2.53157e+06  0  1.82737e+06  386367  67113  91797  7462  5183  20043  48225  2532  1845  62106  219327  23723  37943  23186  5019  2333  2862  6221  9174  3120  22118  5109  31701  4365  1990  6675  4612  2388  857  1950  6563  4402  4470  671  3189  165  1873  34432  32680  27243  11838  24577  8052  10077  343845  
7525  44819  55257  74179  98135  7010  293864  582464  11796  223483  79308  812  3836  3901  12623  173221  40551  191689  170789  151161  7126  6962  70780  10248  22146  11085  11167  8544  39163  62358  5341  44652  3083  12301  247728  902563  2.21477e+06  0  46286  42390  32101  979  1291  3509  7954  1178  802  17920  44638  6845  6296  6096  869  724  777  2960  3352  1350  10360  2133  16510  2560  872  3880  1421  982  526  645  1106  1342  1445  355  1614  105  600  15140  8919  8946  12104  1858  6780  7202  827678  
47739  2908  76749  309204  768  99  27636  83093  203  2338  1789  4834  1479  1294  1724  2281  1247  7862  7475  8291  675  4776  14028  12051  12581  2655  35363  53679  30017  22410  146  5409  123  3934  141123  415300  253500  36581  0  34945  93878  5807  268  5682  24690  80  52  2121  9202  181  213  246  2371  1030  826  586  222  130  1299  385  2324  344  391  919  1012  863  89  931  5293  1971  1558  42  405  11  298  4867  14590  8740  1158  32742  2015  5574  34587  
8739  4093  14821  29712  1603  121  17271  51847  204  938  1321  6505  16765  37923  153805  1275  1640  37605  15575  115153  31564  91577  37310  234073  548500  1.01282e+06  891355  199114  242197  105433  183  33281  356  7524  1.21224e+06  40098  96428  28205  60271  0  1.49982e+06  2740  433  1458  6273  473  191  3738  10761  288  806  8489  2460  1130  1711  6596  1350  2008  16983  2445  27591  9087  14272  7460  24917  8951  4600  3499  3614  2864  2793  524  2428  49  586  73774  5113  9528  4200  8278  40533  6215  193176  
20881  919  5852  38210  777  102  5346  12961  284  2182  1302  8641  2253  2822  8640  1776  1596  14959  16929  12223  1727  6649  43279  19414  51352  55745  1.11793e+06  165944  72692  35680  268  8048  290  13086  681306  48008  128294  129302  169571  1.23134e+06  0  3551  182  835  8084  90  47  1373  2646  243  424  540  2109  478  444  656  318  212  1853  389  2881  486  428  877  1061  643  181  639  2147  920  674  48  297  13  199  8304  4243  3157  1620  7834  3241  4802  142059  
6678  458  1125  18105  782  68  14453  18668  633  992  1246  1491  582  388  1008  898  737  5654  1704  6706  407  2936  1117  3389  443  156  851  2989  873  719  43  668  46  558  9552  7721  3344  1476  3589  964  996  0  1.40604e+06  146804  756324  351231  64136  658911  76133  3056  14053  3441  10389  4482  2841  5267  7709  7288  16079  11794  21375  5633  25246  44633  43241  26584  3013  37209  213912  53855  92957  1929  292184  728  1.11345e+06  205547  252612  373752  43404  42097  57509  50087  63404  
229  1543  1681  6988  2259  72  43901  42850  458  1489  1539  225  452  215  727  1291  745  3780  1260  4567  243  1565  849  2091  344  133  246  262  400  339  26  358  40  152  11988  9343  3082  1634  1047  861  784  1.21501e+06  0  15286  7648  466771  22996  372042  57839  1888  7329  2166  2308  532  570  3656  3120  3062  7984  5576  12000  2961  13732  24443  21366  8563  1713  4570  16613  20615  26975  826  29251  196  24794  287592  468769  228502  43780  13449  34236  12307  67449  
1295  2359  9281  80311  299  10  15163  37917  37  149  161  804  99  72  190  189  107  951  285  1143  69  572  313  765  250  55  137  463  308  303  8  166  5  99  4622  32483  5475  614  3516  566  554  61041  6430  0  165879  561  428  142194  103883  294  569  240  1023  346  314  721  279  427  1449  992  2430  825  4189  4535  7552  3026  405  1502  6538  5870  5176  49  1418  6  851  47928  151186  77895  12318  37216  10778  8092  16536  
18644  5397  37452  1.40489e+06  1378  63  55641  271226  137  1245  1210  170888  7436  5564  7079  971  610  2901  1395  11722  513  1359  1689  2648  2243  609  4782  7763  3267  2841  32  1205  44  1331  24610  186476  38865  4898  52036  4229  6387  744661  3715  320425  0  1153  414  24713  718117  410  1110  2916  1.31901e+06  52652  27905  14679  594  616  2641  1494  35606  3165  4134  5456  6598  8839  595  14416  33619  11701  8262  121  2000  26  7820  49695  313752  75435  9171  162267  15885  25441  18545  
180  278  408  1702  2162  1100  35654  38317  9371  6168  7215  278  559  670  2557  5687  2492  10958  4544  14619  589  2186  2250  3557  930  314  365  354  1048  868  79  887  112  451  21170  6136  6180  4974  1420  1599  1366  478047  664027  4202  3222  0  1.08527e+06  1.06395e+06  185179  26072  64922  15587  1142  1380  2130  21722  29294  20421  47968  23318  74093  11646  21209  88042  28440  19460  9659  16085  28979  57426  86175  8154  43946  2142  371525  918136  868489  578494  145604  4498  71815  18413  213919  
168  218  366  1262  2635  5525  72846  130877  57725  19356  6045  155  396  527  1234  4334  2980  6608  6184  8876  306  879  1344  1397  630  257  295  301  900  899  98  698  57  547  24916  7050  10595  8122  1246  1144  1277  82657  69554  2479  1698  1.70998e+06  0  907576  503553  688350  1.85249e+06  25762  603  1254  1832  9347  81861  39758  35957  15176  43562  4934  7720  37587  10057  31049  4271  9860  19892  154304  140767  16593  98511  5521  1.12504e+06  369321  459844  367615  150584  1700  60088  12141  203773  
1630  9199  6801  31106  62758  9842  936696  695750  44960  21972  13782  1392  5344  2279  5294  13009  6702  18649  12040  26247  1056  4060  5770  6232  2890  1186  1932  2434  3990  4111  379  2847  326  3201  114623  94344  50214  21893  6594  7055  5324  380965  340042  216505  35221  1.43373e+06  1.00761e+06  0  2.12243e+06  1.22826e+06  219655  21920  9420  3576  4116  26561  29302  19329  46417  22510  92494  12223  29050  71741  44524  61341  12066  18621  45596  210062  115593  3276  28168  983  38252  1.08529e+06  1.62367e+06  490951  160797  32933  121021  34366  273814  
5446  11371  16505  327805  67670  42607  1.06607e+06  3.51458e+06  426614  333892  123339  94646  233853  113399  111361  24905  18562  41900  39629  195216  6617  7667  14295  12377  8590  9338  9228  6100  8394  8881  785  6368  664  7180  290345  280099  157757  87050  28244  19198  11482  60475  106592  241135  622938  148588  176526  2.12517e+06  0  1.64087e+06  578098  730330  1.38033e+06  883892  864165  308169  53840  25765  201070  35628  960828  70631  37857  69638  52523  26561  25206  32022  38051  50477  59499  3239  31903  1600  78592  1.06542e+06  1.75005e+06  853497  340173  72082  163942  41630  513791  
221  374  353  841  4515  21113  118022  327434  218376  67973  1865  48  148  148  436  2440  6251  5216  13893  5870  199  292  1178  505  640  215  339  407  1069  1181  116  804  60  1241  42709  12554  29077  21748  813  1253  1149  1517  2228  958  617  77517  879608  1.17631e+06  2.04359e+06  0  1.76393e+06  7417  240  141  237  1611  27228  32406  74164  53755  9845  941  1536  14275  1960  23668  1859  2865  6103  109627  65047  1427  4534  187  10835  69504  120053  70286  45248  638  18216  3173  73167  
294  279  574  2693  1580  5731  23367  212767  102175  220166  20187  330  361  528  824  15502  4672  8224  6883  8463  170  313  1181  590  833  281  443  469  1143  996  92  936  87  657  34124  12283  19117  17990  1714  1856  2335  16712  16964  2827  3514  141760  1.62978e+06  270834  947873  1.32432e+06  0  116096  1598  1074  1807  5037  2.36581e+06  155291  92422  36148  37421  2544  2100  12729  2850  16276  2548  14537  23321  80380  90659  12613  300847  88272  825452  360154  563164  503972  358870  3631  148723  28540  401740  
238  327  287  1969  1396  526  4387  84542  5015  291552  297595  1865  4202  20239  2739  72609  13927  18520  6630  23135  180  125  854  238  4476  830  503  411  5563  2846  156  1400  135  1040  15362  7695  11699  9885  670  1388  621  875  744  632  5720  2839  1579  4397  608296  904  99039  0  15608  20637  721986  4517  34586  3957  37754  858  479324  2719  359  566  398  622  1029  1471  1266  1101  1610  460  1871  66  1515  21599  5291  14038  9798  753  4601  1830  29706  
13230  1061  5053  497023  3403  242  43685  530298  342  2036  5706  681231  122083  61170  80482  1259  1229  7444  2583  113404  4103  2490  2285  2931  3231  3909  8367  6723  2458  1900  80  1168  81  1588  24770  52962  13708  4651  20564  5656  5257  38473  6709  51932  1.02785e+06  2274  430  49966  1.33398e+06  647  1756  17851  0  479504  255578  187734  877  1055  5939  2400  298022  24196  6593  6504  7798  17343  1982  30534  66759  18328  11818  354  3135  50  17055  34263  61894  32574  5324  174454  19225  28741  16088  
3317  496  935  62245  4400  1504  38867  309258  2693  3670  18194  69455  321056  116997  101336  1892  1640  10206  3634  165674  3866  1992  3235  2492  2479  4309  3651  1888  1328  1371  123  1206  126  1074  24329  14645  15913  6639  4152  4362  1616  16856  2175  7735  186892  3414  571  19432  1.3077e+06  1063  1371  58855  547713  0  559454  304395  1021  1119  7386  2041  432396  40490  7038  4763  6669  10047  8602  19810  34754  10393  7107  421  2498  41  6510  19565  20492  19385  4321  42421  15517  9601  17467  
2260  601  858  43978  1242  523  8226  148567  1954  15967  137189  51331  129244  684035  230318  20949  17042  49377  16416  335380  5776  2463  5200  2871  6032  5634  4312  1836  4816  2917  391  3674  407  1381  31420  10977  13311  8437  3593  7430  2172  10495  1342  5375  99755  2459  842  10935  946795  904  6885  862203  216009  419713  0  650807  9731  6793  40092  5496  1.15798e+06  47768  5332  4628  5621  7300  9660  15676  17606  8638  10485  2849  7220  183  4012  36505  12787  19178  9246  16084  32073  7398  31308  
2757  1494  1531  30544  2037  247  12676  90877  599  1553  15598  39312  49535  139002  620691  4784  8357  82635  22155  413538  10955  6022  8830  7321  7466  13056  9949  3796  4333  4650  643  6713  823  3389  58877  15110  28432  14073  5845  19202  5541  8953  2987  6962  55402  4087  816  21347  240708  861  1333  4416  147118  173544  558203  0  1241  6548  52547  12864  1.74674e+06  176529  135602  11342  682486  50719  226099  141977  22920  21838  15815  3642  13438  423  4415  64993  20735  45025  16192  11125  148061  24479  71445  
314  276  310  2207  1000  361  6548  15867  3363  36166  33905  425  379  820  1050  44806  10797  13789  5969  16707  181  254  1225  423  4162  639  408  540  4678  2089  149  1425  169  667  14179  5766  7145  6207  1219  1442  1413  14993  15350  4121  6144  80766  72159  66555  129422  79894  2.0802e+06  134352  2290  1624  3326  7097  0  2.12382e+06  654822  115734  54590  3853  1924  17375  2603  21208  5066  21015  32056  40328  58025  11888  674462  651999  587416  275346  114211  466522  235291  5548  82560  29011  286882  
604  858  903  3336  1912  603  11435  24580  3952  19208  91458  1216  1751  6225  15027  60834  35846  118757  30881  168884  1022  880  4547  1380  9043  2818  2134  1610  10078  5498  726  7315  897  2143  58100  15945  21459  15325  3059  6874  3214  13220  12926  4863  6301  100871  119137  114947  80176  189930  338564  111174  5255  5481  21860  60430  2.34037e+06  0  847578  1.86431e+06  530549  20685  5639  30304  6606  30748  17273  25214  41292  206313  598308  682167  1.60336e+06  486614  375692  282837  74935  276700  114159  5576  57251  28532  198686  
1602  3284  2807  7786  3711  574  20004  35420  5215  15622  24245  1549  1330  2291  11516  25167  31957  239136  81832  205936  10751  6213  61403  6451  11100  2988  3240  5124  12526  12139  1172  13084  1318  6162  100759  23328  56156  28463  7590  25527  9980  15025  13095  8427  10188  36093  15062  72285  221119  208997  104802  24328  5447  2899  5367  46443  719397  864347  0  3.4858e+06  877624  111975  16398  599895  21545  93426  20456  33385  58235  82668  92439  21272  117278  2676  69630  225979  47293  347454  105367  11952  65431  48978  200599  
1395  2747  2298  6098  3442  582  20229  31332  3409  4079  12450  1606  1810  3195  21153  8515  18820  229300  71138  241571  10143  5036  45540  5762  8001  3626  3577  4335  9387  10136  1328  13863  1561  6083  97978  21369  54017  28469  6592  20659  8575  15707  14024  10981  7958  49053  26552  125394  81830  206020  67467  5181  4057  3118  7074  94679  12809  1.91625e+06  2.42543e+06  0  572906  55233  13650  1.64709e+06  18839  426137  83939  82121  90914  568776  2.1561e+06  1.54539e+06  273521  1006  68665  196124  48289  249869  78759  10142  81685  51921  174364  
6934  11784  8843  54961  12470  1174  60514  214934  4803  24868  123230  49854  63953  109280  494140  51431  59768  567333  208130  1.39663e+06  71170  30976  221420  44532  43674  35976  27465  18038  35395  36479  3520  41026  4184  21651  282224  65526  184182  85197  22645  105229  30687  25952  13569  22003  111635  17950  5137  89557  746412  4746  10198  473509  297954  361593  834771  2.32994e+06  10927  49175  1.03678e+06  170140  0  2.7367e+06  1.05572e+06  147436  871721  106647  188448  139301  81461  120099  105528  24544  99083  2813  26637  451413  87550  269200  104303  28550  367823  90928  349926  
718  1939  1084  2379  1707  57  5890  8957  102  319  1120  826  1061  1468  12098  589  1309  105043  43933  78346  100603  62490  116494  20230  9603  2994  2004  2038  4675  7262  297  5256  487  3250  43336  4927  23553  9224  2032  17510  3316  2086  1340  2112  2555  1541  291  7711  18208  260  408  512  3895  5024  3571  147753  265  1097  209001  18698  1.16205e+06  0  399018  150274  227620  25483  45705  28616  11191  12024  10497  802  10966  277  2430  90766  5945  27008  8466  2005  90880  12065  31207  
192  348  227  925  342  5  1715  3201  49  98  388  424  559  987  10942  169  292  21651  6565  27232  25121  42242  29090  16979  2466  1525  997  446  926  1475  42  855  78  528  15240  1185  4072  1658  580  11191  685  3215  1539  3677  1970  1432  218  9592  10979  153  300  242  1403  1574  1685  188394  171  417  38351  3874  499544  435602  0  101265  642515  30204  43781  22622  14698  11994  11629  278  11158  132  1893  79349  6188  36404  5635  1912  110933  12997  19588  
1353  3362  1787  5065  3178  142  15805  18484  543  746  1839  702  632  666  4986  969  2204  194654  124263  111956  33441  22018  223440  38387  16661  3716  2550  3430  8848  13823  376  8258  689  5342  81109  9199  37400  13665  4398  20384  5690  19323  15189  13759  8869  23547  5113  79888  71216  14864  6793  1938  3423  2355  1972  23025  3308  7463  371692  1.22633e+06  256806  149289  212931  0  444726  924387  81962  76981  106597  987479  1.35641e+06  11205  240710  165  58151  210244  40243  287903  48664  12847  81970  69767  125407  
487  558  463  2615  582  22  4723  7441  87  199  838  608  801  949  12284  354  342  16294  5631  18822  14058  74765  18176  124373  3250  1764  1235  830  1121  1420  54  1080  96  787  17073  2375  5779  2164  1164  12158  1019  18083  8857  23399  9076  5388  724  51644  40523  445  769  481  3354  3249  2830  956974  426  729  34182  4165  594793  305400  775606  338728  0  1.59147e+06  912817  134518  96600  100902  85124  430  51910  111  4499  106114  22981  151409  10048  5799  258670  39101  78634  
622  519  462  2944  683  60  5309  9390  299  477  2954  630  868  586  2668  1319  1381  24355  12222  21715  3905  11648  16701  15296  4875  1060  722  833  1502  1575  105  1513  160  878  15938  3504  7149  3223  1621  5547  1201  21661  10122  19315  10082  13099  5547  60932  49132  6897  3573  1298  3662  2883  2447  138287  2432  4919  67036  140246  91960  38480  111150  807586  1.7555e+06  0  1.65608e+06  1.49132e+06  458218  3.0363e+06  204566  1246  50759  167  11196  172053  33625  163788  21145  10766  767620  141328  80413  
58  69  73  415  81  8  662  3629  28  109  1489  104  776  290  1130  520  254  3660  1191  4756  981  3671  1573  2585  333  231  169  105  144  196  20  207  23  103  3150  501  942  452  202  1226  164  2295  597  2666  1285  571  244  4408  15673  289  214  187  884  1813  736  180928  133  385  7488  5826  49136  28889  56800  27081  447102  1.47428e+06  0  1.04652e+06  54444  117056  33831  137  5138  61  694  15249  2320  11680  2628  1006  500486  43629  81811  
890  64  211  2870  121  6  1100  5550  87  304  2513  907  1112  513  1536  913  420  4428  1179  6259  467  1453  1545  1742  441  329  390  656  331  302  16  310  31  205  5740  2112  1580  688  1511  2099  380  35112  3736  3641  13044  3041  939  9659  23704  548  1812  914  5549  3402  2386  129946  2219  1873  9592  6801  38068  13245  19366  21077  52242  1.17573e+06  906232  0  301702  71345  8123  277  5311  389  37800  91694  18491  68847  24641  17372  436302  324958  50405  
1259  184  458  5930  336  49  3918  7137  424  1042  1842  1129  456  428  1516  1242  1363  9063  2795  10291  647  3782  1977  4406  648  235  475  1088  761  654  45  692  76  315  8236  5848  4913  1735  5472  1907  1031  145998  37590  28354  23149  21599  8003  75973  49869  3054  11277  3962  7364  3142  2773  15023  14332  17187  46584  29769  47281  11587  34103  96565  56050  285985  11647  318147  0  433627  384758  2749  253535  4132  193379  301589  49230  385424  58942  44803  352345  404857  94465  
550  818  731  3000  1117  213  7813  12736  1817  1101  3803  705  673  1010  6296  2347  3827  47999  18096  50524  2714  9216  9102  11419  2046  1004  957  1139  2407  2538  324  3614  521  1834  23634  5994  15646  8069  2235  5305  2097  15889  13445  17185  8175  65708  55460  150137  48444  43668  41005  1651  3005  1644  2977  29530  3763  50927  83674  270714  98214  27500  84601  1.17626e+06  131917  3.68664e+06  125276  158772  550898  0  3.87415e+06  5571  58351  223  11288  191987  34832  135714  18970  9634  301379  38550  55939  
442  718  665  2742  1490  566  14265  22633  4318  2640  16709  638  903  2173  7234  10420  11866  59226  20802  70856  2199  5608  8586  8683  3545  1391  1125  1054  3952  2947  361  4095  514  1632  29283  8057  15203  9062  2050  4696  2020  17238  28468  11486  5953  241713  211315  305819  86331  90009  104092  3765  3136  2939  9262  36096  9578  507652  155937  587647  182700  35399  49791  778773  79273  142888  26244  26910  521581  3.57314e+06  0  2.10244e+06  3.63173e+06  552  28175  150285  59218  183760  31415  5618  109529  25834  70467  
145  230  213  675  506  288  4558  8544  2397  1449  10376  244  344  1172  3095  6524  6798  27171  7843  36396  475  422  2159  601  1742  609  478  384  1891  1155  159  1674  213  513  13409  3418  5454  3679  730  1672  729  2836  6515  1114  1110  133445  124847  148479  21117  46522  60390  1920  1071  1199  4933  19069  5246  737811  59172  649778  91047  12864  3553  46425  4367  11017  7737  7478  18785  74766  2.60016e+06  0  1.06135e+06  629  11604  50248  27779  41168  13825  882  13021  5330  26978  
657  824  830  4427  1817  431  13837  22773  2278  9467  53857  954  1266  3556  9112  38181  22997  74995  26373  99318  3572  10749  13294  15431  6710  1933  1478  1383  6945  4265  446  5377  659  1819  38473  11948  17627  11261  3391  5482  2601  203299  56897  23262  12439  187354  235215  167225  110224  10935  228479  32027  5154  4750  13840  88447  381996  1.31346e+06  368205  222032  442716  85792  102903  545601  143964  53456  41491  49252  431984  83575  3.62391e+06  1.56688e+06  0  736324  757722  286292  82383  466926  80150  13624  160921  71383  170643  
43  59  67  239  139  45  901  1585  126  1612  6821  66  91  323  826  5456  2027  4498  1614  6772  131  70  510  103  626  174  104  80  647  307  22  358  44  139  2594  817  1270  882  173  337  168  2825  2357  457  583  11824  16997  6637  8817  390  116529  3365  346  379  958  9776  245428  245074  32754  3655  43229  3915  1024  1837  1236  4724  4694  6567  9418  7505  9037  5542  482803  0  305798  15748  6015  53524  9313  613  5842  3145  10916  
1326  335  505  4822  1850  429  24865  35767  3796  7740  14579  776  1094  1222  3518  11125  5220  15850  5853  22656  745  1752  3011  2575  1590  504  596  1059  1904  1203  107  1238  136  667  14296  7240  6255  3851  1865  1584  950  1.1519e+06  254336  20073  17695  875510  1.59204e+06  265420  286950  12765  1.54326e+06  32671  4477  4193  5144  30974  1.32964e+06  470806  180549  57429  162123  19502  16861  101929  22384  58083  14270  90302  218377  105632  132423  25600  1.29695e+06  831835  0  166500  112037  713699  54809  10299  36568  48235  83525  
2599  3182  8222  42801  11205  2252  160163  257343  13370  43886  60756  5615  9160  7651  28702  40933  15857  90288  30321  133048  5702  11973  26193  16783  8212  4256  5892  4676  8824  8107  776  8514  828  3327  475881  97547  55427  43314  31994  26094  26687  124509  88901  240584  120011  155591  95510  979078  2.10077e+06  82224  472395  257640  35530  32767  34555  266925  260390  114160  454577  125995  834691  112429  102240  539651  100373  297851  122499  281198  563705  469308  332678  19961  205983  9267  50185  0  3.21878e+06  1.09993e+06  930023  262825  2.17755e+06  795845  4.89078e+06  
1287  2129  3144  52875  9445  467  126802  142903  2558  27094  32270  1674  2756  2175  6941  29511  7799  21325  7561  33507  652  1310  3266  1917  3297  1043  1115  1289  3511  2172  200  2023  210  955  64524  46241  17716  10309  8457  4163  3524  165330  231491  270055  137720  62694  24990  1.31829e+06  943964  33129  115428  41302  18300  6949  7458  39818  30025  14200  38438  11039  114857  10832  8839  40854  8665  42839  14637  38168  63198  58656  30194  2257  15134  1019  6139  2.04167e+06  0  351055  329896  469523  260730  100764  367686  
2826  1563  2921  41291  9274  1060  136234  205936  10609  40658  18350  5155  6771  3922  11293  10404  5437  24661  9419  40644  1742  5278  6704  7130  2651  1300  1751  2693  2829  2432  191  2294  242  1269  48345  44573  26406  12753  17229  6154  3981  290290  256324  315091  169963  479160  49500  1.13717e+06  1.49961e+06  56541  423632  155768  34575  28460  21393  67376  283713  114784  272866  101560  386911  40778  46006  187775  51537  73637  22189  93882  136313  128299  108118  6878  66903  3208  142105  456184  1.56049e+06  0  1.9293e+06  231614  150383  240523  374724  
301  451  598  7728  2527  485  33749  55751  4200  13033  11790  678  1474  1458  4609  8407  3030  11621  4731  18407  612  683  3066  1001  1277  568  643  478  1302  1090  108  1075  101  523  21992  12532  13054  18704  2021  4113  5398  29001  97661  48998  15713  181172  20090  344102  570330  35428  255616  71438  5032  5284  5825  36581  105592  42533  113417  34493  215430  17367  6002  34255  6356  19367  14889  16551  13394  38469  33413  2725  14708  547  10279  386819  786100  1.98305e+06  0  9448  413224  152792  829169  
4446  555  1936  32458  148  11  4230  11056  43  350  455  4518  1252  738  1553  350  307  1984  939  3774  208  1063  1397  1716  802  184  1379  3945  1502  1157  20  654  15  472  14334  17566  11605  1592  27581  4345  2889  159693  4481  90663  211139  692  295  49589  45848  279  1152  768  37005  19324  13139  6147  690  803  6258  4208  16543  2623  4925  12605  6532  18148  1235  31658  78983  25317  15721  175  3828  40  5137  108357  353360  158132  20997  0  36328  132288  20588  
683  448  1215  9877  529  61  4035  14319  308  1821  9036  3602  2649  3069  11277  3558  2262  27832  5636  36039  2837  7519  8509  9637  2349  2223  2009  1094  1294  1447  168  1615  177  664  40202  9829  9561  7163  5239  17403  3525  15024  3545  12272  29636  2880  1560  26089  51787  2193  19449  6735  17197  7339  20768  283132  5587  2272  19669  7813  92874  53544  83816  30632  148964  589244  744730  707210  316614  396728  136881  529  26951  261  5222  1.32971e+06  53999  80396  102572  42210  0  1.94038e+06  203914  
847  140  1458  14492  120  19  1662  5757  86  745  1026  2256  558  382  1172  862  479  3096  1225  4077  286  956  1373  1205  425  143  431  812  477  451  27  352  16  206  7827  12955  3974  3384  5762  2499  2911  23338  2165  7697  25896  1104  505  13733  13176  472  3128  1273  13692  4170  3221  17952  1749  1445  17989  11928  22862  5869  8541  40953  9857  129600  47576  624926  235078  22789  15659  499  8890  172  11048  637586  79853  99199  86700  71258  1.58721e+06  0  168017  
9474  22746  45715  92029  51600  10193  246270  733920  34431  446312  265924  2795  7375  10305  37652  271706  67490  373877  159496  491343  16374  15671  113304  45877  61622  31268  50828  35048  58638  58296  5037  48557  3775  14836  2.79945e+06  1.0016e+06  1.14737e+06  2.2684e+06  110537  178497  272051  52555  47268  88050  60721  69913  38654  342933  956870  71952  519530  230115  9164  9336  13262  106012  245308  68200  242360  76164  434970  50696  28910  169712  49482  65019  60785  93312  94171  72860  65887  7416  56735  2030  22217  3.83036e+06  1.04553e+06  1.18949e+06  2.53591e+06  59024  722228  501207  0  
