4178943  
2291772  
780970  
4192818  
3851850  
4169231  
7542546  
15305618  
4099912  
7044502  
3631706  
2788293  
2417915  
3772482  
3157606  
5589331  
7300973  
6560305  
7607981  
9881178  
1487821  
1173166  
4661850  
3664216  
8791564  
2485420  
2349774  
2744511  
8677618  
9696648  
2823032  
10372420  
811622  
6787763  
1886229  
1616642  
1380668  
1898738  
985516  
2436939  
1842327  
4638279  
6697065  
2334820  
825485  
2447370  
1573900  
86237  
489822  
700736  
1126916  
412307  
473049  
425123  
59389  
87439  
963665  
108371  
979184  
3515362  
1121449  
5319318  
2294945  
605304  
3812473  
3486185  
4950058  
8903314  
15125798  
5327653  
8333050  
3112104  
2889991  
2189612  
3517920  
2981275  
6386995  
7805256  
6581562  
8681688  
9174053  
1631034  
1176212  
5487024  
4248617  
7970547  
2279226  
2264671  
2309675  
9072079  
10767729  
3433375  
10125455  
995033  
7377362  
1506516  
1596801  
1960138  
1720247  
1458438  
2409352  
1523563  
3562208  
6277566  
2732572  
804732  
2176047  
1597603  
68219  
513749  
670889  
1019975  
396978  
467788  
501118  
108210  
99091  
983690  
144479  
986929  
3325422  
1158048  
9397588  
10844025  
5552426  
238857  
