4182970  
2147932  
683016  
3541679  
3650493  
3832853  
7383742  
13594346  
4086745  
6444024  
3017211  
2517303  
2389283  
3606626  
2846248  
5106346  
6572781  
5939871  
7369705  
8771739  
1660502  
1408776  
3884243  
3843239  
7423934  
2096060  
1779144  
1684399  
7868008  
9461295  
2832656  
9757861  
852554  
6541292  
11346882  
3941135  
5850478  
2490008  
877675  
1545855  
2416676  
86040  
485069  
684704  
1104743  
405202  
460981  
417288  
58887  
87503  
944463  
104112  
1048120  
5688273  
1468066  
4280516  
2432118  
567893  
3249157  
3284111  
4609140  
7502926  
14156455  
4610089  
6934984  
2237772  
2632739  
2080248  
3303668  
2639194  
5476926  
6904494  
5679372  
7993368  
8459142  
1598558  
1108190  
4613682  
3918525  
7127329  
2111795  
1875701  
1538774  
8520467  
9099351  
2927795  
9458575  
884371  
6722514  
11524275  
2912390  
5054924  
2481459  
698393  
1656213  
2130410  
69248  
493777  
652942  
1016364  
410193  
468312  
498414  
108921  
99610  
961897  
144577  
983045  
5665258  
1648924  
17076822  
