4364372  
2753769  
687823  
3100903  
4110948  
4310537  
8153180  
12785630  
4361193  
6558644  
2808603  
2365837  
2408350  
3499575  
2863819  
5172858  
7823532  
5957745  
7867861  
8863484  
1374913  
1052093  
3932422  
3278414  
7108541  
2224110  
1824282  
2161752  
8720563  
9364770  
2668098  
8106431  
743414  
6993080  
11248941  
4026911  
5808123  
2476648  
721030  
1526027  
1880602  
83204  
471912  
672713  
1065605  
408075  
472639  
420140  
57890  
88426  
942400  
104791  
973366  
5530466  
1377327  
4139534  
2199896  
530357  
3004435  
3691325  
5032288  
7549062  
12975038  
4785191  
7297223  
2449621  
2569451  
2020994  
3280711  
2719576  
5582589  
7018767  
6621235  
7943154  
7989988  
1529051  
984141  
4508654  
3478272  
7243902  
2157075  
1899899  
2098437  
8377913  
10060002  
3284573  
8544770  
885998  
6409366  
11293583  
3487967  
4827920  
2508254  
675615  
1617782  
1934340  
64200  
485198  
632938  
1017923  
405231  
468759  
494548  
106414  
99351  
957695  
141827  
924294  
5587920  
1565324  
17716992  
