3942160  
2423827  
488684  
3036930  
3638822  
4228773  
7811554  
12455716  
3960967  
6323019  
2417596  
2043897  
2408663  
3183875  
2669460  
5245908  
6873438  
5585493  
7148498  
7696141  
1243746  
1055088  
3414107  
3340673  
7309045  
1938520  
2158815  
2531716  
7863063  
8712039  
2738322  
9355950  
770790  
6157286  
10366240  
3781984  
5485376  
2175415  
730615  
4464424  
2401360  
5200929  
1970426  
394645  
2838520  
3358395  
4597344  
6820006  
12006947  
4400225  
6853778  
1843683  
2294105  
2076736  
3247452  
2644215  
5438749  
6989705  
5864696  
7079894  
8454001  
1568002  
1026105  
4870124  
3781652  
6631530  
2000425  
1559567  
2243223  
7698207  
9333941  
2981906  
8655515  
869954  
6562951  
11000076  
2940574  
5208033  
2240836  
701052  
3664382  
2025589  
10185680  
