375328  
445344  
628422  
442201  
881377  
652494  
368075  
286198  
304237  
189580  
591512  
710616  
656162  
888280  
237871  
585576  
183862  
1081223  
679653  
750785  
703235  
248221  
502917  
650548  
360759  
397907  
490929  
528636  
571425  
248287  
206945  
288552  
545128  
369353  
371456  
458169  
517740  
690750  
754256  
705990  
900957  
657039  
445529  
387823  
576705  
428661  
828388  
654731  
457619  
656003  
424306  
834741  
589284  
522964  
608357  
872091  
695705  
574570  
830872  
494544  
876866  
546020  
635278  
495642  
494516  
606586  
679022  
735985  
507217  
659325  
454181  
614115  
485283  
492285  
538953  
263140  
392436  
591205  
448858  
734143  
696648  
501098  
704447  
435881  
416166  
443771  
373237  
514521  
770868  
486273  
881671  
423329  
400327  
580832  
409844  
451350  
526352  
680531  
467085  
554914  
325611  
503600  
669520  
362171  
338339  
711998  
421642  
721208  
479552  
345292  
669362  
506658  
317137  
242886  
311710  
746162  
883519  
246202  
257325  
250058  
599754  
312168  
226983  
564359  
367817  
422610  
418172  
488732  
736807  
386966  
642373  
351599  
442393  
471305  
369531  
502267  
383595  
172600  
396995  
368031  
574290  
288106  
219653  
174786  
168799  
224665  
234929  
212235  
267567  
160486  
389254  
165125  
134103  
218145  
205488  
172156  
250585  
361144  
416962  
224501  
71675  
120008  
134588  
148258  
230736  
108687  
92262  
158254  
142500  
264239  
251154  
761164  
209876  
255502  
215027  
408081  
399412  
536642  
379321  
974318  
707693  
455146  
590146  
338224  
448704  
515891  
554164  
283811  
494461  
588276  
212985  
746246  
683122  
209581  
451743  
209839  
861386  
349217  
402907  
598972  
899439  
455253  
601734  
300888  
442864  
622060  
563916  
364426  
471072  
158162  
551393  
366826  
175379  
185670  
300701  
316182  
289348  
158984  
228669  
140453  
173221  
236056  
333052  
172994  
145360  
123889  
131992  
245984  
207263  
100229  
135559  
171194  
143482  
141251  
334612  
569016  
418254  
320095  
413244  
683059  
777636  
370687  
456007  
889584  
415600  
776240  
1041538  
325938  
479611  
639850  
656155  
776028  
616156  
458560  
335978  
576473  
519807  
451788  
182724  
249111  
399842  
356982  
365752  
293740  
246477  
271507  
409498  
331696  
342157  
625743  
307698  
315739  
282368  
346663  
370960  
477923  
230084  
208568  
171822  
217702  
283526  
378195  
390891  
646586  
471889  
344273  
333248  
564811  
571337  
673879  
462263  
245790  
213271  
380946  
443780  
344039  
297109  
421200  
431703  
455239  
897820  
623122  
574966  
462464  
718641  
405521  
348291  
384028  
415796  
308835  
330498  
411549  
594880  
456020  
524655  
555297  
695702  
623674  
775228  
789340  
343916  
599875  
456554  
462147  
841219  
760704  
656174  
642524  
555358  
1009065  
439529  
217047  
301621  
204069  
259006  
269117  
311598  
273853  
157884  
161906  
327290  
207721  
212722  
178515  
273790  
200451  
273985  
123076  
260634  
100384  
163870  
187407  
269650  
344266  
356243  
115675  
373909  
472589  
439770  
423687  
230043  
137322  
227474  
270856  
300242  
251588  
482204  
499124  
558146  
598642  
456148  
310551  
362216  
165971  
542883  
150725  
239672  
260423  
318183  
385583  
546167  
261373  
256863  
270180  
266125  
242616  
279362  
425480  
451886  
592200  
332148  
370320  
607260  
457203  
441898  
380433  
471801  
491388  
1064392  
520114  
877054  
837642  
828473  
930729  
1041874  
404461  
301584  
354673  
288010  
604394  
531564  
1515896  
732540  
838837  
938986  
816686  
591066  
997821  
990240  
730428  
656979  
638061  
562646  
595240  
839547  
512409  
894746  
749781  
568134  
727591  
671625  
1006476  
695340  
568143  
473720  
816891  
617931  
518552  
515401  
441604  
616963  
891873  
631601  
742373  
1024890  
952857  
413114  
810753  
975573  
905534  
882082  
517205  
431110  
505614  
526753  
753170  
731884  
479362  
361563  
358107  
410132  
639409  
586319  
568965  
500073  
699802  
454900  
428039  
546882  
540488  
398058  
348720  
451604  
384316  
857814  
596118  
505363  
749624  
374739  
535007  
826520  
1011567  
382444  
254927  
214811  
292095  
379442  
445154  
478667  
325620  
624368  
695248  
412273  
425088  
522108  
532907  
835149  
495721  
468549  
514993  
1106896  
9660925  
4206744  
5429857  
2085458  
726893  
5106543  
2115607  
334622  
383237  
549396  
560806  
918786  
633289  
384493  
277136  
234156  
227419  
579393  
738487  
609543  
945954  
239748  
654056  
299265  
839859  
821166  
457286  
527717  
131571  
369930  
642101  
451925  
475643  
499409  
383201  
561878  
301498  
211543  
345972  
405155  
319313  
343657  
406846  
429954  
502418  
830758  
767594  
569081  
252376  
806726  
517141  
704553  
391633  
920742  
555381  
539113  
573549  
337233  
823819  
611075  
567342  
609490  
911980  
963745  
495351  
705440  
481620  
748301  
497938  
493422  
661856  
482066  
686475  
567333  
808406  
564130  
698323  
364555  
452798  
492292  
316160  
230158  
233093  
265983  
464877  
317440  
600571  
695204  
644068  
733390  
426570  
428993  
453712  
467785  
376583  
817696  
511325  
829121  
486301  
289432  
411323  
414638  
474362  
469668  
632371  
525278  
512756  
419846  
334609  
692109  
338239  
391767  
547988  
504073  
848606  
448409  
423633  
558402  
520466  
364823  
232967  
261005  
892279  
1312515  
361367  
217668  
304958  
799706  
343756  
244199  
607337  
400959  
369880  
417920  
483564  
959137  
649570  
784707  
348916  
498685  
397241  
345990  
437049  
606785  
168412  
345253  
317320  
547848  
292384  
263501  
179414  
198966  
226286  
243157  
197662  
267701  
180595  
373715  
139936  
97189  
150088  
116105  
163148  
233457  
385809  
254482  
183284  
119488  
99424  
122350  
89515  
250385  
88354  
183070  
368629  
135937  
282570  
96718  
372433  
284354  
328699  
273065  
245084  
504058  
363217  
298263  
826956  
799103  
713353  
599347  
179967  
311851  
398897  
530300  
282600  
601924  
460902  
257503  
716148  
548447  
247838  
287340  
208260  
1030491  
361749  
346522  
508574  
829231  
482951  
582724  
389471  
216845  
805783  
647640  
433430  
506808  
138555  
364812  
279828  
199876  
221297  
234843  
354364  
242945  
118758  
245716  
156356  
156631  
344899  
405634  
216234  
139703  
142510  
146756  
196249  
269325  
110981  
107888  
120314  
154972  
152364  
319588  
543542  
302411  
538547  
394204  
625747  
806606  
555590  
517296  
845314  
404291  
732050  
862024  
155563  
447326  
445402  
730314  
645467  
341002  
177490  
491408  
761853  
478733  
446467  
99654  
151850  
410671  
247162  
330066  
397392  
326587  
377542  
330700  
433516  
308861  
643198  
307484  
342695  
294028  
343524  
329271  
437715  
197299  
297075  
137146  
253610  
489117  
401784  
297116  
428955  
400069  
470118  
346993  
421260  
840810  
914486  
564416  
242465  
244112  
432708  
363954  
304049  
322584  
329866  
325113  
792005  
1158060  
346158  
187104  
281635  
280144  
515479  
344153  
637241  
500017  
316681  
344513  
310659  
700506  
543204  
505653  
528415  
700995  
580302  
671664  
707446  
490242  
623237  
344323  
501327  
845253  
827404  
718227  
461485  
526439  
852799  
384218  
123134  
383373  
208565  
404885  
348898  
247568  
205900  
135402  
225498  
454764  
203652  
137289  
198889  
259923  
34598  
96353  
152275  
279681  
291906  
296264  
348165  
878973  
470196  
456830  
203479  
373486  
357938  
473669  
464760  
327330  
282152  
402417  
220718  
336917  
343074  
414592  
613335  
746156  
725904  
452654  
279987  
111399  
108065  
521529  
177415  
178367  
355476  
280243  
325781  
460225  
326456  
257120  
356614  
312039  
267705  
342801  
702558  
359575  
580443  
247218  
368344  
635142  
496878  
427971  
306886  
463488  
571450  
880018  
613276  
859200  
730906  
599191  
847794  
954501  
223082  
240399  
402831  
262413  
532763  
786306  
1408279  
944206  
785284  
746921  
763087  
516333  
1115119  
889507  
502767  
655304  
552386  
570968  
840825  
789734  
1081847  
996815  
1448254  
821267  
621162  
703152  
841023  
540519  
571810  
523004  
794657  
839583  
713753  
518147  
598610  
518044  
888502  
795436  
506413  
1113392  
1009126  
462208  
753651  
942440  
969963  
721549  
871370  
425201  
598750  
627233  
798314  
849095  
781470  
397190  
373390  
341588  
415033  
258494  
549060  
534821  
750923  
388854  
403164  
517127  
548176  
361049  
369873  
289204  
394128  
714454  
656682  
604776  
814446  
266286  
549225  
886081  
1088445  
503053  
312984  
189265  
325249  
441794  
398514  
455220  
375214  
513633  
