3953806  
2890767  
758558  
3603836  
4301970  
3818314  
8920938  
12624837  
4449400  
6547185  
2645614  
2545552  
2384956  
3212168  
2487826  
5843158  
7754990  
6470919  
8784914  
9158943  
1613147  
1405866  
4495260  
3780893  
7684174  
2001759  
1746696  
1649460  
8216766  
9996741  
2910070  
9261371  
790436  
6736329  
1823089  
1587807  
1348833  
1863395  
959651  
2408645  
1831994  
3289930  
5662946  
2288266  
681848  
2060132  
1533123  
83144  
474643  
684426  
1064718  
402363  
467094  
417788  
59030  
88402  
948644  
103386  
962189  
3597440  
1076233  
4650531  
2420375  
426091  
3788187  
3249568  
4384848  
7283876  
12322737  
4831574  
6993360  
2030770  
2592045  
2107293  
3110780  
2538038  
5883013  
7471539  
6426163  
8569695  
8546357  
1875811  
1237906  
5575369  
3967223  
7511761  
2224930  
2009912  
1911968  
8959390  
10208800  
3247667  
8807398  
899134  
6277722  
1498889  
1641335  
1897765  
1715774  
1443993  
2424090  
1526278  
2810913  
5267154  
2285479  
643927  
1981945  
1616640  
68963  
500158  
652433  
1027150  
410869  
471022  
497928  
106997  
99306  
972565  
142425  
945131  
3288843  
1261366  
9363703  
11494832  
3724985  
226504  
