0  1.24451e+06  129399  697790  234069  117812  484493  32571  881  21686  3458  950  419  515  1816  15404  28223  21241  18145  15633  2781  12308  38316  30567  15858  2476  13151  372553  41035  141141  12723  357242  2937  954299  71239  62232  230908  33761  30758  36603  117085  632  237  946  1935  989  814  4229  8087  525  504  630  202  80  140  296  886  622  4333  647  4151  863  526  1017  705  633  115  300  513  716  519  138  705  40  454  5536  3885  2098  1082  2297  1195  909  26372  
846620  0  10130  7946  563772  50116  584192  22543  695  7000  7123  353  189  348  2199  7788  9367  24556  11551  22707  3727  21800  30743  75639  40270  3993  13104  50978  74107  110924  10959  55140  308  17478  531471  567666  388624  37713  7892  126984  51384  194  521  242  548  1368  1174  6248  9785  756  525  660  95  43  105  461  913  653  5857  977  6078  1400  809  1348  1341  974  194  460  567  1169  644  201  896  40  507  10994  1806  2935  1629  697  1860  1456  67353  
54481  27981  0  335876  92  140  147055  92413  468  1342  1026  395  80  83  288  1049  827  2584  1709  2384  405  2166  4241  8841  5929  796  1219  24976  15246  26598  2006  8613  21  1217  12209  85451  83716  4109  70245  9171  20491  3574  1579  15604  15633  1735  634  21611  16549  891  500  146  279  59  56  105  205  134  877  287  878  189  113  489  220  279  41  159  316  279  401  46  265  6  184  2971  10305  2042  420  3735  488  394  3477  
727517  7967  246211  0  208  468  15583  733911  986  2364  1740  1.11402e+06  20573  15317  10622  1789  1333  4005  2103  7956  1029  3144  5210  11979  12421  1638  41124  227710  17197  26686  1538  34033  111  14587  14639  91120  78416  5099  83231  14888  65051  330580  4398  127707  1.10139e+06  3526  1428  87010  147851  1909  1474  502  355850  20957  16582  9331  955  775  3224  1207  15369  2816  782  4900  1658  2031  447  6834  23944  2160  12170  462  15264  68  10857  12634  333033  17557  2256  88604  2418  2859  6276  
545167  749338  2194  4220  0  1.2667e+06  1.34838e+06  164548  36721  43372  12033  424  532  734  3046  27275  57877  71184  88597  31324  3562  25645  40747  49166  27543  2441  12878  20156  30028  33139  11510  28354  1872  283872  734080  639800  327426  66342  5129  109513  37086  293  1603  504  1272  10356  13043  42458  77899  9574  2546  1435  224  138  262  684  2328  1171  7122  2403  6587  1590  811  2483  1577  1886  389  1202  1182  1769  1482  346  2019  122  3497  28870  4862  10124  6782  408  5144  3067  117373  
223119  122433  1867  2071  1.09155e+06  0  674160  283094  549828  1.30766e+06  7638  253  1115  928  2787  56864  85825  61929  71036  20401  2075  6773  29994  9239  15209  1251  5217  31812  20243  31608  11289  122640  6979  1.06055e+06  119902  71125  270405  35202  1732  13716  8806  478  2340  754  1144  15995  40969  82152  210688  63797  9396  1912  190  237  396  821  4010  1735  8369  6873  6259  1380  542  3153  893  2568  485  1617  1691  2870  2827  583  4062  215  9040  40888  7418  15794  8131  378  6217  2973  46082  
374919  654223  296153  25324  1.91597e+06  923530  0  1.49497e+06  1.17347e+06  123787  44225  1346  930  1239  4575  61802  95089  215982  357663  71038  6673  35094  104298  102508  161513  6791  30636  61538  225686  208859  54280  47248  906  9558  921350  1.00458e+06  550626  106643  44846  178900  70579  2008  29179  4189  6354  61657  116846  333829  347830  115142  25056  4335  1003  322  564  1815  9140  3617  20648  13921  15956  3874  1942  9195  3392  6152  1094  3384  3835  7384  7578  1312  7936  466  15910  86301  42385  39677  16586  7679  14385  7466  175180  
7821  20153  100571  1.0214e+06  50349  137846  1.44868e+06  0  1.7286e+06  565875  607980  1.35896e+06  1.91172e+06  1.01035e+06  290266  38722  24542  86168  69005  641996  36988  28826  75049  48567  34912  12720  17922  43399  39562  55659  8033  22637  904  6912  534481  661781  582312  197906  72585  77904  41110  104055  37612  121011  294229  91927  193863  642363  2.66184e+06  501596  307244  84617  132177  31543  50981  29589  40773  10998  56527  52534  110701  12083  4201  32456  8122  16468  3585  10805  15047  20397  22810  3648  25568  1405  51986  265462  170239  164688  66043  31502  44922  19512  275786  
461  1602  4443  1834  75064  607910  1.18256e+06  1.50609e+06  0  1.54644e+06  2892  112  81  110  163  30336  19998  46199  116087  3285  122  357  15866  619  15153  309  1869  1661  26744  18784  6088  2214  99  470  26008  17364  24505  14399  1625  2104  1910  541  1704  233  347  6920  35315  106097  243570  276445  62410  2830  33  37  113  216  6722  1068  6354  13204  2076  377  174  2190  232  1273  181  656  859  3118  2805  339  2776  159  5955  17619  7262  11679  5962  295  2924  1323  20422  
45176  21113  8086  6956  60331  995524  177441  1.11231e+06  1.54424e+06  0  76435  750  811  2258  1826  2.13253e+06  307975  97128  99769  25633  1422  3649  17995  5460  10112  1055  4163  41055  14751  31323  15668  347648  71055  566566  219305  166531  712571  373498  5572  10829  13445  1443  1677  711  1771  4480  12234  22739  307553  87451  255565  44857  320  180  850  560  35224  3956  16421  16029  7943  976  496  3411  614  1840  330  1244  2018  3411  3522  560  5238  321  8658  28325  11555  30772  18051  1385  9849  5179  260951  
941  658  1047  2168  813  1399  6026  661731  2351  156439  0  1849  68652  941999  6686  147132  20141  75784  2089  753553  749  628  1366  849  1104  344  853  2298  1143  2758  464  11330  2382  2702  71595  24302  35988  26722  1654  3598  3145  1246  872  734  1369  2130  1884  5666  119288  3850  256380  428027  798  3298  25310  4408  143060  29790  37154  5856  83966  3024  847  2931  751  2696  1330  1934  2379  3377  2705  1071  11123  899  4977  39435  8522  31156  23072  1101  14352  5590  64600  
7860  570  4788  1.23938e+06  349  461  17785  1.07942e+06  449  1071  3885  0  415908  187180  133103  1030  692  2655  656  86219  8171  3294  986  3937  4508  4414  15567  47328  2116  1797  166  5343  92  3052  16462  19307  11567  3184  9244  9621  9075  82560  1999  15822  304448  3236  1500  24216  307489  774  824  3010  647078  49560  51215  38053  2142  1290  5251  1093  56187  8147  1599  4771  2023  2048  1223  2870  7022  1473  3197  326  3946  82  2834  19932  45642  17041  4507  32199  4207  2098  7905  
2919  253  1386  20532  450  1482  6093  1.14799e+06  2166  3164  44593  393579  0  566525  247948  1566  1307  4570  957  279253  19957  6856  925  5094  4773  7364  10059  18831  1280  1194  157  2632  132  1154  17258  8838  8674  3784  3003  14497  4504  7040  885  2051  21107  3955  5460  16214  226090  3469  2451  12520  110137  222068  92904  29103  4460  2292  8391  1655  61748  4888  1110  2522  1315  2034  1379  1777  2497  1904  1751  424  2827  160  2944  18182  15078  10178  3943  12025  4668  1843  9455  
4926  323  1182  19851  451  1609  4280  909256  7774  24787  1.0068e+06  337663  878670  0  411849  11439  9625  17159  2096  477676  8412  3375  1501  4750  6486  10172  16129  31919  2106  2433  326  7426  932  2417  27035  10585  17435  8646  5704  21643  8134  12672  717  1891  21435  1630  1787  6441  157318  2311  50361  175123  52338  116405  694119  93370  78481  21100  30492  2581  170436  9193  1611  2939  1396  3038  2615  3059  4126  3087  2719  974  9161  695  3300  24715  26265  15665  10673  22642  10041  3809  20746  
3107  963  1344  12339  712  1498  5678  160236  726  2171  16412  112865  192827  503731  0  4482  8433  90216  13382  1.65688e+06  95755  79155  6599  545214  37101  101572  48722  18353  9514  8289  841  15480  1577  4129  78439  9362  29985  16818  3370  159187  17104  5727  801  1626  10834  1424  1198  6472  46096  988  4234  34752  19810  9762  97133  270542  33054  17673  97866  11278  274298  21755  11167  12172  12278  10514  7346  7966  5911  12877  6855  3176  14422  1076  3207  51393  12123  21049  10810  6394  29883  10659  35319  
40903  18546  5798  8546  54470  66732  122031  138800  90177  2.28599e+06  128138  1016  782  6822  1715  0  2.39228e+06  603178  122442  62077  817  2503  11735  4171  22180  657  5347  62106  33479  38974  15194  471354  195535  569825  286053  66816  799124  424166  4688  11300  16182  899  815  502  1950  2108  2928  8321  64126  9871  59910  46065  416  223  2440  704  69472  16405  20642  3855  19419  1413  1008  2107  777  1538  358  1018  1470  1898  1595  569  6285  508  3130  22801  6139  13151  10027  1840  7218  5143  361764  
86917  38499  9704  13630  90595  113206  151261  154599  101190  305325  158937  1695  1847  21896  21569  1.81776e+06  0  919405  1.72413e+06  383256  4471  5386  16441  9371  61734  5782  17480  87978  123811  433288  498669  1.81648e+06  490678  556694  295306  90924  853768  223679  13403  68996  47712  1827  1478  1363  3100  4351  4547  17633  53315  6069  14448  83981  867  676  7631  8007  122645  56970  193628  21826  167494  8323  3675  10405  3011  13170  2196  5608  8534  19248  11416  5976  27968  1817  5736  85459  13951  33640  21998  4272  32697  17400  243076  
18356  14360  10826  13895  40586  45067  125428  141844  159157  104953  74126  1640  1097  1972  15207  621530  536943  0  3.03488e+06  719809  81366  24766  905112  33922  161213  22932  28944  53767  125646  121076  9999  105496  4842  24381  236448  53045  370249  141656  20828  194553  64306  2297  1525  1868  3552  2165  2635  11112  41834  6587  10884  6817  836  433  955  5821  14396  10776  152077  28641  129783  33604  42067  50102  21789  23787  4162  8953  13101  30092  14799  3476  16392  928  5577  102023  11200  44444  16850  6421  38576  24056  195627  
24227  22399  14697  16843  46980  45621  237340  136364  294496  54562  10881  2045  1271  1681  26990  35475  2.04576e+06  2.95617e+06  0  223087  7303  9928  1.24739e+06  20811  330782  25901  59889  82007  626202  1.85176e+06  1.28578e+06  302005  2542  41260  265383  71659  431262  179641  33913  362522  105994  2161  1296  1742  3627  2373  3457  13039  39675  9070  11322  4101  846  480  865  6271  7760  9557  125856  22453  101817  16258  14236  19226  8678  18031  3121  7069  11283  25437  12932  3324  14415  861  4908  76451  11692  38867  15845  7177  29979  21136  196205  
12054  10226  10193  24447  5462  5418  51258  462750  3925  20110  819061  69295  148000  667959  2.25462e+06  102577  73710  1.30449e+06  91618  0  1.4168e+06  758474  80222  781571  159842  137373  122102  60438  103235  84546  6859  117964  13507  23262  504183  77299  252441  130364  25019  763431  94733  8898  4662  6592  17394  7142  5804  30737  165402  7215  36072  104065  16951  14086  77707  163005  138463  70366  594037  84970  1.4057e+06  180598  153268  182020  157376  88681  16521  29794  42302  108092  48848  14733  68442  4720  18280  345468  36206  141806  59110  13617  153762  70902  281254  
718  574  513  900  381  190  2585  6000  54  280  533  1508  2281  2935  139190  193  532  151987  5117  734166  0  794254  18045  229769  20087  19086  9862  3439  6033  4441  189  4676  199  1078  34681  2092  13963  6128  1158  64526  5829  321  132  182  780  154  83  711  3810  65  151  579  675  534  1112  10127  507  376  28274  3037  46652  53261  30695  19096  39581  4144  1285  1390  1279  2572  1316  237  1243  63  506  21099  823  4371  1292  495  10071  2283  8628  
1612  1493  1042  1552  948  134  7045  5686  38  166  161  536  802  1109  49926  119  152  101931  1118  177799  510212  0  72315  694751  24342  16544  4824  6418  4453  4228  150  4254  24  613  36114  2755  29767  5612  2005  54697  6884  223  73  119  415  75  51  463  1876  42  70  305  324  275  508  5526  224  125  10958  685  19194  62076  41004  7434  82668  2507  999  908  774  1190  559  65  433  22  186  15328  590  2107  471  532  8927  1190  8655  
20833  17143  7159  9793  16067  4748  63954  77499  5601  3596  3246  1196  936  956  10459  2574  3266  536310  1.00962e+06  70910  16250  73595  0  438707  919757  57519  49153  60038  1.10294e+06  868242  17804  151676  314  21309  175726  41951  335769  117624  20895  130002  90783  718  525  597  1445  849  973  4548  13127  1492  2174  905  402  160  197  2568  1509  918  81993  8156  78451  50780  40123  70974  15196  10220  1883  2204  2690  5268  3165  478  2671  171  1237  41252  3742  11796  3718  3369  9159  5758  131700  
9111  10058  9220  9622  4132  621  46098  34555  183  820  714  2723  5041  7650  476317  637  828  81962  7875  444198  197133  873410  676857  0  1.72504e+06  441062  60023  52912  85569  34490  830  21442  143  2056  174429  22887  166720  23112  14096  450209  45771  628  246  448  1190  296  216  1726  5336  244  434  1758  594  189  387  4495  1046  438  14764  1087  23471  21849  26337  44371  167663  5115  2735  2559  2068  2959  1436  142  965  41  372  41071  3112  5579  1318  2897  29411  3158  55507  
8612  9417  10466  11953  5015  4351  75738  49210  16769  3064  2030  3502  6694  9854  63954  2513  10070  82103  156685  60532  22800  62952  1.34503e+06  2.02024e+06  0  1.61158e+06  1.02648e+06  258942  3.89989e+06  107114  16648  31684  366  4718  263186  51808  188391  64810  29381  1.08948e+06  224009  991  388  605  1691  613  846  3710  10733  1748  1242  4098  740  248  556  2472  3636  2031  31530  4786  31616  12333  11887  16545  10637  6441  1935  2488  3143  5783  3074  623  3104  171  1062  32153  5116  11398  3997  4243  16990  6078  104358  
1787  1519  2979  3398  362  478  8047  23489  414  495  482  3402  9681  15039  93832  374  588  17155  20789  31574  14575  27953  100119  401871  1.58446e+06  0  299533  32509  95377  17516  307  7219  107  1141  41559  10969  40448  10385  7885  631126  61895  361  86  202  634  132  143  640  4036  184  380  2826  692  155  295  1006  1402  470  6069  854  7558  3222  3322  3419  3929  1419  485  574  828  1321  655  113  639  43  216  9081  1610  2563  716  1360  5971  1433  27948  
18296  1001  2974  29490  430  850  6424  26823  901  1811  1440  6306  13336  17941  88122  1423  2116  24548  14726  35992  6807  9635  27768  39300  866958  460878  0  279876  52132  9384  767  7259  340  2522  220099  28671  65100  58091  16805  927222  543187  1400  161  509  2460  262  282  1303  7300  422  998  8110  1292  294  840  1864  4558  1640  12026  1692  15100  3082  3410  2509  3639  2160  937  1214  1498  2409  1353  340  1930  114  608  16088  7465  4351  1916  6429  8903  2513  57901  
423721  7827  47275  174898  2196  4357  30526  28616  1364  15663  3277  4965  1850  1549  4737  15942  17658  30927  23581  25270  4930  22510  44982  61935  218910  10242  409284  0  297709  389630  6937  356058  1895  63762  198331  58143  295571  153313  56777  268800  661442  2235  203  1095  4070  362  437  2255  6479  998  1546  678  967  269  381  794  1179  1010  8850  1602  8389  1983  1421  4039  3091  3434  326  995  3097  4239  2637  296  1801  93  703  9467  13270  11179  1829  12123  2954  4673  72696  
9379  13544  12529  10108  7955  9054  124853  42471  41110  5180  2940  1178  939  1424  17407  4564  30681  124937  401156  86742  16289  40509  1.50186e+06  129749  3.80111e+06  91545  102103  476309  0  4.03959e+06  98220  76900  464  6961  156747  40384  189239  73210  24978  339197  109880  1087  582  788  1594  1035  1378  5442  13288  3044  1551  1864  445  195  428  3377  3962  3510  67731  10032  63559  26758  18866  39793  9552  10229  1785  3085  4480  9641  5205  1225  5923  370  2062  31618  5184  18110  6159  3692  10768  9057  90559  
39830  53603  42922  24827  21134  21258  246585  87783  52428  14751  16118  1151  1103  3635  21800  14776  564808  238995  1.09228e+06  200374  32831  71751  817638  146607  230629  24009  32072  532374  3.59874e+06  0  1.78912e+06  3.63694e+06  3802  31712  143348  40251  294550  93047  17476  195838  57953  1017  863  1140  2179  2121  2395  10757  23925  4288  2326  7293  455  249  1272  4186  16489  11529  88470  10618  78210  21067  12284  25875  8516  8769  1692  3122  4446  9766  5729  2252  9469  649  2441  38687  6621  17400  8154  3218  13735  9227  104803  
5412  5922  2902  2402  8691  10214  42877  21871  8539  7346  4949  242  257  1215  3679  5203  757689  32698  769695  43928  2738  3393  25737  5585  54565  1949  4639  15722  161109  2.08495e+06  0  915261  1096  9002  32125  8872  79939  29931  2629  16217  8074  204  197  171  389  698  1083  3105  7923  1246  614  3354  95  63  447  818  7113  4687  19213  2428  16353  1235  669  1713  560  1559  280  647  926  2249  1353  633  2878  194  661  9308  1591  3846  2315  616  3572  2043  26003  
340063  61098  50678  68573  35491  242454  137047  140786  8492  473833  69356  2023  1832  9334  44746  323554  1.95395e+06  497008  412638  590662  55933  92554  475673  173661  139245  32611  35527  452339  158975  4.75678e+06  667335  0  658464  1.05989e+06  194455  56954  812228  156436  26050  185904  85777  1577  1186  1619  3306  4051  3472  16676  42280  3273  4223  16710  784  484  3325  7613  37056  27097  158787  16304  151224  12500  6666  15318  7464  10970  2024  4586  6929  14783  9480  4723  19115  1413  3956  68145  11746  27268  15592  4992  24372  14732  162513  
11089  4641  1042  1371  5660  13268  7455  12625  371  65704  16715  136  100  995  1144  67408  295584  42626  7256  53708  540  495  2158  821  1555  419  1024  11386  1740  7042  1906  557646  0  244872  8741  3915  123306  13706  830  1792  2985  107  78  61  163  183  281  879  2333  282  687  4757  48  32  446  293  6816  2893  6272  537  8266  312  106  433  111  322  78  147  181  457  300  261  1262  94  252  3078  673  1286  947  278  872  522  11290  
1.17581e+06  237891  9523  15867  563381  1.82019e+06  59624  97464  3499  1.1519e+06  36425  819  544  2679  4861  966706  999713  134551  69988  105560  5512  9315  60301  13113  16001  3381  9428  110142  18772  101991  23610  1.44035e+06  721521  0  62735  32043  930044  33098  4588  16370  53274  433  515  457  944  2682  2534  10901  23571  1765  1958  9925  282  120  958  821  11846  4674  15013  1745  17065  1443  771  1961  872  1346  282  699  912  1501  1061  532  2643  187  1194  12961  3329  4897  3008  1467  3159  1925  31860  
27008  79400  114082  156519  38426  28955  646727  2.19663e+06  22584  433637  394143  18862  29467  25110  93494  419165  122176  751519  192077  706013  53951  148643  279341  246096  402889  54813  428478  381701  278393  148247  12233  85554  1701  16023  0  3.99162e+06  619085  618422  487492  2.47472e+06  1.36051e+06  5124  9644  6516  26846  26920  39843  135564  557916  40101  26210  24019  6932  3316  4391  10744  24420  11919  91665  18590  92470  18757  13484  27982  16098  20502  8094  16664  16180  17036  11884  3017  15948  878  15963  470459  38561  70618  54073  9312  77366  66018  2.96302e+06  
5371  31570  52552  31850  13390  6499  376119  479933  4478  99064  165351  2633  2088  3491  5280  65266  31604  76391  13320  110031  3384  12008  20738  29995  57536  5348  60506  48471  40136  19515  2268  9620  1588  2712  2.41237e+06  0  512130  403732  941415  321831  173348  1507  2314  2100  4640  5486  4871  27308  65799  3856  7316  15147  925  303  1007  1063  8278  2625  11579  2226  14416  1816  905  2847  1193  2089  473  1315  1720  2153  1609  395  2257  116  1962  85088  11214  10905  8827  4881  6780  6047  468868  
69132  85263  120119  88473  73666  37577  553830  1.17657e+06  42961  607540  285866  11184  7476  9062  16088  486784  176955  355493  179125  246801  10396  53266  134035  99080  58726  7971  26628  114200  59299  95325  29142  130161  11807  61437  296718  1.20151e+06  0  1.59828e+06  256905  105110  118301  6370  3962  4703  11802  7999  10505  47217  150787  13438  28945  27748  3018  1339  2431  2275  15364  5553  25681  4989  28910  4024  2349  7468  4568  5560  836  2660  5376  6037  4855  985  5965  344  4776  45763  39120  29352  13118  28827  10661  8295  168937  
3803  6803  6452  9586  10558  6500  46263  259464  7413  213736  114552  1442  1085  2213  5317  208756  71787  126570  78261  112296  2889  4743  25251  6273  17807  2489  14028  23963  17320  23182  8453  20683  1338  5002  124226  208999  1.61608e+06  0  45895  20554  78511  904  555  729  3321  1369  2114  7534  27731  2852  6054  9166  507  179  611  758  6307  2349  10787  1778  11681  1202  718  2754  1254  1666  326  729  1272  1907  1477  370  1977  131  959  14975  5749  12249  12979  4315  7457  7673  342755  
26873  9126  107355  95049  117  161  60250  75897  716  1726  2515  1481  492  357  526  2076  1317  6649  3264  5933  617  2271  5508  6580  7363  848  7286  17711  5590  4694  401  2880  74  575  95644  529425  170770  33695  0  18623  31459  1698  444  1184  3785  858  1031  5078  6689  1374  601  233  346  113  127  141  478  267  1435  420  1262  312  273  1331  796  1058  70  478  1391  1267  1004  57  572  18  294  8381  12618  6003  624  12591  627  1950  9449  
9997  5844  12322  36923  763  1014  28091  49061  838  2926  3656  11397  20284  29941  152226  2990  3624  52230  19648  115961  25042  50063  46013  205458  549970  518748  1.39506e+06  239775  199509  60476  2180  27330  509  6600  1.94979e+06  88725  154679  62285  61621  0  2.0007e+06  2674  611  1855  5603  894  663  4745  17519  804  1996  12681  2283  673  1762  10416  8380  5195  62924  8700  70983  19637  24915  12770  32946  13711  6742  7986  8467  14994  7176  1515  7262  445  2329  97705  12464  25222  8935  11755  72738  16632  104985  
26173  1395  3466  34900  387  447  7816  18507  602  4216  3368  4408  1762  2055  10996  3372  3439  29593  21420  24933  4627  9964  33943  18325  108839  66337  1.08605e+06  319033  43723  21013  1030  14270  287  5395  800457  86790  139443  210327  52053  1.36755e+06  0  1159  151  593  2959  269  343  1685  6313  743  1392  1082  745  172  256  669  1211  853  7347  1284  6754  1275  1142  2421  1672  1949  427  970  1756  2144  1210  194  1160  50  429  16942  6424  6039  2603  5690  4114  4682  138920  
733  403  3730  81728  148  261  5159  18557  700  885  2046  35343  1962  1584  1621  974  821  5057  879  6313  304  889  586  1281  800  270  591  1649  655  726  81  1070  95  220  4850  3461  2916  1333  4260  1711  1371  0  1.23875e+06  77417  846172  407072  111524  361373  110427  664  10189  2219  52305  6583  5062  5202  13766  17768  32496  14054  18191  9289  4562  60912  16491  22390  3027  27474  276624  32951  183296  14945  492939  3119  1.44054e+06  202240  194557  245826  49921  40767  29124  15874  34379  
182  869  4879  3007  291  409  22926  16922  1423  652  1871  258  107  221  921  837  816  4827  880  5880  314  839  561  1196  780  255  382  359  571  591  97  888  91  192  5850  4060  2259  1331  851  1573  727  946043  0  4501  2422  566412  30540  283123  39496  2516  10483  2654  436  325  363  3808  9109  10070  28917  16462  18182  8154  4629  69824  16274  31220  3666  15227  28631  27990  76634  7960  126216  745  56942  364846  389210  203893  36252  7707  75271  23562  38743  
1674  1457  31706  47724  37  70  6698  37402  286  277  220  662  68  73  169  158  153  920  261  1013  70  309  309  660  469  88  452  1438  679  957  100  587  19  207  1511  7856  2480  550  4715  815  2426  39763  999  0  247544  1014  546  99815  73775  176  839  241  425  280  286  549  756  978  3588  1652  2172  1126  918  10820  3995  4199  314  1020  7807  5382  20218  641  5551  24  4074  16671  73806  53006  2419  29013  2225  2161  3604  
7737  4638  132527  1.31389e+06  161  396  27485  343770  1084  929  1039  370954  11858  8228  5159  695  508  2074  706  4913  479  966  1318  2610  2447  447  5053  18785  3008  4042  350  3154  50  1343  7680  32019  13699  3000  21142  3870  10882  1.00885e+06  1683  285784  0  2259  1365  21457  593016  693  1471  637  1.14259e+06  27614  19966  9118  1362  1463  5819  2355  16910  3536  1430  14207  4624  5023  741  5691  27601  6331  32575  966  17780  83  15455  23365  223036  51047  4687  81329  4183  5645  7232  
655  6439  18986  8337  6106  4602  184883  122764  6489  2735  3986  424  219  407  1214  2569  2117  7200  2108  8652  485  1288  2378  1778  1819  424  1008  1391  1564  1787  359  1873  146  568  49003  42672  13768  4084  2996  5490  2907  497766  657900  2227  3486  0  871221  1.13554e+06  209619  58509  57769  6519  545  366  718  6752  33663  21138  52403  40255  38760  12554  3938  54846  8828  38895  5692  18417  15436  59749  74565  13323  83320  2785  413744  484352  206031  192588  92704  1667  80891  30214  94140  
430  3226  7001  3047  6156  19466  192328  141377  79775  39106  6750  195  167  662  555  8040  2092  5296  3344  6104  235  625  2329  918  1499  229  747  1351  1827  1947  551  1433  145  337  34691  20544  15217  6085  2489  3418  2074  121086  79507  1844  2067  914313  0  662583  371946  605654  1.70119e+06  8860  250  288  741  2277  80508  56408  30263  89352  13277  3513  877  27876  1737  24391  2161  5937  7542  80864  80707  21351  188914  11001  1.02558e+06  88309  347272  65976  33263  960  16902  7461  39791  
2515  15703  75405  36995  17006  39149  592193  390716  78926  10472  5363  1511  690  703  2250  4620  4580  17486  8524  16704  1184  3740  6885  5716  6270  885  2619  4551  6908  6820  1744  4644  275  1267  123685  113752  47005  15771  9732  13864  7687  194901  581777  187287  24558  1.82896e+06  1.13022e+06  0  2.53274e+06  1.59277e+06  229657  7829  2251  2018  2195  9227  59976  24064  112733  291005  43805  16261  9205  219960  31789  104322  8361  21494  33159  187307  259682  18554  52670  856  67547  430390  317818  473040  83194  34372  67624  26833  110767  
5908  21484  160311  199637  22410  84659  701978  2.24429e+06  654855  504964  75231  221185  214806  91699  52909  54554  11587  42393  30435  101896  8743  9723  20932  12905  15411  3280  7941  14995  17236  16813  3739  9753  650  2486  385830  228093  128343  60455  28723  32938  24073  47135  71052  125749  981425  171879  255749  1.83952e+06  0  1.87229e+06  540055  561177  850621  1.03475e+06  783203  285950  59134  30999  150516  69020  485701  72432  21952  226291  53499  54208  38813  39535  33416  54805  121900  15129  67970  3549  142088  667112  751714  1.03742e+06  336977  49157  143127  53408  360590  
378  2259  6683  3103  4877  35738  97883  106231  188110  44444  1172  133  58  85  207  4179  1612  4319  7324  2191  119  419  2618  689  3791  135  775  1331  5660  4417  1759  1129  75  239  20362  13294  17700  8064  2546  1963  1731  1069  11940  499  619  173186  865871  1.32466e+06  1.80797e+06  0  1.80997e+06  1806  169  85  105  407  31650  11319  48333  172517  3049  570  249  31850  482  26639  1063  3415  2066  69784  48958  3857  6213  282  9613  20437  170930  36849  16935  1092  6770  3183  22906  
877  2486  10805  7660  2390  7402  51994  234777  168233  377983  25185  893  408  1583  704  42791  4222  9305  12080  9180  248  512  7743  1066  2517  327  1364  3615  3511  3578  542  2223  262  673  29758  20313  21481  14447  4836  3267  5967  26396  36845  4008  5099  119648  1.67665e+06  277175  1.35432e+06  1.58923e+06  0  112430  1903  1355  1661  2372  2.33981e+06  120151  71035  109163  19787  2936  785  19163  1756  15407  1854  11262  25316  44074  45221  10719  378904  126947  833557  116902  695917  267276  179472  13900  65249  27070  121077  
497  491  1518  1807  472  817  6486  105872  10976  330579  371905  1982  5810  45050  1671  75774  18663  15093  3356  42478  355  254  1441  422  1005  351  664  1441  1015  1635  335  5087  1005  1154  23460  14711  15443  12711  1060  1950  2031  1145  523  858  1812  1295  789  2792  463041  879  239911  0  2844  5763  660248  3437  270124  11479  59150  1064  319512  2011  325  1100  459  1171  483  1179  1667  1237  1063  412  5246  338  3309  24656  6760  17822  14672  2312  7000  5398  29253  
3331  935  10163  471901  520  980  17720  277514  411  1080  4895  873757  224918  97036  70450  2254  1329  4677  936  58527  6237  3021  884  2596  2411  2300  5897  16629  1392  1531  176  2894  173  1243  20396  15711  9319  3674  5007  6255  4865  159649  1221  7933  823520  1797  956  11459  1.08382e+06  554  1215  2924  0  321997  136040  147593  2716  1471  7734  1181  258874  34557  6355  5288  5751  3882  4953  7374  18154  2455  4376  351  5425  159  4622  17226  42439  17292  3670  108678  8666  4423  9467  
576  397  2311  14873  1300  5070  11683  160432  6940  3633  11559  61365  313551  139025  34424  3132  1809  5874  1366  50628  4186  2261  1218  1678  1514  1075  1772  3414  998  1134  214  1751  180  381  45320  11679  11650  5321  1361  4901  2610  23243  987  2406  80912  2074  1380  6642  1.29812e+06  891  1817  11630  409030  0  343953  203587  2854  1449  7210  1189  229672  28229  5532  3988  8073  7625  20900  15286  14929  2284  3358  332  4018  120  3017  16083  12776  13759  4945  77372  23699  5300  17721  
1009  428  1413  12553  502  1575  6868  133482  12628  41558  168961  54228  136706  746289  137885  40624  17389  36278  4429  170274  5074  2367  1576  1679  4404  5782  6327  4476  2225  3198  712  10931  2146  2143  30255  7335  14091  8479  1496  14944  3357  22710  864  2142  63170  2027  1343  5632  711956  1321  8481  869658  141649  337124  0  520954  35159  12126  33456  2740  882721  49547  6466  3410  4160  4735  5341  5406  8636  4710  3546  1251  8390  696  2962  23234  8394  13581  7020  16790  12794  4495  18576  
950  607  1689  11706  465  685  5082  37715  1940  3467  49194  32720  27020  91465  299466  14640  13325  72482  10685  180094  13970  10006  3257  6794  10217  11027  11897  3900  4562  5159  846  13067  1841  2411  44231  6778  16826  10496  2130  40405  6679  12157  842  2016  50184  1513  1048  5013  207689  746  1856  10849  70257  77778  444433  0  14258  10323  77336  7824  1.70451e+06  118805  123859  11603  731024  53035  209773  83963  9909  13719  6823  2442  11720  960  3571  62030  9469  24580  12929  4224  192878  29767  31741  
684  668  2221  3899  638  1104  11802  51159  11693  82870  76149  801  441  6025  1143  56730  24715  22233  5296  33818  386  478  3027  813  1869  302  940  2087  2107  3313  733  10963  2299  2154  27145  10366  14434  11211  3103  3410  3966  20608  17067  3884  6866  38831  64039  51997  169507  50422  2.14013e+06  131382  2359  1544  3087  2610  0  1.75044e+06  753490  118781  31687  2932  785  19864  1902  15211  1891  14319  39048  37472  36129  9903  576072  435059  582787  227004  170645  594942  424485  15417  137887  64680  261791  
1629  1129  1889  3771  1222  1892  16082  31089  8105  16834  235135  1187  1066  18185  23009  128974  70007  142322  14174  258558  3140  1844  4946  2151  8850  5292  6986  4064  7382  11344  2660  38662  6873  6417  78362  18879  32576  21607  3369  20098  7842  21894  26887  3915  6610  68760  121540  88095  126533  94470  178630  96188  2607  2396  10869  61420  2.28499e+06  0  995020  1.92014e+06  421289  43148  8073  56642  13800  64071  25114  29501  39425  218018  478835  395409  2.06987e+06  393469  359618  309211  89647  290759  154652  12692  88919  62093  163604  
3552  2817  3290  6591  2024  2137  20167  31722  8481  13282  35890  1245  775  2951  18254  37895  49708  205363  48821  156412  18745  13466  25734  13461  35955  5409  9843  13814  29237  27335  3830  49494  4981  8584  136736  21729  71823  43127  9014  64738  23715  10420  10665  6389  10324  22609  29118  82628  164982  102393  74200  49831  2871  1776  2660  13524  977898  787662  0  3.0422e+06  921302  170700  70864  719991  64730  98192  11757  38437  59645  143049  88830  20120  110147  5217  38500  275380  43784  335269  162916  17936  139305  119946  214141  
1569  1438  2357  5074  1220  2028  17416  26317  9769  10141  12653  1160  624  1475  14260  8523  13818  107510  22755  93400  6950  4569  15267  5015  22055  4600  5869  6743  15026  12205  1276  18591  1693  3630  63811  11624  32968  20056  5990  27137  12037  11881  35825  7910  11801  66334  55073  243686  192144  159773  49431  9730  2956  1914  2141  30561  31696  1.78387e+06  2.73987e+06  0  522236  72188  17353  2.00792e+06  25302  310945  26648  61221  78553  914353  1.69531e+06  958302  241822  5303  57931  249517  49088  338028  125218  16033  118949  123355  166825  
8877  7051  7722  27343  4977  4607  40456  140678  13422  34061  250434  46842  32871  76479  211530  85275  97159  597456  131660  1.14874e+06  84697  51929  91482  48013  123779  34020  40991  35559  82466  69026  7750  114348  11986  22266  344348  51842  186388  107162  18977  239181  58510  23435  6722  10308  81133  8982  4957  36328  507217  3371  24907  287359  142274  145452  631955  2.01365e+06  68073  41379  1.06696e+06  140194  0  2.12534e+06  773574  321073  649658  184373  191232  108281  75234  196723  79321  18017  81421  4085  24695  343074  44124  223410  81074  17866  355513  114864  263816  
1071  931  733  1529  656  317  4311  6093  290  894  2700  922  516  536  7230  1146  1722  50290  14874  48591  71680  55722  36243  22799  33084  7528  5685  4596  16291  10316  404  7175  428  1819  46687  3440  20180  8989  2319  54934  6735  1677  1047  1020  2968  1330  437  4435  23083  145  816  848  2304  2217  3195  52079  959  1632  327886  16809  997085  0  434211  156364  224602  36169  29293  17132  11849  17302  10365  2483  12483  510  4529  78752  5309  39822  15154  2726  58909  24116  32735  
195  166  175  430  81  42  847  1259  56  122  839  333  202  174  1781  191  317  10264  1892  15299  19579  44656  5635  21636  7221  4080  3073  1162  2297  1373  81  1102  55  263  36864  677  3606  1477  1284  50979  2113  653  359  556  1148  268  96  1734  7830  34  166  123  776  653  782  101174  188  264  115323  1770  344483  403848  0  126751  656969  52966  63793  19399  8905  11852  4065  215  2821  94  1216  46899  1954  13814  2024  1425  78007  8909  7912  
1636  1525  2264  5702  1187  832  13958  21185  2547  4160  5738  1334  673  917  10388  4274  4131  63315  25830  52752  18980  24328  57173  68824  56254  9933  7294  7418  29435  18196  720  11758  701  2990  53099  8471  32336  15150  6199  31982  11408  12943  21403  10280  15229  21071  9072  100273  223758  9505  7836  5449  3785  2298  1744  17679  7802  17996  608671  1.37942e+06  223893  223376  315013  0  463323  1.06964e+06  63684  103769  94705  1.28445e+06  1.18528e+06  50083  122712  1833  46191  215691  33558  421823  66229  17794  87175  126169  142091  
280  260  458  1476  142  89  1959  4189  212  416  2648  1310  1045  540  2836  638  756  12589  2278  17393  19652  124921  6555  184238  9922  4959  3863  2271  3119  1782  102  1782  111  369  63827  1478  6863  2673  5737  65273  5056  3377  1784  3407  5136  968  441  9697  44522  149  841  389  2988  2553  1494  976319  964  1088  151989  4669  534612  281869  831986  509029  0  1.73443e+06  986159  185087  55615  75189  21137  757  11918  349  5360  138149  10288  78405  7471  7499  348672  58031  36445  
386  353  774  1964  246  250  3559  7197  996  1503  3647  956  724  599  3585  2012  3063  22510  4688  22029  4195  11348  5708  12592  7892  2002  2206  2336  4081  3047  278  4196  344  807  34241  2852  8767  4827  5674  20874  5137  4744  5404  4974  6169  6117  4027  35245  66306  5667  3385  1434  2578  2177  1186  67202  2822  5066  131090  102451  65455  74235  114127  1.85207e+06  1.91828e+06  0  1.3275e+06  1.27897e+06  307435  3.42482e+06  133834  3261  16044  372  5967  425364  54646  91446  20752  16691  810305  171395  57621  
119  122  268  766  73  115  1048  4946  215  549  4397  2331  2797  925  1968  958  1107  8004  1252  9942  2710  5875  1643  7817  3298  1485  1365  811  1145  848  82  1330  148  275  24996  928  2717  1421  1331  19197  1571  785  264  527  2561  479  236  1972  46929  166  247  362  4440  5320  1755  321511  290  647  42749  4196  116263  57938  107595  73750  770041  1.28982e+06  0  678533  20726  28138  3737  579  3448  241  1387  61879  4233  10849  3509  2267  538266  36863  10239  
264  169  516  3916  110  126  1867  5041  324  816  4164  2129  1742  857  2423  1412  2575  15281  2211  16545  1603  3464  1611  5781  3505  1262  1567  1307  1522  1370  163  2731  280  417  27533  1859  4337  2417  2975  16078  2322  16881  1825  1972  5487  1986  806  6944  37413  511  2361  805  5577  4583  2111  109623  4618  2859  31648  8295  48253  19297  25224  67028  103507  982725  567804  0  249953  33199  7656  878  11493  1249  38943  242554  33720  41709  19082  21260  838266  390473  29098  
985  334  2259  45231  121  221  3512  9657  680  1145  2090  8325  1671  1449  1440  1279  915  5141  1112  6690  500  1397  1230  2882  2352  501  1160  4334  2135  1402  127  1384  110  303  7600  3275  6078  2180  13892  5465  5776  243982  22380  40736  50665  10762  4694  80568  75129  783  9857  1429  19791  9643  6776  7562  24159  19799  46704  16490  22904  13550  5793  66011  19800  232754  4814  272546  0  413092  432699  7434  387443  8096  243804  179397  68219  129749  22426  51633  142337  254726  32316  
718  707  1145  2036  546  675  9395  11547  3452  3741  9121  473  296  875  8612  5282  5634  44097  10020  46611  3926  5381  7862  6471  10424  2535  3026  3812  7102  5707  525  8128  829  1699  26717  4926  16786  9035  7555  15069  7627  4971  48276  3868  4882  90364  50912  111459  80491  25002  15924  2516  1216  852  1232  22374  13254  82656  250462  471167  97406  64858  29000  2.15036e+06  94819  3.73531e+06  60734  118665  533658  0  4.64188e+06  42761  36044  975  13586  179323  27423  148570  55156  9282  146989  51398  74623  
608  738  1833  3238  654  936  16124  17846  3775  3448  13691  712  398  1404  8774  6700  7186  44099  7794  54475  2618  4251  4590  5102  7126  2814  3423  2981  5035  4281  543  8269  984  1437  27713  6622  13847  7997  6797  12564  6636  14322  106381  14381  14621  186654  112082  166539  174432  23021  21579  3027  1914  1308  1930  29726  17415  448408  307629  694674  119273  88519  25244  891980  64093  235193  25502  42142  578364  3.77548e+06  0  1.74792e+06  3.35429e+06  1775  37862  120130  32255  223653  63402  10735  65731  50362  80563  
305  306  643  866  314  459  6845  7522  1718  1596  12794  203  167  1153  5771  5762  5455  27530  3903  39412  1118  681  1197  780  2552  1696  2085  864  1737  2029  339  5064  691  858  14110  3131  5950  4022  819  6051  1900  3538  41111  1609  2187  77542  54476  53005  47043  10202  12249  1888  458  410  1107  26447  8251  693760  128316  959525  100985  31074  4846  96236  9879  36164  21396  16412  16704  164615  2.26852e+06  0  790280  1649  16521  65789  15445  57498  27533  2375  33815  15890  31509  
1212  1038  2333  9983  1101  1527  19103  33391  7385  10342  92989  1861  865  6845  17502  48723  29622  92595  13203  153955  3909  3641  5145  4232  9318  4814  6257  4081  6617  7980  1357  21613  3309  3924  60938  12572  23538  15425  5947  19075  7974  320186  129466  25520  24354  132052  254886  119861  231881  4190  283635  18405  4149  2690  6742  86438  307132  1.69824e+06  499395  192957  362733  138260  27238  249669  53763  63966  77837  75167  408821  84823  3.52567e+06  1.37289e+06  0  858260  1.19868e+06  241755  99610  393492  113848  17158  125457  94395  164909  
67  74  152  416  91  159  1841  3427  691  1179  9892  127  65  649  625  6009  2384  4147  460  9478  127  105  223  113  322  168  205  200  268  414  86  1497  314  295  3674  1031  1410  889  261  682  335  7942  3944  574  943  10176  9336  5188  22426  174  93022  3544  331  254  653  4196  189881  324538  25680  5722  27660  3300  734  1915  1451  2147  3079  4893  14048  5141  7181  11364  520416  0  366700  12797  6275  57838  14695  1690  6479  5511  11328  
350  510  1618  9764  758  2390  25726  37446  6083  6190  25142  2199  740  2342  2359  13653  5746  13515  2286  24436  642  554  1184  728  1500  578  979  1097  1185  1437  268  3895  706  791  17624  6491  6256  3627  1521  3304  1683  1.10082e+06  133594  22134  22563  761673  1.31686e+06  118176  308492  3917  1.48447e+06  20144  5085  3080  3351  14665  1.30822e+06  798598  125012  41520  75741  18481  3605  31239  6740  15322  12262  64726  284695  61730  111165  59487  1.84654e+06  906241  0  104063  67965  212059  60066  11966  30352  54533  50438  
1998  3815  17635  25426  4390  7296  122066  227201  26770  28685  40309  5341  4131  5118  14042  21669  14145  79014  18186  95184  9086  18261  14981  26844  18751  5090  10536  10361  10437  10082  1253  15220  1459  3220  391103  67364  46655  44000  21461  68592  34143  78829  66035  142570  114547  124280  74434  473497  2.82791e+06  13615  337421  198450  15468  16976  13811  128199  502618  140543  773761  168434  645147  209726  78118  518296  186803  811206  148164  643524  530760  340371  102118  17243  105124  3940  61307  0  2.09926e+06  1.59237e+06  1.20671e+06  245889  2.51733e+06  1.56021e+06  2.88723e+06  
1518  2836  20428  26779  1016  862  70348  103991  4030  4623  10000  4142  1367  1574  2001  5577  2706  7633  1489  12637  440  1116  1240  1906  1497  459  1131  2592  1212  1452  206  2170  251  517  26563  27171  9441  5794  13423  3918  3487  28567  54473  47652  66123  22768  57168  230744  814415  33729  194057  18595  10942  3986  3547  9253  52734  14559  33255  11048  39608  7571  3780  33142  12699  54805  5977  39509  32991  22856  18786  1532  18075  2563  13926  1.27053e+06  0  469754  260037  660989  239810  92361  218324  
891  1393  7692  14359  946  1433  38080  96533  11348  31809  24668  4043  1924  2982  3825  12547  5045  17137  4843  25300  1487  3474  4903  6680  5272  1248  2115  5091  4217  3592  425  4688  571  966  31656  16753  27594  15136  39749  12796  13430  76738  54152  123710  79044  82881  21687  317444  1.07447e+06  11965  341761  100286  12194  7757  6447  30324  494053  86882  347709  92628  197122  39171  12365  130582  32873  59088  22838  61093  74179  88295  90240  9764  73565  4961  85702  621462  659999  0  1.82652e+06  248890  150603  231823  317366  
135  257  1230  2248  377  710  9794  20018  3046  9058  9752  390  300  950  1222  5606  2109  6187  1592  9546  350  517  1055  981  996  335  525  549  765  783  137  1444  232  332  14789  5765  5508  13167  1687  2911  2638  11141  15665  8807  8355  32290  9522  60462  390645  3174  135430  42466  916  1066  1687  9558  174626  25305  92549  34842  79824  9995  2662  22127  6961  21041  6644  18754  16209  28915  27570  2895  15965  1172  14814  297983  172608  1.49495e+06  0  6319  271502  120052  566278  
1631  792  6694  27439  47  33  9832  13894  119  457  424  6393  3727  2134  1116  247  204  1043  268  1982  188  444  426  787  656  113  1460  6032  570  616  42  676  15  247  2021  5986  3302  1118  14190  1306  2760  71051  1482  85013  74144  492  310  90453  57455  472  5542  484  36908  23763  10827  3775  2351  1238  4782  1625  7931  1976  1247  10101  4238  11690  1268  14329  45489  9283  16127  381  10715  128  6444  102999  384555  160514  2544  0  15172  21943  3808  
855  586  1695  5038  361  344  4625  11262  778  3138  18060  3436  2724  2371  8965  5692  10206  54444  7739  58925  4337  11282  5127  20475  13145  4808  6274  4529  5333  4746  751  10184  1009  1559  101990  6971  15308  12441  9232  62783  9118  12177  1827  5986  16871  1656  983  14306  71871  426  14048  7943  12177  9756  4131  197346  18215  4616  65415  8857  125740  43547  61078  43978  167697  580040  540113  922088  159577  71725  13022  930  8833  421  5945  1.45618e+06  100792  96906  141839  78515  0  1.52577e+06  220139  
200  152  553  2623  81  93  1709  3503  314  1214  2476  1016  580  424  1119  1384  1019  6027  1365  6818  659  1396  1260  2488  1852  457  832  1313  1112  902  98  1271  102  290  21499  2006  3694  3042  4564  6386  3432  8305  1288  2393  12781  1721  898  7068  30974  691  7297  3125  4756  3158  1343  20227  12398  4823  64459  14916  32587  20073  6747  65358  15495  214620  19985  810149  413483  25642  11768  1553  14586  416  11980  717483  64327  103533  108848  53219  1.24993e+06  0  144949  
5158  12225  17601  37853  8511  11934  98409  590060  22873  558327  345977  4189  3532  7326  18413  430765  110213  370293  121440  334773  15170  24455  93822  76536  47792  11941  31724  31221  35623  41563  7188  41585  1952  9117  2.66344e+06  747283  510098  1.97635e+06  34972  119705  191092  12987  14699  10227  25285  26874  27683  79265  829582  18357  331084  184984  3594  1805  4068  40474  432075  71723  319547  83118  307492  61158  14798  111300  46214  70159  33550  74967  57687  49339  41492  6837  48757  2215  30239  2.35792e+06  348418  1.04853e+06  2.81445e+06  10868  862437  323592  0  
