4186132  
2427758  
678274  
3525181  
3610726  
4395223  
7373265  
13351231  
3989690  
7258186  
3106210  
2345258  
2306446  
3721400  
2819582  
5428649  
7397089  
6474750  
7415030  
8848700  
1438230  
1188598  
3738713  
3460091  
7162704  
2112103  
1615202  
1991763  
7964682  
9153265  
2877351  
8856897  
756225  
6372192  
10331878  
3763294  
5928068  
2426919  
718545  
4034313  
1949660  
4873734  
2362656  
594397  
3482003  
3444375  
4864702  
7814729  
14107196  
4840747  
7340748  
2328326  
2526392  
1903583  
3532301  
2727602  
5821398  
7555725  
6842192  
7802588  
8842174  
1718413  
1232596  
5061115  
3680002  
7893886  
2296626  
1984037  
2178286  
9257943  
10245544  
3472276  
8596830  
875969  
6213717  
10516025  
3241201  
6087758  
2505289  
757607  
3493743  
2061680  
10648569  
