4817220  
2395406  
708311  
3186422  
4543467  
4462990  
10229824  
15306395  
4789458  
8682336  
3457251  
2335690  
2547141  
3605917  
2935168  
6862034  
8482996  
7577658  
9517730  
9522798  
1552483  
1355990  
4435746  
3809643  
7317291  
2046994  
1913520  
1811422  
8885495  
9652355  
2938551  
10172026  
804199  
7157308  
11425187  
4597884  
6188232  
2484288  
653101  
4010437  
1955128  
5034259  
2482009  
545664  
3018329  
3594165  
4821215  
9611254  
15600860  
5123268  
8364333  
2713521  
2570609  
2164935  
3515585  
2838747  
6658856  
7870989  
7850159  
9117200  
9781313  
1968974  
1226966  
5923695  
4301665  
7088756  
2220136  
2083607  
1780304  
8503324  
10718968  
3720789  
9543524  
1043866  
6859187  
11517296  
3255350  
5358642  
2476231  
671466  
4038210  
2198405  
13093647  
