0  1.29197e+06  43968  615794  298877  16524  522409  24019  4340  6885  2975  4007  742  1048  1782  7345  23220  29708  14461  17140  7609  22540  33566  51493  49750  9254  25980  288094  77653  271478  7942  220446  562  1.10594e+06  135377  289261  369477  60000  59378  61324  51210  1232  198  442  2238  195  236  2782  5005  872  1571  1065  1104  363  329  264  1599  381  3557  793  4236  1111  761  2102  2268  602  212  151  195  640  427  23  338  15  189  5237  3108  1553  940  1186  1727  496  85166  
868217  0  10729  11916  1.03162e+06  10553  496930  52322  3448  7251  3825  1342  725  1486  2470  9652  10903  48093  7405  25374  7280  20367  21135  42453  38671  7040  9947  16180  31827  65120  2796  20875  357  131539  423256  753587  256746  64981  24453  82093  32287  13617  3796  5965  15568  1996  541  47159  60140  1196  1827  948  1259  302  280  384  1488  365  3218  724  4191  967  548  2036  2017  720  205  286  322  722  614  70  428  30  341  10390  30710  3468  2155  1494  2342  768  137878  
32001  3680  0  232645  726  64  176551  105745  475  1154  471  456  291  371  576  1032  418  4270  1171  3041  1177  2974  2806  6702  7425  1489  1718  1888  4459  6480  196  717  19  487  55996  248995  65996  12212  64405  11745  6663  43350  1479  15085  46288  513  129  12268  19802  230  382  150  1594  158  142  117  207  58  516  143  797  135  103  597  362  265  49  106  265  495  396  7  92  6  91  3696  72563  1986  580  7540  562  340  25487  
621917  4539  165905  0  1079  48  22817  565178  357  691  611  776584  1943  1645  1674  703  300  4034  1361  4988  872  1666  2018  3708  29125  2416  84517  202709  15135  14353  100  27444  16  12121  31113  214532  70258  12252  164340  14312  46566  210060  6799  99126  937012  1916  1316  66444  174686  1193  1518  698  182985  7025  5872  1943  494  405  2461  1820  7988  744  688  6182  2772  4648  720  1998  17946  23899  16528  159  919  11  454  12493  288991  14567  2632  109617  4569  4390  12656  
440768  1.17872e+06  3246  2637  0  1.14248e+06  1.26012e+06  231220  27427  27996  8543  570  2986  2065  4199  27189  132779  86671  35988  39630  5053  20609  46909  50314  24004  3715  8728  17673  25034  99858  27238  164329  2160  765176  587404  668251  256504  68026  3833  61035  26168  1299  1924  2100  3402  6333  7843  91989  99803  35945  8435  2783  524  356  333  570  4409  1083  6947  1090  7327  970  628  2351  2940  1132  229  495  779  1377  1284  129  1338  65  1766  20273  10361  6367  4896  660  3580  1214  192951  
66167  79133  948  635  971269  0  621666  425996  709380  1.57608e+06  9111  215  4207  1676  1459  58633  145226  34680  74747  12384  1621  5355  18027  13427  7204  1178  2050  8334  23403  75890  31646  231583  6521  1.03453e+06  142741  156607  157502  54595  772  9939  5972  413  467  164  206  3872  18087  41313  122445  90422  80553  7889  126  768  944  344  8523  1616  6909  2347  4270  315  244  1846  934  966  143  330  972  1484  1027  99  2326  76  4049  16582  13060  9632  6681  231  3715  741  127755  
307721  926955  390906  41814  2.19337e+06  796017  0  1.40382e+06  875171  175531  8824  2039  6241  1903  3413  30729  111928  93371  144910  42036  11701  35256  54414  80853  65077  12004  12000  20731  90136  179898  47238  55497  772  44084  684277  1.20065e+06  506879  121735  47407  105052  35864  40332  14399  21997  57776  40524  49687  516943  457700  171121  42266  5027  3311  1177  795  1450  8755  1830  13312  3091  13532  2047  1417  7758  4655  4205  648  1990  2616  5134  4308  354  4261  99  6928  76932  122317  26342  18166  3244  12566  3284  334918  
4272  56229  184175  763111  194946  247852  1.82906e+06  0  1.92421e+06  402459  641374  506266  1.37998e+06  694908  190971  42076  15144  116249  30156  359851  19308  30378  52509  59780  55828  10915  19721  20730  75076  56500  5252  60595  1459  41767  615322  1.01287e+06  479156  194149  19471  87070  32548  117896  40503  93464  192678  73662  164542  911298  2.89027e+06  765620  840786  118658  120530  41564  43030  23450  77035  9069  54311  25194  98226  6529  4418  28586  8361  15643  2143  6209  15325  25194  18448  1287  24212  350  45658  205324  416635  132430  81490  32926  49729  9759  496188  
597  2749  787  447  61734  854612  837677  1.53691e+06  0  1.52543e+06  4678  136  3164  1070  352  11780  38689  16098  154748  3532  423  1253  7126  2949  14486  468  877  3164  61338  54903  22524  18385  589  8236  86219  162592  74276  60076  480  6560  2818  728  808  244  224  4082  28298  19211  197035  183831  250671  15762  144  1249  1747  239  16202  1735  8578  5835  3215  215  206  3409  410  2173  132  465  1959  3871  1721  174  4783  50  9627  19490  43024  20866  13909  270  6995  860  116738  
10884  15270  3132  1792  70879  1.18465e+06  256803  810683  1.59152e+06  0  89788  433  1542  6264  1250  2.48566e+06  246819  79120  116447  18049  1289  1973  9966  4395  9810  1011  2224  8729  46068  69686  26364  456487  68738  698056  209518  433633  295102  297447  1362  18864  9019  1136  1273  697  782  3000  6663  11418  136103  49443  491956  72407  561  1147  3446  463  168048  15177  25308  14742  8740  617  981  5726  866  3016  585  960  2296  3754  2046  248  6616  284  10999  31073  37294  23353  22792  838  16121  2041  311173  
380  1123  1169  2596  2633  961  10286  848805  6123  102690  0  30937  293643  1.29816e+06  74220  72322  11391  117402  2105  935154  2034  1188  2461  1920  2866  1322  2215  1685  3241  3497  767  12553  2711  8141  28860  14462  26315  13900  1249  9008  3588  2023  1048  908  3033  2778  4310  13176  134063  15815  313166  289947  11819  23887  103192  15546  209339  30951  84102  10880  140193  2015  1942  7217  1314  3521  918  2427  3095  5739  3363  590  10305  955  12242  32778  22748  20226  16251  2890  16579  3154  38832  
7856  4594  7119  770126  6714  118  28137  842591  485  1098  16140  0  367680  147972  102180  971  403  5904  1545  153368  6285  5622  2229  7800  19943  3358  58560  109332  13392  10719  95  11877  46  5295  28685  16638  45108  11346  75606  20993  54091  65492  1773  29850  285320  2011  1661  25706  348534  2315  2246  4389  708506  59979  33930  21358  1224  617  4367  1939  64019  4123  2296  5064  3830  4688  938  3002  25678  28228  17405  150  1135  29  785  9129  66068  8114  2349  55771  6083  4396  9978  
375  2872  3396  9717  6074  1438  28300  1.01464e+06  4012  3373  174426  267161  0  738766  465352  3217  1144  14228  1627  521687  16687  13199  2535  17786  8179  9128  16978  5275  3519  3201  167  2020  171  1033  40335  12244  23670  7425  8704  51885  15110  6133  1149  2105  14893  4933  13574  38492  337662  52539  26341  20019  98163  332500  59715  44818  8504  1499  11484  2614  124462  4123  2102  4409  2730  3152  1256  3246  7547  7707  4760  218  3665  95  6349  31390  20369  17977  10634  11415  9906  3945  27775  
442  1254  1989  8807  2570  1071  10392  587195  6748  22486  1.69893e+06  152479  960703  0  800728  18080  7127  53739  2266  1.04061e+06  11221  7425  2186  10416  7482  7176  16524  6198  4484  3792  299  5922  1427  4418  60275  9274  21476  7652  11221  76163  19169  9536  898  2648  21352  2186  4342  12900  219700  33445  198206  163428  57221  272817  507495  85446  82044  12472  38053  7410  291037  4684  2305  6247  2599  4521  2551  8410  8301  9162  5623  285  6120  452  9901  25710  21124  18395  11841  17111  25503  6571  26508  
480  1906  2753  8109  1712  172  5851  146713  549  1330  109555  122150  379630  646374  0  4348  2328  47027  2737  1.85649e+06  117561  86371  6077  586757  17459  70540  27535  6300  5659  4182  295  3629  336  1549  51513  6750  15713  5502  12354  99946  20008  12408  566  3574  25573  936  1400  8633  57438  3825  10445  40243  30789  40281  137761  242508  26286  5217  54464  4974  236707  12393  5363  7256  5385  3639  1523  3426  5548  8347  5346  445  4416  426  2451  16406  13420  8551  5352  11932  16910  5436  20198  
8997  11236  3793  2431  38194  110644  46842  96390  86105  2.56359e+06  203087  667  2457  12957  1942  0  2.11443e+06  656159  195551  79310  1840  1906  8333  3838  9947  1552  4522  20074  54309  58166  20682  696719  363756  696296  201854  101817  447503  247134  2311  30058  14153  1055  526  388  645  1745  3577  6063  21593  8169  119513  78548  748  779  4329  1483  230418  71658  102553  9829  36567  1783  3121  7869  1652  3475  1411  1959  1925  5030  3106  775  13175  1432  11397  44434  8910  13431  8532  850  16619  2690  241221  
38644  64890  3898  3495  290509  221720  221630  89956  122669  421048  266703  1278  4855  30913  9330  2.55338e+06  0  862318  1.89903e+06  296359  4007  3657  22756  7847  27361  4394  11942  23953  212559  704881  721159  2.13021e+06  637763  567711  160815  62905  310138  98872  5340  50327  33888  2125  888  866  1047  2093  4034  10978  29515  11481  107973  147603  1529  1561  9632  5245  268018  76702  248778  21294  150128  2860  3939  12476  2401  6647  1673  2670  3485  12964  8575  1801  22528  2441  13427  65716  9750  28393  19930  2307  26514  7517  113345  
11500  16483  20103  12344  27762  37063  77072  178760  124136  149376  98279  2881  2648  7121  7470  661481  418579  0  3.15582e+06  875139  180030  44221  941354  48829  253576  82334  58804  48146  322579  220635  13685  241741  25064  156215  363463  82356  530574  221895  19974  350076  109779  8809  2095  4017  3389  2357  2854  17894  36285  11317  35992  52977  2028  1275  2098  9198  70424  32097  422569  101153  250868  36496  53823  191761  26919  43610  11605  10614  10160  64482  33409  3185  31114  2651  12284  230636  15693  49434  26904  8199  90273  21325  244074  
12239  17569  17360  11395  78112  52425  190358  153538  266854  104004  14321  2828  1706  2504  6105  118322  1.7068e+06  2.94803e+06  0  135711  7755  5860  1.58359e+06  16464  585448  49978  53760  57230  1.70377e+06  1.67348e+06  744646  401769  12521  129838  187515  56036  482543  183857  16766  252367  105111  2990  824  1436  1828  1251  2643  11936  24235  10002  20510  7604  1418  766  917  3278  10216  4077  96149  30066  82658  12404  18706  68190  9026  14227  3871  3427  3303  20146  10607  808  7803  597  3378  69187  7436  16617  8346  4579  27417  7468  116126  
9043  15675  23143  23223  8891  1168  56828  386459  4172  13927  931268  127058  411679  683426  1.81944e+06  56473  20317  1.2312e+06  79120  0  2.53841e+06  966750  89786  1.19089e+06  202731  274935  213710  40452  166096  108849  4300  66057  3306  23197  332413  60609  238858  89832  24664  805826  95847  22467  4427  9825  23399  4570  5023  37353  146699  12302  55135  119858  50904  56281  70033  153141  111098  31941  563876  166673  1.77201e+06  273346  134793  426404  93553  94990  30517  24768  21310  108968  57586  5979  52925  3776  21804  237298  34641  86009  45741  24859  154905  39832  200153  
805  1543  1861  1147  542  49  4932  6999  162  365  1911  791  1742  1291  37415  396  351  228110  7991  1.02875e+06  0  565987  67561  367273  42932  130315  16308  3296  13378  8748  191  5152  40  1581  37477  3561  19961  7380  1259  82484  7493  796  168  341  402  123  127  1402  2723  224  440  746  660  591  789  3772  606  251  26662  2996  105802  146445  39636  76704  32051  9639  5155  1961  976  3386  2142  188  1898  38  591  21066  843  3415  1349  745  21646  1841  31371  
1262  3330  3296  1569  1280  25  8714  8799  117  192  440  474  859  969  20348  191  130  149844  2461  209890  544510  0  92055  721201  125159  111507  11548  3764  11612  13587  102  2955  16  520  33263  3296  23748  3604  1463  65694  5415  422  105  193  296  81  46  1235  2265  115  172  220  381  315  414  1880  212  75  6476  723  21014  122192  47311  14055  80644  4127  2270  1007  469  1250  897  42  557  12  202  15398  549  1272  397  553  13878  802  14846  
6334  11683  10191  6738  6604  868  32299  54426  12242  7961  6709  1280  920  1733  5872  5857  7863  929997  1.21758e+06  140858  78805  106894  0  371547  1.03168e+06  193341  84075  28697  1.19373e+06  757994  10203  137694  216  17324  95605  20976  161635  47914  8479  167549  45493  1332  442  635  951  427  416  5101  8596  1401  3304  1340  655  330  398  1850  1954  599  52562  6898  93600  32411  44543  197137  21288  15533  4676  2223  1390  5878  3948  217  2801  70  853  46579  2314  6826  1813  2533  27763  3298  54607  
6163  15161  15372  7284  5777  116  38643  34533  577  746  1339  1441  2593  2886  475864  695  576  164028  10781  484445  410150  920243  469411  0  1.65224e+06  860024  70462  19387  56606  81606  415  14325  39  2441  114301  16654  98811  14691  6464  302519  23827  1241  393  619  1012  307  217  4426  8073  416  559  804  853  577  666  3411  667  210  9702  1707  35599  47960  22259  41437  199615  8899  4288  2460  1204  3185  2333  95  1171  25  427  48139  1640  3659  848  2031  39663  2342  96423  
10795  12827  20351  11121  3479  564  41431  40056  11820  2691  2011  2570  8651  2608  24143  4466  2444  214237  93579  99689  56693  145714  1.09079e+06  1.61826e+06  0  2.13293e+06  1.62213e+06  149740  3.32438e+06  217529  1314  14545  105  3673  178173  28891  114715  26917  13084  550789  95546  979  301  545  1159  313  390  3674  7409  1261  1888  2517  904  432  431  1299  2169  561  15420  3135  28603  11373  9322  32234  20324  8519  2848  1826  1139  3600  2499  122  1390  69  540  36087  2080  5215  1773  3699  26171  2952  166033  
2023  1456  2898  2087  315  30  5177  6168  366  481  851  673  3312  633  24820  470  232  106900  22793  47098  46341  64535  204802  355024  1.9021e+06  0  771395  8744  75296  23725  176  3128  32  991  27280  4599  19606  7341  2241  177411  31258  189  52  87  210  70  109  731  1533  315  366  764  209  110  110  316  597  138  4086  625  8310  4028  2589  9466  3411  1508  582  340  231  684  474  36  308  16  134  6539  379  950  362  534  4958  523  129256  
39437  5775  5253  47604  1125  124  10267  19094  803  931  1218  27391  15021  3497  27799  1358  820  43385  8310  59031  13438  9684  41039  45937  1.144e+06  746857  0  356504  102745  11021  219  3803  63  9746  120517  14973  98332  35134  16546  623356  313992  1003  121  502  5632  215  377  2576  5937  1198  1176  3866  5967  1159  963  884  2711  554  8865  1195  12762  1849  1459  4504  2342  2181  1140  997  832  1803  1162  75  821  64  366  17461  2907  2089  1209  1522  12147  1268  54803  
213987  34774  31389  125653  7252  1087  57050  29087  2426  6079  2950  54760  3386  2772  2991  6794  5572  39931  14626  22395  9205  26803  38598  56948  158915  11025  274853  0  127313  276734  2922  431878  244  69258  79664  52991  382331  99402  55064  92805  538617  1311  158  662  12207  254  429  2557  6007  1197  2007  1108  12170  2235  1754  711  1845  406  4614  1251  6180  1345  801  3741  3327  1466  381  401  1314  3480  2588  42  618  36  257  5826  4473  6255  725  7766  2763  3978  37368  
12231  14366  21214  12121  6136  4046  68885  86594  157243  14477  4595  2154  1827  1975  9518  27381  34026  223636  621707  137333  18969  35046  990837  85820  3.71187e+06  75321  185742  235066  0  3.98159e+06  24342  57012  557  8766  168487  39105  149206  59567  24498  414038  106890  976  367  595  1136  500  1233  3801  9745  4867  7091  2783  1159  676  756  1811  3803  1178  27463  8963  42530  7104  6589  25379  7829  6623  2004  1319  1542  7458  4845  241  2524  151  1046  18548  3387  9505  2637  6865  10373  5575  61090  
40903  76521  33036  16565  103049  36921  258362  111987  146323  29173  29999  1776  2231  4121  9151  33462  831865  279275  1.1123e+06  156322  37511  116385  714605  270891  297613  46202  31151  343732  3.63194e+06  0  1.25804e+06  3.22644e+06  3641  59589  253383  69495  380023  185111  21728  353589  74551  1305  800  859  1529  1138  2826  11225  23670  8781  16246  16559  1059  669  1082  1989  22745  5388  51501  9304  49076  7258  6118  22119  14433  5758  1684  1318  1547  7232  4654  439  4564  382  2270  25072  5568  11660  5189  6122  13046  5178  162209  
2540  6891  1410  815  66822  26703  114754  18769  36274  11696  9170  130  364  636  1089  8147  995298  45012  839583  33544  1918  1959  23573  4165  10393  2009  2025  6628  96211  1.92287e+06  0  909956  4281  16537  20262  8701  48761  32788  757  8195  3981  182  118  93  127  292  784  2509  5078  2698  5297  6436  87  66  194  391  7038  1714  16447  1532  11774  373  274  1161  355  527  131  203  217  971  661  109  1225  135  600  4766  1143  2434  1813  220  1975  632  23772  
254470  142557  17545  40443  200804  132602  151895  198793  42013  360033  170451  13290  3814  13795  10741  442176  1.84827e+06  607097  299994  371291  38593  55422  331157  127691  85247  22935  23141  818529  92777  3.92693e+06  784980  0  724301  1.508e+06  139531  58459  924884  113421  10136  71249  81689  1679  1012  894  3397  1695  2885  15442  34929  11695  53943  89990  2756  961  3701  3368  124875  26558  157766  12691  117723  4273  3393  11126  7527  4772  1300  1771  2408  7972  5421  1204  14324  1757  7381  39966  7592  19054  12405  2765  16254  5104  113174  
3395  3566  93  98  8843  7431  2573  7885  891  51331  26441  56  266  2364  357  183857  307550  44907  6160  19888  218  191  960  366  749  171  336  2039  1529  4954  4613  466328  0  291256  4658  2356  66576  5227  131  1257  879  65  32  29  45  88  162  482  1467  581  7636  9711  89  90  678  230  18462  4009  10984  666  7960  123  170  433  90  178  64  107  118  302  216  73  1276  192  917  2436  492  1096  598  59  839  211  4581  
1.01557e+06  268872  2358  10825  951325  1.43728e+06  72560  218010  24609  1.15256e+06  88921  3114  2190  8333  4468  1.35377e+06  997259  307673  98712  106049  7557  15474  57274  37726  26317  5388  15384  109777  46131  210639  70182  2.02388e+06  765207  0  104782  89524  1.32475e+06  43572  3351  25835  46542  587  488  336  1380  1357  3252  13053  28585  12538  31352  27853  1161  665  2276  1071  55571  13050  36244  3293  28140  1186  1018  3185  2393  1314  346  506  754  2108  1379  288  4174  470  3329  14103  4332  6088  3836  595  4638  1208  59558  
36322  119203  188457  80182  196409  24989  607894  1.5949e+06  84130  697588  133401  20804  44904  56517  104334  421721  60030  1.08341e+06  142939  518070  51525  62453  220006  137863  340741  67587  397233  250366  347928  459226  11395  146565  7158  61488  0  3.74412e+06  829971  690853  300736  2.36233e+06  1.25126e+06  7517  6617  6052  12296  13517  16942  153488  286745  61479  57185  27086  7630  5002  4884  7111  31120  7258  57192  10366  74325  7201  6124  26123  15570  18331  8156  8093  6476  15924  12043  723  8402  395  7364  308578  48100  52625  45800  27038  91864  24561  5.08562e+06  
28852  228513  449907  149587  159817  3524  760103  535905  14889  128502  68686  1589  3624  10920  15359  97583  17137  217929  13509  104335  3923  5393  15338  11536  33807  5164  38096  31958  35502  39204  1381  18225  1837  13279  2.21253e+06  0  320859  501382  574525  173829  163221  3358  3169  6319  8834  3592  2464  49882  89677  6985  17573  6823  1076  565  717  1179  9765  2060  9275  1753  10948  680  539  3104  1236  1513  296  689  773  1901  1443  109  1311  80  1394  48534  18015  10360  9803  3998  5800  2954  858832  
111333  156009  263612  176866  142169  15681  528319  1.16455e+06  73985  445376  114059  36842  19045  27204  37827  238360  59866  335991  115515  155652  19351  45886  111390  98982  76290  16769  43570  83972  79339  131916  19490  177378  5162  159319  278078  1.24747e+06  0  1.51587e+06  293047  109570  158875  4325  5185  3737  13767  6903  10587  87150  184585  42547  88346  33296  14158  5748  6147  3518  43210  7837  29551  6177  30614  2714  1862  8494  6310  3696  806  1329  2720  6045  4509  342  4728  281  5311  36309  26818  22253  11980  11348  11154  5645  215405  
2830  24681  34591  10271  36654  3047  98455  338215  38775  218963  30085  3039  5535  7711  13210  113383  19683  95541  48196  44865  3632  2585  15043  4882  17584  4207  36757  28360  34221  46314  11877  17123  584  5672  149346  406794  1.38937e+06  0  25743  46318  177699  905  1067  748  1633  1681  2271  19238  41353  8144  17222  6379  1760  999  1103  1029  10915  2135  7447  1319  7877  484  355  1880  731  938  220  357  522  1211  856  90  1145  69  1252  13410  6818  8202  15341  2274  7601  3361  593060  
25192  4078  79859  175851  530  58  23151  9338  601  1717  994  24801  2928  2312  1935  1537  751  11918  5226  7989  1390  2767  5120  6633  17576  2940  28283  43466  25110  17861  211  2182  44  632  109142  365485  269612  62892  0  25619  120012  1711  115  1521  8491  196  278  1106  2806  322  687  466  5312  986  785  425  640  210  2142  805  2599  363  343  3200  1444  1442  311  331  1252  4069  3354  50  496  10  106  10471  5498  9778  703  12221  1977  7026  24198  
44061  16154  30858  54787  3944  371  50152  111465  3557  3761  4549  35037  56510  59444  158265  5762  3413  141372  26223  208503  49729  36415  72879  111362  605212  390103  1.942e+06  215017  280250  288608  1005  11947  297  9287  2.06929e+06  74238  259449  98677  56865  0  1.82631e+06  7858  889  3812  13280  1124  1526  12402  32924  4276  4645  14466  11602  6238  5405  6898  8899  2802  69307  17591  77564  15359  19041  50061  27283  29319  15408  12632  7576  20869  13500  694  7125  472  3072  215401  17224  22801  8556  19337  170934  15667  223314  
5571  2001  3980  11605  1846  252  7131  17718  2370  2920  2856  13101  9599  10034  18236  3797  3240  79877  29818  42817  8261  5946  48509  13314  122513  65366  970701  263657  63582  32366  1171  19437  121  7433  689375  57147  285791  365046  63401  1.22893e+06  0  1757  158  1311  4598  251  313  2309  6079  747  1432  2610  5969  2885  2259  1030  2198  611  8622  1441  10555  977  767  3248  1697  1966  749  818  1129  3111  2284  92  912  65  365  22150  6713  6949  3727  7147  8394  4075  193057  
366  2310  10135  26939  2020  278  19366  29035  3425  3631  1995  3168  751  531  731  1987  722  8116  1113  6032  811  749  1171  846  1246  400  1261  2142  1433  1124  82  864  90  345  11882  7905  3866  2076  3028  3934  2658  0  1.34557e+06  103124  679072  424026  100982  553952  192546  14108  29517  8773  7534  3313  2759  6078  15058  8253  46910  24974  39212  5088  7087  101344  28319  50464  5769  31300  263736  137651  176478  6265  285539  480  1.37314e+06  489230  497369  635642  125371  114941  72639  26076  157413  
138  6496  11524  12465  5781  226  34164  40982  2351  2054  1872  262  384  300  775  1663  602  7559  994  5812  829  657  1196  786  934  369  553  293  943  797  69  642  75  315  10382  5554  2421  1725  987  3260  1082  981449  0  7314  3382  638822  50946  407569  47649  22997  36045  10166  816  713  831  7301  14310  9796  47749  22964  46533  4630  5583  87040  17832  46403  4212  24571  28775  52967  95171  7234  41470  288  37131  552573  696342  352974  96129  7598  113828  22166  154234  
77  1210  6358  28350  693  15  6677  15747  71  161  109  1115  44  35  63  119  38  529  64  446  71  77  118  118  166  44  211  262  178  176  4  62  5  26  2543  5323  742  301  1237  755  625  45654  1014  0  168103  564  484  127048  96103  456  942  382  657  288  336  594  661  292  2602  724  2999  368  407  5101  1392  4591  393  2872  2136  3853  3547  114  841  12  1058  75347  201051  42595  10340  17417  11242  4024  16664  
2202  9599  68394  940819  2958  34  65219  169565  174  344  463  208737  3923  3000  2178  265  123  1429  318  3472  360  506  655  934  3628  454  10169  18494  3661  3282  29  2050  12  751  10896  56309  14919  2291  26844  5391  12244  825404  2695  187610  0  1100  1141  13697  509915  933  1572  694  932782  5504  2934  1537  795  441  3096  1805  5669  643  669  7132  2327  9521  971  7755  64305  48954  23296  219  1580  15  1132  49476  423378  50380  8137  103112  9319  10770  13141  
109  3534  2312  2044  15524  3616  86103  79514  22920  5358  2614  210  3125  507  831  2985  1094  7077  969  5948  620  543  1072  899  857  287  504  439  1216  1390  160  1289  131  678  17034  9524  7553  3478  671  2640  1155  472061  692046  1400  942  0  1.2624e+06  863043  225369  51686  75012  16108  448  1673  803  7864  31782  16812  65202  16482  60379  3967  3675  44296  9186  35450  3329  19399  29963  53040  63376  12141  71016  879  384691  536835  515718  166870  105958  1559  99697  18836  194476  
184  1192  574  627  13698  17737  111657  265619  200634  34851  5604  185  15285  1876  392  6425  2151  7656  2978  4053  336  694  2172  1562  1730  235  420  1152  4582  4439  701  3750  217  2441  36025  14591  26291  7836  584  2538  1493  38562  51270  1055  678  1.5154e+06  0  883746  464298  687043  1.82502e+06  24643  330  7889  6120  1708  79796  48370  37083  21828  18708  1056  960  26277  2552  37346  1285  4623  19189  148605  71038  8889  163563  3226  955152  100350  282576  70552  60317  997  44546  5287  110015  
1210  78938  66854  104577  147800  10273  740746  519446  33762  7655  3750  2405  4630  1330  2054  4036  2208  17487  2798  12309  1850  2571  4741  4662  3742  941  1903  1916  4005  5916  558  3213  191  1706  89141  76811  30359  12812  3614  12400  5120  346370  658261  245129  22974  2.12289e+06  1.42505e+06  0  1.95878e+06  990111  236053  18200  3209  3538  2463  10339  38759  14741  87961  30265  72892  6798  8151  133695  25860  89321  6115  23772  40779  219192  141206  7737  47803  587  93249  687042  1.04586e+06  547675  175744  17003  141345  25718  277874  
2858  90472  98966  311756  221696  93735  1.1952e+06  3.01286e+06  1.00365e+06  292061  94656  177514  279208  61787  49688  25463  11084  43091  21066  91891  6430  8831  15945  16813  15461  3243  7297  8921  29691  27547  4338  21050  811  11607  302151  224390  168843  67346  8291  34732  16065  55790  56751  150503  688586  232099  366921  2.15466e+06  0  2.30406e+06  557229  708349  966447  1.06766e+06  868528  120155  67471  12780  211601  40645  304530  20622  14872  91974  28906  35732  8742  24254  50668  39842  65833  5743  86939  875  185275  565690  1.69249e+06  615936  325298  49483  153101  29451  483646  
279  1496  658  614  42246  40696  234519  379758  397694  47566  3347  153  13773  978  330  4179  2934  7731  6137  3613  403  1097  3466  2556  2795  304  554  1907  8715  8525  1553  6578  163  3446  59971  22779  42076  12956  499  3400  2153  2534  14456  945  603  94172  782491  1.06232e+06  2.03379e+06  0  1.66386e+06  5590  223  6550  5930  803  32041  8690  41037  55735  5499  397  359  40386  1056  41268  859  2248  4656  124226  25440  824  13347  163  20997  40351  388835  41430  31119  652  19359  3034  73314  
361  1833  886  1161  8643  16965  58562  375934  350403  376263  40287  331  5947  3418  460  50229  9146  15883  10560  7265  399  664  2854  1536  4468  377  1043  1768  15052  6266  1151  7096  809  5115  50714  31171  42699  24062  766  5422  3415  12266  19494  2232  1848  66618  1.6943e+06  177710  917834  1.57701e+06  0  187603  1723  7649  17546  1368  2.52154e+06  259457  134645  83281  28014  894  822  31334  1718  37617  1391  5220  25477  133122  57549  10219  532047  55748  887759  114270  699472  152369  165990  4191  96469  12078  202647  
536  1367  1385  6002  3911  2994  17601  173768  79806  421166  275030  5780  21859  36133  9321  144238  31631  103356  9066  57229  1160  852  2604  1436  4007  888  2270  2074  10434  5880  1485  20347  4102  11484  47520  25006  41118  25268  925  12125  3885  1428  471  717  4602  1316  1998  4648  632882  4383  245869  0  36519  98122  996280  16522  92907  9249  88624  2597  789019  1026  670  2294  794  2169  983  3017  3941  5010  3383  858  10775  1353  7047  31012  9451  16093  15722  5383  15164  4032  56462  
1186  5435  19580  298635  7734  187  43302  426602  662  1777  9136  944979  189067  79856  58891  1219  477  5819  1231  96970  5321  4148  2179  5654  6433  1936  15330  23054  6918  5464  94  2513  51  1205  30415  22302  27816  8314  27438  15442  26450  46640  1495  14598  499579  2180  1904  25552  1.21142e+06  2365  2886  15704  0  373764  116148  80318  1731  885  8979  2698  184140  18219  10498  7550  14045  11524  3832  11705  70087  57350  28425  235  2314  50  2552  13220  60296  15462  4179  127048  18053  19400  14762  
358  2787  3226  29362  13025  10170  77940  292595  62269  14342  26410  44542  393373  162655  98001  3722  1464  10643  2480  146182  7606  5242  4155  7216  3845  2369  4503  2784  3520  4901  411  3709  141  1918  55727  20488  39653  12655  1740  15156  4775  5614  696  1508  18499  2653  4004  12421  1.27901e+06  7830  10078  84990  398067  0  501045  195373  5221  1354  20346  2650  330490  21698  11188  5963  16279  9622  6219  16425  27104  22264  11274  221  2624  91  3349  16330  18630  17885  7181  109295  39279  29006  35370  
451  1453  3593  31750  3613  4015  18282  260558  90893  206183  248740  37635  114457  685328  236099  42178  7357  28390  5068  251811  11601  5675  3023  6321  6274  3592  6754  2550  6765  4521  520  5657  965  4348  43336  17688  29786  13208  2532  22729  4999  5919  482  1687  21814  1260  2332  6362  892724  6643  46293  1.32663e+06  214198  545520  0  574409  28671  5278  69501  4506  1.10483e+06  21887  9785  7049  10191  9794  6522  21215  20006  17168  8955  327  4106  244  4130  20798  15406  16346  8276  65563  73382  29835  34158  
234  921  3284  26108  1266  368  7120  48161  973  4040  44131  26211  40334  70892  231704  10302  3471  29044  2544  220674  15559  10080  2598  9167  3971  3356  4879  1398  3009  2350  228  3226  519  1550  12850  3915  7546  2852  1765  17928  3087  4901  600  1739  18947  885  820  5638  158739  1348  3639  56539  127096  149910  597373  0  6591  4887  75511  5932  2.03919e+06  117673  299917  13559  584075  27042  75981  41185  15103  16289  9653  777  7450  609  4440  30594  9718  21716  14400  33190  157013  45790  23238  
430  1072  567  843  3031  2136  11665  48429  26286  228566  52987  289  739  2150  500  197125  38564  42298  3810  16381  406  375  1504  751  1965  351  1410  1690  3785  2973  706  14447  3842  10915  31730  13268  29650  18210  846  8940  3689  6024  6530  1219  1470  18791  109066  29754  96911  103615  2.29853e+06  168413  1765  1722  5135  1364  0  2.61761e+06  790772  58018  44701  1570  1698  10877  1739  10530  1568  4555  21855  26293  17004  8708  933611  562508  684368  173984  284569  228677  186358  4995  88517  21766  214946  
546  1215  815  1109  3049  2359  10763  25832  12488  104416  78943  384  1156  3899  2237  289273  64086  114630  5227  50855  1224  720  2163  1263  2684  863  2152  2162  4185  4966  1371  25475  6545  17037  44963  12884  35917  18361  2477  14175  4809  8447  18722  2373  1652  85316  226002  75487  78521  84974  543491  202207  1466  1545  6157  18717  2.78953e+06  0  1.35424e+06  1.73697e+06  249546  5240  4555  45050  6230  37442  5516  12224  21966  158265  448930  460997  2.19859e+06  426073  555478  279520  134654  160988  117951  6228  123972  27911  196030  
2141  3570  5018  4433  4382  2472  21139  39395  20105  32861  25953  1049  1694  2395  4039  115812  44262  362141  67990  110658  14669  9007  36144  10820  25095  7540  12171  8989  38946  32969  3152  36656  3580  13801  157666  20872  67580  28272  11459  133858  19783  31468  9602  13449  7564  11518  16101  61745  231195  146280  192861  56810  3255  4453  6770  19288  821158  773722  0  3.38494e+06  812586  122781  31611  1.09848e+06  47886  213083  36910  35222  43986  258933  137080  22949  211735  9956  124557  273373  51764  310163  125128  18794  186656  79913  197092  
896  2019  2536  2961  3214  1788  17630  34724  20004  12825  8922  740  1610  1501  3372  21520  9421  143007  32317  63480  5914  2955  12910  4817  11212  3491  4983  3916  18848  14165  941  10756  902  3838  59787  9967  27935  11976  9593  55242  9087  30496  19258  14406  7172  37784  79114  147371  147281  348322  297414  21669  2679  2404  2882  29380  29889  2.16834e+06  2.99746e+06  0  294323  13129  7773  1.8309e+06  19131  344588  35593  48648  53207  1.01944e+06  1.67171e+06  952402  450244  4111  124384  309013  73450  304077  88560  18630  173070  90785  152083  
4468  8563  16742  64788  7619  2516  43721  146780  10635  42550  216494  50552  75225  99528  175644  120030  48211  733639  129570  1.64081e+06  236407  79545  127790  69842  87105  46196  50782  19034  100532  63380  4328  53084  5218  19652  227942  39717  132048  49630  15981  364176  41673  36125  7656  16349  48797  6478  5353  48781  427195  6855  44472  590806  287735  323796  815504  2.28133e+06  38550  16718  949982  94414  0  2.84321e+06  1.12913e+06  275077  874578  219501  213714  179789  79487  208649  110175  13054  105789  3215  37404  352146  53372  172483  87684  97258  386378  118689  195763  
633  1150  1680  2088  439  53  4035  5690  395  516  1802  1261  1119  1073  3992  751  539  90295  19182  166792  131897  78536  42500  27464  20674  11426  7790  2495  17029  8798  130  2262  54  610  37098  3130  14492  3790  2120  76005  4810  4387  863  1878  1773  579  451  4883  15139  415  800  769  5569  4657  6599  79712  614  489  191519  11672  1.27324e+06  0  478505  162859  307823  59264  75560  29397  9347  19463  11598  1061  10161  166  3250  59440  4210  17136  7746  3595  79673  14002  23790  
139  257  396  1015  143  11  975  1920  84  179  697  578  441  413  1419  329  158  23830  2491  25756  38338  31966  18227  10995  5910  3368  2954  556  2862  1781  34  433  10  130  16586  630  2743  800  886  45640  1242  2831  463  1209  1160  317  238  2893  8125  199  363  322  3274  3195  4516  126519  215  200  56063  1782  447618  583296  0  86647  810899  66722  99643  30722  7781  10096  6230  590  5111  85  1844  40711  2010  10113  3422  2176  96445  12626  15736  
1200  2836  3511  3448  1903  550  13228  18586  6248  2976  2730  685  729  739  1872  3412  1521  210348  45620  105585  40630  20246  92635  30537  47250  21228  11299  5657  40385  20953  260  4605  195  1329  86663  7663  33544  9514  9517  116658  11066  34339  11550  18598  8380  13480  35318  95348  75277  123453  66086  3117  2491  1924  2096  13595  4117  16183  901264  1.56628e+06  214131  165337  292067  0  535842  1.11386e+06  61689  48216  36573  926525  894367  31737  187448  593  45678  220727  32087  237991  35781  16006  130799  76783  95203  
237  572  708  2185  310  37  2032  3709  210  286  1028  971  779  652  2142  523  243  22273  3021  24457  38042  87887  14868  116274  10513  4414  3913  1229  4542  3437  35  815  37  191  33025  1543  6221  2143  5632  48528  3156  18784  2134  7319  4598  1175  1191  13315  18166  1012  1526  534  4519  3592  4648  701852  638  612  77185  8428  589018  368480  907137  471011  0  1.73229e+06  546008  87986  25185  64756  39452  1240  16569  130  5669  85027  6209  44468  5943  8645  225595  41037  64788  
245  553  871  2569  588  220  3641  7198  1842  1235  2620  1210  1231  749  1294  2705  1236  33774  6111  19348  7773  6080  11769  8910  9818  3245  3839  1691  6930  4689  135  1638  119  563  50162  2550  8036  3384  7640  44138  4204  26570  4315  9271  6123  5313  9875  32957  31633  25159  13453  2699  5208  4169  4140  79615  1890  2827  114072  77136  93256  41889  58076  939609  1.61922e+06  0  2.10694e+06  1.50573e+06  183832  3.012e+06  115841  2799  29560  280  12892  233598  32436  67961  15988  18883  598120  152643  75221  
77  139  246  800  159  45  960  2441  169  258  651  1016  897  286  544  470  283  7263  1261  6066  2923  2005  3633  2452  2588  986  1328  426  1497  1186  36  388  18  123  18413  674  1876  815  1677  15826  1039  4850  593  1178  1213  605  613  3273  13459  742  1018  521  3803  2349  2109  115009  410  431  34040  8660  70157  29082  45346  77308  326343  1.81219e+06  0  1.00888e+06  36880  69918  12218  679  5919  147  4074  45447  3734  10457  3243  3203  312002  45655  74016  
111  291  383  1284  847  413  4646  12633  844  623  3549  1856  3484  1061  1090  1670  760  8656  1113  7482  1880  1418  3310  2241  2750  933  1938  567  1261  1245  65  808  87  318  26493  1353  3316  1217  714  19725  1201  21413  1599  941  2803  1389  844  4766  47678  1135  1499  1317  6668  6217  3624  117167  963  575  25278  5692  68232  16720  37364  27733  73395  1.40594e+06  1.25394e+06  0  352447  53503  6501  382  5140  207  28439  116268  14115  17684  7277  7921  670090  246686  24652  
60  611  667  4541  1256  257  6534  15931  4018  4866  2254  1796  1127  623  613  2466  843  4998  587  3736  444  435  733  654  820  297  471  570  1278  1048  43  687  101  383  6013  2131  2637  1144  3022  3584  1503  123361  19319  9929  10495  19093  10781  61520  131855  7180  26959  11399  9980  4671  3514  9763  22317  5614  38765  11565  26174  2963  4388  40366  11364  142088  20302  315699  0  237729  260074  3041  404330  1176  327788  98739  33362  114274  18123  28161  93396  251223  23757  
236  715  878  3090  1391  886  7944  16997  10049  3390  6070  731  994  1018  3037  6831  3429  48818  8201  29766  3359  2351  5180  3195  4811  1863  2263  1946  7394  5479  350  4115  366  1472  21963  3964  10632  5156  10645  18797  5778  35070  27771  10991  6899  76714  158257  202620  45314  248001  191899  9112  3444  3143  4312  28318  8587  40911  133931  402653  128875  14707  16405  1.14448e+06  65525  3.02589e+06  33476  51655  225108  0  4.72295e+06  16344  61459  757  17433  172581  37444  70566  28814  17693  225244  67742  55920  
255  1454  1387  3652  3049  1141  17379  26487  11738  4496  14103  711  1346  1231  3307  17677  7466  63456  6102  36740  4036  3183  5325  3563  4429  2020  2554  1866  6318  5056  566  6990  1111  2923  22573  5507  11997  5951  10273  17607  5445  57249  85449  22878  10831  333766  489270  475968  100608  293207  342539  32752  3165  2873  3737  27552  34634  569673  221655  1.10639e+06  217710  22632  27302  969853  101469  147139  18923  19432  434746  4.32835e+06  0  1.85824e+06  3.98162e+06  1664  38306  231922  70475  103380  35210  16926  161941  60352  84291  
32  299  254  420  757  250  4527  6050  2554  1123  3900  79  285  239  523  6146  2438  14546  845  8632  689  274  577  331  533  251  368  234  692  670  143  1894  386  884  4120  1142  2316  1089  685  2191  578  4381  23961  1802  881  107022  144903  114225  18673  44229  83325  11725  273  331  405  5837  12661  709333  66274  1.0437e+06  69574  4935  2940  74905  5965  14330  2800  3454  9135  128947  2.539e+06  0  887836  1171  9812  44478  19676  15426  9031  1600  17806  5757  16633  
323  1892  1277  3128  4198  1810  21399  53407  22242  24849  37531  733  1767  2428  2479  74239  24139  107782  4601  48683  3302  2122  3587  2240  3145  1303  1977  1595  4242  4211  1076  16585  3872  8252  30280  9243  18828  8712  4726  13323  3872  170790  76756  16673  7987  285913  452047  249228  247487  50412  501737  144340  3638  2532  3410  17779  679324  1.9447e+06  460544  340963  333680  24603  22850  468217  57551  71783  14212  16930  637934  97857  3.57962e+06  1.31652e+06  0  752016  1.25388e+06  216793  123484  307101  63186  13189  68862  52126  116334  
17  66  40  55  166  69  696  1267  525  2581  2670  15  61  134  60  6945  1902  6098  192  2471  82  45  82  45  75  31  71  61  126  189  53  1063  280  600  1531  468  1066  554  82  456  181  1074  2203  85  74  13083  23789  4014  5248  624  63525  13570  72  68  227  470  287776  400817  42682  4108  18802  602  355  1689  528  1174  283  449  2366  1631  2061  2649  511254  0  352262  7290  7399  12316  3765  259  1751  1255  4940  
169  1568  948  1631  3769  1669  21752  61746  25020  37525  16730  351  2212  1237  672  32046  7914  27818  1756  13447  804  531  1110  717  1114  325  609  568  1827  1484  348  4974  1179  2873  15465  7563  9592  4805  756  3817  1357  1.16301e+06  155222  18992  5644  814043  1.5461e+06  169328  491094  33731  1.54675e+06  90311  1512  1532  2083  5525  1.36333e+06  934812  276021  45925  112159  5445  4280  63779  10336  38520  5114  35331  302883  64704  90714  22725  1.58165e+06  675287  0  163579  159653  245636  60439  4499  37606  48921  79727  
881  8626  5467  12705  22189  3512  110843  208337  29949  31636  25990  3000  10360  6115  8834  21489  6811  62484  7699  73453  11159  7320  14013  11998  15628  5292  11149  5287  12280  10645  667  7028  879  3282  254716  49389  33644  38647  22614  87665  27227  134931  94665  122013  58189  150249  74912  536841  2.03042e+06  63271  601941  221611  16086  18511  23470  120438  589370  94172  913781  91000  905676  82105  66757  488742  139092  648178  105299  505929  287186  502668  276620  15614  156784  5751  65444  0  2.19368e+06  1.14264e+06  974956  340348  2.59343e+06  1.10944e+06  5.18726e+06  
403  6832  6749  29508  7215  414  36663  60514  5622  12196  7557  2385  989  848  1400  9857  2409  11745  780  9037  595  468  707  881  1248  435  1447  2378  1597  1611  154  1685  288  886  15722  15039  6356  4516  5028  4103  3819  256510  130406  371271  178125  54209  30382  763626  676964  31480  195348  94465  5843  2827  4285  13379  122873  32702  57944  9179  78447  3391  2755  19271  6011  81013  10390  60342  31140  60054  22226  3345  37357  2784  46819  1.10422e+06  0  299447  310548  429789  361109  81629  335803  
299  4764  4014  15655  7426  2019  37124  142856  50945  68684  14676  3047  3374  3395  1789  13549  3436  17658  3539  15980  1670  1539  2788  2972  3619  1009  1687  2620  7135  4620  293  3039  440  1766  27439  19601  18780  14304  28487  10887  7623  338220  136377  156145  71190  92212  24987  522298  1.22428e+06  57383  408535  129440  33608  21500  20272  13302  336135  38969  275311  44849  162165  9755  8568  133926  20842  58592  7663  29402  45486  62223  34928  5015  66826  1413  62836  484136  802647  0  1.89529e+06  279295  123516  171341  361954  
49  1413  1061  1841  2620  476  13671  31887  6601  11729  3246  220  805  343  516  4395  912  5720  747  4432  374  229  616  501  707  209  514  300  903  715  63  837  111  393  12312  5985  4638  16550  949  2799  6151  16978  37496  17787  6095  36765  8645  121002  590175  29155  231913  39995  750  864  969  4893  146854  15440  82149  12226  53746  2268  1601  14992  3157  16058  2222  7911  6026  17432  7023  1247  13292  438  13597  254504  188662  1.63864e+06  0  6761  404693  107116  744691  
229  148  2781  27630  103  17  1093  4049  173  290  698  4568  1042  957  959  344  152  1889  273  6989  639  418  371  592  716  248  850  1663  846  790  13  238  21  66  2274  3728  2507  1244  5868  2307  1826  170121  2592  24846  75145  1138  1433  16367  17501  1266  2843  1592  38463  28127  24807  5152  2070  802  10141  3897  26494  1840  1492  16712  6303  18589  2215  14195  43564  46441  25233  334  3156  41  2159  51164  336670  145710  13491  0  17931  85712  4753  
653  1382  2140  9238  2770  1157  14651  41008  3010  5484  27792  8045  12165  9354  13773  13790  5351  48179  5465  37383  6907  6641  17210  12883  16798  5591  12681  3773  7816  8199  439  5097  493  1966  168289  7043  16187  8800  7166  123303  9709  26894  3600  5912  12523  4445  4367  18889  165423  5509  33365  14044  34721  43967  57768  489826  19949  3773  61823  12508  151082  34387  60660  57726  103175  596698  525405  1.34651e+06  213243  237616  57969  906  12068  352  22308  1.76357e+06  131891  95404  139469  59198  0  1.75923e+06  235795  
73  243  341  2398  483  131  2351  5857  537  1013  4455  1414  1447  1613  2454  2835  862  6940  680  7646  980  760  1353  1201  1555  547  1099  850  1780  1633  59  814  126  337  13584  1742  2673  2980  4414  8971  3250  9853  1858  3711  7024  2632  1682  10338  34378  1575  5027  4923  9421  10037  12665  53767  5912  2915  70790  14376  59439  7800  7930  79099  14182  144058  24973  536054  189534  62503  22651  1551  19156  330  13140  914200  184872  181138  126985  80605  1.47911e+06  0  227307  
8108  27063  47431  18825  50331  11107  189969  581756  75784  639297  115732  1876  9796  10702  20238  384597  28123  352849  51622  195052  14426  10692  80668  47597  85845  55631  102256  63368  67545  74391  6375  37532  2121  14797  3.55312e+06  1.24327e+06  487061  2.03578e+06  42198  231497  424447  24077  34208  21793  13722  47997  31011  197297  781318  64560  685325  187634  2448  2625  4269  32389  543837  58036  389070  46496  345574  22161  14993  110246  72266  90705  40077  51546  31698  47841  27171  5072  46391  1964  32434  3.96286e+06  627025  868402  2.20437e+06  19365  780665  267835  0  
