4362417  
2754776  
687562  
3099675  
4110800  
4309279  
8153309  
12782488  
4360463  
6558173  
2808291  
2367481  
2407960  
3500544  
2859428  
5172998  
7821924  
5948114  
7865741  
8856835  
1371398  
1051760  
3913863  
3271992  
7108027  
2219178  
1824482  
2160541  
8717960  
9363398  
2667280  
8107457  
743312  
6992249  
1821954  
1606021  
1371045  
1833269  
945243  
2411874  
1827193  
3915927  
5806048  
2477876  
719256  
1881548  
1520974  
83058  
471432  
672678  
1065724  
408349  
472604  
420305  
57898  
88447  
941992  
104646  
958724  
3477422  
1052406  
4140570  
2201008  
530723  
3007266  
3694288  
5032306  
7548084  
12969667  
4785051  
7297369  
2448975  
2569458  
2020198  
3281227  
2720101  
5584262  
7021611  
6605316  
7942642  
7981922  
1521958  
979122  
4497481  
3470772  
7242964  
2152908  
1900095  
2098863  
8379028  
10060681  
3285375  
8544879  
885913  
6409475  
1485677  
1639874  
1941299  
1681800  
1421416  
2370680  
1525826  
3454265  
4828548  
2506887  
673181  
1934545  
1579723  
64226  
485655  
633174  
1017544  
404726  
468339  
494665  
106390  
99203  
957873  
141742  
910845  
3246368  
1220764  
9366366  
10898894  
5348393  
227855  
