608263  
531157  
650474  
459014  
847685  
649846  
387651  
306535  
239959  
185505  
579878  
756667  
674926  
810892  
257999  
624951  
180461  
959616  
673675  
767739  
749652  
225132  
513413  
652705  
352188  
394286  
573416  
546506  
701441  
322359  
232495  
335257  
711229  
594056  
375165  
370860  
560973  
711556  
770500  
743547  
941256  
634853  
427170  
473424  
579807  
416659  
802744  
699810  
458582  
621190  
439645  
846877  
611472  
517198  
663157  
814916  
718387  
606456  
805940  
543150  
775045  
511557  
706852  
488270  
482460  
558121  
584233  
706755  
503343  
628666  
434328  
510939  
498290  
456412  
516251  
310633  
383199  
559735  
492985  
695394  
725991  
510772  
767667  
443319  
425321  
446954  
382659  
524213  
785563  
491151  
814501  
461244  
463632  
554027  
439397  
532477  
567580  
670053  
482161  
507440  
364650  
514746  
693085  
315602  
346963  
800183  
438447  
804975  
466110  
402269  
669093  
504710  
313241  
285256  
296637  
617823  
896052  
220273  
220556  
276518  
585922  
294683  
265090  
606326  
377304  
434063  
498923  
515114  
725236  
535089  
687365  
331582  
408841  
465844  
377496  
527261  
401091  
211388  
411694  
348198  
576670  
275766  
233891  
193028  
171519  
223341  
227527  
205472  
137818  
181598  
383685  
147596  
125562  
212698  
201888  
159442  
195170  
409157  
488610  
274434  
64453  
151462  
124738  
122188  
258438  
93076  
103377  
171832  
157092  
293968  
247861  
730149  
228615  
259662  
258094  
422130  
402140  
463652  
375518  
925481  
712722  
554099  
569722  
332836  
456002  
549916  
633926  
289173  
537600  
624685  
199057  
756404  
664779  
218568  
432257  
211179  
775098  
311276  
410060  
639721  
860796  
481503  
580850  
297477  
448710  
633498  
510511  
347843  
475961  
167249  
497750  
348321  
178211  
186540  
292760  
311847  
250615  
157671  
188574  
138653  
159410  
231853  
317343  
120672  
131716  
121967  
111978  
240225  
253889  
108535  
130650  
180407  
139703  
158300  
364661  
548783  
458157  
333861  
401370  
626241  
754438  
334797  
409839  
858865  
441342  
640027  
953303  
316602  
479110  
629598  
646138  
729435  
639042  
443569  
314107  
620952  
567400  
442150  
178933  
151327  
309649  
318348  
283457  
295123  
248598  
246507  
379795  
287734  
347831  
640660  
323659  
290880  
207901  
350579  
351403  
486096  
216739  
191108  
168805  
99350  
166394  
363036  
371689  
715345  
493939  
395555  
278996  
516124  
490153  
709182  
441679  
214114  
177017  
386857  
454623  
339835  
266710  
405609  
411032  
458400  
912419  
651937  
538159  
431154  
726486  
403693  
321068  
394066  
384989  
341335  
267028  
403002  
586519  
423550  
512482  
451890  
654328  
576193  
719083  
687260  
342411  
539682  
452019  
458043  
879482  
735168  
633555  
622206  
565108  
939166  
440379  
248018  
296396  
184639  
252517  
240079  
277870  
269411  
127938  
114946  
326952  
188508  
181025  
153864  
272086  
170036  
165217  
71676  
182831  
50310  
101070  
81982  
180116  
309787  
341899  
129039  
375087  
402355  
455817  
396025  
220188  
199843  
166184  
274050  
284172  
207122  
425462  
481696  
534713  
639142  
378543  
326359  
350682  
150646  
599513  
192113  
228088  
251151  
287932  
413306  
503298  
224470  
282424  
266663  
303162  
234063  
260669  
391793  
469824  
576099  
320420  
387600  
562916  
479861  
436165  
397202  
455700  
446340  
1052880  
593775  
985641  
845878  
810295  
759748  
1168133  
354224  
311532  
426566  
306441  
595121  
537331  
1567796  
737513  
807912  
956391  
844851  
603658  
981744  
923250  
721895  
658382  
565337  
601338  
696107  
801999  
587145  
893427  
714602  
572947  
732356  
730069  
1115812  
684579  
578868  
427485  
834971  
722252  
545087  
548070  
459052  
650866  
986996  
685390  
653201  
1047015  
1033499  
425641  
781715  
926091  
878017  
804213  
589906  
438484  
505306  
591799  
751770  
760600  
490318  
376001  
355911  
402597  
667944  
609607  
612646  
577494  
725190  
489006  
460476  
565878  
575219  
449835  
356203  
445387  
404924  
768146  
654648  
496153  
791040  
397337  
548725  
841832  
929819  
403227  
247626  
185064  
289068  
373335  
437611  
502631  
305999  
537598  
706294  
411317  
409076  
521775  
532550  
824841  
487635  
490770  
548734  
1162997  
9927509  
4273662  
6556787  
2132175  
686286  
4886704  
2423603  
431829  
460330  
500018  
640352  
985737  
743051  
345545  
307766  
268881  
285360  
569802  
824872  
635871  
994330  
303352  
780523  
463091  
748195  
826127  
459253  
467314  
117876  
426973  
671598  
442706  
524490  
594242  
379025  
627708  
374940  
233619  
367761  
570978  
381641  
360851  
493591  
443149  
444146  
908493  
753790  
582770  
239237  
835371  
501884  
730322  
385312  
786879  
505752  
568631  
571632  
391113  
930783  
677338  
542421  
574265  
833846  
940729  
463757  
631130  
533750  
723381  
390530  
493086  
688726  
509764  
613925  
592205  
771646  
479280  
675439  
304254  
400408  
522905  
407283  
332617  
251388  
254229  
442663  
323663  
539019  
653605  
661020  
777961  
454592  
370102  
446623  
546682  
420590  
858756  
501754  
922668  
466772  
290319  
358445  
393169  
464899  
525366  
627455  
524915  
540442  
463004  
351384  
697941  
292993  
369326  
618082  
530887  
870145  
444724  
423276  
569978  
515394  
323905  
213161  
212637  
819468  
1279534  
291949  
258724  
310481  
753310  
298434  
222186  
550125  
340121  
352502  
466604  
499924  
1004967  
628890  
696650  
354060  
446836  
406599  
370272  
415702  
595856  
176559  
322444  
306253  
594006  
337748  
272679  
218489  
169180  
233247  
243206  
247627  
313177  
167298  
329477  
131926  
64693  
142182  
116943  
133083  
129249  
404088  
238356  
176702  
105960  
124013  
95133  
94820  
198852  
85061  
89804  
247635  
147174  
268911  
92668  
407656  
281389  
298289  
214225  
238500  
442744  
352072  
296111  
970083  
887723  
750901  
661182  
199646  
309114  
414581  
522787  
300024  
676879  
421247  
265060  
671750  
457611  
243603  
345236  
212305  
953104  
312188  
331463  
511367  
832567  
565117  
583313  
388710  
208765  
788673  
604752  
444718  
478709  
148417  
361511  
283889  
219566  
189837  
238028  
374119  
201034  
105278  
201444  
139997  
125455  
315915  
417253  
190091  
132753  
154862  
126985  
206204  
266446  
118102  
111270  
111997  
141185  
135664  
288751  
542065  
290248  
516027  
369186  
526125  
852775  
575953  
424011  
790013  
387122  
750656  
838575  
156629  
428660  
513824  
697732  
636353  
299693  
178555  
515017  
726976  
466662  
475329  
101439  
100692  
237791  
194236  
247527  
389886  
287520  
297357  
179075  
415160  
320617  
631666  
286134  
257600  
234455  
287326  
319845  
455108  
180039  
167680  
136756  
152048  
363782  
392982  
290204  
397743  
401606  
413473  
313256  
374649  
790815  
928795  
490513  
240467  
223671  
385123  
385006  
287823  
377457  
355841  
366839  
779561  
1220366  
340244  
164720  
288044  
277211  
523310  
370168  
625255  
489373  
300961  
326144  
294611  
630908  
532363  
495897  
428373  
651480  
560261  
638295  
599912  
452278  
493202  
353243  
454941  
823499  
810927  
729258  
457821  
529074  
890200  
377178  
87557  
332797  
179586  
353099  
347076  
223631  
184814  
99739  
156214  
386589  
172905  
130989  
180781  
211429  
40888  
69134  
140204  
203358  
216840  
277459  
263832  
692227  
425944  
415613  
204231  
358901  
362692  
444539  
454942  
328936  
270698  
372214  
217824  
296784  
322174  
398666  
550981  
752490  
746352  
472765  
310303  
113582  
131069  
570878  
145847  
168945  
309016  
225891  
346966  
519582  
318555  
285477  
298489  
294123  
261773  
334560  
646925  
329739  
610030  
276889  
389497  
656019  
450904  
372752  
305216  
477912  
500564  
972813  
620170  
954994  
731141  
542559  
744839  
1276709  
212379  
253837  
385776  
247742  
589402  
790853  
1134353  
614166  
1090600  
802506  
762796  
539157  
981551  
824185  
646148  
685528  
677139  
554188  
769386  
874783  
991686  
946764  
1363711  
842389  
633675  
745863  
938599  
544721  
552944  
518118  
785336  
835657  
723958  
512049  
595490  
563788  
977790  
714509  
498721  
1086953  
1015016  
510080  
796872  
847184  
928894  
852390  
822924  
432566  
604434  
624137  
838710  
844745  
804111  
386404  
371403  
331178  
434266  
274981  
511212  
565419  
747186  
392496  
412194  
545222  
579978  
355882  
357069  
314206  
419689  
748964  
633567  
601104  
752886  
250863  
473075  
988362  
1103971  
571742  
282052  
178574  
321795  
453640  
396153  
524549  
339600  
515877  
