4178098  
2776202  
559024  
3318350  
4280370  
4199144  
8289443  
13651856  
4333226  
6587967  
3047037  
2594543  
2395456  
3461428  
2658492  
5747973  
7928980  
5382957  
7401623  
7492366  
1309212  
1115418  
3868950  
3261853  
7495336  
1887335  
1916395  
2247951  
9238846  
9825130  
2896682  
10061041  
809293  
6421521  
10576686  
3963067  
5890722  
2096541  
647336  
4025103  
2223695  
4638091  
2190838  
440886  
3240187  
3515998  
4829281  
7491501  
13529665  
4992019  
7710198  
2123332  
2559533  
2184212  
2960846  
2514267  
6097929  
7414116  
5848163  
8075954  
8313933  
1626691  
907557  
4817233  
3654243  
7258504  
2072324  
1916879  
1626018  
8808042  
10076726  
3604015  
9303524  
893586  
7065128  
10311987  
2880538  
5026268  
2373283  
670738  
3277650  
1808194  
10980888  
