0  1.25966e+06  29801  943273  385529  6797  344513  17205  962  7893  4689  90400  630  572  1240  12175  23460  15384  19652  13313  5206  18436  27964  51332  36529  8505  22977  154924  52819  200930  7123  358013  2466  1.02876e+06  65251  257073  581338  68011  10273  52846  61459  6087  227  1091  37191  72  74  1622  2946  315  1117  1088  972  325  409  263  1268  253  4136  583  5868  809  1630  1727  866  468  191  337  839  973  256  73  445  34  531  6075  6877  2316  2067  5530  2712  1320  52546  
993784  0  8440  4998  923895  3599  378918  43883  1400  9864  6631  1306  562  597  1286  11277  16176  16127  16828  14513  6212  24007  29063  54595  33376  6784  6197  13045  28673  57745  4175  35707  802  33794  335011  888268  720564  168994  15460  63104  28394  1617  2038  2304  625  278  195  10124  8352  610  2234  1510  221  135  256  345  1701  269  4092  712  5979  910  1841  2183  987  533  277  229  248  972  248  77  353  38  217  20039  5978  4733  6368  843  3616  2111  219359  
25704  448  0  166670  669  126  142604  83949  277  594  384  256  106  118  166  503  445  775  896  822  303  1334  1592  2764  1680  329  1300  1766  2316  4808  306  480  6  128  28679  125948  50549  7890  18742  3221  2580  7783  7974  23312  4493  198  50  41524  7015  101  155  111  192  25  26  48  125  22  246  70  389  55  189  428  208  125  33  66  134  160  83  8  55  1  114  3092  9623  1073  625  537  554  655  16256  
813739  583  130419  0  335  77  5461  559158  488  703  1339  1.29167e+06  42683  29745  12037  642  303  995  441  24513  3945  970  1005  1579  1924  1433  12179  38848  2633  2743  72  12644  22  1681  19771  185315  36163  5480  24023  4734  11352  186653  12837  328737  1.22396e+06  312  211  127642  96169  324  239  359  133469  40516  33301  7118  311  127  875  322  27621  6154  2896  2135  3712  1270  1049  2226  4913  1422  687  41  524  11  1239  11353  159120  5428  2203  16906  3557  3772  10608  
373520  941729  4676  1818  0  1.13741e+06  1.38746e+06  385378  50845  49246  4211  437  1812  1248  2641  28485  102723  19575  70774  17815  3435  8974  33172  10861  12366  3204  4274  4915  20259  52319  6342  80047  6146  480847  389557  432050  298719  66221  2106  27589  13845  731  862  1642  342  7768  5008  107585  84710  4743  2415  1233  363  243  293  781  2468  589  5277  1250  6602  776  1571  4532  1257  850  399  431  619  1428  1121  233  1011  59  1543  54200  17554  11947  10717  616  5129  3500  217980  
49955  71374  2753  1141  1.22633e+06  0  685141  589849  586925  1.44461e+06  3139  240  1737  1014  1810  84102  121079  15072  57879  12623  2256  1592  10629  2060  4568  1884  1463  1493  9702  22123  5998  153358  9340  843260  105968  129920  177488  45102  729  7282  3197  373  323  760  221  5786  8119  60615  96268  43149  5354  654  256  195  309  453  1559  416  3023  796  3708  397  591  2138  676  621  172  245  369  1975  932  146  668  51  1317  28915  12474  10420  8340  206  3712  1782  91887  
301038  492778  227242  11458  1.70988e+06  533346  0  1.22498e+06  1.12623e+06  130507  7213  1218  2294  1503  2949  12377  28399  20649  136875  21146  4823  17063  40028  29577  29530  4891  10547  20413  55791  92221  5901  22012  744  10463  725746  965788  427411  103143  17451  56816  35107  5513  25185  19227  2073  29148  15435  570232  347933  25879  5923  2411  1094  696  528  2051  4323  1747  8651  5108  10673  2058  4961  21512  5276  3906  1078  1540  3021  5903  5705  750  3411  154  7177  195483  95002  51711  40563  3320  18632  12535  421422  
13927  34897  129762  625411  179981  147532  1.58491e+06  0  1.86733e+06  305128  556581  1.04843e+06  1.69903e+06  1.09194e+06  374814  26124  66942  44619  71596  1.12743e+06  119418  34445  66242  53356  64377  109959  73026  16260  36359  86476  7281  44248  2205  23816  917817  1.00995e+06  843485  289895  10591  180460  34527  30726  36796  139984  123461  59956  68487  931305  2.88325e+06  328246  106255  36449  310183  261969  89024  60757  16836  4551  21809  12442  175804  20137  18665  45864  26487  10454  14377  10307  7079  22097  15277  1563  8692  342  20530  392318  239912  147763  109112  7421  54637  23698  691413  
433  624  1105  423  106913  445083  689637  1.45474e+06  0  1.35156e+06  7476  93  331  152  240  6161  4073  22216  60047  6910  420  502  9477  647  6322  334  527  568  11390  4018  286  2233  68  1045  75480  74931  33074  24978  488  3724  2127  499  414  499  116  3560  13691  42590  211507  120131  84689  4340  90  100  907  324  3060  574  1946  1583  1884  252  488  2483  623  1232  189  431  678  6031  1881  98  1077  48  3617  31941  25515  25933  18277  279  9688  1810  80693  
19408  20536  3514  2039  115619  1.06078e+06  136108  854816  1.54734e+06  0  93079  329  842  867  1651  1.74268e+06  148415  79933  44893  29014  5674  1714  16517  2562  6712  2085  2515  2390  15230  22416  5822  342110  74151  569244  363773  376356  478207  467958  1784  31294  9752  1149  318  540  334  1265  7439  16482  219065  69555  271225  34887  274  209  2031  492  32935  1169  7206  2919  7318  637  795  3520  776  1279  253  658  1017  6573  2239  185  1724  106  4502  36591  48837  40162  36064  1451  23974  8848  564982  
232  123  1037  7616  805  496  3802  900756  5636  78094  0  11977  63376  1.04381e+06  4065  46953  3309  13145  907  854547  9155  588  913  709  1327  1818  1147  421  1226  1282  174  1868  262  525  22311  12773  12142  11934  653  5113  1907  1373  803  2538  2845  999  2084  10498  162838  14292  276472  251196  6229  8980  49921  3265  96430  2492  17290  2153  52582  1612  882  2210  1021  1198  1685  1252  905  2087  923  350  2241  292  3267  38907  56635  32855  31368  1315  19927  5094  51090  
20066  179  3245  703850  774  171  8998  1.00178e+06  1526  710  13565  0  1.10135e+06  679351  287632  1690  693  3708  902  430141  83386  7930  1540  9046  9146  28002  28465  17904  3750  2723  76  3449  46  717  12206  9383  16325  4638  2808  36334  15903  30951  1085  33401  175341  1369  911  25913  183975  1237  1025  2954  508631  162762  82097  23951  1812  450  3765  1054  95411  13364  5359  3652  6455  1347  2673  2376  2840  2220  1430  174  973  40  1632  16119  14813  7944  5271  24104  4508  4253  9823  
1232  149  1999  118653  1591  561  14630  1.23138e+06  3519  1106  20070  817295  0  946658  388750  2256  1180  4162  1488  616242  107963  9725  2008  10751  15328  44417  33201  5514  2589  2182  136  1364  67  478  21773  16662  15551  6207  1313  59825  8487  11290  1085  9412  39715  5026  3981  43495  252126  4791  1634  4502  233041  466666  54803  35258  2615  659  4865  1536  92731  9834  5045  4395  7562  1490  4862  3527  1537  2345  2006  274  1335  79  2834  32198  11316  15437  12164  9897  6648  3757  21000  
1064  151  2348  126029  865  393  5883  997099  5172  4308  1.13992e+06  470364  844456  0  600134  14259  3052  7440  1821  1.21365e+06  151744  11762  2071  9367  13140  42501  36488  4084  2930  2334  171  2015  150  587  29129  15577  14847  6469  1275  76057  7932  12821  1041  9027  38721  891  1355  14192  152847  4724  15581  41680  68943  95145  431412  46656  13332  1491  13151  1498  192728  19219  6415  2521  7749  1548  5260  2765  1250  3062  1095  518  2154  312  1464  19848  10088  10794  7588  6164  8152  3664  18113  
1063  313  3067  76020  1346  284  7596  366584  1241  972  3255  233148  373612  722747  0  2898  3119  26201  9270  1.54152e+06  144577  33749  8613  562747  46972  207247  114632  5276  6676  4517  290  3671  219  1180  56553  19545  29819  15271  1925  227845  10323  6236  1121  7687  18541  768  497  15153  88132  974  1016  1246  29556  19687  130345  304732  2180  1920  29071  5260  246343  29269  19772  8999  14965  2776  4139  2471  1498  11152  2061  563  2211  234  842  32699  8081  15090  10616  4071  15999  7525  53275  
25235  25948  5585  3026  69481  97978  42410  147628  63366  1.89047e+06  93645  277  1178  1161  2037  0  1.66524e+06  513276  127057  32519  3808  1136  10631  2139  7358  2329  2077  2814  30398  48858  15323  387642  206137  533301  262859  114605  588163  446033  2179  47884  8439  730  269  407  216  789  852  6862  19157  3658  20141  22220  430  315  3381  651  37459  3318  22962  1732  23948  914  1114  2781  815  1261  392  391  690  1982  990  648  3163  526  1533  22228  11426  14263  15031  1241  17728  13089  443132  
40192  52700  22661  7705  148647  72010  121359  253124  89352  167991  33938  1241  2630  3499  22252  2.05043e+06  0  591503  1.7266e+06  209181  18474  4595  21969  10876  32249  25366  16494  9052  254229  663523  399652  1.84577e+06  520970  380960  378601  136758  598131  204176  12930  210479  43882  2892  677  1453  735  1734  1808  15927  27539  7697  9239  18089  1221  953  5923  4700  48874  9920  152664  11571  139967  6423  3865  7492  3414  4491  1598  1621  2311  12066  5167  3638  12475  1782  2625  65518  15765  40278  27169  5018  35254  20717  277846  
5812  3603  11483  4218  15010  16040  66277  77425  280131  241978  49262  740  1038  1116  8717  677559  388608  0  2.59835e+06  608698  112572  10506  580248  14051  83456  15990  9954  4611  82983  39699  1965  39934  919  14596  141534  49003  209056  108086  11993  110895  35541  4699  752  2160  487  635  879  9254  14934  5618  8344  4175  459  339  1214  4407  11309  5054  118745  15474  129327  21588  41921  48766  15500  8170  2239  1966  3281  27489  5202  2188  8212  851  1500  58357  9135  30517  18852  6132  45441  19280  151506  
17548  15274  30213  8189  91756  40603  201138  198454  294489  72935  4868  994  1947  1874  20723  67094  1.97155e+06  2.45606e+06  0  157473  18654  4766  905676  15565  151140  33571  20258  13092  859351  1.99741e+06  1.31598e+06  545767  2408  57700  163713  85753  496831  157269  14893  194940  42735  2532  664  1517  462  1092  1306  14170  21537  6005  3756  3215  473  373  1275  3813  8562  2922  58281  9423  78255  9924  12830  18010  5471  4765  1522  1222  1864  15365  3061  1085  4339  434  1056  39326  7888  25107  16988  4534  22935  15221  153562  
7665  2790  18962  76658  5648  1659  40232  1.01589e+06  9506  20418  606540  210685  627102  877394  1.64907e+06  24633  28989  748450  77065  0  1.87318e+06  392823  78682  747116  62389  128479  49058  9396  75153  49133  2493  37727  1926  9764  255390  91275  232522  102766  21604  317687  54760  22283  5001  18608  22253  3724  3750  57444  231124  17568  24261  47454  51580  46255  148747  130395  55639  20788  420958  68894  1.30737e+06  136724  188324  207746  74973  35192  13534  10382  12676  98484  20225  7218  29085  2964  7020  229483  43091  133000  87959  21318  155667  72656  258913  
517  249  1319  2762  387  54  2824  15474  204  302  237  6813  11118  9882  44319  236  704  120433  5507  785903  0  341288  61568  78032  7825  16402  6634  951  5014  2544  141  3945  98  1247  24158  5303  22333  9172  1375  38728  5476  817  208  598  505  73  69  1735  3706  154  310  334  816  558  1165  6502  444  240  18714  2833  72592  59494  52632  34524  27144  3023  1170  740  669  4899  731  85  862  56  215  17421  1565  5856  5237  902  11821  4628  15334  
764  448  2377  1071  574  20  4533  10309  42  69  37  1082  1692  1607  14224  35  91  7177  916  132252  282097  0  45793  449387  7258  18954  3197  844  1818  2558  33  2492  14  250  20816  5218  26599  3229  1120  43446  3999  450  63  271  119  20  13  738  1089  37  18  11  195  151  366  1967  25  16  3814  240  15270  30468  52846  12515  37478  2022  1012  455  290  400  94  8  106  4  39  10457  305  1417  391  320  11647  876  6486  
7455  3458  13101  5012  9246  1854  41375  101004  13601  4662  973  798  1098  904  3542  2008  3171  703039  850261  43771  77265  54243  0  325051  703456  22529  14666  10324  928505  524027  17527  93995  273  20621  126070  70639  341893  114663  28456  58649  78518  624  287  453  293  249  188  4330  7208  661  464  433  147  83  163  1109  916  181  31984  2619  74592  25953  52528  69862  15376  3754  775  448  533  1730  466  51  589  40  194  23218  1859  10728  4846  5551  12396  8141  86967  
11273  3606  33294  9678  2307  64  42250  60052  188  280  199  5338  7798  7910  486383  241  444  20702  6929  455927  109312  627589  317932  0  1.46455e+06  934200  51364  7842  24562  36122  157  16611  65  993  64269  50975  207920  13653  9617  288170  23292  958  219  685  484  73  51  2320  4486  134  83  56  529  177  237  1078  90  60  5448  707  16110  4976  28379  40125  118166  4336  1859  852  639  899  333  16  290  4  90  20652  986  6595  880  1609  23126  2202  72958  
15190  3885  34970  12160  4326  1407  52196  76524  9510  1896  580  6737  15539  13050  24840  1043  986  42361  70730  21332  8353  18755  658508  1.61186e+06  0  1.6401e+06  632685  117039  3.20928e+06  98632  1076  22721  86  2684  174185  71058  258148  55516  31172  495077  105404  917  209  719  720  181  165  3080  7374  499  367  297  813  255  309  621  813  335  12423  1632  20469  5541  13132  20437  9398  6019  1765  907  1062  3219  1146  157  797  57  161  24466  1792  19329  4634  5664  20316  6766  110687  
4156  834  9698  5230  443  52  10584  32139  180  249  181  8054  16424  16306  44666  259  450  10553  7594  17292  9060  19000  51665  545001  1.3439e+06  0  244515  6545  30179  16280  159  6900  40  520  29457  18602  62175  10427  5613  244126  19579  260  77  385  519  51  41  1245  4901  80  53  53  841  212  220  354  101  52  2060  369  4599  1196  3396  5099  3171  1247  673  338  214  434  141  14  118  4  50  8330  506  3730  583  949  7623  1152  152413  
19995  1379  3907  21759  492  87  8073  46815  292  830  693  13617  21785  29631  60101  1319  1127  8723  4301  12555  4857  8225  19094  17395  756175  662493  0  257253  14524  6245  192  3995  112  2683  143069  22253  137046  108704  14075  564085  436422  2795  141  603  1929  144  104  2210  8764  192  252  180  1427  451  508  615  379  210  3979  540  5679  720  2073  3020  2254  1937  1192  776  1056  1332  444  69  385  15  338  16818  3807  3331  2478  4192  10361  2450  97242  
303351  27205  24465  199623  3251  210  81359  24862  491  1670  706  46459  1330  1208  1788  2299  4092  6356  7666  5223  2294  6663  16306  20271  124664  11649  184190  0  212199  224099  1171  255024  651  41395  96681  40721  328939  49789  29424  77868  380211  20001  110  463  14339  91  104  1360  1818  223  206  178  1250  559  433  242  406  113  2069  438  2727  429  1157  2070  2203  2752  279  1119  3842  2539  1003  55  943  21  1991  5350  23588  8873  3075  31718  3861  4174  18387  
15774  5704  37771  9039  19179  6521  92883  76057  36247  14359  2710  1226  1746  1788  7878  5948  17524  52234  411531  40451  9169  19073  1.06708e+06  64928  3.21869e+06  49806  37228  229293  0  3.85887e+06  29037  40406  361  7559  190225  65791  289069  147934  50914  300169  125751  1643  398  939  407  509  552  5942  9005  2196  1566  2788  344  226  802  2040  5565  1477  28628  6091  45641  6959  10900  17185  9428  8168  1412  1036  1847  13381  3149  510  2622  221  579  26137  4610  42253  13340  13237  20865  15037  100738  
58611  44331  65422  11869  39808  4640  172566  247833  12919  19755  11468  1005  1690  1941  6815  20691  625077  63974  1.09474e+06  71006  16151  41336  514573  132981  158513  35713  13892  213576  3.28098e+06  0  1.35804e+06  3.49545e+06  2237  42499  301207  97276  557679  249696  43338  303073  91740  1543  610  1206  534  852  956  10740  17459  3615  3478  7078  503  366  2046  1687  15896  2701  46529  5083  51121  5204  8726  14837  8035  5861  1253  961  1396  7730  2650  991  4156  556  912  30750  6984  38880  12958  11048  21893  13856  200561  
5453  4798  9952  1767  7485  1003  23191  50594  1537  3486  4100  106  362  389  1250  9042  772454  11908  891595  21736  3248  1357  18075  2351  5584  1961  1534  1979  78052  2.06084e+06  0  1.15502e+06  3042  7162  49842  19582  139152  59858  1179  14238  4174  237  102  174  75  192  220  2229  3988  919  946  1485  111  88  555  297  4017  690  10263  689  10504  446  452  853  340  367  139  133  182  782  380  271  953  139  210  5468  1506  3047  2451  371  3007  2043  46220  
454831  82741  26939  66846  96676  152889  103749  323068  11782  280683  25063  16020  2790  3967  14542  330141  1.63976e+06  242743  335444  238053  73560  42011  382169  77199  109953  30184  18864  286099  152429  3.95586e+06  1.04197e+06  0  614493  1.29193e+06  345716  114715  864323  201124  23528  183694  71594  6165  650  1220  5473  1559  1599  15209  26313  5694  5886  10010  1256  901  5414  2817  45069  8170  115752  7111  122249  6956  9483  14363  6125  4770  1452  1471  2363  7256  4174  3049  11631  1812  2434  56604  15602  32614  20158  12063  28078  17105  228146  
7775  8568  1081  687  18478  6449  5925  43108  528  61324  2888  108  331  354  910  110167  309472  8981  2430  15422  1396  190  1376  498  1022  1020  632  836  2207  4723  3278  424306  0  241991  11453  5964  110847  13602  378  2969  1993  109  37  70  69  151  133  1467  2439  407  443  897  89  85  471  181  3882  606  5349  312  7639  240  187  371  139  157  83  74  91  303  175  141  665  103  168  3549  875  1437  1126  167  1311  836  13632  
1.12917e+06  365100  7898  8531  1.16037e+06  1.35569e+06  68261  266555  5084  812071  7300  1683  1435  1280  4132  942203  777643  61050  47244  63206  13401  7680  43766  13754  17224  5929  7864  28181  37742  123509  21608  1.49685e+06  808705  0  66419  49826  1.1448e+06  54941  2463  24164  39377  727  220  451  592  1130  971  11921  14770  2180  1590  2500  325  242  1195  722  10753  1907  21302  1413  25995  1301  1488  2409  882  788  344  329  390  1569  843  598  2366  402  620  15946  3843  6405  5186  917  5461  3463  52332  
19464  22444  136040  65389  45510  11636  493600  1.95455e+06  91920  482876  265447  11406  15895  28926  76067  358020  78921  328758  96333  456601  71857  78804  208007  116241  224880  91560  316844  118178  279857  262675  5452  100510  1017  8307  0  4.01797e+06  519388  577467  253890  2.39912e+06  1.10516e+06  7466  4115  9513  4424  8246  10618  133849  242030  52139  56193  20293  2159  1229  3010  7589  27717  4371  51264  8943  65105  9410  15193  33604  13659  11490  9125  6531  5520  11796  4637  1055  5650  565  4133  588262  90855  79334  85354  14921  101093  84082  5.20569e+06  
28436  29596  176998  109907  39882  2797  471946  814104  19036  69101  53987  2784  2550  2412  4840  105419  18259  43693  9790  73826  5697  7698  18122  10328  24776  6540  36919  23941  34560  27251  685  9178  161  907  2.42711e+06  0  284538  227786  699847  213540  138045  2985  2955  6730  3617  1986  1856  54383  93279  9378  18187  7069  723  300  998  1234  8575  1119  10901  1687  13905  1306  1965  5616  1886  1434  711  715  935  2120  1056  261  1283  140  1137  94367  26626  18548  16568  4066  11516  11212  922661  
189956  56989  334633  193569  118109  9225  469173  1.94655e+06  37343  350856  189701  9132  17809  14258  27782  354889  180422  281035  205696  264962  41242  46481  191593  76048  94098  32849  27155  34772  159376  137377  16130  148046  22758  98260  133058  1.63206e+06  0  1.45042e+06  204568  125377  124623  4187  2178  5270  4064  4005  4508  59083  164725  21113  66448  29898  2081  1270  3192  2213  17715  1719  22770  4632  34018  4246  7851  14327  5906  3478  914  997  1723  6008  2234  526  2638  268  2570  44701  27194  45556  21450  16932  16979  11045  118496  
9179  3683  25010  11464  9158  963  44532  312197  5290  149791  59668  1785  3810  2330  8350  137026  22870  98566  84074  111997  15748  3826  39279  4963  26644  9522  24926  12817  55728  23998  2715  13891  577  2743  135535  313290  1.42899e+06  0  71240  63677  138150  946  351  774  589  662  750  7842  25271  3189  13447  5501  364  230  598  1118  5170  557  7090  1895  9951  1637  2635  7398  3771  4544  513  440  1182  4417  1449  141  937  82  414  23515  7059  33800  29442  15209  26586  31427  433333  
29902  2400  33119  65063  126  96  35075  17751  174  838  734  1706  483  423  484  1618  466  3410  1590  3236  1000  1288  5652  2574  6330  1376  18362  25435  9928  7239  88  1940  11  227  116754  504112  177673  45317  0  21712  50875  1636  136  887  936  44  74  1244  1925  123  303  147  172  92  78  177  350  89  1295  861  1240  359  1021  3214  2080  1924  155  225  707  1300  475  26  286  16  150  6495  3555  17268  4673  12024  2825  3227  29636  
14523  2412  29877  19946  1047  147  31231  92952  789  1588  1590  25311  32135  63238  129337  1557  2904  31903  14319  80544  29173  36039  29141  108263  242559  367460  1.4299e+06  61511  118919  81834  418  28359  184  2297  1.56094e+06  80563  223707  98603  47773  0  1.28172e+06  6419  549  2769  3248  494  447  7936  19006  2207  1914  1137  2895  1250  2422  3491  4493  3614  83515  9380  71773  5425  21434  40581  33498  22665  18192  9588  6740  10151  3901  1686  5428  538  1022  184150  7936  51307  17392  20219  171881  19990  166619  
4173  572  3328  4713  619  143  5727  14844  801  2324  1968  2563  1866  4090  8428  3255  2262  32169  12361  20213  10964  26879  79133  18929  49129  37225  1.0969e+06  143627  53141  26437  569  13258  141  3799  633430  64080  339168  482476  50767  1.08722e+06  0  967  69  262  621  117  162  1314  2759  385  638  366  274  133  233  448  850  235  4613  985  6041  1364  3260  4950  3555  5447  516  379  1438  4905  1593  82  524  39  111  17216  2318  17875  11057  8313  10662  12970  153254  
7337  579  12742  25374  472  114  14649  18456  1615  991  1284  1734  1447  990  1446  1354  513  2727  1148  6599  1026  2063  1197  2750  744  360  1613  4199  826  593  36  1540  33  173  10078  8572  3631  2986  2310  2456  1393  0  1.47978e+06  100331  651766  384804  39330  531798  69065  3268  6581  1762  13118  11771  8838  4401  9106  16217  16356  24428  19559  5082  25217  111580  78358  33236  3083  40104  154756  44267  69265  9311  483437  2800  1.1851e+06  287465  458157  417147  55537  166546  46369  44863  100814  
2725  2586  30281  12864  1905  85  35995  27281  1101  695  1108  152  171  152  860  1058  331  1789  654  3880  669  1068  907  1162  542  232  270  110  633  571  38  296  10  47  9539  6783  2769  2453  759  1586  1105  886917  0  8367  1021  691880  18568  302527  34318  2044  3622  2297  137  120  268  3330  8262  7891  14004  11884  11751  3175  14492  65933  26343  17608  2201  5959  19811  17660  23766  4836  80904  695  61141  408409  517876  200879  51184  24257  77220  38727  88259  
5241  917  41210  65194  167  25  18567  14556  180  106  103  2638  61  60  111  80  52  153  67  414  59  158  100  204  88  42  76  89  112  208  11  57  4  10  1814  10089  1293  406  832  244  194  42624  783  0  124278  201  188  117275  50824  110  247  146  455  316  1164  645  393  185  699  476  1617  502  1613  4668  3253  1273  217  414  1281  1227  952  38  441  4  1251  30293  125997  23231  5129  15995  4658  3557  9928  
56918  1463  80310  1.38252e+06  286  58  20616  78929  405  318  707  335291  19114  9904  2993  466  267  871  272  11654  877  374  410  605  635  497  3559  10793  832  1087  54  3308  9  432  5981  57511  7691  1542  4668  1796  2655  807923  1868  145190  0  203  174  16226  462607  232  193  367  1.04729e+06  71936  49359  6109  352  144  971  340  41319  6827  2589  2188  3931  1283  919  2434  6094  1588  841  47  758  16  1958  13676  303293  7868  2257  25671  3408  3626  5433  
254  393  2470  1085  4136  1844  40081  74623  18628  2520  2486  308  1109  387  1281  2402  1098  2999  1566  6520  940  888  1418  896  771  339  386  222  1005  880  70  658  37  204  24745  11616  8869  7826  1112  2339  1775  597675  822365  5242  405  0  968162  1.074e+06  246599  15922  16535  3539  280  323  558  6916  22489  27807  23863  24620  20469  5213  13189  79678  19974  17773  3894  13035  30079  31384  53329  14974  136495  5407  758519  579847  358037  130303  70359  3607  76207  38152  155501  
157  187  805  660  2766  3065  27055  161562  97660  18349  6428  296  1608  1071  621  3766  1130  2139  1568  4856  568  480  899  469  522  218  253  179  858  759  63  628  35  194  27621  16898  12827  11865  444  1672  1118  52199  42422  4139  449  1.18268e+06  0  872954  471853  908404  1.6641e+06  8087  260  346  1622  4086  83857  100764  14284  24364  11871  2853  4790  34188  7631  8671  2408  5894  9542  61468  52730  17956  237639  26177  1.01794e+06  211608  344112  85084  69175  1123  40948  11375  129252  
9175  9641  126899  77965  52171  15175  530593  599311  137210  9311  4328  1196  2936  1337  2377  3830  4462  5625  7168  12325  1884  2706  5012  3232  2753  1070  1633  1027  3853  5061  418  3013  130  1141  166140  133470  51942  30276  2321  8497  5818  283926  298639  169723  3828  1.82202e+06  1.07046e+06  0  1.57129e+06  1.53318e+06  47994  5653  941  1119  1797  9099  24177  19472  27169  21996  24986  5805  19202  82737  37608  31369  5196  7766  19894  124106  71591  12606  52321  1043  87378  862925  815848  261121  96510  34887  98841  45370  344298  
10666  7384  84977  145776  63980  39641  657995  3.01336e+06  772398  179219  97500  52476  95154  46127  36003  20616  11611  18227  19380  135475  11464  5747  12116  7366  9972  12902  9744  3025  9869  11642  1014  8105  426  2823  356649  308811  148941  99291  4027  32763  11744  36397  24905  148256  404879  119137  195888  1.82232e+06  0  1.82815e+06  334830  465773  1.55608e+06  1.09617e+06  911126  434902  31077  14199  92551  31478  881490  118836  80498  96654  168556  34594  126964  67853  24973  43278  39952  5947  33894  1184  116165  797488  1.20634e+06  381244  229843  14843  179301  51931  508642  
146  261  655  418  2651  8788  33642  230665  272354  36978  8232  107  446  935  331  1788  801  1341  3693  2998  266  195  743  260  505  154  234  179  1337  829  50  604  25  217  31796  22813  15748  14673  256  1379  1006  1775  5720  2023  267  43183  1.17448e+06  1.57439e+06  1.69212e+06  0  1.34958e+06  2920  110  158  2305  1862  15029  8487  7059  38557  3964  565  980  12112  1776  7758  1266  1025  1537  81260  37098  810  3080  67  6862  98647  278342  29813  32199  500  20697  3833  82513  
281  183  734  499  898  932  6838  185101  133482  412001  138956  144  318  681  669  23520  2540  7182  1456  11511  807  501  1263  470  726  299  471  278  1240  849  82  776  82  185  55934  63673  25359  41141  745  5255  3244  12304  8505  2361  330  48439  1.47085e+06  227913  893455  1.49027e+06  0  72061  180  176  1557  3170  2.17679e+06  164473  90380  79816  18141  4539  3819  29794  4441  8148  1817  7973  12379  53987  29580  6542  387618  130018  817596  268871  585087  376778  375577  1747  212411  26412  375029  
215  85  460  730  557  361  3161  56671  22842  271806  308970  462  882  5846  456  75731  8206  5514  888  16046  791  120  423  150  558  260  253  122  1316  685  88  995  164  212  21502  29409  9730  12804  221  2434  751  488  112  986  927  393  452  1997  466101  1377  39647  0  8637  9249  739640  1812  31126  447  27298  245  344249  550  208  479  276  446  1412  734  268  375  260  111  534  70  610  8325  7756  5904  6575  289  4800  1416  27185  
4653  199  6116  270159  1838  392  26042  339538  2111  991  7264  769050  342797  154546  63388  3489  1224  5005  1037  123476  10202  1344  854  2649  4949  16281  14864  5887  1497  1314  81  1650  48  331  15544  14777  8437  3594  1105  22122  3741  62210  1297  23022  595235  2154  1496  34364  1.08641e+06  1016  667  5221  0  674455  224427  51373  1343  685  4326  1194  271841  35878  13032  3837  20438  2515  9870  6116  4961  2919  1764  287  1334  95  2406  19568  19832  8772  5493  110067  7584  5089  13378  
1550  167  1419  44018  2350  1864  25493  306406  30362  2765  10747  74580  417657  178811  39663  3403  1460  3941  1593  135463  10738  1288  1056  1617  2939  7403  5876  3246  1108  1159  117  1456  75  372  20576  12027  11337  6271  624  10763  1442  65842  547  4759  127188  5411  4165  33855  1.06609e+06  2963  1118  8923  594516  0  391452  131332  1494  726  5518  1593  280904  41229  14846  4748  34238  5887  38756  19285  4940  2536  2426  319  1670  83  4238  29111  15823  16725  12322  49816  13388  5560  23047  
2582  172  1192  30840  944  941  6763  176487  41251  43549  98809  32951  45638  521918  125064  48794  7918  14458  2319  286923  21044  2267  1395  1067  2099  3012  3287  2676  2533  2041  265  3263  277  558  29293  18556  13114  10933  1128  12251  2519  49103  435  6664  75031  898  1680  8026  660991  5446  4214  765772  258838  362989  0  346904  7328  2181  38903  1924  1.24468e+06  130277  46708  2523  45311  4601  25830  10335  3678  3972  1600  872  3318  451  2069  22356  13467  11354  7460  27392  15997  5401  28054  
1938  171  1601  21767  641  295  5498  64821  4486  912  5962  24949  30497  55940  347885  4005  2278  15183  4162  168817  18721  4717  2957  3742  2848  3666  3604  1716  4722  2839  159  2087  105  411  24965  7612  11389  6714  1466  17317  3487  27559  715  12011  39718  1244  840  10749  228599  1003  1501  980  125297  121617  507034  0  1323  3329  29513  6239  1.519e+06  173937  128786  15872  701076  40588  390291  218696  20086  17189  3604  731  3590  429  3319  74901  16749  36713  29325  17344  199900  42442  38012  
180  134  450  339  868  543  5666  21225  8022  81964  72822  120  373  722  699  83579  9678  8639  1680  21869  1344  322  1164  334  1066  308  328  132  2002  996  169  1653  247  333  20149  12504  8278  14543  627  4717  3629  10194  5274  2193  312  17324  83991  21965  75541  20915  1.74805e+06  45621  283  244  1728  3068  0  1.6822e+06  538996  55836  23905  4282  2819  19089  3101  6297  1781  10453  18637  23189  12258  9709  730490  556618  663140  244626  201791  506706  449451  2453  218777  49391  362553  
433  311  1311  852  1686  807  13830  38245  11335  15413  42582  515  1142  2194  7114  82832  13488  41463  4164  82388  3797  971  2439  1047  2687  1855  1865  517  4573  3674  529  5369  441  849  42034  13328  14759  16423  3275  16693  7289  16446  16012  5575  801  103058  340466  121352  133532  70275  370161  11927  1277  1151  5707  21770  1.69322e+06  0  567744  1.55696e+06  157608  12650  7996  59106  11147  33427  7300  11817  23450  249380  472316  583488  1.7578e+06  385845  320534  361274  90998  397668  247605  10844  123826  79396  246408  
1641  699  3802  1777  1677  758  11727  29045  7919  20530  40709  451  730  1519  8351  73537  28156  135141  20191  145201  13567  5212  23220  4404  12455  2930  3066  1602  17972  13786  1521  14637  892  2129  85570  21305  45424  29105  13411  57031  19156  14277  4912  8812  1046  4998  5142  40537  83112  80209  166478  15739  945  771  2891  9914  909256  703207  0  2.72886e+06  615982  86402  31660  437046  22744  51655  8143  15899  18754  76692  16860  7738  62759  2626  22176  147774  25702  298891  162226  20992  118642  108479  157047  
744  562  2839  1765  1969  575  19800  47421  12451  10649  10934  528  963  911  11881  14393  6054  39016  11476  65469  7911  2085  7870  2349  4436  2427  2224  931  8885  5614  431  4614  273  982  47396  17314  31350  26942  14684  21402  13677  27367  12876  17807  1827  24921  44032  185063  143871  269920  120419  2582  919  799  1847  21654  25958  1.8063e+06  2.10072e+06  0  246250  13427  10728  1.52016e+06  21287  284246  16474  32265  42027  1.45108e+06  1.37343e+06  960588  224628  4861  49205  303947  59012  532641  215565  33513  112259  199613  188738  
6933  2361  13708  35361  4989  1636  33859  197731  16858  34150  139623  37615  60465  141435  246982  129459  48816  357618  116245  1.38415e+06  151317  37265  163085  35733  69752  27830  23840  6939  70171  42027  3106  37139  2295  7791  288087  63059  173492  79532  18336  211901  44494  56180  5071  23179  70585  3382  2950  47176  488391  5609  11971  335191  259588  216939  787467  1.7207e+06  12917  13692  576695  76779  0  2.05703e+06  959560  131293  791535  68450  183492  65926  26018  124547  21591  6287  34255  2896  7988  198974  39045  153824  94420  28099  165550  92517  192820  
650  252  1263  1592  455  45  3092  9271  421  372  523  1066  1043  1637  11328  603  1317  32405  15243  54018  98951  47714  45811  10487  17244  3026  1818  614  7299  3425  153  2807  150  775  24040  4497  19329  7914  1771  28770  3941  3380  728  2001  2425  325  225  4973  14212  195  664  183  7516  7224  14401  82804  377  469  131311  6416  1.00868e+06  0  422962  66320  218953  10800  28241  10650  4094  11204  1780  209  4617  281  1032  33499  3816  27106  20056  3218  21437  19252  22935  
220  76  524  838  151  20  1278  3559  140  78  95  528  428  576  2818  90  150  9938  2421  21631  29246  49235  31175  15578  11397  1639  826  300  1796  960  33  775  22  150  10005  1408  5867  2204  936  39189  1775  3987  816  2354  1386  166  85  5234  8835  75  171  62  3772  3466  7814  87048  119  123  24647  1633  468108  261250  0  157466  570966  16965  43853  7569  3110  3180  1045  57  1755  78  590  22672  1966  12382  6114  1723  34801  9409  7931  
848  619  3621  1811  1777  323  19643  37629  3636  2536  1721  379  605  302  3636  2710  1016  47538  17492  40556  24154  24245  79064  31730  31025  4645  2203  889  10266  5118  185  2927  120  736  50760  13624  31955  18894  11716  42358  10520  22275  16115  17584  1768  11746  12216  97201  113827  42382  16534  978  567  499  703  11290  4901  17128  293750  1.27916e+06  150207  56207  313162  0  457238  900955  32905  34005  38340  1.04959e+06  657934  36847  149526  743  35156  182815  26652  385281  90262  23593  98144  187487  131264  
417  132  1136  2111  245  50  3123  10754  659  153  308  1189  680  779  3243  195  155  6875  2102  17567  16422  51321  16724  112674  8426  3163  1881  813  2933  1948  32  821  14  117  22878  2558  8719  7065  5867  62657  6840  54667  3807  19128  5386  792  400  45412  49053  255  351  131  10007  6556  17452  719467  233  302  28886  7613  541229  201572  657131  536633  0  1.86078e+06  574458  107684  33549  34731  16347  116  11499  80  4404  64134  14891  39482  8666  12099  203507  38172  21369  
251  112  888  971  276  96  3110  10799  1751  735  825  403  316  286  2384  1158  565  6647  3271  10447  3330  4289  6342  6430  4619  1886  1796  626  3309  1943  49  949  39  166  22725  2961  7564  7287  4840  19914  6064  28479  2741  9009  2374  3269  4736  33452  39446  8241  2222  261  4269  2134  4866  89470  1203  1957  42584  87408  37869  14537  62712  875595  1.55712e+06  0  1.22624e+06  702160  201976  2.87681e+06  48253  1105  13779  145  4785  91425  13237  42036  16556  8307  262840  37277  35722  
226  35  459  1564  264  257  2759  25958  5097  267  616  874  750  540  1683  296  146  1368  600  4261  1353  1942  1514  2071  1395  936  854  247  836  547  21  289  7  60  9848  1932  2675  2063  1167  8436  1552  7802  333  3198  3053  561  436  6530  115355  511  259  214  14539  6863  16637  378920  292  439  11160  5303  76120  21470  61104  59798  376884  1.10373e+06  0  478090  64566  21603  2590  108  1483  83  1379  30762  6311  11451  6895  2990  147303  54956  30965  
235  16  229  898  90  86  1064  7275  2012  243  569  403  220  173  885  368  93  716  217  1991  438  592  589  763  635  418  635  434  298  222  12  199  3  22  5276  726  1050  669  358  4106  462  31088  2182  1654  2190  2219  486  4323  30220  266  946  230  1989  1611  3504  111174  1579  1659  6104  4389  15377  4413  7987  18723  32966  595876  607555  0  474034  9866  1281  162  3682  540  38303  39641  11268  28431  15588  12482  308488  208237  24281  
738  73  754  2415  173  70  2785  5638  1072  598  733  755  255  209  462  810  292  1388  321  2834  508  1057  796  1252  1118  324  907  1687  1412  728  16  516  10  49  5165  1640  1879  3427  1826  3312  3310  171985  15826  10483  11207  13774  3108  33661  50124  1006  3557  470  1922  1613  1269  10431  5762  7344  13420  13834  11320  4780  12475  61304  24493  115289  54726  224223  0  381003  238181  887  225596  2252  225583  133493  48199  85531  36646  50238  171602  307196  21195  
607  291  1750  1142  865  280  7856  19866  5217  2568  2635  460  786  946  18204  3347  3853  30163  10754  65425  9602  3351  4979  3920  5209  3879  3500  1444  11184  6014  263  3747  212  850  41051  8872  22433  21190  8096  20155  13127  36073  5427  11964  2099  47086  74926  153432  51249  42918  16355  661  797  762  1654  27734  3368  34179  41253  408148  81762  14604  31243  1.02302e+06  74973  3.00764e+06  30185  20135  385535  0  4.28561e+06  23801  73530  474  13430  116783  30108  69805  39621  10972  143043  49176  59793  
330  263  1651  974  1511  679  16197  35100  10337  3345  7171  343  723  719  8405  7592  3642  20349  4796  40699  4823  3190  3741  3425  2970  1998  1805  668  4232  2893  213  2436  166  471  26120  8782  11940  11368  3722  11888  6484  22867  14603  12866  1130  190829  237142  347647  130475  68580  36048  1441  600  574  1486  34606  6844  621846  80346  583251  110592  28816  40903  646348  90631  85519  18308  10339  415045  3.64362e+06  0  2.08108e+06  3.81151e+06  1370  37307  193054  67009  87497  56494  6351  56017  40290  79531  
93  66  392  214  515  233  5160  10315  2731  1106  3140  99  238  238  2227  3461  1345  7239  888  13729  1148  319  632  306  566  532  515  110  805  766  77  824  38  136  7964  2499  2875  2417  467  3762  1154  4879  4854  2693  255  69708  81484  99339  37422  14969  11233  486  198  170  584  10765  2738  656195  21833  681262  38279  7830  4494  87495  6308  10431  5006  2834  9550  196130  2.36593e+06  0  685021  796  11628  71212  21891  24132  17984  1370  12044  10159  26881  
632  346  2498  1781  2124  897  20720  49122  11640  8202  29334  579  1187  1726  7422  42160  9609  40814  6166  78942  7486  4300  6260  3611  4018  2116  2027  805  4845  3869  528  5057  387  836  41541  13634  17555  15427  5126  17917  7977  287545  98215  19707  3837  258998  327300  196400  226980  14875  438867  7151  1136  985  3889  36728  524759  1.85659e+06  212571  277930  191508  66815  61418  455853  88738  40590  19152  24959  262507  136804  3.70992e+06  1.27654e+06  0  642607  1.01566e+06  267622  96428  359183  159237  16417  83958  85479  163013  
46  41  144  104  182  82  1337  3702  771  1042  6629  55  130  349  623  9177  1911  6897  564  14320  635  103  376  129  372  219  208  53  503  497  83  981  88  145  5644  1555  1546  1307  253  1968  623  5686  5558  422  75  17218  18418  7234  18097  647  120055  1212  134  96  637  3820  362457  296923  24501  7575  27199  4402  2010  6333  2351  1904  1793  3939  7573  4436  3687  8700  463451  0  403415  16772  4280  36755  12483  835  5235  6436  12201  
310  251  2617  1875  2111  1060  23236  55326  15752  5050  12114  410  776  827  1879  16672  3731  11586  1961  24486  1896  1041  1775  894  1097  560  615  386  1513  1287  181  1811  141  333  20037  9685  8225  6897  1068  4435  1934  1.11569e+06  251800  35088  4162  1.14276e+06  1.52547e+06  181414  409649  12123  1.35298e+06  7847  631  562  1379  11217  1.44214e+06  560721  83949  69412  66740  14577  14061  114433  20398  25965  5993  72134  161765  69541  69255  36803  1.64431e+06  1.09714e+06  0  134851  66950  188293  70575  7327  28051  66413  66215  
2098  3368  15315  10421  15647  4498  167293  416333  69753  50122  36798  2610  6339  3507  12540  20003  6731  31032  9971  64171  11573  13418  14314  14389  12516  6577  10880  4399  13760  9756  517  5424  265  1129  490362  158005  76749  135548  25547  59827  47365  98425  49170  144740  12790  47093  44888  555618  1.35994e+06  61515  433648  135488  4158  3758  6648  133777  277573  36497  261839  82789  299402  101229  145247  460484  238045  345026  106568  169251  319926  235960  65119  3615  41848  2513  26900  0  1.85543e+06  788707  830140  270811  2.65841e+06  1.30714e+06  4.4191e+06  
4870  947  10519  20466  2766  545  35414  55558  9119  8637  7132  652  436  718  1948  5916  1209  3972  1148  10215  1226  1121  1310  1331  1344  621  924  940  2111  1458  92  786  47  144  32252  24761  7929  11521  5671  4023  6078  298374  128727  163423  55886  13145  16876  429211  311242  23482  32279  21741  2019  531  1651  11068  45857  9582  41398  8567  38669  7944  10823  33927  25551  56143  7004  13356  48027  42900  18542  703  10637  242  8913  1.43775e+06  0  210852  234628  459220  311647  118691  416642  
1123  2005  11334  8258  7863  1835  88446  220691  35640  49632  37722  1532  3880  1280  2687  20163  4244  11408  3648  21488  3147  4099  10727  3926  4355  1285  1320  1302  5517  4220  246  2383  114  456  60243  63375  54843  61291  57227  9305  28605  299660  49583  211564  11047  31720  17025  551534  1.05149e+06  20004  263597  86194  2527  2307  3073  28298  310138  51280  210003  119053  144934  24379  35586  202850  50399  47134  13714  20985  33398  100974  22825  3444  29100  2082  28913  259599  378996  0  1.85971e+06  388146  161164  180292  292372  
315  514  2302  1903  2573  662  27020  69457  9906  17291  12201  463  1327  411  1039  7551  1584  4310  1702  8227  1095  608  2047  705  1088  498  537  350  1358  985  87  886  56  176  27566  17841  13747  33629  2995  6885  8935  17437  10071  28695  1997  15055  7787  97224  531823  6967  157194  32801  381  435  938  12343  119775  9535  52857  24495  44727  8111  5274  23654  9293  17637  6497  11822  13286  33749  6750  584  6590  416  5117  233002  198541  1.70582e+06  0  16888  468755  207921  648665  
1354  45  828  4722  34  5  1013  2001  63  158  166  1189  2161  1203  420  126  67  501  178  1682  244  292  562  343  279  106  782  1842  351  234  9  415  6  27  1165  2997  2739  3555  5109  594  1998  164292  3051  33427  20312  361  349  50478  5703  189  241  163  16875  13467  5131  1067  461  312  2022  1729  4947  1262  2303  7081  9970  12415  805  6731  36731  20359  7943  73  4438  21  6435  24313  445173  92610  6785  0  8074  54284  4001  
881  211  1718  2127  293  141  3634  12027  2269  3926  6049  1019  657  747  3357  7262  2680  13278  2779  20804  3473  5651  6375  9593  9482  5271  6872  2558  8039  5237  180  2656  96  314  77939  7122  17715  29483  12265  65304  24253  23508  1435  6286  3611  946  885  14879  43004  1259  16918  4998  4065  3072  5011  153153  13658  2192  27748  9911  43350  15989  35945  73276  91851  202449  302391  728312  215866  84290  20219  235  5718  225  4679  1.63188e+06  76290  85838  144593  41596  0  1.34201e+06  262980  
186  79  469  723  183  68  2044  5443  825  1698  1772  298  260  256  1070  1998  646  3634  897  6017  1839  2730  2409  2214  1665  517  543  669  1951  1209  43  598  21  77  12980  3070  4893  10955  1562  8722  11989  7983  865  2384  1429  787  676  6732  15688  590  3031  1330  1200  1045  1483  36855  4048  2630  64907  50608  43909  23918  33051  222968  46939  36353  67384  601290  202850  44285  11286  487  12785  445  13055  568749  72709  311763  226095  63462  1.18315e+06  0  127264  
6540  4672  37859  17180  10983  5203  109363  813100  66190  560568  266418  1660  5553  4396  27501  384976  51538  260332  87860  298035  41786  15042  95728  39579  54338  57436  47004  9678  55147  28422  2712  27124  989  4815  3.14439e+06  1.19473e+06  442175  1.87502e+06  36012  223251  149502  25400  13345  49493  3589  15642  18409  157267  664337  51040  503097  164730  1605  1392  4330  52007  408893  43021  232822  61028  228466  43233  28483  105939  38963  41548  32407  21921  14125  51737  13871  2730  25455  2454  12111  3.07313e+06  678257  1.15113e+06  2.71172e+06  13447  644693  221634  0  
