0  1.2485e+06  23181  725304  280739  49426  326735  27537  2209  20090  4179  2901  1703  1022  2273  16524  44447  34312  13784  15167  5026  15070  42522  103468  80508  34726  57129  149605  122084  55346  6431  497621  2450  995329  140004  196182  530183  91286  22952  77791  55975  917  392  754  11455  281  187  2068  5027  475  770  504  343  203  152  288  866  733  4672  393  4898  1279  678  1986  5485  812  483  266  532  461  462  94  987  50  256  10526  5129  3898  2025  560  3933  795  60437  
1.26543e+06  0  1284  8149  676649  44316  347548  69903  2148  8428  2624  830  2851  1337  2536  3959  13116  33242  14475  17123  6869  18010  32978  112620  70459  38704  9179  22397  81181  23634  2900  46796  379  27947  419826  713571  688346  193822  19246  102881  42744  965  15382  1586  2046  7844  502  34611  24577  1179  1376  505  245  422  209  489  765  962  5605  722  6150  1939  1043  7188  8517  1241  753  477  914  1156  2648  594  1860  39  872  39281  36771  17547  5183  726  7844  2332  145630  
23248  908  0  194406  232  25  198090  120800  122  236  242  305  1074  465  235  174  69  922  243  1673  248  351  690  2296  2411  1727  816  1166  3980  534  39  712  3  89  18844  128173  33867  18701  41437  5492  4653  13394  914  26204  40513  320  66  16961  8261  119  120  74  1180  563  457  175  119  104  624  100  942  313  145  1481  1330  281  64  225  2643  942  1440  59  1908  10  1288  4389  54665  16660  1870  4757  813  1155  10127  
717554  4952  185030  0  734  114  28015  612437  332  674  936  909376  62190  42913  21111  602  500  4799  1300  23587  2734  2358  3173  13491  48550  24282  79466  145269  52307  2835  178  18365  29  6260  58387  95284  336978  16472  267818  43499  85160  141829  15296  123265  1.44421e+06  2785  428  92252  216650  434  771  954  237011  17289  10414  3928  657  783  4035  651  12232  2758  1423  12923  12605  2099  717  5781  26541  5981  10727  694  10622  33  7684  35776  272875  77109  11250  29076  7610  8052  19640  
261354  883264  1720  3919  0  1.43074e+06  1.13902e+06  148923  46659  59994  12049  834  7742  2804  5064  23077  67120  72895  49184  53858  9407  22023  53832  106731  45248  15370  6404  6967  40475  32550  15046  121673  2735  369741  925662  874690  595751  142587  4462  128173  33461  264  1414  354  961  6089  8007  58905  72686  19136  6790  1679  225  960  511  1033  1742  1608  10773  1622  12930  2980  1318  7196  8214  1741  810  572  1238  1585  1434  330  2780  117  1596  56183  45666  19767  9168  352  11399  3757  352584  
126412  155070  648  1763  1.35351e+06  0  496286  370926  517476  1.70394e+06  19333  477  9180  3189  6085  65083  101934  50682  52417  49983  3846  4442  25225  19291  16619  4149  2825  4577  62869  43834  16924  328593  12749  1.03136e+06  425199  272970  241865  52572  1776  30169  11538  313  682  277  521  2240  16556  19201  154060  52601  69711  7552  194  997  841  915  3296  1961  13862  6613  13052  1761  672  5966  2279  2826  358  391  998  3965  2005  452  3405  137  3948  67948  54717  15404  20460  230  17824  2928  281153  
276272  422871  203174  30394  1.53763e+06  686871  0  1.41534e+06  891612  137919  14723  1483  10404  2994  5785  12985  35025  67585  95433  61872  6211  9325  32110  51071  55364  21061  8457  14228  160628  73305  38798  32623  413  21181  655808  1.0319e+06  490999  182574  56863  100515  46625  19050  82690  31715  33139  89974  56655  701194  504385  99071  30621  5124  2013  4959  1532  2871  5761  5588  31782  7444  27178  9736  3987  55138  23059  6582  2403  2576  8846  9189  15702  2759  15200  283  11529  323287  525995  227674  57243  7292  52032  17002  330173  
23567  69373  133239  961441  90329  80786  1.63959e+06  0  2.02433e+06  286010  444900  782389  1.75667e+06  892328  146083  17505  11824  109522  26654  390102  16692  14238  38154  60932  40898  23044  20899  14915  39449  15747  3154  37643  623  26615  982404  1.26445e+06  580598  191316  68322  130225  50557  62564  98268  72992  131080  108406  139223  887784  2.89788e+06  270484  463631  76056  201490  242592  79075  28194  20574  13459  95079  41665  146330  24009  9087  110890  47149  19297  5068  7125  21638  27846  32692  5937  33724  767  32641  752853  888931  430428  184489  15911  140858  33473  691693  
1498  3016  415  569  85400  645839  807317  1.39508e+06  0  1.77023e+06  12193  109  2368  396  1637  7347  9769  59574  122304  20316  1010  861  15620  3198  17665  1550  847  835  105807  38273  9578  10742  186  5617  139776  84298  45027  21003  615  6667  2757  495  1270  385  426  4252  44495  37047  227640  94624  208244  14124  104  577  433  394  9365  3013  22842  15447  10899  1592  602  9355  1827  5519  467  520  1590  8076  3665  796  5474  237  7126  126407  153915  29106  49036  256  39279  3927  187040  
39008  31446  670  2010  94506  1.349e+06  167970  884183  1.45791e+06  0  156111  481  3434  1680  2483  2.44578e+06  277030  187177  144030  53801  3288  2346  18253  7298  12903  2834  2652  6165  45551  44994  18251  493525  87083  735943  503511  383822  403773  267573  2282  13218  10872  744  1070  328  618  2775  12926  11816  162698  25021  381317  50234  147  510  817  691  59818  17216  42696  12700  20094  1987  771  7655  2156  3371  529  528  1575  4783  3236  839  9142  670  7007  111201  74618  32173  47173  500  31989  4405  601119  
1848  4099  3183  9934  6082  2415  14277  872668  6958  142215  0  5491  92778  1.01196e+06  14082  81416  10407  91233  1961  1.26122e+06  4348  1131  2472  3335  2121  1876  1983  854  2271  1711  400  13620  1944  6439  75994  26442  41746  19088  1435  7072  2086  1724  1261  1325  2964  2742  5557  14812  136497  7331  235001  445054  4117  7464  42405  6747  100205  23415  94806  4102  142333  4526  1066  5331  2613  2938  1430  1952  1662  2691  2021  670  10028  853  5218  73980  33694  25285  20636  764  17877  3004  84217  
3485  3899  6756  1.03943e+06  1754  190  21725  1.19058e+06  463  768  3368  0  646546  240448  86088  729  570  5009  687  96685  6042  2541  1358  5435  9740  8529  15238  17968  6455  715  68  2067  24  1124  37618  14653  61368  4968  44114  21679  31948  29569  6931  12396  173467  2031  511  26316  411195  670  893  5407  721188  185895  69255  22195  591  627  3380  446  57001  6932  2657  7957  11168  1119  677  1724  6365  2252  4242  469  2510  11  1649  28474  58766  32907  6344  24481  5060  3977  13732  
2643  6527  7042  139060  9171  2088  33197  1.22287e+06  4319  2073  28215  732966  0  645125  285756  1610  1319  11671  1592  230858  11172  5886  3596  11420  9332  8759  14572  7660  6297  1666  193  3200  59  1821  58722  25625  50618  9796  20858  39880  24676  12564  3917  3930  35733  3561  5181  30793  315162  17300  7490  12743  227134  528484  95755  31304  1905  1310  7209  1427  90731  8609  2781  7259  8818  1553  1217  1805  4150  1836  2480  389  2955  79  2761  43046  47966  28538  8239  15758  8182  3260  27370  
2858  7274  7533  128707  9095  2202  22927  1.00999e+06  4466  7394  1.08554e+06  330441  980349  0  719986  9055  4199  49914  3363  1.31061e+06  31667  9257  4110  12203  8634  10498  17872  7673  5982  2162  322  6549  211  3659  73967  28459  59192  15378  15255  51730  16451  13119  2184  3232  27127  2714  5514  21651  198106  8550  35007  96285  73800  130430  568225  103585  17135  6762  31948  2422  353691  26408  8882  6652  17278  3766  4851  6830  4580  2307  2372  452  4986  260  2715  42386  35380  20626  9175  9162  22228  4066  41333  
3448  5090  3184  64491  5745  1459  17541  185433  1848  2805  15266  143200  293579  1.0079e+06  0  3679  12716  161499  5682  1.99764e+06  180371  157384  6973  568779  26639  61075  30297  7941  8108  4733  698  17618  626  6938  73762  17524  54531  16253  7148  102906  13497  6350  1424  1754  12425  1134  746  8149  62497  1794  2072  5412  29357  38919  226772  341588  2819  3739  40759  2863  328959  30818  11164  9738  17718  4761  3954  4639  3414  3501  3150  798  6546  259  1845  34468  16444  17216  7507  3875  24343  4682  37890  
36533  28923  464  1595  61461  97708  40574  62380  60273  2.60875e+06  132014  390  3432  2522  3570  0  2.43841e+06  642043  96610  179216  3434  1527  8952  4054  8034  2742  3013  6609  34065  58472  30591  686111  421550  715742  340941  69436  391715  351265  1618  8937  8198  561  736  256  472  1402  2414  4800  20472  2537  39426  35256  178  495  1071  977  61019  55705  101547  4440  50568  2344  594  4884  1323  4014  545  450  1090  3957  2474  1407  22100  1851  4656  49872  13954  14040  12099  534  8007  3348  461546  
89315  80249  1065  3474  189982  110580  137999  128732  33817  498795  184783  1019  10935  8266  26813  2.52339e+06  0  750102  1.53842e+06  673990  14737  3872  16674  10651  20390  9620  10452  10914  145742  818979  757778  2.82374e+06  542308  655392  208059  69342  515341  128165  3152  31596  14125  1453  1684  1171  1649  2683  2871  12660  46327  4584  19830  36070  742  1843  4338  7532  72491  60582  272362  10279  226189  10387  2460  10216  4847  6677  1678  1631  3541  8780  8540  4197  38544  2739  7572  107892  23264  38515  28117  1810  21639  9474  199364  
31154  33877  2942  7133  44919  16192  84011  154675  228414  251935  131142  1146  5335  2802  11364  643312  528912  0  3.13539e+06  857658  135022  41031  810367  68848  311409  38008  9379  10345  150630  77394  9435  298441  6076  152569  320052  69528  412181  162298  9061  116835  20605  2177  2405  2853  3618  2723  2587  15141  47243  5084  20493  8208  516  1068  917  4557  20507  25780  276299  15278  166337  35176  15721  59084  18627  17435  6212  3581  7382  15078  14384  6224  39490  1659  6366  204618  24331  51254  30213  2933  57727  14659  265009  
29148  33570  2718  6779  77168  50516  249931  106306  526178  275606  23760  923  3925  2133  42310  31183  1.82214e+06  2.80769e+06  0  246383  17860  9338  1.24368e+06  44145  537778  50536  25451  15207  1.11055e+06  1.79106e+06  916087  392669  2245  128341  154576  52834  280997  93141  6588  160617  22406  1339  1630  1867  2609  1857  4291  13327  42341  8694  17921  2968  419  802  747  4616  4857  8130  97887  11103  96836  14344  4166  19791  7210  11277  3157  1855  4473  11050  8253  2326  16970  650  3778  85540  23273  33537  19677  1819  27617  8706  126079  
27881  37850  12324  72704  41790  9337  95395  643851  11772  43931  914665  109380  412918  977053  1.97056e+06  78610  78224  907109  53230  0  2.06831e+06  535603  58998  986974  131187  142971  110346  37817  82323  33950  5174  197652  8827  83175  598177  122778  429391  161429  20270  751178  60561  12058  8537  11418  22302  8878  6553  53861  246431  10932  43893  131740  40769  61971  183990  219468  83792  62250  680595  51019  1.8978e+06  300672  126656  300196  154061  96159  34699  21213  25974  51947  36860  10092  89992  4149  18440  440204  78512  164033  78061  10443  204056  46067  340066  
4057  5428  821  3224  4366  753  11096  20893  727  2009  2809  1094  2867  2951  96459  1534  3428  157759  4791  989889  0  342454  54844  154519  22301  35292  15833  5516  12148  3419  371  18244  265  7236  90457  14868  62881  23935  3135  122393  10419  806  768  1349  1687  574  286  3994  12131  449  1051  684  724  1051  1434  10399  964  1482  59806  4700  116369  173578  77961  77212  56748  15429  6323  2713  3071  4907  3193  541  6373  131  1047  61378  4001  16310  5245  947  41055  4896  33396  
3300  4563  690  2542  2635  346  9206  15412  283  868  621  799  1862  1835  136057  387  554  57376  1714  220693  314068  0  67778  690391  20580  58391  9149  3535  7342  2109  169  11434  48  3704  63757  8782  50258  15104  2392  96323  7690  303  370  555  865  227  75  1905  4773  143  246  147  299  395  444  3689  113  155  12048  483  19926  151929  117170  22602  105546  3758  3053  1385  1174  886  857  96  1856  25  262  33565  1693  5951  1800  352  25195  1635  18368  
30866  32123  2552  5777  25458  7299  55006  66807  32804  7050  3653  764  3902  1752  3108  2595  3409  1.09261e+06  1.24126e+06  40056  47536  99048  0  223980  1.11217e+06  44661  8130  9131  1.26343e+06  585517  4108  206270  432  78288  118837  35664  232622  66837  6312  52976  17374  312  660  414  1163  649  599  4503  11335  1155  1497  392  163  546  224  896  529  551  17490  1290  15488  14704  7675  26279  8659  5653  2059  780  1049  1537  1160  178  1889  43  376  41213  4536  7065  2931  390  10137  1601  70572  
23066  32772  4272  11212  10818  978  59676  85115  999  2099  1701  2165  7134  4881  569270  1052  1058  170048  40765  460869  216140  793743  288523  0  1.5452e+06  701074  40666  16949  36653  12883  512  66506  85  11766  130487  31722  238081  47268  8177  273811  31431  605  1280  953  2357  1032  234  6971  15204  399  596  355  484  1139  608  3494  298  366  12982  817  23603  32915  22406  35023  172707  7710  4311  1890  1797  1336  1338  147  2452  30  390  49753  4978  11546  3743  634  35471  2443  75664  
41470  46401  8292  25413  11270  2822  108171  99774  29286  4586  2199  4000  7108  4773  23315  1773  1690  305177  240365  56052  22913  35849  1.24025e+06  1.66526e+06  0  1.95057e+06  821032  223506  3.09204e+06  68213  887  120841  193  17602  189922  42571  277034  60870  13403  439260  109335  726  1581  795  4060  1137  580  7582  16166  1202  1207  458  538  1030  402  1363  713  824  16406  1135  15151  10050  5200  18354  22679  10949  4142  1802  1854  1830  1668  258  2842  63  546  53459  7684  13537  7545  1074  32556  2221  152014  
9856  9864  2132  9777  1818  277  22273  25673  754  653  905  1820  2692  2384  38287  792  753  62604  32887  44885  22040  18635  67304  396616  1.99925e+06  0  245528  46850  105319  7160  220  25166  58  3379  49626  9218  69439  12640  4140  320997  55286  217  378  245  1726  233  77  1675  4131  222  194  127  267  300  142  582  151  201  3654  309  5457  3414  1824  4182  5357  2273  1703  840  634  511  475  63  810  12  140  18628  1771  3485  1365  317  14892  671  162767  
21466  2434  1231  53702  572  259  6040  16124  315  620  1502  8740  4241  4622  35002  678  1100  9215  1768  32752  9869  2952  3568  17273  980117  357523  0  505507  50684  1112  143  5180  90  8749  64154  8582  65937  10858  7628  423623  298517  355  129  151  7635  99  95  686  4160  342  165  366  1057  409  212  371  264  187  2605  215  4713  835  385  968  987  654  667  350  443  310  302  57  487  21  118  8957  1737  2130  1509  555  5127  571  49585  
319277  49867  14350  237053  2379  885  94444  39377  552  3564  1436  14157  4308  3214  3801  5199  3700  11384  3415  8921  2528  6508  11352  37135  158648  29122  202544  0  218301  262742  1546  533880  681  105257  167135  37323  338169  55821  19984  163558  298301  1097  555  550  24364  292  89  2100  4951  158  268  187  1419  503  254  441  236  275  3302  379  3563  1335  728  3520  4952  1713  1206  676  1376  1162  1180  76  1392  15  174  16206  3838  11082  10302  1029  8642  1073  30362  
39449  35855  5504  13315  20706  17768  147671  55490  109534  39827  4213  1905  3282  2017  12074  6513  10748  189386  436844  63814  12592  42676  1.30698e+06  190972  3.24575e+06  161146  46250  306472  0  3.86026e+06  35020  205181  392  17775  160258  33325  157774  82601  7200  219215  56118  640  1174  743  2210  1038  1493  6490  16950  2790  5260  1873  278  526  405  1747  5675  6167  42322  4425  34433  10353  3612  16151  18969  9038  2612  1043  2110  4232  2969  755  7094  376  1505  35556  10375  19303  12361  1155  14144  3467  86788  
69831  60541  3449  7945  81664  45718  239130  89938  66181  173079  27880  938  5487  4125  16058  49228  632299  273126  1.05886e+06  210072  16976  23572  478246  137661  122357  32169  10335  501282  3.79104e+06  0  1.88232e+06  4.26368e+06  2348  74800  208367  40238  287066  182100  4962  100440  21492  732  1300  826  1537  1549  1638  8517  25921  2921  8583  9022  389  965  1726  3240  28591  25693  95608  5154  82098  8016  2578  10079  11032  5199  1534  1004  1961  4570  3761  1507  16120  1224  3015  49579  12916  21027  14057  940  13897  4474  201907  
6825  9600  252  655  38086  18801  85488  20919  12979  92789  7283  130  1223  904  3877  23527  1.09096e+06  36350  475529  50409  3176  1398  11418  3825  5424  2366  1918  2041  67144  1.86617e+06  0  1.16316e+06  1114  11973  49042  9012  76433  62087  500  6831  1669  177  244  205  265  361  489  2211  6870  1080  2338  2267  78  197  387  865  6768  6316  22708  1310  22606  1501  421  1344  918  819  236  207  475  1160  1009  404  3964  340  834  11214  3331  4967  3454  220  2847  1203  64832  
425538  137028  5952  38990  148194  376564  160935  195747  43983  366601  80539  2399  12032  7636  32952  517485  1.67563e+06  646356  293531  644523  48986  48029  371066  254002  164466  62105  24400  490529  345487  4.13367e+06  760163  0  799277  1.57001e+06  386485  107153  850780  219651  11544  190283  53944  1621  2360  1704  3861  3020  3546  15946  57864  7932  16475  14737  912  2021  3329  7503  34720  31857  218342  10606  230817  16515  5240  17241  21571  8137  2781  2047  4387  9547  9516  3809  29750  1756  6282  111764  25460  51023  33954  2238  29920  10956  278354  
11393  7502  59  295  14484  14878  5449  11953  601  71797  12983  83  734  441  1413  195014  344163  35659  4331  46340  996  300  2007  809  1244  617  858  1705  1687  3805  1374  523980  0  284881  14492  4690  110691  18589  209  1731  2146  45  58  25  76  128  134  614  2492  251  913  1593  51  106  239  407  2882  1639  10441  333  9360  471  114  496  219  263  89  70  101  233  235  105  1154  82  224  3993  954  1178  892  56  794  323  19128  
1.31246e+06  346734  838  10259  1.03806e+06  2.10136e+06  121060  144591  16049  1.45924e+06  36045  1451  9006  4096  6507  1.25234e+06  1.22352e+06  193822  50743  128617  11193  12240  85762  57831  36991  13482  11018  35004  58406  110012  38295  2.77154e+06  1.00896e+06  0  121652  62026  1.29684e+06  69184  2567  36715  46032  300  443  262  1250  959  2156  7191  26915  5049  6661  4254  332  906  936  1369  7440  5011  29297  1802  30693  2769  1023  3599  4399  1507  488  381  776  1505  1246  451  4138  269  1150  22692  9848  8542  5317  337  5470  1726  86430  
64057  164251  58731  144047  153262  37927  886934  2.00224e+06  82057  862235  423735  66785  77673  48151  62772  442476  73431  860870  111151  795210  69123  65035  225461  197348  251544  159753  169037  126457  279014  80275  8480  272329  2149  46805  0  4.09737e+06  461769  454866  296344  2.46715e+06  957803  5677  7093  6537  28551  8825  11932  67800  297981  29870  49453  16809  5454  7958  5991  10326  12685  10442  78092  8199  110623  23789  10037  50453  33849  19829  22193  12139  13391  9425  10446  1970  21222  611  5967  653091  112312  96770  58393  23545  166554  41146  4.04894e+06  
48577  133114  100063  91201  54285  5214  624140  745448  11462  50961  56011  5486  8866  4476  10804  43213  15948  173105  12426  201168  10638  9737  23929  32208  57551  39372  40004  28498  60944  11141  1054  38109  763  7407  3.46459e+06  0  255851  283899  694775  540281  233930  2380  4078  3460  9806  3490  1474  27002  64496  2899  6513  3565  1102  1291  965  2171  4356  3223  23391  1902  27413  4767  1824  12582  6864  2672  1281  996  2422  2337  2938  587  5141  206  1314  206927  36439  39362  17330  5702  12635  6758  631747  
227923  295320  92509  297110  259841  25934  933962  1.53878e+06  48825  279528  124246  20021  67358  28538  22642  269697  81488  420454  91533  314596  37810  45489  158102  211396  130269  76597  28865  46166  148275  63323  21436  169164  9782  222599  205164  1.77719e+06  0  1.82697e+06  154088  159006  103212  3513  7543  3604  41983  9284  5137  73864  203745  10291  20939  11231  4263  8603  4211  4766  13057  9604  42950  3865  60275  8444  3461  17530  17160  4318  1676  1278  3829  4095  4360  1058  8981  426  3422  76160  54766  52581  19795  1865  17522  4934  137538  
26147  58377  29815  32594  27406  3505  209900  331977  17067  116347  36420  2147  17512  7488  7431  124655  27032  170175  41594  135585  13470  8509  39339  21320  20130  11330  6483  6404  49546  35466  16706  38366  2830  18154  114334  517096  1.61942e+06  0  90981  31787  64562  1000  1978  1415  4800  1981  1218  14554  41596  2247  4781  3383  606  2160  1223  1847  5339  4003  20313  1551  23290  4473  2032  13201  9463  2823  732  487  2018  3243  3207  442  5419  206  1004  25135  15082  57806  36613  2635  11178  4222  447636  
62849  14556  106026  292369  283  57  98991  38895  125  679  504  14320  2768  2073  1606  631  366  5377  904  5811  1038  1339  4002  5194  12778  8775  10105  8177  9115  824  58  2378  27  489  181014  541812  92399  68895  0  45712  63262  3229  363  1549  67666  188  54  1729  3060  75  256  121  1381  342  224  230  207  270  2230  206  1918  805  363  2923  1948  698  257  921  6161  969  1146  66  1278  13  257  31696  8151  16517  5970  4542  2362  2196  40941  
25681  19567  6842  70678  3762  596  45005  83182  1085  2149  4056  36443  34978  47662  126905  1370  2553  48784  8872  176671  68262  29931  20453  118549  269478  578313  966418  163787  162807  20505  727  69636  154  5850  1.5779e+06  76454  166310  40919  28398  0  1.19726e+06  2576  1338  2077  13261  902  446  6515  23657  1164  1354  3127  3497  2494  1413  6629  1972  2074  34600  3460  48933  17038  10245  22066  26214  18849  23518  11545  7553  4805  4300  756  8280  206  1493  193909  23014  27851  13902  10007  185755  10385  134194  
4616  2298  3727  45598  643  209  8351  19933  375  1665  1419  33350  14757  12061  21835  898  869  10621  2124  27115  7451  3938  9820  16555  93974  138942  674665  86582  26454  1761  122  8135  90  11353  679065  63890  37381  83094  55243  1.10098e+06  0  1360  227  927  11522  147  93  1363  5311  229  473  324  2140  1486  914  761  408  389  3760  307  5344  1504  765  3453  3077  1544  1631  1039  1707  767  864  68  1242  18  205  39641  16062  15757  11779  9117  12881  4617  104526  
2133  2321  9160  57345  321  134  15706  18010  881  956  1128  11260  2914  2155  777  1854  1190  5407  817  6512  1174  901  404  2798  738  355  255  354  806  242  39  989  38  401  5106  4890  3245  2449  1491  2319  1008  0  1.43983e+06  48725  929525  399167  33480  426043  82311  2244  10409  1948  29995  15107  10801  4140  15323  20190  27620  5645  16321  8473  4944  74229  46826  10134  2166  34662  346642  59559  96011  13182  505460  1066  1.2343e+06  91750  66731  220976  42205  22648  28087  42692  34248  
1211  27424  6017  9814  975  129  126785  65979  911  764  801  344  733  306  191  1691  1185  6874  966  5873  1036  1207  669  4727  1255  572  218  207  1159  381  57  1183  43  479  10705  9366  6922  3235  1180  3683  941  963303  0  2762  2952  645819  6696  279193  55240  2091  4185  1481  1131  836  293  1386  3295  6684  19295  5064  10841  9556  5799  99065  68508  8494  2274  2471  19680  35181  65360  8054  82881  133  52205  234654  167256  300724  42266  6850  34629  13476  51632  
1174  2435  19833  30946  53  12  16696  7865  56  106  93  100  88  40  23  231  187  850  132  729  174  191  91  785  142  65  51  69  166  41  5  133  6  59  965  2161  800  340  533  392  171  26389  762  0  103366  1130  337  142791  94547  160  488  199  261  143  110  173  531  650  2970  541  1344  1608  1045  14080  15404  1454  174  169  2158  6410  10083  664  4189  14  1894  9947  22634  72160  4907  2347  2233  925  2906  
21166  5241  93481  1.23784e+06  234  43  59605  79279  192  312  587  320704  9237  5179  2073  512  394  2212  383  5416  1042  727  768  3396  8157  5000  13712  22409  7380  446  28  1880  9  1026  18246  21772  52351  4019  55707  10953  17603  939890  4101  137438  0  2195  616  28850  558489  283  934  1348  1.01438e+06  23715  14617  3666  1032  1013  5767  887  11540  4028  2310  21967  22810  5203  932  12090  99638  18627  29440  803  32796  52  21053  35504  234779  145252  19084  35456  10527  22690  12657  
591  13701  568  1358  7249  1436  104228  69320  9422  2499  1948  161  842  325  306  2954  1662  9176  1354  8504  1125  1018  994  4181  1529  574  235  219  1365  520  101  1687  71  745  16645  13013  10399  4165  577  4226  1224  461538  723571  1972  1969  0  890720  946292  212547  39643  32113  3476  557  2082  660  3326  21128  30309  46020  16649  25878  12513  5749  145309  26512  13090  3063  4244  14023  72532  76533  16167  83888  1492  480780  364636  165781  278048  78280  1200  53494  20142  82483  
336  1122  276  666  8626  11267  90055  210177  105805  26453  5047  100  1885  462  211  2556  1187  7639  3241  7636  781  424  1401  1278  1463  258  173  213  3759  949  221  1959  54  887  33418  11442  9490  5086  294  2448  1058  86856  71688  1264  1139  1.08113e+06  0  827296  719748  934738  1.56519e+06  16231  218  2706  2014  3113  90058  81753  58065  96670  26697  6802  2350  65003  7429  36283  1577  1860  6979  105763  74943  25402  216081  13853  990020  168677  77708  99790  39689  677  33397  8350  75638  
3719  84681  17267  24773  55266  4718  724828  341749  37720  9628  4875  693  3013  1168  857  6494  4150  22359  4345  21408  3221  3345  3523  13525  5519  2021  718  714  5372  1795  331  4602  147  1858  58469  60108  39030  13445  2831  12574  3497  309249  451989  166998  36333  1.5418e+06  1.17096e+06  0  2.42038e+06  1.10231e+06  167212  13843  1782  7927  1408  6410  18863  28946  156039  111170  90293  32112  14363  325515  99014  56282  6668  6472  27060  170833  148937  23944  87851  1245  106633  620798  512719  796023  144632  8554  113767  34234  176567  
13930  69726  65741  258573  90295  42200  1.0343e+06  2.47904e+06  391040  134181  68908  84136  102866  48064  14867  16290  8513  55490  16258  102370  15811  8290  12097  27287  14404  5004  3859  3568  22457  6203  1205  14235  362  6231  272718  229945  124088  50225  8639  34354  12884  52623  104146  190556  699865  166777  159994  1.76111e+06  0  1.60498e+06  611014  562382  823291  902259  800152  157145  44803  39937  267504  54981  457047  95150  35865  482583  197043  40643  17787  19597  51192  66615  114494  21721  125728  2871  179234  1.66712e+06  2.55015e+06  1.92847e+06  512612  32297  331206  84881  712285  
471  1238  242  574  6525  12054  72192  203071  146841  34815  4104  79  1074  205  182  2076  1330  9571  5250  7655  690  459  2157  1286  2302  317  212  246  6952  1523  235  2876  56  1191  36524  11415  11099  5472  299  2864  1206  2774  9426  1213  1026  75382  985910  1.11102e+06  1.60025e+06  0  1.96454e+06  7661  183  1297  515  1254  20333  17840  126450  266835  37855  4488  1835  61479  5783  40320  1981  1852  5997  78306  38876  10211  32403  1515  55038  279056  205104  163591  105250  655  92257  10193  191786  
571  1105  230  517  2586  15262  16701  432844  350624  387198  71166  103  938  412  174  16290  2231  16357  11300  11374  741  484  3708  1434  3445  481  323  326  13326  2573  268  4697  104  1588  75064  28615  19338  11613  404  4219  2004  21831  17906  1111  922  72975  1.46228e+06  272907  978477  1.46262e+06  0  85795  147  515  1509  1020  2.46068e+06  274409  232318  149057  34219  5493  1529  29354  3673  17567  977  1480  5002  60668  57086  25085  489236  111856  861243  228619  274646  209293  200113  754  86223  8409  245757  
320  506  329  2221  925  1111  5916  60205  34361  312428  376598  2181  3875  7303  825  75792  4587  17044  4161  53722  1928  404  1016  564  742  215  239  158  1288  553  129  2779  169  1073  24179  14162  8066  7536  218  1563  570  1686  695  311  2349  1424  1867  4066  442183  1562  129429  0  17282  25746  749448  6696  79870  3147  35525  736  509110  8216  967  3063  2288  733  779  832  1011  702  874  212  2838  193  4338  51637  21261  21865  19873  511  11528  1759  52868  
4016  3182  16013  360366  1676  209  28275  293360  661  1803  5564  743812  265646  91155  28968  1360  663  4510  630  58249  8741  2297  797  3321  3200  2455  4370  5100  2408  419  46  1252  23  613  15438  14009  21507  3122  12975  7488  7470  70658  5667  16295  691232  3233  737  25327  1.20922e+06  926  1120  18547  0  561117  214424  64298  1070  883  5642  630  163709  22918  8276  10789  26766  2177  1225  4682  25656  5021  8213  677  5469  39  3477  30899  78685  42502  7721  86159  6911  8652  11400  
1694  3130  6487  57060  7098  1765  65884  247603  5616  1981  7063  157713  492413  179904  39823  1648  971  6556  927  94843  12066  2895  1325  3973  1887  1465  1616  1144  1600  630  104  1550  46  879  20688  14582  17655  5296  3893  5500  2658  44216  3283  3065  96697  4187  3056  28605  1.04706e+06  5383  2882  16989  619657  0  436797  130377  1624  1256  9310  1083  236827  34087  12280  12363  37375  3541  5547  7010  15120  3154  5009  553  4493  67  3117  55784  111000  53661  13564  57568  15724  7267  22147  
2494  2390  8659  45110  3920  2802  23487  186485  19488  31243  100370  45426  135754  708944  190093  18378  3747  27826  2793  370221  35687  6617  1797  5425  2271  2071  1950  954  2668  1231  243  4888  207  2181  31920  12835  20005  7939  2186  9732  2131  55013  1795  2594  89834  2286  2857  10614  808077  2889  10631  854938  366992  600794  0  502473  11361  3053  37753  1932  1.01475e+06  97109  30512  10238  55536  3780  4713  7394  17996  3877  5075  619  7203  197  5021  46544  62273  33936  12401  55224  19207  7226  34279  
2858  2538  7266  27859  3019  570  16197  58127  1585  2954  19590  11224  21659  87554  262713  6477  9205  80063  6480  324683  63460  15520  3146  9659  3729  2540  1866  1036  4557  2655  398  10631  392  4232  31680  10602  23367  8276  1386  17611  2609  21166  1496  3598  28160  1724  734  10276  156907  981  1670  5102  102590  178375  794815  0  1727  3600  48602  2513  1.89457e+06  210432  144127  33358  762359  30646  60064  52164  14981  5036  5272  949  9938  321  3961  49337  36224  30192  10502  7536  132152  14119  26333  
274  565  136  389  856  1092  5155  39570  32840  114910  33881  79  283  158  124  42805  6210  11659  2625  11364  557  338  822  660  655  184  134  115  1267  536  122  2490  114  904  16372  6445  6230  6049  246  1738  856  20057  17598  834  830  52330  159730  85769  104789  89166  2.36306e+06  96717  156  433  984  1065  0  2.08567e+06  999711  74841  32903  5124  1311  17215  2810  10649  1359  2605  7815  31479  20520  12008  698019  498552  709317  271920  94403  415890  301227  1575  88148  14441  281397  
1316  1879  486  1344  2832  1548  11403  27865  13679  77310  82549  207  681  602  820  307257  39780  99849  7984  147893  4716  1378  1948  1882  2992  699  508  534  5158  2925  698  16041  1124  6379  38785  10274  21365  10909  1051  5478  2072  28744  37781  2895  2668  109576  232117  105802  106269  87836  456466  33815  538  867  1213  14734  2.31322e+06  0  1.10428e+06  1.7023e+06  400098  35945  3870  67505  9568  41962  6200  6642  12877  216316  570304  836533  2.00967e+06  364590  448240  343838  135892  154211  115448  5753  62875  22365  167571  
4525  6194  1359  3553  6809  2455  20942  44054  18512  24931  10464  491  1329  739  1873  52860  61840  154393  32626  78636  29590  15669  20478  12799  15207  3861  1807  2353  20650  8880  1797  40140  990  14780  101165  20947  68219  29050  3778  38487  8188  16438  16097  6687  6444  40698  68290  136539  198781  181769  183352  20323  877  1236  1125  5191  800076  975859  0  2.65882e+06  691511  121860  19269  668304  31567  135585  23071  6538  23213  111007  92943  44938  183705  7461  104701  267803  51749  336624  190300  8606  81998  38056  215676  
2412  3808  1249  3322  3806  2514  18296  55839  27790  18726  8870  398  962  572  1334  27703  17544  81171  14121  61204  6431  3850  6376  4790  7024  1846  954  1204  11839  3786  648  15541  525  6640  47164  12112  35786  16807  2409  19373  5480  11399  24215  9525  8927  129570  362554  483937  182450  572250  239239  5220  1222  1429  1212  12736  56206  2.16467e+06  2.57886e+06  0  281093  25223  5367  1.85561e+06  20722  294726  39039  10198  36596  918197  1.62612e+06  1.6088e+06  290050  6135  58176  222233  61526  231607  96352  10466  71735  46117  127705  
19540  25093  7860  31894  26790  6268  73086  235695  30194  100327  249989  17107  60971  104127  82956  236551  128282  619977  104927  1.73792e+06  287470  78157  73353  65881  66888  21776  11009  9969  76191  29118  4743  128026  4093  53340  315340  78793  284509  102293  12142  185549  28921  19205  9128  9362  27545  11309  9095  58960  548707  15096  32556  596262  126550  170543  625869  1.64761e+06  27271  46495  833065  26086  0  2.18464e+06  732045  208248  714688  114729  77852  69228  37803  45453  34570  11260  90609  4034  30429  374653  105904  207059  100632  11840  255952  60160  254217  
2888  3662  696  2131  3057  497  7906  15067  1497  2708  5115  519  1363  1382  4640  5238  6039  114449  10007  141373  184538  73297  30061  31936  18686  7429  1662  1490  10712  3602  366  14596  332  6209  54944  8462  40468  15030  2069  35629  5058  1529  1264  2189  2537  1196  702  7859  30229  999  2338  2274  2030  3116  4280  65790  608  1951  230481  2557  1.12383e+06  0  362076  134027  144902  22573  13512  11942  6614  6876  5580  1340  14893  383  2629  82226  10983  38270  17777  2498  40644  12577  34192  
842  1109  344  1222  741  120  2847  4678  215  351  672  278  548  631  2130  395  915  25974  2165  39926  81474  70673  9595  25894  7249  5029  1283  705  2705  869  62  3620  45  1322  47284  2447  10957  4321  788  51414  2203  1507  917  2778  2707  512  172  4879  13809  195  644  288  1278  1523  2274  93015  181  318  39034  687  421845  358828  0  136621  456801  11762  15683  13792  7340  2540  3407  320  7677  79  1022  76698  5805  26829  5859  1699  94398  13889  16160  
3418  5597  2479  6592  4337  1032  23158  37726  6296  5142  4074  952  1385  987  2499  9895  9124  113774  12672  84326  36648  19974  29136  45560  20515  6128  1850  1909  12801  4272  517  17485  545  7884  84549  14463  45871  25104  4430  39387  9172  14692  23851  21748  20189  51854  52874  165117  265401  38333  30749  4875  2552  2673  1962  61163  8473  26665  703637  1.49899e+06  167105  139771  115510  0  346273  950873  87199  22778  68302  1.02258e+06  965432  72175  200287  1580  32613  439049  88084  477694  146466  31610  116021  186257  233152  
1985  2699  1892  5058  1363  201  8119  12083  436  688  1380  648  1014  936  2131  766  1443  33767  3795  40597  44120  62363  11456  154042  15405  7523  2158  1599  6246  1585  118  6544  81  2092  74037  5988  25118  14409  2685  66268  7410  11094  6066  21396  19467  1908  544  31210  55774  630  1643  703  3381  3511  3904  923456  513  1124  57193  3891  572238  152560  426304  489875  0  1.69485e+06  705216  99980  62461  21049  31980  931  59375  171  3879  161485  16649  107223  19123  7475  333339  50936  77888  
1274  1538  2078  4567  1023  223  5824  8908  1215  1442  1474  421  510  408  886  3104  2537  26512  3802  19773  8404  6830  5137  15244  7807  3580  1301  1126  5484  1352  138  5200  135  2034  45756  4683  15383  15527  2542  34576  6642  13435  6588  16826  18912  5906  9062  39157  46715  6025  4761  929  2466  2627  1913  101215  1854  2867  59222  28144  55640  23013  21682  1.1736e+06  1.65385e+06  0  1.965e+06  849269  519101  2.62415e+06  95155  1830  96100  277  5879  147312  24617  87207  26306  10592  383979  73770  116869  
243  323  296  811  270  45  1208  2136  180  249  407  115  175  104  253  394  506  6268  845  5986  3142  2064  1530  3578  1889  953  380  251  1215  314  26  1166  29  470  13054  1049  3589  3243  537  10199  1489  2496  829  1590  2613  618  453  4024  8787  670  641  255  543  908  513  125673  458  1058  23002  9244  32042  10009  9871  134642  412516  1.57979e+06  0  613996  256002  28035  12925  505  14301  85  1112  48780  12715  11970  6445  3397  337212  63876  109940  
327  295  624  4085  265  49  1656  3706  155  198  901  760  461  311  303  377  365  4182  647  5903  3128  1923  1100  3082  1679  950  651  332  711  208  28  837  19  278  18456  1219  2809  1393  908  14165  894  43149  2451  854  11170  1893  268  2653  14873  247  538  304  2338  2811  1311  93892  441  718  9172  1251  45768  14825  14128  20702  79091  1.13742e+06  557383  0  662050  33273  3584  206  5824  78  20102  69745  24357  11151  4023  11159  349084  213771  42093  
1458  749  6070  19845  296  68  5979  7371  513  728  1625  2154  876  857  636  1381  947  5085  712  6626  1233  963  571  2726  1095  616  345  286  1136  263  44  1041  24  332  9647  3913  3150  4058  2121  5869  1699  312412  40250  16634  59990  20827  1699  42663  40796  1394  3770  1365  10555  7535  6385  17226  4214  5092  21215  3601  18950  7852  5738  57805  44185  351521  105320  299701  0  219276  194111  1036  295481  828  196930  312386  92075  86798  7800  50830  359913  369828  58309  
1898  2352  1445  3611  2534  791  8577  15837  5095  5899  6306  338  723  530  1422  20221  11724  75935  11029  54599  5721  3065  5013  5114  5825  1861  804  1062  7984  2963  488  12565  499  5516  29973  7365  26550  15505  1993  15683  5268  14614  29735  13494  13958  88178  64853  134550  58041  35485  24868  2143  1604  1475  1344  13832  11207  29119  75210  149098  69503  26282  12578  1.41567e+06  45604  2.99761e+06  33091  36720  324748  0  4.21582e+06  65294  120949  523  26879  97979  22468  73164  38121  6437  120128  30568  57854  
1493  2561  1590  5442  2670  1035  15282  27013  9021  9694  11927  517  785  565  975  39413  18611  71229  9367  66769  5178  2476  2892  5176  4227  1048  563  658  5630  2486  513  11100  527  4930  25788  6899  20036  9962  1297  8974  2821  39679  116793  20940  15708  298598  138265  259485  135280  53712  49925  3740  2156  1826  1546  14015  55493  577848  139078  695024  118952  60422  22594  832801  61874  101516  9062  7524  340969  3.75154e+06  0  2.82442e+06  3.96684e+06  1162  125061  165526  42761  94568  46077  6689  80029  30737  69202  
314  647  186  654  833  464  4642  10889  4955  3576  4351  83  219  117  206  14408  5651  18512  2324  19967  1217  378  570  577  948  179  114  125  1361  634  145  2867  134  1300  6791  1803  4932  2035  226  1456  481  10490  42880  2144  1456  118656  79939  102793  37800  40259  29607  1381  242  282  271  5541  31737  838927  41208  1.28646e+06  56922  15666  2511  74814  4721  12086  2793  2413  4723  166091  2.38814e+06  0  757374  557  52825  50358  15229  21463  13584  1144  11930  4427  19615  
2455  3408  4583  11025  3384  2170  20938  50310  20728  29172  56658  961  1264  900  1163  134029  35711  112505  10444  154659  9809  4845  3086  10808  5827  2134  869  1130  8414  3330  748  18737  1142  7308  48822  12610  27219  21308  3258  15226  6666  315976  138345  34559  40823  161373  262037  157141  252212  24732  371352  16101  5983  5011  4620  18954  405049  1.98002e+06  401057  91548  285337  129901  41929  496761  144114  52848  12624  13483  309929  242583  3.77527e+06  1.44176e+06  0  768630  1.18396e+06  347036  127791  346216  112305  18803  171052  96928  173171  
51  97  26  90  142  131  787  2356  1239  2715  4527  21  39  22  32  11309  1518  4204  273  8051  275  73  102  125  116  36  17  21  198  108  25  705  52  272  1672  440  846  447  48  225  98  6093  4195  163  169  8483  16638  3171  14137  1430  93702  1480  40  70  88  582  199541  289401  28397  3968  22146  3393  466  3426  751  1386  293  569  1978  3233  4349  4248  545324  0  391183  10681  11547  30853  10534  403  2858  1932  8432  
437  1155  1045  3251  1263  1433  11587  28738  11862  8140  8764  436  581  277  228  17125  3883  13380  1365  19587  1538  734  641  1615  791  262  143  141  1103  442  115  2262  122  912  9722  3443  4654  2990  526  2071  840  1.15639e+06  244648  7778  9363  934283  1.37159e+06  90866  230400  27304  1.54484e+06  10442  2094  1490  1361  3158  1.59823e+06  927028  232820  30400  70585  20296  5947  94126  17292  20635  2460  30397  87275  132863  164371  77925  2.03476e+06  1.13631e+06  0  77725  42036  285918  66464  6090  22455  52739  49713  
3997  12720  10309  29396  9964  5371  124665  276122  52195  36852  33614  4964  6407  3797  3487  20437  8423  53114  7778  76904  20334  14203  11076  36340  16688  9921  9826  5952  11383  3102  458  11734  317  3913  407579  63425  43970  44708  15302  122301  40877  26826  46600  51079  64878  57764  36338  327331  2.21745e+06  74339  808154  236314  14408  23472  13451  73605  305378  172153  808414  79950  634427  241383  88146  533496  241353  214919  172903  164384  365463  127791  162753  17389  241339  4788  35119  0  2.43095e+06  507000  476674  155660  2.44865e+06  1.13456e+06  3.35705e+06  
6423  20384  34718  57255  11457  5583  196492  189492  57196  23486  10777  2541  3161  1412  818  10063  2561  13109  2652  25318  3128  1535  1922  4967  2996  1354  845  692  4317  1126  184  2852  87  982  48634  43269  16966  12079  7180  10622  4110  33879  24485  59349  103821  12925  3695  145105  766072  11415  33186  38296  22683  30573  6949  12503  27647  34302  98621  9722  133867  31907  8040  43294  24100  42321  23195  30745  77050  20977  26654  2426  35593  2754  16790  2.3134e+06  0  268147  212974  313714  471630  200737  373061  
4710  8585  25311  59986  4914  1961  89110  146316  20047  28838  20142  4858  3874  2433  1098  14431  3942  15456  2121  23871  3958  2183  1940  7222  3674  2390  669  989  5156  979  142  3676  134  1212  28739  26656  19278  30025  11765  9979  11849  67898  49925  227445  261359  50892  17262  372492  1.51497e+06  40139  286750  111298  24640  23248  16373  17131  252820  84483  427926  47825  181992  54698  15587  176200  47222  38957  5506  6454  40047  67337  41481  7912  86416  3192  70802  269391  763087  0  1.92142e+06  233603  80021  107108  170618  
706  2516  4038  11515  872  540  18334  37389  6506  12547  5762  918  847  469  231  6197  1067  4444  682  6798  1005  546  734  1610  1047  537  233  290  1692  319  51  1008  50  352  11898  9225  5523  13485  3791  3121  4433  7053  12183  40009  48923  14006  5296  81209  460312  15001  161983  38293  5454  3321  2437  3490  121283  41930  194933  23135  59998  13100  3026  27400  9250  17353  1969  1855  4629  33861  10534  2313  20329  1065  10203  193833  259513  1.75288e+06  0  23743  213121  23077  500181  
3122  817  14227  32887  79  17  10347  7666  90  248  616  7273  5895  6519  1184  461  326  1573  216  4890  897  403  209  1201  403  313  142  152  401  112  15  350  9  116  3960  9021  2078  3243  5571  1823  818  38768  1964  19593  57165  755  283  16203  22049  150  736  1066  48825  41364  29608  4652  1020  922  6952  746  15614  4796  2636  20381  14289  19956  2188  8228  84834  18736  29924  242  19565  35  3298  64554  389664  171852  10683  0  27288  190639  8781  
1685  2110  1503  4598  1209  265  7505  13220  1619  2271  10853  1040  1085  1828  3194  3509  3263  25711  4356  38201  14371  11704  8577  22836  15281  8791  6722  3241  5337  1521  163  6295  92  1572  167854  6571  17940  13377  3218  134486  9769  9048  2282  4697  9030  1700  754  10920  39030  1326  19122  5199  2838  5268  6973  191156  5581  2548  35083  3774  124118  44715  56777  55936  195238  262035  773637  563079  184625  46432  43510  765  40533  128  3865  1.62047e+06  389002  37635  84292  37839  0  1.3933e+06  275855  
371  419  1103  4967  192  41  2381  3446  276  516  2486  1026  434  623  725  876  377  3449  399  6607  835  564  492  1200  583  409  424  206  442  137  25  575  21  215  13655  3336  1941  4165  1852  5603  1593  20827  798  1085  5590  643  237  2895  12736  331  1989  804  1514  1783  1985  27822  1042  1443  10362  1136  17979  6998  6425  32904  19953  33066  32594  399518  271566  7594  11526  302  31883  89  8107  871987  335226  20804  11604  77897  1.42743e+06  0  133164  
13789  35290  15416  38364  30951  11271  174785  607717  58052  650812  227715  18285  23195  12964  16028  427794  33637  312636  70103  275252  24238  16808  76598  72750  76044  61517  43689  20106  72621  34044  12217  44821  1531  17625  2.77586e+06  738212  344373  1.85102e+06  47905  162646  193153  5829  9491  12440  22394  13438  11418  73834  560978  39802  491636  136562  3423  4704  3520  15235  263817  86428  429834  45456  248936  59323  19529  166714  61983  62532  34960  29132  51587  41250  26291  5705  60861  1822  14731  2.41432e+06  366531  649506  1.97202e+06  13383  573678  300696  0  
