3881606  
2600114  
616824  
3965992  
4288643  
4650233  
7754450  
13393353  
4434319  
7219951  
3156333  
2641730  
2469857  
3846052  
3195385  
6002257  
8480871  
6712580  
8188682  
9642480  
1574208  
1343326  
4238829  
3751228  
7904285  
2421123  
1884037  
2022653  
8433087  
10467020  
2922388  
10233464  
826284  
7744337  
11308576  
4421326  
6043118  
2413343  
826925  
3942344  
1877277  
4603727  
2218869  
408322  
3726718  
3288223  
4758316  
8251774  
14402851  
5161067  
7432289  
2196102  
2702318  
2115975  
3387339  
2929861  
6008369  
7741844  
6377283  
8921362  
8806353  
1748015  
1110143  
5561620  
3816252  
7310184  
2274305  
2126562  
2062806  
8398973  
10381677  
3521661  
9703575  
919132  
7047527  
10829122  
3698656  
5173663  
2457270  
711930  
3979838  
1898481  
10017430  
