3840211  
2558904  
396513  
3038424  
3753447  
4325127  
7531780  
13116460  
4726654  
7202782  
2940856  
2347574  
2299752  
3408376  
3068695  
5961119  
7670010  
7116680  
9157529  
9343355  
1512754  
1501561  
4787316  
4167112  
6489651  
2078710  
1760221  
1626744  
7899022  
9548119  
2929579  
9454475  
782714  
6222561  
11683441  
3866095  
6116925  
2151589  
623369  
1573703  
2258377  
86337  
492413  
700527  
1107285  
412838  
458490  
419391  
59698  
88098  
949439  
108300  
1053531  
5621436  
1476050  
4983869  
1928287  
348226  
2731426  
3384477  
5051283  
8042240  
13086814  
5148152  
7823381  
2543347  
2474862  
1948979  
3320132  
3060516  
6166983  
8025664  
7285643  
9174123  
10160931  
1849507  
1262875  
5715357  
4181480  
7576341  
2227345  
2121714  
1493981  
8850687  
10403258  
3597748  
9271967  
853249  
6758190  
11918987  
3332062  
5618987  
2225553  
724732  
1682117  
2279166  
67104  
528768  
645781  
1056358  
410881  
468058  
504609  
108996  
99475  
981972  
146482  
1005140  
5614745  
1626478  
15242511  
