0  1.45967e+06  45250  635615  285982  68663  377711  16525  3585  24201  5517  3643  2097  1277  1581  32445  55762  125162  48331  36056  8564  19396  156054  38444  19911  7446  6229  183477  36010  103799  7343  321120  2221  1.83641e+06  127820  171172  600718  66608  53441  27217  26083  408  73  231  3262  82  128  1273  3053  705  1251  1561  246  130  92  282  2602  78  10058  2696  6802  997  976  1841  1625  383  100  85  418  725  276  7  275  5  120  6991  1630  1414  909  726  1331  922  46161  
1.00415e+06  0  5560  2686  867272  41535  336493  19968  2025  21464  11615  296  277  178  534  22370  35161  58675  18478  32758  3512  7504  32600  12128  13794  2587  5253  20578  15037  23038  5426  31711  606  93636  683187  852821  409971  205132  7811  43079  19102  436  152  861  468  123  237  3386  5449  862  1498  1891  73  65  64  347  2092  62  8893  2628  5604  539  486  1642  785  377  202  151  408  570  275  11  357  6  132  16343  1724  1710  1858  420  1704  1503  173558  
24407  2466  0  146267  907  395  186297  131674  601  811  900  117  102  40  59  959  417  2992  676  2081  248  518  1749  957  1365  213  740  2737  1333  1521  147  1519  15  502  63164  121306  28441  17825  17507  4985  3242  2761  271  10367  14719  116  136  5278  5269  554  225  141  299  49  32  53  152  11  705  259  517  57  100  289  116  72  44  68  250  123  76  5  109  1  59  3060  12024  674  402  815  460  394  14537  
702436  753  142711  0  358  223  14228  645762  442  817  1100  1.2626e+06  71370  49446  37497  1136  561  3263  861  18092  556  772  1816  5785  4751  2927  12983  168640  3638  12736  149  50741  29  21976  33044  144587  30580  6493  92246  11898  13368  91196  954  59210  1.28364e+06  332  378  14701  102102  927  480  657  207920  33333  22519  18331  411  81  2360  1668  18359  1189  1205  5338  5874  2196  3380  2976  7359  3108  3764  26  6777  5  1622  9824  151071  6173  1907  50627  3313  4962  7410  
418698  1.1378e+06  8395  3207  0  1.25065e+06  1.40317e+06  269692  45896  104181  14910  626  1858  911  1529  77014  200292  99953  65820  42092  1951  3045  18208  3954  9359  1915  4392  14175  23366  56464  33167  74220  3068  856488  501143  441740  366855  84938  2124  29394  12980  549  597  878  658  1940  2100  46941  49943  9297  2767  2748  404  413  185  358  3409  129  11370  2875  6847  391  291  1982  546  683  204  203  824  1183  347  28  464  8  676  23377  7855  6901  5127  543  2579  1760  136958  
110853  162086  5859  1874  1.03938e+06  0  682740  533283  574282  1.82806e+06  7606  185  485  272  246  199010  235007  73518  49644  16422  499  548  7583  756  1569  385  519  8978  20626  69316  43548  144847  4362  1.02725e+06  88037  72174  153534  34823  720  2870  2988  1224  1254  536  429  4051  8785  39676  100991  46007  11086  1667  129  116  125  206  3137  223  6814  2249  3798  203  187  3380  670  1742  165  345  1422  2298  563  50  936  11  3529  24470  9689  16850  6402  225  2361  1100  51024  
351472  531069  443638  49333  1.69961e+06  815544  0  1.46627e+06  1.09466e+06  197921  41276  2306  1770  800  1285  59847  194864  166193  152926  87236  4837  9214  45172  12860  22508  3652  10144  39796  76480  125986  53326  64364  1388  50424  1.49679e+06  1.59898e+06  448437  196647  22446  80589  41970  10375  12250  33608  16487  17304  21859  434157  314193  90091  11905  6685  1366  527  459  1324  8373  593  25315  7713  15577  1187  1266  9570  2200  3600  953  1210  5379  6769  1860  146  2213  25  4841  118014  60544  43206  24512  2260  12262  7706  370446  
27523  33577  278213  922088  73530  115233  1.87815e+06  0  2.0855e+06  560630  620917  1.18985e+06  1.39634e+06  711142  62196  55852  35636  117466  31894  249061  5649  6926  36390  15607  41557  25368  40175  37029  24758  37421  13826  44187  1816  53899  1.03268e+06  1.0266e+06  616633  341776  18276  97500  30529  44936  44340  95491  281517  50877  86543  744972  2.68184e+06  460057  264121  123090  180634  93625  46265  38830  29491  2618  53753  27250  78631  3815  3127  45492  15610  30304  13993  12549  20349  25563  6828  676  11294  137  40983  389095  309327  258633  133161  9119  47245  17236  505242  
3835  4248  2112  882  52472  698105  834864  1.55991e+06  0  1.76247e+06  4030  79  90  84  57  10902  10566  55170  160653  6599  206  229  21265  396  2222  227  248  2764  59073  77174  6117  4678  87  5618  128631  128928  52232  41237  324  3455  1894  4453  4247  719  510  10833  31242  49549  290150  179832  45693  2739  108  115  116  419  4248  701  7715  5164  4091  317  308  10385  2087  5651  394  1008  4178  6847  1754  211  3291  41  14316  51207  26911  54777  17674  395  6272  2070  98887  
65461  81370  8968  3858  110448  1.60025e+06  214873  1.27906e+06  1.41422e+06  0  108765  556  783  923  346  2.42062e+06  194368  178089  127695  22323  626  484  16051  809  2642  586  1096  38652  31417  53495  16591  331777  29912  727780  280787  302041  518174  314768  2905  12703  10889  3232  2815  829  931  4824  12392  18599  282682  108635  140409  33939  214  239  286  557  12050  539  14964  8006  8390  362  346  12335  3327  9570  580  870  3052  6864  1575  102  2204  21  10863  72845  63859  44048  25867  611  14468  2665  332014  
2234  2204  2655  1817  1097  1153  11908  758333  3143  213122  0  11564  39879  1.06039e+06  631  80379  5422  10684  1198  689608  832  266  752  297  499  154  324  1720  3033  3621  604  8254  728  4324  51118  26643  25785  25402  853  2218  1959  2798  1996  1070  1439  2223  2602  12351  182332  11318  255474  251328  1975  5263  17943  2185  95053  1572  95026  10713  77650  1071  440  8925  2005  6537  906  1056  2701  5378  1346  91  1699  19  5620  102733  95617  35098  42252  1305  25901  3039  88866  
6533  1095  7967  1.21381e+06  1303  448  34874  1.14831e+06  912  1472  5416  0  466614  209201  157934  1846  771  3801  783  59675  1367  827  1098  15425  19008  14814  33215  38897  2347  2521  194  4168  39  7736  28968  18408  28207  5000  18115  41723  12138  12350  2555  14129  243283  1473  761  60094  298427  2253  982  2585  479857  83281  41006  48295  908  93  3204  1144  37751  1904  1294  2420  6987  4275  10593  7788  4971  1669  1290  26  2242  12  995  21813  25894  9560  7405  9885  4137  3102  10799  
3118  546  2982  117151  945  590  17333  1.0278e+06  3142  4501  53346  548212  0  682630  319459  4959  730  7442  1021  246916  4235  1725  1123  26949  68349  54921  90108  29611  4789  1536  251  2363  43  2236  44523  11791  20737  7316  8634  145781  13078  4292  754  2286  41728  1792  1749  25060  209629  6064  4547  14365  98831  403397  102946  31503  3998  140  10546  2074  86762  3621  2145  2822  2941  2621  4734  3338  2668  1399  863  31  1503  5  1276  22919  13805  13990  10605  5498  3418  2015  14785  
1105  535  1354  74274  534  670  6831  773886  2668  19849  1.16968e+06  184756  479243  0  587307  6765  845  13135  1201  996504  6558  2304  903  44090  26844  21060  35982  10681  2625  1325  210  1720  68  1146  31441  9952  10239  6562  1838  66181  5892  3014  882  1015  27715  1335  2651  8107  138285  13087  43699  78610  61501  112867  573826  103791  21132  340  30205  4978  212550  8571  3858  3843  3562  3323  4004  3482  2954  2174  896  54  1519  9  2388  27071  17664  14740  10389  2613  7526  2040  21976  
1239  305  798  70471  118  62  2538  59865  224  475  4076  132985  204685  600949  0  831  287  31307  2102  1.84868e+06  36961  23275  3883  586578  70196  106146  104236  22587  5724  2009  82  2326  16  630  40506  2193  5011  2089  1657  169170  11969  3293  158  605  29179  96  87  2170  21326  306  431  3652  56241  59649  192567  504827  3122  116  31598  5822  244113  10585  6107  3427  6715  2821  5286  4288  3603  1728  1124  13  1783  13  435  8516  2715  2458  1861  6507  4712  2537  8057  
92897  98256  8257  4226  82084  211052  63602  150963  39988  2.48414e+06  83637  988  1028  539  407  0  2.3893e+06  719504  71879  26233  347  368  8616  727  1563  456  1121  64893  28480  54905  19220  248722  81631  807925  139650  51914  645295  193409  3671  7167  11536  807  378  596  736  506  934  7783  19586  4694  9634  12182  158  126  231  154  20440  731  29433  3823  9566  120  140  2227  434  1442  137  132  586  1688  390  13  350  5  517  14770  7723  3426  2871  523  2022  1162  175245  
153504  163567  9903  5157  140609  204658  143153  114927  56051  367797  187641  1832  1712  1143  1420  2.5279e+06  0  1.07504e+06  1.41444e+06  301871  1100  923  17279  1562  6620  1718  3141  77420  143999  416339  316145  2.00894e+06  475996  916030  159000  69297  701096  93539  5699  12997  12912  1727  661  820  1093  702  1202  10777  23626  5145  27914  70353  374  424  2126  771  107465  1643  141371  14447  79408  852  520  6487  1249  4322  468  439  1966  5115  1289  64  1140  8  665  53464  20246  7365  9255  1707  8048  3706  118825  
79338  37399  9900  6166  23148  52387  59584  65793  185220  349261  22217  1839  1172  849  2431  426337  631984  0  2.87699e+06  767415  75191  8245  712651  20267  164116  36930  9876  63547  239942  162087  9805  117366  2793  63279  253878  47208  361718  155146  20764  166568  47972  4788  1075  1869  2362  717  1006  11129  24745  5674  9361  7225  451  315  421  3010  16761  1342  252490  71274  163620  22558  30848  57874  11964  7679  1598  1257  6536  15382  4625  101  3778  27  1049  74315  17133  18694  10568  7716  22476  10974  196994  
132314  45870  7186  4022  30581  45691  160363  60453  459193  184337  22144  1142  795  640  1567  42411  2.07161e+06  2.79992e+06  0  116632  2860  2623  1.05366e+06  10485  141055  25306  7502  55250  1.05455e+06  2.13356e+06  739056  269699  2024  134322  186907  44048  369114  110064  14714  115072  40145  2082  666  740  1004  976  2330  8632  32423  13586  10911  9612  200  176  365  1077  21282  904  95518  24494  63812  6355  9910  24495  4208  3833  638  545  3134  7166  2177  53  1945  13  1357  36746  10243  13973  6561  4822  9612  6225  137100  
18853  7523  9018  14863  1688  1524  26231  189018  5684  21233  592368  49950  90428  431651  1.46349e+06  56847  9629  1.10358e+06  33725  0  1.37159e+06  592787  30691  674573  128165  196071  137419  64929  42385  39598  2180  46955  645  11693  273900  38193  98321  55764  15569  515568  49399  15849  2557  4673  23456  1547  1712  23039  81770  7587  16040  44767  50419  62389  124882  246515  60988  3746  907377  244937  1.706e+06  112924  123628  147694  54731  26849  18671  14253  23745  44383  12759  394  12236  140  2785  231793  47031  42262  39962  16444  73916  28680  175968  
2418  449  531  570  45  19  1048  1799  52  172  1688  557  656  796  17417  107  65  82511  1148  714908  0  534479  32223  110062  8666  25414  6418  5876  3817  4907  60  4395  6  627  31907  911  9106  2956  1768  74998  4315  721  96  128  342  41  41  500  1085  160  252  193  218  233  197  4354  289  35  27398  9124  73980  181568  69193  29166  35649  1862  1114  731  984  2324  691  15  573  3  76  7992  472  2139  482  812  9135  981  4790  
4707  626  1068  844  45  11  1957  1559  40  86  283  743  790  830  17224  67  44  18563  669  195491  558037  0  36198  578154  14535  46729  4460  10337  6699  8660  66  8270  3  707  32194  1173  18993  4298  2561  55119  7372  617  52  97  302  21  17  294  532  45  60  56  324  310  277  2070  66  14  6405  1866  18084  101603  61100  9630  75998  1081  846  524  738  1222  508  5  469  0  52  4316  246  1882  193  943  8159  922  6893  
128688  15735  7797  4497  1718  537  23456  16235  22554  6502  1958  1468  1037  784  2475  1782  2254  897962  1.03235e+06  44702  44097  22636  0  180772  857730  98919  14948  81266  1.57363e+06  707687  6332  134969  170  47968  82715  13986  256495  54432  17933  80698  46657  529  110  247  511  127  217  1508  4875  1340  2402  1063  165  87  80  784  1905  84  13893  3641  25029  5644  15661  14244  8657  1298  537  334  1426  2851  1334  15  1005  2  185  11323  2166  9105  1517  5242  7361  4201  54824  
25093  2428  5379  4039  208  38  9647  6163  124  331  647  2521  2814  3251  395828  439  256  54231  8295  486738  216261  830446  373297  0  1.303e+06  586793  36637  54334  54063  51639  327  48313  11  2764  61096  4406  76892  15043  10671  148267  25555  1165  85  186  1289  34  34  537  1277  106  166  165  2510  2873  2782  6598  238  18  7002  2329  30299  18761  29094  29962  158486  2300  1011  686  1642  2711  1223  6  1083  0  76  6367  650  5988  594  3580  9815  2979  35927  
27643  2938  6913  8915  370  98  11886  25834  1580  1774  1684  17802  23876  19218  50342  1071  687  119114  53563  87861  20608  26480  944868  1.44797e+06  0  1.74575e+06  1.01346e+06  327526  3.12455e+06  89458  561  81969  39  3939  106164  9641  89097  31245  18711  456014  69689  519  80  310  1447  68  53  1017  7328  328  1115  655  3093  1661  813  1217  888  49  8936  2725  11232  3091  5634  5828  8160  4490  878  487  2113  3559  1584  11  1119  2  77  8874  1682  8036  1572  4883  10972  4875  84242  
5303  591  1576  2227  65  17  2333  5486  135  294  513  4240  5687  4623  38895  403  170  21198  6094  45949  14312  18850  45380  276962  1.76784e+06  0  338083  39294  70745  19753  127  18798  10  819  13292  1636  20717  5284  4552  184062  10572  92  20  54  355  7  13  164  1461  55  149  132  787  414  232  292  171  11  1543  571  2443  678  942  1163  1021  260  94  63  541  1008  470  3  348  1  11  1281  276  1769  226  1171  1065  1567  82663  
7109  188  930  10778  58  22  2196  24239  127  294  632  23079  27507  22645  70703  252  110  13959  1432  57178  9653  6304  4022  26985  922540  515365  0  511147  9956  1612  37  1465  8  435  75079  3988  15754  8287  5892  777087  235404  475  43  229  2373  26  21  604  6901  70  105  178  3302  1787  1016  1164  175  16  3777  1199  6946  1860  3535  1854  3896  624  724  442  512  528  198  3  200  2  31  5799  1056  837  363  603  9673  623  29593  
335129  6452  17377  151985  2294  1435  26842  22548  1511  10268  3607  15342  9633  6986  9385  22274  23149  49563  16077  28216  6304  9173  39220  17672  212447  24099  350685  0  379306  305233  6124  511454  1306  118271  275650  36383  363975  132910  82907  322036  686049  2320  81  593  11095  82  179  1303  3334  588  734  906  1410  588  399  648  1243  72  8929  2781  6581  1340  1960  6793  3092  1134  402  301  8298  12530  4402  11  3429  4  132  11040  6213  18805  4620  11740  5005  15337  66819  
45248  10192  5697  3899  2960  2579  29568  23530  47281  16003  22163  2406  2493  2211  8781  15461  14244  287625  335936  76848  14295  28620  1.57532e+06  65472  3.22378e+06  80349  44935  624567  0  3.70952e+06  35501  187245  458  22201  127760  20528  144589  76510  26023  248122  50824  971  274  409  702  271  526  3353  10668  3194  8342  9918  343  200  321  478  16806  468  41795  8956  23860  2827  3364  9246  4051  2264  258  259  3871  7613  2780  23  2049  4  399  18137  6417  13529  4008  6842  5062  8384  87398  
96295  30522  13769  8396  19221  18899  84792  59205  93613  30048  107060  2450  1969  1544  3848  50963  425797  425203  978086  279520  27682  63619  736564  92452  92000  27586  8583  403124  3.60762e+06  0  1.77307e+06  3.70443e+06  1248  61898  223150  50150  313632  109580  23379  175102  46919  2019  669  808  1308  648  1148  7791  21454  6314  20354  43479  426  373  1491  1015  63065  1232  131251  19791  75904  4672  4607  12565  6529  4056  564  505  4153  9041  3127  77  2564  24  830  49765  16621  15306  9162  6675  10406  9465  180015  
11082  11302  1609  953  9069  9539  29337  21881  29460  9507  36539  416  394  263  930  17800  433236  71828  531488  83255  1501  1025  16129  1180  5347  1447  1461  7939  157811  2.28528e+06  0  998407  330  14175  44991  15716  71844  26507  1335  6057  3968  645  225  199  323  240  421  2730  7459  2193  7805  17436  110  123  581  302  22138  380  45612  6423  26295  479  270  2077  398  1160  162  176  779  1760  472  26  428  3  282  15728  5604  2584  3046  584  2943  1368  39372  
621947  98672  26133  59277  60439  98264  83756  87959  12658  199027  210534  3590  2760  2098  4500  208533  1.75384e+06  718344  360655  580593  23225  34853  312207  62618  67558  28361  8876  420682  136285  3.51087e+06  795860  0  831089  1.62122e+06  274136  95818  940114  106057  30316  129777  69699  2644  696  1041  2407  639  802  8970  21444  3446  20843  69323  608  535  2376  1341  128579  1927  207069  27161  120870  3896  3562  13793  5131  5526  779  702  5531  11417  3796  98  3141  29  712  76854  22378  17196  12654  7821  13390  12236  176546  
12507  9015  546  287  4333  3251  2759  6474  184  8752  7779  108  92  49  18  55873  243083  14305  1672  9371  44  32  413  54  156  44  85  6687  668  2228  1305  523072  0  284157  5303  4842  65186  4997  258  261  555  54  20  28  35  21  26  377  984  122  1199  3460  17  21  94  21  5474  74  3330  398  2500  25  17  209  53  142  17  13  61  134  32  0  31  0  24  1666  835  220  228  53  191  108  4498  
1.4827e+06  495016  7674  21165  1.16176e+06  1.5465e+06  62247  138363  7372  1.16807e+06  29355  1977  1286  752  951  1.38848e+06  1.24602e+06  194072  81968  79208  3168  2098  52278  3504  9118  2607  2299  113896  26082  75812  45440  1.31457e+06  574132  0  53380  36330  1.06477e+06  19448  7775  9939  58710  676  219  458  1404  415  657  7394  12215  2844  4165  8835  274  158  305  201  15923  261  23822  3805  14078  479  438  1701  462  774  134  129  593  1143  299  19  321  7  250  12066  4960  2587  2115  691  1903  1048  25883  
210211  125394  440409  247461  28563  7300  722933  1.41628e+06  37245  416323  269761  41376  52079  48847  49452  298537  25451  703908  135049  390936  35597  56989  202653  72585  344478  35289  266850  687535  274477  197021  6871  222361  1556  29566  0  3.59401e+06  330197  464851  239451  1.99781e+06  1.16789e+06  7184  3372  8679  15198  6173  8372  95256  229843  36595  47776  36091  4766  3652  2729  10985  27369  1209  130040  43549  84979  8401  8484  37522  13834  9116  5557  4237  9485  12584  6596  320  8883  156  5209  466451  40523  50104  31959  11626  49063  45419  4.41368e+06  
176513  186771  673553  442400  14763  3279  923156  672213  13981  60537  107562  1933  1844  965  1199  67100  8909  152456  17879  129998  3880  6264  24747  7306  52891  3761  32215  95828  45005  24950  1700  35907  1588  14126  2.66316e+06  0  152633  210412  422573  229276  141966  2344  1510  7005  8593  1337  1951  33331  80992  10061  25365  23427  616  534  728  1061  14661  313  25396  6003  17979  857  780  4895  1403  1805  588  518  1600  2331  891  49  1126  19  1701  48040  18090  12132  8606  2306  6334  4043  446503  
546508  443090  499845  253877  113929  14180  778615  1.71723e+06  26399  581098  128672  30091  23382  11224  11490  405493  104155  433071  235942  169223  8970  10803  100369  19562  29949  12300  21087  176726  99279  169754  47100  174294  3922  194059  201803  1.22038e+06  0  1.81795e+06  404756  39402  74196  5025  2399  9388  15780  3615  5737  53419  187269  29472  38207  23878  2995  2355  1364  1465  12681  455  36744  11767  25333  1701  1581  9528  3672  3554  561  670  3918  6386  2545  73  2577  19  3821  50405  34347  35057  16388  9125  9002  8348  120949  
27959  46551  78707  35079  10358  2737  125259  484509  5362  225940  71185  6027  5302  2339  2753  120646  12367  136241  61310  64352  2788  2110  17355  2414  9256  2256  4666  18611  20378  25202  6563  14926  195  3264  103166  349576  1.61471e+06  0  64697  24272  69861  1468  679  2087  3618  1001  1307  12614  57349  6747  20996  13970  817  709  518  457  5226  169  13626  4530  9305  773  782  6188  1847  1489  244  272  2075  3033  1290  28  1189  10  1242  20355  12387  21994  13398  8421  7149  7927  408473  
85491  1766  98347  168634  123  61  19878  5835  115  852  1709  28574  17696  11180  9399  1615  364  6614  1639  5875  743  1229  4050  2922  7637  2967  6703  46114  8094  8794  94  10945  19  673  76168  387473  206579  49406  0  20372  56727  1327  45  843  5273  24  39  761  1211  105  210  286  726  416  196  772  318  5  1634  742  1419  433  531  3682  1270  324  110  84  1068  1613  811  6  681  1  37  3985  3964  12833  1687  9771  1137  1462  8488  
16130  3199  15031  31392  311  126  29527  46638  514  1945  2292  64453  68491  64008  121369  1561  717  57100  8406  137195  47854  33446  26073  59150  408720  240497  986359  499145  158057  75103  572  67813  41  7262  1.6706e+06  38583  44075  37962  52808  0  1.09474e+06  3038  312  3508  8923  122  113  5197  14561  422  607  1184  7152  3504  2664  7083  1354  201  41464  11669  51926  13863  31567  18034  29620  4277  4334  2538  5132  7514  3124  17  2636  8  210  37193  7930  15397  3505  10649  54697  12028  79639  
53429  1147  5112  6530  162  82  8729  7921  235  1217  1525  7636  5511  4759  6740  1287  756  19921  5994  11463  2351  2440  15564  3770  46233  16148  785116  568373  20880  12599  171  21992  48  16177  613667  39285  52420  138112  44062  1.38289e+06  0  790  64  658  1685  40  52  1016  1735  199  260  298  515  196  183  332  419  34  4566  1470  3081  457  801  2806  1030  431  255  166  2781  3603  1210  6  1032  5  52  11092  2641  7073  2660  3909  3432  6521  126584  
1308  210  1963  17834  68  135  3594  8359  1999  2984  1222  1558  543  334  382  744  133  4040  751  4784  638  2146  543  9008  294  86  206  1930  509  477  29  665  7  166  4769  3049  1995  1965  2454  1298  1072  0  1.73947e+06  26888  767127  337350  89016  360730  33962  33874  46233  2991  22853  11850  7768  4095  25654  15101  65971  72863  22773  11006  13295  225680  48199  16800  2261  58491  175817  39324  41244  9762  185653  1023  1.28313e+06  291875  231664  709695  147908  79158  27043  48987  49159  
349  339  1124  965  217  165  9158  11333  1547  1983  1288  143  84  67  98  1029  266  6094  783  5954  304  464  423  1606  278  74  87  456  586  509  72  621  16  217  5522  2693  2298  2867  563  1108  631  1.30198e+06  0  1328  2762  635152  59564  305527  25635  10934  21185  3629  935  455  328  4995  15805  4758  36561  21508  21245  3097  3257  59070  7705  10364  4544  7090  42390  28587  10102  2147  34095  264  88232  633001  630789  279772  119625  8047  82947  28393  77484  
460  556  10921  22202  49  34  10067  11904  159  199  111  375  68  16  17  123  49  268  63  196  38  21  95  49  50  14  48  244  86  84  4  126  9  58  1647  3173  506  307  854  361  367  20146  298  0  121993  458  314  91637  73265  368  298  128  206  109  53  197  189  34  630  415  444  72  130  1254  188  145  122  127  569  328  82  18  133  3  259  7413  23727  4966  1793  1021  1088  661  1055  
7233  1773  83560  1.00172e+06  289  149  45000  173073  495  544  630  233826  16563  9757  8029  601  236  1733  362  7455  260  427  537  1988  978  587  4051  12293  580  919  43  1805  13  3644  9662  21882  6704  1997  10088  3568  5277  787915  586  100878  0  338  657  8088  441425  1436  802  867  1.12295e+06  51195  31385  18409  466  239  3945  3529  25280  1995  1870  12837  10103  3546  4222  6172  17498  6530  8620  91  17352  15  8263  16931  144387  10722  2555  38731  7797  13398  4853  
407  330  783  807  689  1272  52950  55347  16446  5471  1944  223  189  90  86  1125  301  6058  1029  5706  261  273  640  582  294  67  111  517  754  779  119  710  11  470  16217  6897  6220  5201  514  1079  791  503393  885762  1589  1702  0  1.17289e+06  748692  169181  37568  122571  8841  709  486  426  4758  69972  31903  60287  30017  25184  2564  1885  38463  4819  12675  3896  6275  32763  52316  29911  6536  40396  1590  638121  557567  416092  275288  87242  3509  59421  18302  115458  
520  709  869  579  793  5207  45598  121938  68656  26027  1952  90  104  208  26  1165  471  2877  1553  2341  96  121  695  210  218  36  68  408  1252  1413  172  575  15  536  25431  14921  12214  12495  237  811  596  92228  104154  1772  982  1.31283e+06  0  764786  510930  962218  1.75505e+06  7286  236  212  259  1152  133776  60160  28464  19257  9231  771  666  40108  2357  14507  961  2597  13327  141509  67161  8612  88611  5549  1.0585e+06  150798  183433  137132  33406  896  18376  4806  67346  
3206  5206  13627  5969  7905  9572  431998  369172  132636  14952  6369  1389  702  311  338  6422  2867  20714  4503  17754  767  967  3584  1766  1439  323  561  2466  4509  5219  923  4076  144  3302  105414  58309  40804  25240  1850  4985  3482  266037  336348  184373  7121  1.50916e+06  1.16936e+06  0  1.71206e+06  1.35161e+06  151661  16682  1413  925  801  9853  63885  8841  91574  41196  55132  3892  3552  111896  13325  48378  8141  9582  50662  141376  36445  3783  19327  586  57581  975462  1.23834e+06  341038  140075  8314  113705  32143  209538  
10458  16058  73563  131573  17318  27837  759647  2.41597e+06  384970  267760  76093  107674  55971  20472  10760  20485  7828  41558  11694  70919  1670  1932  9106  4281  7458  3588  6163  8111  12455  13007  2471  10578  512  9454  336960  249352  146937  116685  5171  21424  9870  31661  43743  174429  625337  110360  197941  2.03714e+06  0  2.05679e+06  553458  676599  702860  907689  626922  190974  79642  7759  111688  48034  375564  13448  6385  78063  40236  61586  88837  62337  54467  43900  10868  2039  20003  477  83533  871316  1.40444e+06  647612  326218  10787  120514  35073  416323  
1050  1464  1714  912  1307  9686  67712  219443  146277  59366  2887  57  105  347  33  1735  686  3501  2612  2501  124  164  1279  228  293  53  84  642  2228  2504  235  930  30  1033  49011  29328  24076  25559  480  1394  896  5487  6517  1948  1168  34398  983264  1.03096e+06  1.74322e+06  0  1.70767e+06  2268  125  113  136  467  7970  2235  9650  36535  3645  426  587  194842  7328  50714  1179  894  6691  249509  58352  598  5054  45  10633  42322  59028  35822  15894  858  11142  2505  58052  
929  1252  1411  981  645  3762  17046  226586  64232  161130  37129  85  99  1506  62  4358  848  5148  1660  4616  204  175  1150  296  599  100  119  713  2451  1607  168  1411  175  1194  51572  50105  19413  29272  555  2056  1208  36156  34310  2229  1839  101227  1.6667e+06  199667  1.03046e+06  1.76722e+06  0  79079  324  310  337  1139  2.40854e+06  190048  92753  80902  12394  869  964  221681  5948  40196  1079  4265  22593  424830  160541  10448  308982  106256  849229  243431  225867  337651  258120  1440  124167  8070  282134  
1780  1842  1970  1991  623  877  12115  144337  8246  276060  247833  1212  1297  11016  492  73046  4502  26273  1297  36832  197  133  1095  208  752  207  502  1832  7177  5334  479  5496  690  2847  80659  88539  22986  35672  933  2508  3029  1127  890  1580  2965  1158  1375  7644  620405  3140  208507  0  8818  12906  824801  981  250000  160  20442  1555  479855  1407  355  1915  501  1054  351  378  795  1061  299  23  455  7  1573  29799  25868  14080  12639  621  5747  1097  63000  
2975  1076  14250  280987  1203  526  36189  340611  1538  1693  4442  584205  96661  34750  27548  2336  736  5049  760  50325  818  738  770  4962  4389  3273  8848  12797  1118  1332  184  2120  37  4969  24113  16440  13843  5214  3363  9936  4718  35689  2090  15538  691530  749  586  29441  994341  1676  1087  14008  0  592536  241518  150248  2425  250  7184  2891  205837  11391  4242  7190  28890  20812  50446  36338  31344  7832  7325  47  13546  28  4454  20025  29979  18716  7067  104630  13599  22987  12831  
774  476  3326  31797  565  712  20036  165639  5473  3511  10770  51083  249578  70860  42478  2847  434  5943  725  102777  1299  964  538  8122  7381  5812  8901  2839  1047  710  114  893  29  628  16927  8016  7909  4942  596  15662  1662  21580  786  4786  155484  1404  1440  12808  1.09377e+06  2937  2674  48326  591371  0  555722  156826  8224  257  11322  3270  370890  16885  5912  5910  26110  17574  39101  24525  21359  5811  5611  61  10448  22  3578  25423  18248  23802  12682  28442  11223  12905  14956  
945  654  1590  14150  339  699  7889  85598  7457  31835  68936  18230  36784  447307  131609  16604  1189  19470  1441  324385  2740  1450  797  11353  4586  3389  5580  2379  1893  1494  173  2058  87  875  27742  17008  9247  10547  539  11932  2001  11540  409  2272  92922  841  1154  5634  685991  3067  5420  876641  249932  476292  0  534634  21547  199  27420  5053  1.13852e+06  42229  10702  3942  13492  6573  13289  12098  13644  4010  3423  34  6542  10  2307  17167  11624  13160  6700  20663  8658  8678  20580  
919  285  2485  31927  98  51  3521  40525  293  575  2961  23507  18139  107590  461495  908  172  10391  1100  283388  3621  3642  1601  18814  3592  2862  4145  2141  826  719  68  978  19  352  7675  2327  2423  1467  748  10584  1310  16115  553  3799  106401  178  217  4303  95050  582  635  1375  313936  401651  646063  0  1058  203  64416  11231  1.49046e+06  57578  75552  11175  583637  83605  242350  180291  56526  8609  5475  36  9408  27  2327  16352  7839  8840  2669  36047  69767  15314  13596  
388  302  626  1127  137  276  4787  28305  3761  22151  11433  127  78  272  46  10946  989  10306  534  4818  143  149  419  262  296  45  70  448  1664  1165  121  1378  89  511  12086  9110  3411  4971  352  1016  774  43535  39366  3192  3271  59850  118903  61250  144902  102528  2.27811e+06  94211  713  493  728  1061  0  2.12481e+06  890371  102823  36918  698  700  94562  3787  18209  842  11651  81341  189156  95179  15758  413063  279814  883948  257654  106901  638680  317040  2578  134879  14804  322484  
340  236  718  2153  197  559  7869  17688  7027  4166  1840  198  109  88  81  1801  275  5039  793  4608  211  187  483  369  272  49  80  462  706  608  61  570  17  242  8083  3624  2968  3255  650  915  891  47528  48387  5260  6232  93842  223884  144509  137460  227723  575914  3514  1360  907  660  3834  2.35346e+06  0  1.10381e+06  1.88185e+06  26192  1872  1333  185353  7930  33620  2406  9926  79392  405179  584285  392029  2.01671e+06  238383  727162  166685  40136  701816  180180  5584  61953  22889  177282  
7934  3540  3835  6368  699  492  11591  19737  3941  9064  15515  859  478  589  1264  19470  5139  212755  40177  138464  12526  6309  18635  5879  10550  2250  2413  12336  20012  15510  1247  19161  263  5539  108432  20724  41593  27398  13057  45430  17960  51057  14877  6363  14613  14143  15589  46533  97943  113803  179728  31997  2699  1721  1529  61478  879772  840851  0  2.92655e+06  948396  140289  58475  876178  61703  170751  35994  30545  59515  149615  43581  1786  64796  1627  47635  202671  44051  324567  157197  21139  137390  56885  206020  
4407  1781  2811  6372  437  592  11344  27237  7280  11751  7325  662  367  348  737  8004  1435  88839  26419  57255  6795  3035  9680  2521  5910  1333  1185  6927  10937  7765  487  8364  119  2440  51696  12149  25982  20385  14017  20653  12119  77320  39727  12589  18220  31328  32080  106507  210879  272957  289910  4785  3535  2259  1580  21355  39827  2.30802e+06  2.89301e+06  0  247594  35023  12626  2.51513e+06  74179  307443  13784  15377  107334  1.37686e+06  1.19854e+06  593398  295386  16763  105863  313834  63645  404008  149636  28799  159531  119836  248667  
26245  11298  8773  23221  2143  976  24890  85434  6358  27653  114918  20163  21474  48091  96567  89146  15029  689884  114954  1.57373e+06  75798  30227  65504  37730  35421  11686  14378  36172  57814  46182  3815  58566  958  18053  273875  58701  126403  73822  16702  158507  46817  23250  2133  5591  120040  1597  1761  16346  227860  4652  14005  327703  283628  359058  740399  1.69165e+06  73352  1175  1.14841e+06  141582  0  1.59176e+06  742438  124648  616793  177102  275824  193889  71723  42194  13929  313  18586  153  5016  144612  26667  47217  28339  31026  133553  36142  155118  
1990  395  403  824  48  16  1055  1611  105  316  412  306  228  415  1916  210  89  45576  10047  33315  128829  86397  20925  17832  3628  1649  1122  3489  4497  3675  71  3251  6  593  18818  1223  8422  3611  1874  27034  3779  3901  432  466  2150  177  73  1611  4492  153  313  174  3196  3672  3395  82093  285  64  133279  10935  997959  0  502139  108360  219789  21084  33428  25230  10550  6772  2305  55  3035  14  574  22431  1805  9427  2016  2046  24770  6688  10411  
408  81  192  873  15  5  332  575  36  76  96  184  90  99  597  33  22  6294  1354  5865  16937  56295  7409  21616  1136  740  662  1136  801  793  11  690  2  105  14298  362  2193  1381  1603  16129  1307  7839  404  494  2433  102  104  1873  2679  152  199  73  2045  2280  1870  99225  171  52  28061  3128  356688  335399  0  132393  531333  20484  34163  24912  12649  12613  4416  22  4884  5  479  19425  1150  10103  564  2739  33334  5936  4060  
2741  693  2136  8178  178  443  7232  19261  5939  7752  3208  646  306  267  574  2696  503  48896  15520  26838  22949  23923  26533  66480  4485  1363  1055  6071  6597  5686  164  5123  40  932  35687  6655  19730  16354  18305  24911  10516  125353  25435  12954  26132  11611  14570  90733  140559  307743  219766  2926  4490  2910  1975  26928  9715  28410  841226  1.54831e+06  314954  146654  364598  0  609624  1.18005e+06  20864  16194  109563  1.52964e+06  733129  17800  111410  337  25383  159727  32134  256854  29963  33692  155388  85370  100548  
847  144  651  6905  24  39  952  3456  587  1016  485  836  187  163  526  335  95  6711  1404  6051  15963  95869  7766  272565  4388  1247  710  2299  2013  1503  18  1439  5  134  18561  1451  7798  7113  10302  17821  4186  52109  1452  1782  17886  549  1029  7251  14072  5358  2238  529  9708  10614  8379  665165  1325  396  56347  25072  453937  206769  533638  474592  0  1.67659e+06  277896  77606  75446  165263  42009  179  40565  31  2641  42422  5811  53586  2825  18776  197380  30533  25990  
526  180  854  8240  83  203  2476  13068  2276  3055  1281  2441  416  210  275  984  211  7496  1767  5671  1755  5980  2214  7933  7146  396  269  1859  2799  1235  50  1210  16  220  8626  2505  6190  7121  8542  4763  4193  41823  1972  2369  16945  2066  6964  18348  46576  46848  19366  1177  25443  25883  17105  150140  2699  962  77520  126502  73176  23563  39394  1.12556e+06  1.76253e+06  0  1.27659e+06  867399  492670  3.16864e+06  50417  284  36715  62  3488  93778  18797  52176  10696  16099  709649  38910  44769  
161  104  1147  10802  64  29  2503  22400  152  171  183  6597  1095  391  439  97  37  1026  230  2118  690  1845  528  1986  281  144  177  360  211  182  13  191  0  58  2630  1253  798  778  774  1426  654  3154  418  2778  12699  149  297  3203  71311  1289  525  139  66298  67607  43113  439075  209  66  31869  6988  85639  18165  30053  14298  322593  1.3584e+06  0  783053  98639  43328  4020  29  2656  5  341  13277  5782  5027  1815  1750  344974  6727  41898  
249  98  969  8882  42  18  2087  16393  130  193  245  4919  838  505  597  101  24  1140  308  2058  899  1191  891  1566  262  140  190  574  211  201  4  231  3  55  4659  991  725  552  459  2604  662  17145  1357  2173  12643  804  328  2842  55037  515  1200  254  49184  53680  24488  331301  1258  597  23550  5822  77156  16816  29842  10762  117015  913659  796798  0  528594  8871  1817  112  3468  68  25075  46518  8459  10526  4748  4825  324048  191786  40228  
1043  151  1179  14790  58  62  2507  6642  681  1341  633  1058  318  194  282  294  95  3929  731  4086  792  1245  1097  2523  1792  608  355  5077  2462  1544  29  1824  7  131  7133  1996  3000  6561  5264  4020  8469  207281  13666  2842  37400  9875  6311  17179  35251  6239  14435  1644  13156  10627  6621  36744  19346  16045  52503  38563  31175  10955  14906  78144  31813  234917  81554  505266  0  657290  352159  1804  339094  1934  234308  491400  62010  135127  30606  35556  560189  696558  68976  
802  358  577  2285  152  694  6999  16932  8210  5706  2702  198  105  132  267  2190  451  19236  4775  13863  2204  3516  2742  6939  3024  736  415  6163  4747  3097  155  3316  34  501  12809  4433  8344  16603  13341  6236  13847  27870  8185  1935  6424  36498  153238  141534  61969  360833  273368  2167  1715  1496  1072  14526  10930  29569  170247  368175  53284  17535  21656  1.40652e+06  105238  3.24009e+06  19218  16532  614288  0  4.06586e+06  13276  72046  126  10385  300024  42664  85106  60755  13184  367132  34875  112159  
787  310  657  3443  153  592  10129  16005  7228  3836  1960  217  129  145  284  1705  416  15719  2617  13642  1501  2980  2732  8112  2892  1111  417  6349  4569  3306  115  3431  17  404  12815  4021  10632  21284  21185  7456  16752  50431  36876  2353  9377  115903  383222  214594  64162  213799  366888  1850  1976  1410  993  15598  15048  648112  256427  617361  76743  16503  15524  699178  78967  65360  9261  7181  434614  4.26658e+06  0  1.64284e+06  3.89833e+06  1575  44682  218518  51669  95599  51056  19102  120539  48925  99351  
162  57  112  277  38  100  1951  2890  1088  636  543  35  19  34  91  447  108  4279  566  4244  236  188  289  257  216  54  41  308  355  269  32  358  7  106  2848  790  1126  1203  577  671  607  6013  11250  615  899  28277  84771  36669  15821  19301  91290  523  258  214  135  6158  6282  721586  92041  636086  27579  2611  1036  137478  5631  11841  3380  2395  8603  135597  2.40258e+06  0  1.22566e+06  3400  24411  37761  12975  25683  17925  1276  9713  6428  25766  
1530  339  1617  20419  182  370  7441  14410  4190  3919  2408  561  248  204  456  1832  415  15370  2350  14847  1580  3200  3226  8846  4108  1601  595  9832  6245  4407  129  4775  26  464  14885  4804  12501  23844  24018  9353  21869  316304  69960  5213  48658  112408  284328  125378  101456  58970  371844  3882  7320  5260  4069  17432  161444  1.58193e+06  395846  391075  99983  22228  17742  300444  81184  68239  10699  14395  654698  203147  3.31076e+06  1.17644e+06  0  1.01935e+06  1.24795e+06  249412  60902  557796  87579  40640  108641  159755  152750  
10  9  27  84  4  14  358  591  110  104  64  12  8  4  6  44  10  253  38  311  12  10  15  25  13  5  3  16  27  18  0  22  0  14  288  115  108  106  24  51  28  3133  3794  241  269  7039  14890  5477  6149  636  41849  162  63  42  32  312  134283  191335  20303  8242  2922  163  61  1451  331  992  176  832  8035  4755  4505  6559  550532  0  309838  6074  2317  39711  4831  205  1592  1258  5290  
298  153  409  1733  101  403  4154  18097  5238  7694  2051  279  113  97  88  639  123  2635  524  2523  251  338  342  1051  214  45  63  483  432  352  34  301  11  140  6055  3749  2208  2570  592  798  480  1.13734e+06  254356  2363  8203  885818  1.70706e+06  72624  122152  43460  1.28913e+06  7957  2858  1548  1014  2917  1.38268e+06  856553  130240  84816  19879  3948  2822  76289  10352  22316  1991  65576  218367  119073  60117  37444  1.46363e+06  763690  0  66584  41611  351271  29719  4584  15987  70284  38778  
5904  3633  12317  18078  2169  2188  97638  224985  23207  42459  33101  3303  2253  1527  1576  17786  3142  91269  13065  88998  4365  6599  9629  16580  5737  1530  3678  15215  8523  7820  773  9981  186  3385  320970  60239  52895  71451  30712  24092  42917  248646  47656  71700  84182  49363  38531  491446  1.61988e+06  39393  591920  198954  9527  9197  6779  84149  689632  10883  739840  148922  508399  40643  31716  290523  91677  152630  79111  151584  906115  671197  194702  1748  153411  640  28806  0  2.07871e+06  820853  891551  174983  2.11235e+06  1.11468e+06  4.13252e+06  
2327  1734  11159  22991  997  822  46981  78955  12158  22191  14753  948  425  443  299  12474  1678  30107  2331  28676  499  475  1282  817  975  224  603  3423  2624  2350  305  3186  106  1207  29827  20653  10126  8924  6349  3828  4287  221085  82312  176014  246648  27412  33741  1.09079e+06  627636  29402  59991  38029  2125  1094  819  12482  76574  1512  84811  14526  86304  2190  1824  20034  5057  20122  10310  15332  84830  51722  8121  214  6716  47  5889  1.56315e+06  0  180674  157505  267930  272491  73994  189211  
2461  2057  12007  28064  1158  1099  52258  155812  12517  52506  26248  4715  2022  1614  884  2972  733  9506  1996  10116  975  1625  2655  3886  1478  461  587  4092  2196  1952  183  2282  80  890  34530  31152  22323  24004  20730  4754  7362  339163  100828  129125  110400  76744  20233  554416  1.48126e+06  40294  527972  112920  24684  14924  8846  20405  376553  32751  364441  116803  75979  13292  9442  151454  28783  39036  10647  25057  86668  112209  25986  2350  62607  1633  110588  273378  633291  0  1.7791e+06  308479  80923  74238  207514  
463  466  2145  3124  240  333  11748  35190  4029  15466  7812  659  330  379  145  1524  251  4185  757  4287  192  203  569  387  477  109  132  688  652  528  66  658  20  277  11195  8528  5149  10070  1466  1099  1588  21545  14949  22858  10639  10604  5031  100973  436175  17322  262480  46027  2101  1601  982  5214  170825  8286  131494  27033  40077  2295  1126  27180  4413  14005  3088  3191  8415  42359  5178  393  6897  346  9965  215575  149611  1.58884e+06  0  8848  371030  49555  693180  
1348  58  3148  31190  19  11  831  2655  65  93  160  823  375  204  340  108  40  1102  163  2261  121  314  265  818  178  73  216  2175  163  244  11  498  3  65  1517  3087  1808  1681  5055  580  1399  243622  583  7839  153660  169  273  8140  7043  618  922  340  14304  8512  5898  2065  1331  254  6634  4111  7319  1740  1536  14302  10797  3604  611  3171  33219  14719  9832  53  14983  30  1233  56463  340737  209473  11388  0  14048  43709  3011  
943  239  884  5418  62  54  2398  8713  367  1655  1539  2312  460  382  391  838  284  10029  1817  8219  3145  4048  4021  4915  1812  557  1393  7045  1948  1737  60  2191  16  513  34982  3293  4817  8005  5428  17936  14037  11768  1017  2448  21607  737  1144  9957  35084  1971  20692  5837  21276  23051  15549  146507  19349  872  43445  12659  76499  26381  50711  32648  92848  223339  429112  579646  487067  260529  35346  109  25444  49  2895  1.38565e+06  118113  52718  133932  14565  0  1.29131e+06  167732  
628  168  672  2386  40  26  2174  3029  243  566  365  499  214  139  185  258  67  3933  931  3186  576  729  1008  1495  919  430  280  2884  1353  1101  29  1223  3  142  10209  1722  2898  4668  1851  3671  5153  14147  654  1891  13176  601  611  4979  15227  1055  2811  624  3150  1458  847  12461  3233  2150  36044  30411  17160  7115  6868  63944  10810  10142  17567  446610  627433  66459  20400  260  60725  444  27546  461069  46718  37267  56153  21974  1.15861e+06  0  125707  
25594  22264  55755  29796  6042  5169  143145  692902  27338  454412  254294  2444  3696  2792  3665  292923  19306  363368  60206  204436  8748  7116  53793  22046  47325  26812  19656  66403  45464  41037  4811  34895  864  9697  2.35116e+06  1.05814e+06  374958  2.03179e+06  16915  78643  226560  19075  13453  9009  12865  15136  16446  96636  618922  49235  619629  190899  2006  2323  2339  36254  564278  12453  650550  139099  368435  22256  16022  178861  52966  51245  24219  24117  101869  90701  28205  1016  40896  734  22441  2.90095e+06  433067  649977  2.42961e+06  11394  789568  311926  0  
