4330429  
2469360  
505131  
3527715  
3675862  
4218472  
7955534  
11887426  
3971426  
6312337  
2724589  
2435020  
2465085  
3552662  
2882817  
5257127  
6773847  
5582127  
7401612  
9132931  
1526454  
1429859  
3807485  
3863381  
7675462  
2222581  
1863211  
1662484  
7511687  
8769462  
2643264  
9304340  
781387  
6661183  
11212736  
4069690  
6039624  
2358433  
832018  
1541917  
2219867  
85496  
486846  
675650  
1095860  
403695  
464477  
419752  
59566  
88818  
952519  
106839  
1042720  
5655009  
1487729  
4313503  
2143267  
485882  
3023855  
3057769  
4690514  
7751012  
12603159  
4664769  
6506392  
2246743  
2902236  
2030995  
3497923  
2836130  
5084511  
6304028  
5260375  
7072836  
8612983  
1809801  
1113027  
4442165  
3978384  
7743846  
2220747  
2055585  
2691297  
9517151  
10047482  
3331981  
8641129  
903828  
6529080  
11523434  
3365274  
5262651  
2254268  
802012  
1645999  
2157136  
67311  
514219  
648714  
1020912  
397618  
464599  
501319  
107128  
99519  
970162  
142425  
991989  
5609127  
1682302  
16946428  
