0  1.6673e+06  37794  690763  410026  15083  426655  21214  819  10279  3370  59791  29078  20203  7364  11622  6377  41300  24491  47574  5578  45753  106820  108258  54256  4190  25997  301757  37313  68836  1456  301889  443  1.02557e+06  164964  341832  514902  122534  107637  60713  30873  21026  546  5763  21378  496  502  11191  11038  904  1268  1325  3945  4035  5019  1992  2116  584  8197  1350  16030  1152  3297  5774  6762  1526  434  714  4664  5034  1581  102  1172  59  420  13253  17590  2350  1644  7427  3652  2277  78272  
1.122e+06  0  2935  3798  949792  18907  388429  12332  768  12886  4830  1674  1121  869  1605  11392  3369  22896  9910  27888  2475  19294  35045  40453  34285  2914  15323  27934  21937  21070  455  15219  197  76997  487285  796638  488543  166539  58679  94680  36613  6753  1092  7406  4893  1089  816  14379  12816  1415  1598  699  245  193  202  532  1149  295  4101  787  5324  633  1472  3401  2687  877  190  305  1371  1740  658  59  709  20  244  16062  5970  1826  2157  1015  2509  1860  152754  
17518  394  0  117633  382  678  160592  90529  638  774  210  731  603  399  1595  395  63  687  442  1915  177  467  762  917  1398  326  1190  2484  1214  1107  15  500  7  154  19551  113013  21550  6441  26942  3712  3278  44826  6730  81299  47366  4649  3720  101912  61025  5385  744  88  188  156  110  370  266  107  550  245  1017  88  344  994  413  461  59  261  2130  2157  698  22  280  7  398  6465  27522  2535  1306  4573  1173  1430  8054  
790801  4577  160737  0  1258  453  64571  646852  606  1393  1590  1.27958e+06  98004  56189  30485  1108  190  2205  756  68316  5019  2275  1547  2305  9144  2809  19436  54279  5886  7784  49  8126  23  1831  17015  89883  32532  3681  71544  10081  11270  216341  9330  142048  1.57364e+06  5675  3586  128728  190246  4304  1075  1739  152695  29918  24896  12671  830  276  2222  649  35843  677  1164  2982  2241  2005  828  2322  21063  16100  4875  54  1380  13  1178  12631  132743  6203  2441  39805  3996  4114  6952  
335110  780534  3396  1301  0  1.12856e+06  1.30962e+06  125176  33332  52533  11716  386  830  891  2551  35768  42769  66513  143106  74091  4788  11592  51002  13780  37750  3857  19998  32015  25676  19380  1300  37531  1209  543489  845446  815292  313241  97027  4729  113657  45178  1258  796  2115  1226  4905  11176  40013  81574  25120  10729  1751  134  204  354  738  3262  700  7084  2364  8599  922  1484  6150  1589  1540  265  460  1444  4614  1302  172  1407  49  917  35724  8832  6536  7644  392  4895  3410  252710  
33415  66285  3716  2281  1.04122e+06  0  615565  299157  596613  1.20337e+06  5531  373  861  875  1560  56442  95306  25574  85751  27089  2587  2454  20888  2272  6444  1068  2711  9306  9179  25928  2998  144322  15380  842502  144193  151917  149651  32752  1023  13399  6652  672  172  289  469  1594  16062  10172  117237  53355  39834  2996  76  200  522  363  3942  648  3880  2710  4137  336  472  3741  477  958  130  330  946  5099  1205  138  1346  79  1471  18907  18709  8203  6723  211  4652  1626  71140  
401185  334093  217250  14555  1.75598e+06  768279  0  1.36551e+06  773624  137926  8060  2292  2162  1431  2600  15874  11728  46959  204612  38039  2812  14044  55841  28806  27421  2489  10506  20995  32978  24838  1154  12890  347  16869  487104  885485  311919  102722  58477  65380  26102  39071  27582  116288  45866  70766  100476  614745  702900  156104  45932  2472  791  619  721  1307  7620  2257  10910  8985  10612  1266  2896  16185  3625  5344  559  2081  7051  25881  6356  601  3349  103  5629  124814  78032  36156  26581  3502  15705  10547  213973  
53695  13233  190576  762016  95418  145638  2.14132e+06  0  2.17503e+06  401063  608361  1.18034e+06  1.5095e+06  877210  325095  31936  15699  62290  48094  971566  78786  29151  33645  22804  37270  46567  40731  42030  17049  11253  824  26217  789  66498  371785  459044  336875  123151  17109  104583  22607  72222  52330  109130  235809  101653  181523  799863  4.52427e+06  423223  408408  69183  136464  283908  112993  128844  37539  6103  40611  28295  263560  9115  11115  46086  14851  16742  14584  14304  21957  56415  15314  1364  12352  519  20650  288250  267256  129240  93496  12648  71463  20953  365321  
5542  1882  5655  3880  66490  648782  967605  1.69933e+06  0  1.6516e+06  1660  683  480  803  262  3942  4618  15202  95790  2728  187  281  14649  356  2022  171  781  3193  6841  4828  412  5436  186  22195  25680  41554  37471  10422  1077  1924  2364  1077  224  346  751  1731  27329  9005  199322  106558  113841  7186  155  281  1210  183  6721  643  3556  4723  1922  180  249  5127  308  1325  118  442  1293  7338  1632  162  2228  115  2656  19718  43107  14459  8704  416  6771  1805  34433  
21618  13427  2625  2841  68329  1.22426e+06  131115  1.12572e+06  1.49607e+06  0  122586  1656  1188  4335  1177  2.68937e+06  135370  90992  72070  25223  1372  2105  21260  2276  5905  5253  7294  41316  14173  29062  3317  337771  51345  711751  275142  334639  546028  433619  4782  15867  12411  3438  249  478  1601  1379  2408  6267  126013  7800  480459  64522  402  566  5574  1097  86181  8379  20621  8488  10471  591  1090  8562  1080  2285  454  1067  2983  5249  2206  482  5175  568  4268  39912  83522  31265  28102  1305  19763  8784  364900  
1770  908  2060  4411  1658  949  5911  650958  7755  318027  0  2878  21208  979928  2445  174178  4996  33049  1902  984725  7951  1917  2009  1250  1770  1142  1379  2684  2655  3395  288  9310  1717  5840  35204  21366  19923  20057  1532  7526  2749  3354  470  1107  1942  1571  2428  6697  129731  6291  385696  327544  1271  6859  28396  2928  197624  27118  76422  6088  48116  1025  1377  6401  1358  3267  1036  1723  4423  7558  4464  1364  14024  1636  7920  42423  42654  26394  21754  1147  18227  4950  52744  
49059  1782  23286  1.1167e+06  3451  275  39851  987769  468  2045  3857  0  541241  178169  104505  2018  274  4193  775  190288  13323  4804  1621  3591  8314  6885  29928  56099  3680  3954  25  5060  36  2568  22054  17289  25999  4789  33034  16893  8909  33323  1295  12561  353986  4436  2410  32824  296894  2436  1093  5156  563148  114016  66844  43125  1377  399  4357  787  101981  1749  1717  2548  2862  2031  3142  3765  12123  8094  2012  63  1099  37  923  10506  18945  4094  2714  15459  6166  1966  9150  
30417  927  10510  144748  3285  580  23055  1.24652e+06  1301  3646  19227  461846  0  685258  267983  3621  537  10669  1538  554127  45416  13986  2627  8977  12898  18538  26197  36125  4529  3456  64  4280  95  1665  23055  10465  20762  5650  24796  36392  6013  11674  1359  6858  33816  8814  8159  63081  322180  8579  4992  14878  161877  657949  153421  87051  5047  1155  11332  2034  205118  4152  4451  6599  6566  3880  7121  5519  5587  6036  2001  173  1875  109  1655  31795  12167  12046  10018  5205  13813  3208  21639  
43987  1200  6292  140649  2021  1223  15481  965081  6606  34409  1.26835e+06  243650  630920  0  490673  20638  1573  21367  2799  1.22555e+06  65050  17951  3496  10008  11338  12949  22710  40916  5953  4635  128  7280  297  3545  33905  10139  27941  10086  26307  37846  5892  13533  903  4774  35837  1928  3937  15001  213439  10385  86687  126820  76167  243084  947649  119397  64755  8196  48573  4124  321469  6197  6078  9145  8786  5301  7519  6175  8189  10067  3674  615  6480  562  3251  31027  16080  13211  9946  7782  22711  4432  30120  
20497  2125  5950  64691  2284  321  9000  143352  718  3257  7132  77208  87205  484833  0  5003  1402  61124  5035  1.81168e+06  123779  118621  11427  560859  37854  112168  73615  27692  10404  8121  180  8761  581  3645  71169  6856  19147  10503  11335  226828  11168  10480  631  3875  19304  917  1300  8292  73158  3124  6807  13462  18925  30082  167031  434443  11237  3356  67139  6965  466659  11548  22175  21669  28997  9678  11801  8375  9137  16521  6399  553  5597  241  1808  37968  8102  9866  7958  4546  36242  7163  42686  
35030  21552  2150  1969  60101  67997  41017  76278  7785  2.21672e+06  199282  901  866  5282  1530  0  2.12802e+06  753763  161014  73050  3140  2660  20916  3109  7734  6690  8541  83715  22871  67827  8507  564491  120040  945114  294242  75287  777663  391994  5557  24053  18377  4217  287  646  1217  1379  1495  6651  20063  2606  45801  50763  209  271  2269  1040  155411  31011  108857  7067  54332  1199  3749  12260  2738  5516  690  1831  7110  13487  8015  2385  22468  2366  7999  47763  10027  18839  12820  1544  23711  9765  376943  
47474  58383  2715  1885  203547  141267  149220  119004  26997  214667  75049  678  1249  4596  12266  2.59468e+06  0  934685  1.80111e+06  462436  17154  8900  45909  7076  19978  7299  8338  61546  86853  511173  359431  2.62692e+06  459337  762740  181912  49771  645411  133823  7256  35952  21514  4436  361  783  1256  1807  2673  9069  31337  6594  13257  61145  317  468  4126  3295  168531  29652  187848  8814  137040  2168  4500  14332  3611  6534  1045  2380  8394  16433  9557  2731  25534  2562  8386  62977  8071  21730  14170  1773  24253  10534  141919  
59436  46448  5534  2991  96260  61355  126173  121322  86709  271180  110612  1131  1396  2880  10941  1.07819e+06  678332  0  3.5551e+06  888907  103336  57589  1.0474e+06  42010  192394  52536  26135  79315  206579  126254  6285  197415  20929  143848  351208  40605  376114  134518  17618  253838  63208  12615  746  2247  2974  2220  1732  15799  36238  3203  25943  12535  647  917  1755  15706  40172  16401  249233  54927  277628  19033  75122  161392  45506  41999  6819  9491  27680  104761  27850  2284  25299  1091  6477  274444  15850  41719  27580  5896  94374  31775  288524  
51055  50678  3668  1931  178449  129814  311163  98023  160512  205213  16585  600  875  1509  8095  129636  1.76729e+06  2.71648e+06  0  294135  7128  7154  1.74055e+06  10078  219700  38524  14686  52222  918627  1.80973e+06  657680  333977  12772  147801  171901  33524  358006  115573  9603  109208  43096  2974  244  722  923  1083  2806  7076  28704  8203  16343  7440  231  367  912  4966  18177  5131  73194  11342  82467  3090  10057  26921  7048  8263  1634  2193  6037  19794  5995  705  6873  467  2164  56516  7415  12873  8859  1877  19814  8772  130389  
84248  34926  16557  146641  30369  2569  61024  608860  4223  43736  713398  136192  255144  664871  2.21371e+06  56647  14823  1.11019e+06  70164  0  1.88995e+06  1.20652e+06  142286  1.04306e+06  227216  350560  191824  131671  209427  115664  1920  100657  5544  41008  548763  43580  189454  94136  24589  1.01269e+06  67863  32896  2485  11288  38469  5440  5416  38161  262253  11855  56823  86834  33538  64890  212327  284321  99225  26700  522694  105702  2.22139e+06  91022  207734  376200  152593  80149  24932  24458  51107  180012  44550  4337  50642  3268  15256  455981  37624  84382  60551  13579  185696  53982  292622  
3657  2266  518  1076  2136  137  2784  10483  114  651  689  1032  4059  2846  59599  503  261  213678  3525  827392  0  651878  120168  168736  26494  61157  22135  10245  9731  6372  86  6689  97  2949  85959  1638  12626  4972  1089  133209  5121  1146  68  266  540  193  141  1279  5241  296  931  859  431  1116  1035  11063  1287  547  29757  5853  102368  114557  93359  72330  52599  6590  2887  2056  2803  7200  1721  157  2387  163  797  57162  994  4241  2879  569  33159  2979  16534  
6078  3285  909  699  2275  105  5432  4083  48  407  262  479  1066  938  44241  303  169  55618  1115  244441  535702  0  88386  618904  33247  109966  15938  11616  10413  12276  95  9099  67  2827  111168  1802  17495  4938  1207  156728  5997  822  41  159  373  66  65  806  2195  103  431  658  206  407  401  8265  688  179  13523  1324  48860  119770  128796  39683  118672  5112  3397  2248  2266  2655  1032  39  1050  29  337  49819  535  2189  1319  509  41154  2259  15334  
92263  77969  3924  1981  88049  12081  65942  58994  16321  20810  5797  730  614  768  6672  6804  11007  875799  1.21762e+06  114644  70709  76366  0  311189  945091  141959  28569  72022  1.41947e+06  686401  19048  205298  4094  104342  233144  21546  319983  99964  9682  154757  61398  2189  167  476  835  633  769  4162  12089  2084  5693  2419  232  301  390  4623  5901  1708  42119  9687  107331  16483  68835  112161  34273  10416  2811  2503  4385  12466  3287  287  3792  276  1252  108266  3409  9593  5781  2032  42502  7130  125545  
41521  20766  5379  2101  10547  287  35033  8063  107  1321  533  729  832  982  548007  869  559  81563  8304  523550  210982  889285  427907  0  1.73051e+06  619001  82630  66093  73393  86258  428  45826  118  7660  179929  7712  83865  18296  5012  375466  24451  1555  92  317  666  171  92  1651  3567  218  732  830  237  405  375  7488  985  252  8593  1620  35774  11609  52195  73913  199376  7273  3450  2606  3253  3621  1663  53  1328  30  339  59445  1016  4095  1628  1151  48262  3458  87867  
34577  15064  6447  4670  10879  1179  36103  21388  1511  5961  3122  1742  1356  1502  29557  4214  2566  243168  179058  102939  24303  82190  1.44872e+06  1.67113e+06  0  1.93791e+06  1.09078e+06  266562  3.1405e+06  128347  1982  44574  1115  14330  465791  73183  100823  118259  53129  812991  247672  1563  126  348  917  360  285  2442  7916  613  2500  1583  298  338  396  2953  3755  1056  18230  3791  33221  3992  15476  26355  27268  13325  1727  1679  3570  8367  2329  190  2053  103  624  42311  2222  11375  7086  4057  23693  7570  135807  
5192  1535  749  2212  1643  110  2857  8024  78  3318  1444  712  588  512  52905  2637  468  71658  24240  57512  22229  62592  138865  454495  1.88758e+06  0  500719  79397  34275  12415  90  6719  260  2903  37763  5156  14861  18022  2580  235114  19961  436  35  144  395  61  83  456  2868  186  550  377  120  175  146  1096  511  146  3241  700  8523  1579  5205  6492  5994  1116  373  293  530  1196  310  27  342  25  124  8709  546  1143  681  460  5156  804  128732  
15929  1389  1765  7788  1141  126  6839  19025  163  5342  2204  10113  5627  3342  72592  4001  650  24283  4611  82888  19449  29493  25437  58536  932629  508859  0  255081  5879  5912  96  5335  198  3446  260105  32184  33651  81984  24755  849216  472287  3053  87  508  2452  152  249  1391  8084  596  1667  956  1398  1048  861  1904  1371  306  4948  928  10612  906  3843  5457  5021  1759  547  622  2187  2822  892  52  631  26  238  14700  3399  3622  2553  3311  9098  3429  104730  
312658  12845  6781  81520  13998  1659  31411  23817  848  13538  5295  67355  35869  20343  9569  19519  4731  57842  20001  59837  7254  29176  101074  44547  218994  12343  339689  0  127774  289676  758  417708  663  97885  325960  77106  310961  325400  79718  237100  849767  25950  398  3807  18283  338  284  8168  10283  650  1807  1459  7577  5928  5382  2204  2665  613  8193  1437  14942  1279  3800  7734  9705  5046  464  1182  12380  11505  3793  86  1498  47  527  17120  26986  21535  9512  25626  8075  11701  115637  
28472  13706  4367  2291  16944  8910  46158  33510  11878  38658  13806  823  881  1755  11710  27330  42390  225333  567500  178662  16484  55194  1.83363e+06  114666  3.22281e+06  110596  19500  325221  0  4.06095e+06  91752  59065  2276  31955  259956  47857  149417  151019  47370  371093  98362  2694  179  452  892  676  779  3843  12469  2133  6406  13148  249  287  1102  4767  36107  7784  64289  7757  70628  3550  8788  20607  13221  8416  1522  1872  6357  15860  5859  805  8428  664  2715  39659  4349  23921  12261  7210  17576  10969  104735  
31629  14443  4402  2473  23734  12002  50209  43952  9071  43726  47391  783  1057  3524  13438  91662  1.19008e+06  249044  1.68908e+06  355770  22117  81885  726612  155814  174572  22091  13011  259022  3.50518e+06  0  2.44881e+06  3.49692e+06  2813  56988  266346  47748  279489  202900  46420  219423  84378  3414  238  565  1035  1120  1313  5319  17062  2773  8286  40133  292  424  3249  4493  105440  18613  121397  7830  103818  3563  8802  19124  15850  8385  1333  2119  7963  16447  8030  1768  16963  1653  5759  50345  6038  30461  16650  7462  22057  13566  158346  
2072  1466  251  145  3394  1778  5285  6145  1057  6438  6028  54  121  438  2015  11660  678091  24218  959602  46409  2011  2234  41772  1801  5533  1559  1163  4155  54229  2.40443e+06  0  969067  454  9360  23028  5017  34143  21914  923  5415  2705  410  34  68  112  148  141  646  2303  378  1078  6342  36  56  395  553  15520  2740  15159  824  12104  283  460  1376  430  599  114  253  699  1488  811  247  2235  236  902  5402  679  2112  1308  179  2176  1042  16238  
309029  73476  6676  27431  120814  94164  65264  97091  5547  150632  74881  7027  4376  5849  16926  576040  2.77161e+06  507573  533999  567934  31700  96535  477776  139013  110940  27226  17523  634885  69988  3.82213e+06  757032  0  1.0237e+06  1.52916e+06  210440  58525  1.01757e+06  185071  31453  129442  100773  6320  305  1215  3360  1353  1642  8126  23139  3359  9668  38107  987  1011  4275  4662  106101  17834  135811  7940  123073  4371  9236  19134  13980  7510  1282  2130  8463  16366  7895  1786  17216  1540  5060  56050  9839  25574  14746  8210  22636  12605  159145  
4130  4884  107  68  11014  10767  2469  6343  327  17189  3963  27  43  162  314  110194  319274  24424  7697  22202  766  622  3236  458  1194  419  313  6068  1283  3613  606  684940  0  343165  3985  2603  94827  5146  198  977  924  111  8  26  28  70  114  301  1046  193  438  1954  6  16  150  94  5591  838  4588  188  4177  73  141  370  116  149  27  64  187  360  226  76  740  67  213  1719  242  647  464  56  598  256  3838  
1.04191e+06  264508  4306  3886  980669  1.27799e+06  78647  139134  15199  1.04573e+06  21978  2263  1338  1444  2704  1.6993e+06  1.15006e+06  220228  110580  119628  6015  15542  100469  19873  21416  5133  7156  119254  17886  71775  8302  1.64304e+06  827688  0  61571  34311  1.26439e+06  36180  2256  19972  27341  1135  107  269  625  693  2955  4170  25088  9020  5862  9248  337  284  839  916  24111  3930  24199  1935  22665  809  1738  4120  1877  1344  278  452  1454  3725  1505  405  3833  390  1331  14523  3953  4357  3309  543  4355  1812  36408  
149665  145711  160477  21645  148914  22060  995797  1.2117e+06  21372  887431  242724  7635  9609  13601  55160  427603  44518  728741  159324  900787  46477  108742  366085  112143  547335  60363  449420  496981  369374  269634  4456  126285  5823  33599  0  3.07652e+06  393886  719824  416283  2.67694e+06  1.21019e+06  6807  2695  4511  7007  20239  15684  122415  324275  33246  75286  25729  1698  2642  3865  11493  30519  5505  70268  15916  88776  11065  22517  72572  29160  19880  5389  7419  15660  21591  9753  1059  13337  429  4801  508691  35584  58452  83248  11833  118207  73504  4.34862e+06  
153002  209748  100535  9868  116600  9449  1.05737e+06  134601  6915  151015  80653  2175  1797  1942  5139  92112  10481  62226  11002  169249  6759  7820  19746  7852  66948  7242  50451  52248  39903  26644  750  22176  2534  12472  1.68799e+06  0  223554  310721  665113  268183  118992  2788  920  1940  2373  2702  1431  19457  35114  2343  21685  9374  315  367  700  1166  11081  1416  9539  1413  13093  913  1500  5250  1511  1451  328  495  1625  2255  1006  130  1601  107  663  36483  8954  6040  7932  2181  6079  5416  445350  
336236  187864  110717  42356  219121  21470  743959  730028  18936  839251  133011  17554  13734  11417  22687  482728  44714  343432  143686  275470  16417  33435  141212  32856  56215  12430  35273  198934  53241  61456  3464  205742  8008  237638  261008  860276  0  1.68108e+06  372454  56475  71453  20655  2071  3844  12158  9565  6873  60466  148733  12535  87787  23746  2645  2429  3366  4537  27407  3598  22516  4435  30256  2070  4791  11689  6575  3995  643  1342  9109  11085  3663  337  3661  238  2189  42261  42146  21896  15296  9381  13056  7399  182740  
34704  29144  15233  8737  37280  3602  135196  196002  10817  427295  57343  5684  4638  3939  9330  249741  11761  154842  109013  137549  7466  11863  56918  7322  33890  8450  22975  58147  38029  35679  1193  20604  703  10029  261748  340624  1.56811e+06  0  87815  44671  133944  7269  565  1122  4197  2487  1557  16046  36877  2896  18308  7088  804  815  950  1906  9330  1279  9465  1829  12913  1183  2986  8078  6172  4529  315  619  5461  7296  2826  127  1761  94  695  27557  13410  22430  23265  7791  18247  19564  509304  
139194  16044  36041  43299  1233  100  129177  3129  209  4031  2025  7220  5050  3779  2197  3787  420  5041  1492  10618  686  1850  4144  2744  12046  1106  13452  33433  11066  12108  61  4885  69  624  119731  424455  251255  40824  0  26871  36704  5344  87  814  3573  118  64  1702  1786  107  653  293  665  638  599  399  1040  145  1390  328  2219  183  708  2046  1738  983  98  310  3263  2801  885  16  347  12  126  5257  10433  11585  2719  11426  1487  2722  13310  
23950  5632  5958  11062  2882  267  25356  26677  450  8592  4711  13015  8105  12183  122861  9550  1443  67295  12247  185908  43446  121548  67963  176352  299945  416025  1.62559e+06  255182  135958  88597  613  32018  326  5838  2.02322e+06  62641  81695  76479  88408  0  1.31469e+06  7564  297  1128  4758  550  415  4845  15610  870  6786  13475  2087  2002  2412  11750  15041  3682  54278  10662  87341  7970  42466  57294  53144  17091  5687  6365  12875  26251  7459  497  6098  255  1692  128584  7859  23686  13945  15358  97281  25086  154844  
18376  2857  2490  4380  2214  267  13335  9460  386  8524  3536  4341  2599  2407  7856  5903  1555  41742  11592  31810  4468  13206  71532  12522  67763  20663  846534  438948  24497  23115  183  23532  192  10683  836343  70811  60047  224741  85585  1.12123e+06  0  1171  46  147  1030  223  141  1404  3819  294  1810  1235  490  444  429  794  1831  309  5559  834  6467  828  1756  4698  2548  1849  361  620  1902  2532  944  51  732  21  177  23298  1878  6976  6437  3993  16800  15916  220174  
20550  1607  14563  27159  849  301  21405  11597  939  1679  1757  3921  934  689  1085  3661  495  6291  918  12152  738  2476  1202  4462  1714  410  1954  5521  1313  1103  27  1171  49  329  8246  18319  3039  1858  5764  3226  1726  0  1.70136e+06  24413  756867  363877  45617  520931  86417  5733  8469  2593  14651  4840  3461  4374  8721  19932  30216  27303  31921  4371  21600  111039  65668  30060  2234  31817  273967  194334  178639  4800  292191  584  1.27776e+06  231952  264302  360688  71358  86912  50895  22635  90771  
3486  3147  6693  3350  1339  201  46431  14830  546  1565  1043  189  107  121  246  1604  203  2583  444  4258  359  1092  744  1921  637  156  429  1020  566  448  7  373  20  151  8594  3259  1198  1685  947  1801  1198  1.23576e+06  0  4449  2532  490549  24448  495861  24776  2909  6960  1826  321  314  307  2342  6492  5324  20334  10708  17026  2827  10991  54573  18412  16787  1352  7964  30679  34656  34455  1196  41914  146  51849  340045  291409  203411  76045  6960  56764  25285  110359  
31314  7076  53824  57403  1299  85  88877  16073  72  117  52  538  288  200  211  94  17  220  86  544  59  123  160  187  594  65  812  2823  247  286  5  342  2  26  1264  15967  1109  219  2540  472  496  29405  411  0  103792  400  311  100167  66900  337  283  77  122  95  75  339  193  145  818  345  1155  134  553  2390  1000  938  112  605  1495  1357  940  37  360  2  435  14366  64416  4184  2039  7444  3743  1852  2925  
119228  12121  180159  1.31014e+06  1967  194  172487  180695  258  692  672  413064  27006  16252  13948  685  108  1327  385  30588  1906  1104  810  1170  5075  1359  9831  27977  1931  2145  16  3163  16  553  7748  54167  8897  1933  22595  4731  4356  831472  2096  120015  0  1886  1111  23936  476561  1324  693  1591  1.01378e+06  33100  25641  21452  528  315  2236  833  44690  601  1519  4525  4688  3889  1380  5549  37347  26497  10201  60  2648  15  2929  16694  224088  15163  2235  58291  5745  5835  5892  
6882  2108  8225  6624  6088  2137  61844  48314  3287  2909  1675  339  328  229  356  2476  357  3414  911  6178  670  1443  1221  2075  869  201  482  1119  943  725  14  614  29  435  16707  6781  3855  3462  1165  2801  1704  475430  625417  1936  2535  0  972535  983136  111110  47942  40955  3236  261  306  358  3762  11907  22399  41385  24849  30922  5683  14717  77452  13568  25033  2208  11571  38551  73855  43444  5223  26943  485  455381  509756  309422  221109  110300  3444  77602  33388  158440  
11619  1740  13899  9853  11306  22848  106476  207067  87921  13241  2182  339  679  363  284  2839  972  3339  10422  5400  407  575  5775  725  1232  169  378  1179  4916  3043  197  1309  44  2885  28284  6932  10293  6204  662  1995  1313  48291  33264  1454  1759  1.18471e+06  0  844305  295805  935716  1.72081e+06  3105  116  257  769  1850  58602  81990  21626  34008  14403  2195  4474  39901  4422  14506  1073  4981  18098  107032  50650  12214  144338  9863  1.08751e+06  166858  294264  125061  61415  854  24690  10202  81902  
119742  26187  152263  124047  72972  14713  734576  449183  13180  6792  2901  3595  3128  1677  1493  4867  1349  8957  3842  15184  1265  2758  4894  4115  5554  681  3589  7065  4560  3346  125  2568  59  2076  114173  89767  36122  16479  5586  16076  8072  373186  530887  135891  14100  1.88983e+06  1.26443e+06  0  1.82936e+06  1.51102e+06  160109  3977  1212  1041  801  4752  33291  22940  49887  79748  36228  5729  16883  137085  28915  41426  2834  12730  41153  260561  81082  6095  23579  364  35924  585732  731095  252816  121788  17583  102672  41663  226749  
169793  36785  245085  349419  156757  101418  1.40092e+06  4.22208e+06  433010  159961  53750  142802  84930  65106  97331  22159  6229  35963  47937  291445  18815  10230  32483  9154  20808  11308  16682  25926  28417  17996  867  11828  418  16065  361427  205406  142028  69362  13025  53832  19626  63067  20995  166218  769845  99011  146832  1.78579e+06  0  1.87777e+06  574766  405449  939297  1.10463e+06  927666  344380  33457  11859  103341  52876  782164  18397  21355  93812  37861  39090  50372  46868  59820  63101  27939  2288  32236  972  86476  591210  1.00873e+06  515191  275546  17485  201678  42120  457656  
18968  2809  22572  15439  16604  39113  148316  273691  142769  24117  2427  432  689  735  231  1972  1290  3442  17695  3704  257  283  9283  324  1667  152  392  1469  7827  4747  263  1667  59  3975  33957  8752  12323  6594  730  1792  1386  2632  5351  1175  1643  80023  1.09741e+06  1.59911e+06  1.8588e+06  0  1.47546e+06  1982  82  179  675  457  20098  7456  17635  75531  4892  572  1045  42890  1125  7514  492  1534  5793  66091  12024  853  6450  154  14758  61779  285938  60651  29445  473  17892  3775  62620  
7400  1437  6519  6174  6054  32617  43872  618302  280389  375753  108731  1267  1219  3181  621  26088  1650  14030  26405  13999  686  861  14184  1111  3530  532  1794  4468  12110  7309  359  2764  112  4196  71867  18183  22373  21346  2598  5188  6075  26057  6894  2456  4548  75018  1.572e+06  236879  1.12102e+06  1.6739e+06  0  103276  727  903  5215  1675  2.79378e+06  271336  83445  75986  19193  2089  2434  30891  3219  10724  1538  14898  35692  55965  37723  13663  475197  170760  1.06194e+06  208579  652457  456691  229426  4675  104633  23312  231972  
2094  729  1563  2806  1966  2582  13622  176511  48915  296319  314106  2158  4395  31933  4104  119815  9529  18722  4724  69852  2937  1094  2558  827  2009  1373  1845  2439  3546  3340  404  5237  681  2819  30588  14277  10709  10334  973  8604  2293  2257  159  1050  3189  912  962  2953  432954  1828  395532  0  6743  12535  687925  5599  171811  9872  69504  1460  552502  2359  1003  2932  1548  1718  1209  1349  2724  3342  1701  463  5445  642  4238  18150  13979  13911  8928  880  7169  3087  29198  
23596  1807  20014  360972  6305  414  55234  320914  831  3525  5184  1.08054e+06  237412  76989  61758  4154  551  5533  1090  154290  8151  3176  1494  2374  5356  4800  12546  21046  3119  2265  40  2723  76  1399  26021  20652  14293  5166  6355  14076  3869  44437  1556  16758  781037  5579  3513  37937  1.02744e+06  3256  1518  21354  0  583309  264255  113562  1741  564  7230  1338  339644  2446  2352  3951  5653  4446  8263  10388  26479  15749  3699  103  2258  48  2156  15401  16663  6420  3854  36097  14166  3920  13276  
8955  977  7202  47997  4015  1671  35786  374075  3779  4210  6572  68054  589660  202942  81306  3957  585  6728  1502  229821  14939  5145  1626  3114  4267  5328  5629  6816  2786  1736  49  1849  67  1063  17338  7432  9712  4154  2515  13361  1689  9031  892  6635  51358  5731  5613  38337  1.14976e+06  9389  4521  26293  339638  0  542130  182830  2696  883  10098  2264  443198  3875  3750  6128  8719  5708  13090  10191  10497  8224  2522  143  2071  74  3194  26092  13337  14701  10094  30889  20523  4238  18949  
11261  1436  5970  47656  4416  8085  39673  409653  56491  110706  122103  57070  151851  808262  193145  44497  4021  18917  7437  499266  29391  10135  4891  5738  6826  8090  8426  8919  7034  4546  232  4895  401  3403  52261  10655  18197  12578  2673  27288  3313  11484  643  4491  52312  2010  2806  9694  915350  6974  17939  1.11472e+06  213508  572296  0  471757  25299  4397  37602  3190  1.0533e+06  9755  6649  8332  14372  6875  11799  9708  12531  11490  3929  461  5184  353  4014  26498  15593  16998  10913  27278  28055  5226  39806  
10447  2257  8284  32025  2570  631  17153  90011  1791  6279  17907  24544  24111  34190  418071  10998  1989  40333  5253  387271  20872  14535  7299  13853  11542  14582  12495  9819  9835  6749  181  6554  450  2893  29521  5485  14237  8711  4406  50732  4577  18525  614  5614  51709  1510  1053  7863  157590  1593  2286  4530  125600  188235  371728  0  2216  2506  39017  6197  1.80559e+06  120597  125607  22855  631399  37518  116452  56311  33963  31678  10541  529  6475  244  3412  50326  12275  14804  12341  22282  151311  18829  30934  
2914  786  1648  2819  2247  1524  12890  75387  21539  197816  148211  812  700  5243  1623  152972  12750  20418  4006  43286  1949  1175  3306  1186  2284  1071  1721  2809  3716  3990  510  6757  973  3405  29900  10777  11313  13834  3758  8954  3367  43954  6248  4160  7309  44014  92354  55144  155796  39329  2.29008e+06  164953  926  860  5050  2418  0  2.2191e+06  905768  107612  44385  2016  2566  33002  3469  13474  2574  23195  57164  68440  43460  18523  852363  455142  1.16516e+06  286995  225294  793866  356581  9689  130973  46254  305747  
2716  973  1690  2170  2365  1398  13497  25893  4945  127862  193856  658  1110  8167  3731  182348  10454  38065  4133  93214  3590  1840  3536  1738  3171  2066  2577  3179  5004  4670  452  6859  873  3144  27405  8626  10714  12597  4134  13258  3907  42875  11426  3484  5101  88193  190018  62977  100846  60045  344687  145675  850  900  5104  14562  2.53779e+06  0  923637  1.5935e+06  249216  9323  6243  90855  10402  46060  6205  22138  71355  352632  1.00653e+06  1.00327e+06  2.0517e+06  362695  703956  269377  109716  391143  147856  8899  66775  41446  170119  
12089  6330  2885  3129  6964  2334  20339  43694  13322  37709  37921  867  929  2228  5848  130056  16955  190194  30031  197711  13965  13272  35193  9280  24971  6081  6419  17071  43762  28246  952  25988  2052  10624  115703  11704  44521  37529  20453  91758  18208  47378  3149  7600  9334  11649  7260  67458  189506  76356  99077  40784  1167  1313  4921  14242  932294  787030  0  3.07704e+06  1.31282e+06  140591  31084  925658  32978  167695  16207  25994  88212  370442  73296  4374  97977  6238  51520  299260  41406  314862  176384  13837  139403  93285  239756  
5920  2838  2229  2620  3937  1799  16765  41364  12458  17301  9399  672  854  918  4172  19632  3060  71294  14462  99552  5910  5676  16387  4787  12688  3235  3069  7304  17600  10780  217  9319  601  4211  52991  7165  21176  21143  12319  33512  9725  42993  4475  7911  8383  25070  32110  106594  153327  120191  80536  5149  1034  1058  1563  18955  84477  2.38411e+06  2.65216e+06  0  545136  40461  18333  2.38702e+06  28332  313686  26392  32309  103977  1.80725e+06  1.40534e+06  1.05865e+06  236864  8649  69385  267787  42540  296713  156445  11792  94824  99228  184659  
44649  19870  17906  69721  20454  4680  69858  332129  19593  80689  147525  62216  68597  64022  295559  241137  31926  535732  85878  1.83799e+06  151942  100563  142471  58269  90955  37156  33275  52658  125638  72584  2037  68953  4680  29290  284200  31048  118185  69675  22779  347192  37099  56549  2837  15474  109503  7733  4733  41898  668878  6938  29990  530143  284765  302487  462949  2.1762e+06  31461  15850  1.0289e+06  196813  0  1.88292e+06  1.08756e+06  428351  1.10915e+06  161827  237193  119058  108736  235052  66285  3213  53477  1847  19846  258040  42905  106439  63197  36046  458605  72613  180510  
2224  1231  372  541  965  119  1912  4362  490  1228  1498  286  614  609  2609  1295  245  44839  4885  41646  107861  123515  77944  28048  14993  6202  2581  2885  5506  3362  33  2772  56  1035  61675  1069  5532  3096  1101  86268  2177  3102  192  597  1148  565  191  3125  10573  181  1367  933  858  1437  969  175378  558  512  183828  10164  1.09972e+06  0  636453  244934  400000  32166  67259  26046  13744  16222  6584  404  10148  288  2827  65366  2051  15243  11825  1016  149197  12374  17400  
884  456  268  480  365  38  1143  2599  141  532  1050  188  274  343  2400  379  67  12890  1484  14737  31997  81132  25902  30787  6286  3314  1760  1613  2087  1687  15  1175  23  361  49778  550  2856  2442  1777  44964  1480  5153  338  1205  1462  491  92  5682  9003  60  304  188  761  1026  697  195148  210  265  28525  1310  442350  377304  0  195817  641847  28559  83352  26478  18676  11003  8073  119  7065  54  1363  48610  1579  12161  3770  1191  123160  11155  13486  
6941  3361  2275  3318  3838  1092  15155  31500  7640  10747  3976  750  602  640  3494  6297  1006  90901  18067  85396  25409  62312  107181  87275  34878  9255  6091  9135  17911  11325  135  8078  237  3170  196788  6969  21007  21489  14855  90358  11117  78901  6654  18713  15088  20928  27996  149609  173372  58076  36591  2648  1509  1429  1423  29668  10820  41771  931846  1.55846e+06  304831  190064  597145  0  675574  853499  63107  47489  163064  1.37854e+06  703322  10379  206392  2305  45370  439417  34843  283718  112723  13106  221611  127770  199714  
2595  1205  752  1510  798  86  3102  5667  449  1423  2739  523  547  730  5057  1538  236  14951  2094  20697  16702  121675  29823  229657  12123  6051  4172  5299  5722  5787  55  2957  44  627  101359  1756  10415  15713  14171  72520  7708  35552  742  3842  7514  944  389  19807  17460  243  1305  552  1885  2214  1484  986132  671  1214  50631  12242  684423  331021  816448  544262  0  1.82144e+06  690375  103636  107303  104565  73065  404  20170  207  5479  114234  5679  32862  14789  7325  422779  41077  44892  
2246  782  974  2172  903  271  3985  8820  1495  2479  3793  587  478  791  2176  6002  851  20599  3723  29715  4271  14848  11053  18577  8392  1864  1983  5797  8170  6854  64  3171  130  1016  35640  3061  11102  25293  20335  22426  12452  54681  1710  5830  11523  6818  7507  43892  37981  10030  7910  1465  2135  2585  2202  121090  3256  13013  91497  121638  120668  46596  89971  1.28036e+06  1.76553e+06  0  1.89032e+06  1.16979e+06  568011  3.28847e+06  176451  2331  36542  567  9636  326655  42324  66186  50509  22425  899333  125214  74246  
335  133  158  430  127  48  619  2552  303  483  873  177  160  176  552  695  85  2589  415  4037  1441  5501  1822  7389  918  385  317  537  698  602  7  333  9  120  5493  299  1075  1655  1244  4321  772  3947  101  396  1313  390  157  1910  8042  255  1045  257  813  445  271  117096  471  500  17119  17019  51627  29375  44643  83555  482677  1.62519e+06  0  649277  132485  46595  11545  113  3442  95  1640  19815  2364  6612  5074  1283  320773  19210  66243  
967  177  488  3132  220  89  1626  6029  467  1247  2629  2294  624  613  1107  1937  222  4136  504  8002  1135  2754  2124  3238  1151  509  787  1165  1117  917  14  614  28  202  11815  976  1694  2802  1873  6902  1208  26949  470  695  9878  3131  824  3976  18135  773  3542  1081  4177  2399  1682  76048  4302  3891  18543  5280  58535  16967  25703  38281  66668  1.18481e+06  804051  0  241654  14360  5283  416  8795  736  50969  122931  13681  50261  15350  9033  495650  405410  68899  
5142  468  2084  12515  736  345  6450  12574  1458  2393  3369  5911  1269  1095  1637  6229  733  7977  1207  16063  1472  4069  2864  6185  2934  634  1472  5884  4665  4669  47  1747  78  448  15293  4027  6730  18344  13451  7851  8543  221537  3859  6410  60400  14277  5519  42821  65160  5548  13538  3002  12918  7766  5902  20945  19496  24113  56571  29224  53645  11576  32815  145525  75701  271538  27538  270790  0  631837  257404  3924  419038  3984  182437  369808  48429  229389  64385  40010  345483  568986  104838  
5737  3032  2032  2405  3837  1182  12837  19720  4310  4941  7754  625  1339  1337  6762  16968  3029  80171  13674  142588  7966  9680  11874  11734  11722  3437  3379  8514  18523  11804  295  10880  831  5160  39682  5688  22181  24073  12053  31288  11560  48049  12427  5232  9809  108666  93095  144927  60828  71967  37575  3016  1397  1794  2136  40214  15584  220317  186164  556728  228508  27805  60521  1.53645e+06  124672  3.51818e+06  66596  55052  380433  0  4.56388e+06  52720  71532  1189  22681  224699  43007  105564  64744  11375  275392  62873  76013  
2640  1013  1955  2135  2178  1162  13776  19544  3582  4701  11719  342  615  980  2410  29323  3508  31486  3816  62999  4081  6401  4607  8745  3611  1383  1504  3291  5552  4540  180  4081  405  1734  18456  3488  7618  10623  6303  11965  5056  46442  27322  4902  7680  220772  154628  136529  77146  37482  36790  4864  686  747  1610  15139  23864  1.51193e+06  149149  1.05247e+06  149505  30349  58287  661718  95858  170121  9473  10678  432589  3.62002e+06  0  2.29771e+06  3.48693e+06  2313  50023  198176  44523  95050  52992  6407  123663  40723  75554  
396  159  297  286  379  187  2218  3329  481  951  2885  57  85  206  400  7745  865  5807  592  12555  733  550  702  489  482  235  278  421  822  610  36  773  75  341  3345  635  1237  1267  714  1966  587  5613  4208  676  695  33014  24309  13705  14571  2779  5976  1186  103  112  385  3883  5483  995759  26830  979019  40207  5867  3293  60779  5005  22689  2361  2971  22196  203081  2.96544e+06  0  994665  1102  13709  37076  8586  24475  13191  1141  11466  6957  13858  
3628  1236  2378  3703  2985  2286  17582  36446  7955  25189  51045  940  1000  3482  3661  118814  11416  44573  5340  115741  7469  8882  6662  10339  4425  2138  2409  4003  6800  6321  517  8377  1162  3852  32389  6800  11105  12350  6615  15773  5444  190646  27690  8536  17495  126623  171087  89249  157174  18015  220956  32479  1819  1459  5106  23092  554700  2.24167e+06  366326  267775  281393  51319  76538  603920  109004  97202  18439  31039  630057  286218  3.76786e+06  1.3406e+06  0  1.03681e+06  1.23423e+06  233089  75123  369739  104709  10589  98999  94513  144595  
110  44  85  95  118  144  643  1687  530  2297  4076  34  37  288  150  8196  713  1480  208  4991  221  129  161  82  129  84  95  106  196  232  31  420  59  205  1034  279  427  311  103  491  109  3377  576  150  246  4194  10123  1940  6509  541  32092  4180  37  40  300  554  246441  325810  28013  6650  14450  847  369  5266  566  2936  499  3049  8199  7950  6607  5243  645205  0  466686  3892  5675  39851  5055  239  1446  1719  3588  
2837  680  3112  3024  2891  3351  24356  58002  13646  11224  17176  413  557  1174  1069  32813  2768  9999  2456  28479  1676  1604  2202  1781  1136  515  685  1136  1950  1752  173  2262  308  1398  13867  3828  4608  3454  1205  3844  1224  947910  79935  16286  12522  755320  1.51235e+06  137089  284908  48439  1.52956e+06  16732  655  637  1971  6809  1.76928e+06  1.37189e+06  155811  59714  85873  9605  11354  98739  14945  33942  5352  58553  146387  114881  136735  58777  2.00369e+06  1.16068e+06  0  97802  74483  530954  49149  3233  23998  40713  53717  
11464  4327  10786  13096  14326  6031  106590  194273  23819  64683  30729  2553  2529  2608  4208  28054  3102  42222  10577  64209  13041  22532  28390  25303  15852  3786  9769  18916  13886  11973  244  7114  368  3087  417849  59240  34117  81500  34217  74911  45400  295261  29561  80626  76581  77546  20610  724783  1.62772e+06  42520  603538  148833  6726  8577  9743  79746  493857  62116  831569  128306  572322  106046  183934  749690  171801  622084  63469  397789  892259  683150  271814  9543  125511  1993  34186  0  1.78613e+06  960374  1.14232e+06  403447  2.78953e+06  1.67174e+06  4.23785e+06  
9341  1286  6048  11952  1878  629  21692  29183  3259  73698  36427  507  305  798  540  7945  493  5390  1534  10087  854  1084  1685  1265  1316  352  811  2155  1646  1432  32  899  50  379  15867  12157  4720  7590  6290  3632  3538  235527  42711  78424  65853  56912  28840  531984  452471  23581  270200  48555  710  698  1187  7708  97144  17429  84065  9478  78748  5929  7895  29561  9918  45957  5094  26764  57147  48689  21417  2131  28831  3853  38185  1.06065e+06  0  380573  314392  404698  234513  75758  253608  
17954  2786  10101  24528  7735  4849  67819  181771  31499  126803  50136  4800  2135  2343  2184  31691  2744  19059  7529  35120  2727  5017  12726  5690  7557  1494  4714  15513  9740  8930  186  5355  244  1909  52168  35743  59928  79109  95260  18774  23717  361983  36662  60815  78578  82627  15405  480954  1.1876e+06  54496  612358  65415  9029  7564  9438  13007  521956  59319  380579  75988  164075  14804  19812  154626  21727  47159  7893  31675  74007  119788  35456  4961  63235  3402  113068  317649  707650  0  2.01608e+06  329163  122172  208683  204606  
2673  701  2390  3133  2694  1505  21257  49096  7231  28788  12894  359  513  545  586  9046  804  6541  2302  12475  863  1137  2980  1062  1647  443  795  2030  1966  1636  59  1268  106  614  23535  8406  8670  19032  10131  7868  5277  36184  8514  13018  7031  21441  5296  112253  450089  22973  336095  21518  596  702  1298  4789  265892  17760  149020  32368  53595  4783  3646  42554  4757  17643  3868  5936  10438  50860  10667  1556  17063  818  6801  261671  240980  1.69852e+06  0  23047  328983  72222  647232  
11217  270  3519  20467  64  21  3071  2550  74  288  231  4636  1456  811  1236  392  40  637  129  4233  235  428  254  549  781  133  1208  3596  459  498  3  462  1  77  1469  4118  2067  1347  4514  843  984  183961  630  11019  96322  332  164  28104  7607  200  1417  576  19039  16015  11427  4698  2212  556  4336  1304  15730  592  1994  6958  8984  11563  760  6367  60749  49341  16154  93  2902  30  2020  77609  357988  175032  4670  0  16889  30345  5926  
4343  979  1694  5122  900  204  5180  14780  1495  7899  16592  2181  1720  5558  7052  12653  1711  25429  3508  42982  4589  15902  16751  18454  9014  3679  7549  8471  6536  5720  102  3906  201  1281  113918  6402  11272  15372  16242  69578  13143  21166  681  2349  13081  2060  675  13244  36935  1149  24859  4400  10241  16722  13431  181148  18617  2658  41920  8358  135343  39836  76581  106716  200066  327293  298088  889707  264568  173927  55749  471  14160  297  9127  1.76475e+06  103290  79450  119811  81541  0  1.49664e+06  284943  
2314  353  869  2466  370  142  3223  4566  593  2468  2802  666  333  797  1094  3461  341  5135  919  8844  1400  2718  2674  3262  1815  569  1332  2624  1939  1740  29  956  48  329  24031  3816  3059  7270  5116  11027  4458  10044  541  1237  7447  1886  954  10114  18160  1112  5954  1822  2818  3580  3005  25756  6276  3635  50631  13752  44570  12758  23978  103510  28057  66782  34587  786519  348566  63470  18506  838  21995  471  19667  802606  54547  88355  73317  48958  1.26957e+06  0  204538  
22134  33457  21012  5743  43819  14189  215997  553950  42246  1.09946e+06  275933  1286  2500  4022  24286  438940  30038  480598  177309  569170  29941  42290  178202  64194  100759  108919  70879  89054  58168  53088  2508  55213  3315  19082  3.34548e+06  1.14083e+06  276579  2.74724e+06  28512  163656  228349  26481  7335  13133  18650  27633  12940  151050  775221  39954  633189  106667  792  1198  3648  20814  386421  32817  400357  76350  263362  29148  33519  217137  50781  94671  24242  36927  86832  113057  36154  3465  46549  1292  11584  2.82566e+06  474488  621286  2.82133e+06  12965  660355  239897  0  
