0  1.69906e+06  54426  678194  249074  38975  359602  9062  1066  11592  6476  2078  1447  2631  5856  15071  11793  29158  15762  24183  12245  45914  15679  49426  41560  11095  71755  477203  50961  170743  7308  606672  879  1.05227e+06  239646  312608  437158  57147  253002  64097  75479  1385  296  556  8812  402  171  2638  6237  654  1522  1461  874  171  274  978  1112  596  4883  303  7506  4536  3100  1577  3444  472  172  412  1004  744  803  218  1402  42  376  22147  6280  3720  2219  3182  2362  1613  84915  
867679  0  4129  7674  674951  16491  470351  12593  3883  8365  9471  262  778  2143  5267  11372  6340  21151  8733  28778  7211  27055  7373  27039  31364  5838  32612  18713  20384  37662  2556  32194  583  42427  712689  925532  289194  142218  54651  132832  59175  272  1727  1497  1105  2661  359  14276  27542  1562  2110  1283  596  101  237  881  866  395  3460  220  5692  2955  1870  1137  2025  393  175  447  485  528  501  148  853  34  319  21487  5281  3652  2880  592  2646  1814  200993  
52248  2464  0  175335  337  349  203518  110615  1581  1726  585  383  251  460  483  605  325  1076  686  1800  297  799  311  1515  2092  628  1820  4230  3104  4647  239  1699  28  343  28221  118831  22890  2981  30980  6097  3584  2947  1752  32469  33459  813  135  26759  22080  681  620  99  865  92  116  215  120  55  321  39  553  141  91  196  125  81  19  119  187  105  156  15  129  2  43  3553  21264  834  413  1403  431  387  7225  
739904  3263  332158  0  788  474  26644  692630  1664  2130  1566  1.14716e+06  27661  22525  15491  1473  611  2648  1278  15832  780  1444  789  2708  7151  1548  46382  124451  5581  9376  438  48249  79  7768  30309  112774  61997  5327  151029  14020  16359  102801  11790  152109  1.80087e+06  3374  698  97861  222210  1245  1164  409  226642  7559  5370  5238  583  195  1500  159  9072  1252  473  1711  1271  1017  160  1861  7696  868  3270  74  2666  8  407  16074  625142  7986  2883  73526  2862  4961  8924  
358671  1.15249e+06  2479  3478  0  950147  1.1626e+06  69139  11035  37590  18441  465  5321  7809  15844  39553  38619  44510  31073  59979  6969  17873  11494  13280  26277  4755  27950  8460  14694  37343  12659  41381  2046  566223  963182  800259  417500  171458  6822  109381  48365  330  1759  677  907  8324  3738  42231  43369  7386  4743  3705  548  347  650  2292  2368  979  7407  510  12179  2439  1290  2576  1558  871  345  1032  1052  1136  1235  343  1919  59  1384  41369  9732  12133  8597  742  5476  3042  297772  
36149  48317  3192  3078  1.03851e+06  0  635476  201877  507824  1.2529e+06  12178  384  17095  11417  17090  79874  106325  34275  88703  39614  2984  7203  5996  6177  8558  2582  6254  4296  24848  77215  32781  135018  7494  1.10889e+06  231953  93117  356315  54693  1601  21020  9379  371  686  444  728  6940  14539  54366  114395  59656  8083  3003  519  470  1159  2409  2764  981  7282  905  11553  1663  724  3947  1015  1110  328  1374  1445  1810  1646  327  2289  75  2869  65200  8184  24648  15288  407  7049  3360  155745  
586563  563808  272111  45960  1.69264e+06  664779  0  1.61322e+06  1.05031e+06  122949  23374  1863  8826  23052  27292  27498  65358  59819  136894  98126  6222  13638  9701  16429  32178  6164  29278  20711  58786  113090  35171  30009  1640  14448  1.0103e+06  1.26802e+06  180559  110874  75818  123565  56203  5108  33793  59661  34642  99100  36409  574111  549352  53772  12916  3406  8783  1387  1964  7066  4932  2024  16214  1897  29731  4555  2259  12164  3231  6512  1202  8173  6698  5488  6337  882  5958  117  6850  274061  127997  57802  38619  3473  33183  11862  438880  
14545  54677  224766  974086  100267  138735  2.15086e+06  0  1.56597e+06  432269  548872  989709  1.75451e+06  1.5662e+06  302739  33094  11824  50577  32492  661832  6917  7505  4796  22664  19661  13756  28771  5515  16904  21015  5584  16820  1398  12412  328152  355675  184277  103600  8582  63103  16162  21775  45628  134107  317923  144921  134332  1.03169e+06  2.78122e+06  793539  342538  55483  182105  41261  44619  65565  20470  4060  38797  10809  160863  13842  3619  34163  8463  12387  3029  15713  15132  17838  15658  1539  14424  494  22589  640843  335824  167228  118889  8437  76867  25171  343577  
3344  6356  10490  6399  56702  1.05112e+06  1.11454e+06  1.66921e+06  0  1.77661e+06  2433  208  804  2854  1368  12844  26395  36080  166440  7306  431  831  6142  834  10889  1118  1734  954  56126  61636  14007  6665  615  3527  65718  49599  44433  35847  805  6925  2432  421  757  1541  1211  6390  22749  53025  209742  218646  50893  1647  182  191  1779  812  2191  564  4478  2012  5591  788  241  3581  408  834  188  854  1005  3059  1799  173  1584  92  1943  47897  26392  14739  12666  302  7163  2455  75467  
22905  30278  17048  15846  109918  1.35572e+06  265188  966822  1.36265e+06  0  132122  1010  4648  40258  14211  2.13876e+06  246859  72977  184331  37340  2178  5794  6813  5304  11652  2477  7756  13664  58383  154544  65060  279816  20939  628201  243733  236769  494503  266984  5519  16528  15217  1254  944  3926  3786  2553  7047  20334  324772  131928  332377  72507  538  363  2912  2308  21198  1976  14311  4171  12660  1355  569  4253  889  835  292  1517  2060  2878  2171  345  3122  115  6315  54350  33201  25519  21509  855  14489  6433  320555  
1475  2409  2178  3027  4312  1213  9540  472707  1593  124148  0  12609  52781  1.60588e+06  2498  166741  9487  31358  873  945447  255  393  272  460  716  217  1017  1627  919  1694  322  9881  1703  8632  21613  12274  27297  12608  1017  2816  3415  771  567  854  1188  1313  989  4014  216233  6443  381696  418545  3176  4764  61068  4943  132964  7194  35602  2050  65833  860  238  1286  706  426  799  1558  1922  886  1100  418  4313  146  5774  40428  15324  17946  15901  552  10504  2710  41135  
6335  7794  26813  1.0246e+06  3329  498  34335  1.0167e+06  1417  1087  14542  0  670715  393772  238061  1283  880  3116  779  221469  3140  1768  373  9003  7072  8078  24505  17307  1303  1878  180  5000  183  1260  38563  17908  14896  5153  4756  31322  5571  39245  1563  11777  388214  4318  1483  25338  265535  2690  1760  3040  698517  82043  40159  48617  1792  527  3979  432  80761  6627  781  3250  2554  1521  617  2792  10184  1405  2882  201  3386  27  1380  32869  51108  16197  8613  36722  3692  3521  16797  
2172  6627  5411  74941  6692  1987  33397  1.11833e+06  5081  2217  37603  457533  0  750853  301947  2801  1446  5002  1158  407072  4362  2198  489  12819  8858  11184  28852  5934  1411  2146  488  3578  273  1824  61181  17392  26811  10249  1629  46719  4030  12569  757  2319  52680  4592  5396  23871  242091  21547  4195  7014  184840  328364  55215  50889  3836  817  6330  752  101732  7013  965  5452  3450  1278  979  1993  4393  2039  2281  388  2904  59  3604  48531  12422  27886  16958  13175  5259  3172  32348  
1586  3998  3012  45714  5780  2646  15159  676829  5899  7811  1.25539e+06  184223  466736  0  612494  24768  4122  15008  2022  1.39083e+06  6486  2859  565  13474  6687  8520  26054  3775  2260  3138  611  6528  686  4635  60828  9057  27432  10407  1285  47435  4501  3605  530  1313  18855  1137  1950  5596  133287  28593  78420  158955  43983  88003  579580  114903  53718  4091  24839  1227  270715  8719  1222  1850  4434  1246  3615  3222  2513  2743  1853  599  3981  173  2651  34404  8958  14755  11273  5303  7019  3138  33369  
3303  6557  2985  41563  9111  2030  16971  136274  2330  2648  6114  132019  216488  703533  0  3625  13569  47276  10573  1.94449e+06  139007  111520  3241  515120  33794  77000  89865  7945  10338  12934  2207  35103  5331  22060  177140  11544  59621  22253  2854  187627  14516  3889  860  1448  18544  1108  601  4366  39367  1216  1802  7037  34135  29206  103087  476581  5094  4968  37890  2255  307342  17925  5798  7057  9696  2957  4712  4719  3851  7592  5131  2227  9046  254  2431  35934  6503  19517  12502  6094  10022  7102  57266  
14818  15676  1271  5005  47482  49398  66176  78213  103833  1.97582e+06  211209  633  2286  13296  8492  0  2.05117e+06  624619  350557  122452  1093  1890  6140  2057  14898  2872  6172  9908  46065  100684  40451  613023  275035  649532  138505  38521  284690  208436  4129  16864  9600  374  364  331  1201  928  1017  4691  28239  6084  43530  55908  352  239  7634  1642  91347  12344  37982  1872  29930  807  305  1198  484  395  228  701  1043  1295  1729  999  5346  225  1683  26821  5300  10735  10070  720  9117  6151  217083  
17091  26822  1471  4886  80301  86066  70130  62346  63832  182515  220549  2605  6040  16873  79119  2.09759e+06  0  825666  2.07246e+06  730878  6147  4949  11115  9862  40220  15152  31423  14145  68637  409899  500002  2.09458e+06  645364  625067  191424  38162  298733  95913  8153  97465  23521  2032  1764  891  2183  2836  2208  9075  30151  7723  19427  44799  1423  1124  15632  13724  170321  43418  218518  4496  200820  4583  1141  3952  1716  2234  1100  3410  5909  7512  12692  8485  37253  1419  6762  116736  15670  62821  48834  3560  33652  18891  176197  
22608  31861  4728  11727  23863  16462  54192  122868  85678  115076  68502  3046  5743  8460  24200  844710  773049  0  3.56125e+06  920881  193575  90301  746658  93127  268128  96091  43296  44655  248633  211344  28816  239270  16814  144650  316932  40506  375961  159369  26891  392532  78051  3438  3219  1878  4034  3150  1654  11046  32736  6119  11578  7203  1385  851  2696  13107  23704  19338  192290  12437  243512  31121  49983  60960  51816  13384  2490  6929  12641  34800  23013  9221  41911  1187  9354  197001  16950  77397  46552  10065  46648  31797  221550  
22533  36008  4135  10997  51300  46218  195833  69160  178828  57456  8315  2466  5244  7940  31227  155128  2.34256e+06  3.09375e+06  0  248775  17351  15344  1.12733e+06  31545  576899  218584  98668  40831  765254  2.15999e+06  1.40076e+06  554862  24128  192430  268885  37703  403467  156862  20174  284811  65680  1687  1595  947  2734  2121  1694  8835  23048  7250  4376  2094  1108  649  2018  8933  5923  10392  91715  5505  127090  14028  17494  25742  18084  6014  1169  3285  6192  15434  11367  4779  21383  650  4826  101295  9187  43948  26423  6350  23779  17419  180771  
19599  35411  7999  23190  27942  6539  69552  400524  8605  16740  765665  66879  123305  958987  1.8455e+06  94007  75384  1.09571e+06  128439  0  1.23819e+06  556993  32527  951056  136068  213935  110801  47086  158826  149603  11473  200591  15919  85657  495264  64470  316024  139133  29796  676509  90263  7673  7230  4955  11239  7966  4150  26316  127139  10659  34855  91078  31356  28294  197696  303379  133507  52996  464276  30173  1.43639e+06  106206  154226  194976  143070  37585  8793  18030  28296  77212  53600  23851  102822  3275  23552  431194  38930  169648  109638  15915  98447  67169  305666  
2171  3895  505  1327  1498  118  4100  3556  218  363  270  721  1153  1769  132460  246  567  274816  8849  856169  0  602666  85102  255450  23319  57032  7182  5286  9993  14389  410  17712  250  4634  67821  2952  39446  18305  1932  99909  13558  234  215  128  382  220  85  727  2312  132  267  124  541  438  560  4759  259  312  14820  1042  58372  93711  73982  32526  60017  2741  863  792  1087  3098  1446  356  3039  124  834  40400  851  5066  2621  664  7888  2356  22625  
4706  10426  1077  2028  1950  96  8989  5668  152  307  256  1027  1759  1920  71071  185  260  86269  3714  195164  531252  0  85181  697880  105104  67174  8723  7516  10016  20811  334  18944  66  4180  52473  2796  49418  15979  2515  70431  14885  134  129  130  453  112  44  743  1891  159  105  108  328  155  163  1893  108  58  6852  197  12871  82545  65094  16590  54531  1347  498  387  560  499  634  54  746  8  169  14977  432  2336  718  720  5422  1002  22654  
13351  27023  2303  6612  10843  864  22033  14374  2554  2652  2095  1327  2463  2887  5171  3847  6424  850109  1.13539e+06  57212  127645  118098  0  344369  1.09729e+06  258420  75536  26725  923541  599591  9414  181675  982  45342  196236  17839  220539  92841  10069  127888  63781  450  436  271  1315  443  255  2246  6083  1050  866  594  500  210  238  3342  1110  771  21810  2184  66215  14986  61207  59628  66234  5695  1491  1305  1694  3636  2349  607  4637  137  1117  124914  1868  9288  3962  2348  18480  4254  75740  
13438  20538  3611  6538  3401  233  23802  16749  558  708  524  4527  7294  8989  501805  548  1632  182601  51062  630236  288696  1.03387e+06  520229  0  1.7592e+06  632454  41679  22980  48570  52911  1282  40204  923  11766  127256  6718  98749  24723  8122  272713  23442  559  435  460  1472  300  115  2182  4713  320  326  323  963  472  406  5660  380  211  11632  601  37762  84992  98745  80403  235674  6866  1279  1037  2102  2017  2413  191  2527  56  510  39746  1272  7563  2229  2529  13796  2342  78801  
19259  11460  4024  11738  3492  568  22078  17176  7443  2208  1373  2516  3793  6207  36945  5606  6747  164757  240751  77608  51584  136650  888856  1.68587e+06  0  2.17711e+06  1.25111e+06  213561  3.18552e+06  111499  6054  43783  1705  15913  202310  19332  100265  56457  26842  753188  128189  499  345  265  1214  395  194  1590  4676  672  807  1632  556  191  496  2619  2630  1539  17216  1292  27861  12421  18355  16400  58289  6305  1299  1132  2106  3020  2859  698  4137  111  914  47030  1993  17764  8951  4766  15055  4036  109743  
4698  2708  1423  2801  952  145  6955  5487  598  423  411  933  1375  2385  23729  1408  2195  57624  98716  32867  23455  44719  83417  337514  1.76288e+06  0  411809  14834  104911  28430  1536  14585  411  5378  25837  3065  30290  11036  6759  357952  13971  122  73  68  393  81  44  396  1140  154  175  498  206  62  135  494  773  326  3583  258  5920  2624  3294  3395  4630  637  242  201  370  534  535  126  785  21  146  7148  473  4970  1668  1901  2139  787  71705  
47513  2709  2079  37507  1941  372  8012  12715  418  1277  970  8318  10032  15365  64390  1675  3811  27701  14174  57728  16889  16534  12600  46432  1.19346e+06  402407  0  524235  34148  12180  1337  24460  2122  17405  241219  11786  86033  65648  20152  968172  321997  1207  201  237  4379  213  111  842  3135  309  616  2292  1640  345  683  2321  3434  1607  13182  563  17357  4409  9918  7249  19832  2429  1493  1019  1698  1407  1667  429  2498  53  499  39326  3028  7000  4180  3158  19916  2443  83955  
351615  10174  14660  195414  1870  573  41849  11273  726  3492  2440  5281  3097  3515  8441  3393  3556  42424  19159  24707  18694  48028  25463  59901  218477  18973  439981  0  153243  244314  4416  377221  501  48597  232587  24837  380908  189543  69227  208748  571391  2484  202  341  10308  229  120  1220  3568  527  1202  615  1546  343  296  1463  822  710  8196  588  10775  6483  6034  7576  10236  1491  649  887  2974  1481  2436  325  2469  56  378  34888  6298  28622  8283  16017  7686  3791  118102  
24046  18381  5796  12194  8732  4067  67670  22267  46408  6488  2525  1535  2697  3364  15242  10274  27957  174290  423681  85433  29279  52907  1.13672e+06  58687  3.25402e+06  204188  127946  356722  0  4.15789e+06  81912  79257  1366  23336  144693  18067  166040  77816  30088  289652  77859  1121  1105  528  1571  1174  599  3801  9945  1856  1400  630  575  304  485  5072  1906  2593  42130  4796  75751  16820  9774  24292  13067  6716  1132  2426  4954  11514  7383  2430  15719  601  4042  51983  4280  37761  18020  7615  13204  10899  77286  
55759  47876  10181  19666  47716  42364  186815  59390  101415  32782  14365  3181  7227  11055  63852  33728  578993  452248  1.39026e+06  305017  90304  200624  549552  165386  275907  83580  69745  435208  3.26218e+06  0  1.99709e+06  3.41529e+06  8072  132807  312035  40257  557430  219418  31813  313759  91104  1913  1838  1027  2887  2480  1715  9957  24411  5916  4127  3109  1357  851  2827  12688  13156  13611  102443  6179  144173  28011  15029  21373  17434  6708  1557  3972  7086  14838  12411  5719  27262  916  6191  87255  9839  59808  33667  9850  26747  20251  245048  
7756  11537  767  2700  37009  40051  72108  20310  22513  24648  7383  731  2768  5197  31860  17313  899222  132944  944132  130902  9465  6237  19190  7763  33836  14301  23138  9197  95637  1.80851e+06  0  1.11537e+06  6768  76251  51998  10145  228528  83848  2753  46280  9059  559  576  324  872  921  764  4220  9127  2154  1737  1524  403  324  1202  5014  6508  5955  38234  1560  46228  3865  1126  2834  1288  1247  413  1207  2058  3893  4042  2079  8551  278  1950  28026  3498  16247  11252  1076  9229  6487  58702  
443372  89458  10771  129081  74157  116642  74107  60852  8730  134010  73732  7161  11412  21727  152333  401490  1.90709e+06  610857  429750  685964  99532  190853  228217  162280  156691  71880  104693  715215  76532  4.17724e+06  572882  0  968344  1.88298e+06  363701  90647  1.26252e+06  230789  45936  252857  231816  3327  2129  1167  13079  3224  2340  11329  34473  6734  11003  17207  3092  1731  9331  23330  77240  37327  205623  5940  232251  24588  13063  15362  15117  5107  2013  4932  8533  12715  15876  9241  41162  1507  8164  137594  17915  89034  56384  15966  39773  26175  302473  
1530  1712  88  363  4527  3712  1319  2597  239  8468  18060  235  466  1504  8846  139383  348286  27859  9948  62588  535  314  655  882  2598  1274  2393  1059  1408  8379  2736  635523  0  342257  12030  11570  41429  7354  334  4013  944  100  64  38  136  113  81  412  1508  365  1885  3919  121  83  924  1384  12131  2318  11688  225  10898  297  54  187  86  104  107  205  252  311  367  258  1748  87  330  6296  864  2870  2355  154  1584  878  13017  
1.17292e+06  240359  1498  19416  855934  1.4372e+06  29860  72418  3337  937528  77757  1050  6200  16332  33260  1.1414e+06  1.02418e+06  277621  100376  248008  13011  31063  30405  23112  29348  11601  22151  64425  36083  226487  100271  1.78958e+06  807261  0  81113  55135  1.31885e+06  34699  4400  35678  42994  395  369  276  3329  1515  1863  9353  20899  5047  10595  15740  588  405  2847  4869  26360  5357  27793  869  35284  3646  1953  2332  2118  803  342  865  1224  1702  1795  981  5092  219  1669  29267  3929  13094  9109  1011  5810  3433  57589  
161366  296808  67429  91724  199903  33599  924764  1.02578e+06  56018  422058  372898  22350  119334  260479  383924  401403  94304  623365  184026  826720  84793  141882  141056  140121  392787  63955  534570  203784  205101  344226  18466  239272  13204  99220  0  3.87378e+06  853980  847985  530991  2.41525e+06  1.154e+06  3364  4420  3534  9866  19246  25346  126787  432877  154034  73272  58434  10353  6059  11053  36484  21381  7057  65398  4740  129628  25431  17079  27803  31842  9171  5799  9515  9838  9653  10258  2784  16216  510  10927  505140  51884  104263  69888  12761  86329  48011  4.59606e+06  
178495  230871  114085  119597  65860  4504  1.07372e+06  139833  6227  32238  102128  2449  10207  18409  27060  89847  16805  83299  13352  195658  6312  10032  8784  10047  65566  5870  106531  28943  25933  34854  2030  46374  5691  48945  2.53324e+06  0  253923  468304  779985  403818  192091  1075  1353  1420  8278  3919  1561  21564  49753  5978  8612  9996  2802  934  1569  3630  6351  1485  10846  618  18900  2312  1157  2952  1896  1041  618  1426  1360  1292  1422  420  2315  59  1219  75705  20629  15605  13165  2293  11837  7916  802580  
290975  359629  100713  223051  382659  47567  531267  673516  15108  323893  216528  23094  81487  195629  186492  301282  101853  266030  144041  393304  26430  47574  53550  52728  66597  27596  61496  68216  87726  243734  135065  226037  10133  270424  439901  637870  0  1.96618e+06  459290  122176  105644  2674  2719  3165  27452  9653  4045  56005  188799  26854  58480  53852  10665  5315  7198  19517  20281  4896  31475  2101  66866  8342  4101  9024  5384  2448  976  2993  4431  3939  4333  1336  7824  240  5489  104904  31759  52692  30432  14871  18171  10485  369502  
22118  44223  6578  21666  66441  6445  63987  192368  8814  148783  77870  2566  10545  40681  49728  198137  44006  103558  74286  153052  5885  6030  13059  9310  30208  7628  26561  15460  55055  118872  63360  38620  3678  15255  236218  281037  1.71657e+06  0  47350  53236  102999  658  502  443  5347  1559  1208  9312  36238  8482  15328  14000  1310  734  1868  6203  8178  1833  12739  764  24639  2916  1258  4463  2158  927  636  1113  1748  1494  1935  540  2986  100  1272  46588  7276  25062  26668  4555  23681  25205  716513  
152391  5892  19827  184218  993  91  28885  4091  240  1433  2680  1614  1243  1506  1807  2969  789  4674  1692  7603  991  2315  1299  3492  7424  1936  18968  32159  7796  10069  381  7235  137  1246  109573  373570  176509  28857  0  29755  22546  1463  87  450  4910  116  33  776  1691  98  382  384  510  123  120  357  272  118  1693  123  2172  889  672  2014  1194  330  158  336  1086  266  628  68  645  10  71  12928  5268  11684  3794  10289  1475  814  12918  
27469  7175  5201  31010  2672  559  23670  35372  1672  2232  2405  33565  49755  69417  173762  3690  4269  54107  19318  94924  38374  42150  21043  119017  462177  320742  2.4835e+06  440523  112972  122771  3416  52819  1451  18534  1.97258e+06  50916  124539  101701  92606  0  1.33054e+06  2575  718  882  8706  762  425  2991  10390  894  2128  4482  4736  1199  1908  9427  6877  5998  51986  2183  64853  16044  41559  29044  75212  8008  4809  3521  4294  5772  6219  2169  9466  216  1774  112472  6684  32694  14681  11297  66570  11087  153631  
19444  4615  2646  12818  1256  227  11599  7046  627  3003  2745  4285  5538  7704  19748  4024  2148  49380  20558  21350  13773  17569  27727  13777  85331  15545  1.22054e+06  200194  23206  32993  1233  67500  401  12417  976410  54595  219027  361573  126168  1.44404e+06  0  462  119  306  2350  167  129  1014  3193  566  1493  872  600  195  291  1158  1265  632  4936  318  7356  1792  1709  2076  2779  618  464  574  843  774  1039  260  1298  37  291  33961  2628  5219  5020  1479  8536  7436  290442  
3136  769  1200  9271  444  229  5172  6852  817  996  977  1927  1176  1082  1242  945  932  5325  1349  6432  902  5284  784  15741  2030  464  1696  4876  1282  1620  174  2615  177  856  8290  2890  5989  3692  7153  3231  1847  0  1.54595e+06  78033  771310  567745  28133  506211  30643  2478  8627  1626  5376  1309  883  5021  10361  6657  28427  8169  33007  14467  16700  134127  64150  23083  2954  68320  686140  26890  103696  6543  511242  579  1.18857e+06  319146  378290  468417  77245  170329  66870  50866  70897  
485  3506  1132  1028  822  311  17694  11745  1613  721  825  203  355  344  740  1216  484  2818  654  4197  347  1406  280  4284  657  182  290  259  536  661  85  1036  132  551  6640  2751  2231  1882  601  1682  834  958619  0  1278  1386  1.03844e+06  40092  365748  18758  3732  6604  1953  573  413  450  4283  7599  2706  18508  2926  30555  6018  5079  42969  15672  18846  2408  24282  32871  12796  24467  1756  134264  333  25826  463224  637285  176605  95499  10149  82821  24904  91728  
2487  1077  21610  35436  146  71  25748  14036  498  539  64  1137  103  92  69  43  22  113  74  186  15  73  19  164  77  16  121  141  79  113  12  102  6  57  888  3602  393  204  599  375  746  49698  820  0  185777  902  209  108471  91591  611  597  60  272  103  121  223  180  51  403  51  750  176  169  815  565  386  58  645  882  295  674  12  381  5  124  9692  112541  7234  1508  9978  1987  1247  1922  
21579  2113  213334  1.59245e+06  426  184  63126  170987  880  945  478  484143  17371  13305  10096  422  219  1189  502  8380  369  732  365  1623  2195  625  8912  22121  1336  2052  91  5649  27  1407  8760  20650  9924  2551  15357  6797  15050  795519  2964  160150  0  1473  457  28727  494345  913  1389  233  1.26824e+06  9341  5730  5511  998  306  2247  389  9550  1896  1224  4996  4799  2912  250  6399  31475  3391  15279  144  11881  33  982  19512  748138  27002  3292  276748  6098  12506  6075  
703  6155  1302  1092  6580  3182  77122  61998  14198  2747  1884  437  2089  827  1248  3248  1053  5149  1468  7525  708  1550  543  3947  1433  354  982  504  1151  1674  325  2060  196  979  34311  17801  9512  5831  762  5016  2319  494222  861369  1341  1372  0  954439  1.08932e+06  79087  55125  39802  4314  616  714  1369  7947  20339  11330  35461  7049  52352  9495  5691  74180  12900  21178  3013  30987  45429  51522  54097  8741  105593  923  505714  495927  421472  155284  79954  2873  76770  21051  107785  
676  1743  1199  1217  4308  9800  53956  183311  65351  23173  4480  569  4320  6620  1060  5176  1235  4399  3650  6725  580  1100  652  1763  1494  274  1148  662  1916  3030  624  2322  183  1221  60062  24319  20238  13780  536  5832  2952  59723  112430  1977  1444  1.2813e+06  0  748908  258440  834525  1.5153e+06  9506  554  815  2369  7633  49813  35528  25726  13451  35576  6206  2237  46235  5480  12539  1803  16904  28580  99203  66018  11925  188026  12698  999055  253732  358126  98057  75572  1270  53509  12118  136622  
8831  59610  25586  19201  40318  18548  606410  402291  101661  18301  4317  1649  3199  2299  2413  5052  2058  7379  3660  11692  999  3019  1174  6008  3498  598  3100  1446  2758  4621  950  3883  276  2029  130466  81289  37093  21040  2065  14421  7161  305004  316524  228100  25666  1.81856e+06  986292  0  2.0799e+06  948880  157769  7266  1868  1364  2749  9132  29747  5901  42908  19989  60879  8204  6042  73396  18508  25824  3385  29042  29979  89420  46289  2216  30165  1284  39221  695741  1.30259e+06  291106  147133  32653  121085  36169  232362  
24168  130864  140016  289933  82068  71580  1.26251e+06  2.8394e+06  528655  319010  103865  127569  202845  115248  39804  14137  7669  20331  32108  89250  4620  5923  4190  7513  11461  3057  11923  5886  14491  22112  4886  13145  792  8112  419989  226984  166007  104393  4632  43478  21962  9643  55020  140319  652343  114852  81190  2.16042e+06  0  1.71524e+06  576835  498534  907402  904023  822797  194197  24377  5476  66004  23955  369103  64192  6755  51117  29927  9988  5908  18993  24074  16517  19030  2382  28915  632  76433  440242  821117  313942  202062  10580  81288  23143  377436  
1403  2930  4245  2853  2257  13374  36993  296239  146896  72594  3734  105  902  2621  450  2119  1506  3154  10484  3040  257  540  692  572  1188  220  570  465  3774  4922  1122  1794  145  1031  38216  13703  22237  17132  363  2612  1687  967  7478  3109  1667  89445  956225  1.01121e+06  1.64109e+06  0  1.90054e+06  1796  129  149  636  997  12826  5399  32358  46942  7829  1061  412  68266  1062  10822  400  1899  2923  155254  51425  1303  7738  585  7109  72276  366051  58100  55032  469  25138  4559  83734  
2959  4497  7380  6131  3000  3594  25825  401706  59016  310725  104310  500  1548  24840  1181  25408  2217  7577  11559  9389  456  768  1035  1234  1902  500  1729  2241  3949  4302  768  3923  281  3781  44991  20092  31467  25844  1204  5586  7644  12233  12110  5363  4685  75202  1.28295e+06  157092  851919  1.47189e+06  0  80206  528  582  2555  4761  2.20845e+06  122142  73959  70088  32368  4912  1344  37106  3078  7196  1392  13198  26309  74292  54677  5050  443573  86069  877107  294202  979765  279873  246030  3820  135469  30691  289226  
1623  1900  1339  1971  2962  949  5338  130401  6723  375705  469687  1531  1908  47992  1112  124627  3703  10621  1339  33796  181  312  374  324  603  176  700  1253  683  1110  205  5322  619  7620  38403  18689  30283  23962  715  1811  2051  355  270  671  888  573  523  3286  578608  2363  163691  0  5064  4314  810356  2535  89726  3287  33629  251  355832  424  111  659  230  155  177  504  716  316  474  222  2652  157  1784  13836  5314  7674  6281  513  3925  1740  45569  
8370  10053  44641  471026  4622  952  61901  306873  3470  1627  6843  1.09704e+06  326926  171214  98843  1603  812  3050  853  120168  2234  1244  353  4419  4221  3432  13482  18319  1366  2182  230  4718  143  1043  39844  27264  15622  5800  4679  15682  5413  21782  1380  8199  623684  4825  1192  22830  980339  2194  1596  3714  0  613390  169821  173582  1848  664  5242  490  267165  31341  1959  5376  9003  2648  1938  7371  19303  1900  4899  273  4854  44  1884  31991  63496  24324  10262  185401  4819  13130  19260  
1774  3565  5230  39123  4118  4444  37897  182898  18366  3470  6642  112301  431907  170409  85017  1822  1063  3877  1270  128934  2789  1276  419  3484  2329  1617  4951  4986  1180  2140  505  2733  163  1177  43755  17674  24126  10354  1352  8856  2563  3582  1241  3449  32085  6997  3435  18521  1.12687e+06  9028  3115  3517  478881  0  368065  266106  2361  1237  7415  1279  300288  44696  3045  15102  12869  2338  2571  5416  10264  2585  5240  793  6622  50  12756  52816  15969  66864  35280  60616  6071  7197  44361  
1654  1841  2148  17722  2454  3647  8665  147283  29223  73557  191873  26931  33090  554575  77119  108408  6929  20054  3629  293540  1934  842  557  1324  1510  563  1931  3382  2074  3173  550  8065  1241  6738  41167  11988  26613  17999  1364  5340  2689  1575  438  794  11357  942  1230  4434  707948  9294  10971  927845  136412  319737  0  607867  19418  3384  23941  597  934613  28011  2048  2156  8608  1791  6474  6609  4770  1813  1969  588  4370  231  2767  21891  7500  16130  10378  27656  6072  4661  39911  
1717  2420  4236  27850  2738  1841  11470  74322  9480  3671  9600  38793  29459  95160  468092  6382  6677  25888  5840  298001  6006  2551  1400  7407  3869  1846  3842  4346  4165  5786  838  11937  1417  5974  43387  7484  22024  10884  2152  16529  4375  2335  1142  1920  17165  2297  1242  6482  157991  1781  1774  3060  165378  213906  473204  0  2091  7026  33463  3280  1.5299e+06  157263  93614  13672  567299  17407  92228  57799  12272  7393  6584  2282  13587  440  7099  63727  10426  42687  23195  27245  48823  12945  38764  
816  1235  934  1434  1315  812  8561  36755  3868  50686  48088  414  1196  4308  1072  112170  8373  13695  1675  34676  480  472  514  961  1045  325  866  1062  1010  1469  230  5910  1154  4877  23562  7004  12053  8185  1034  5066  5643  15280  12351  2331  5301  30959  34177  24073  79158  47315  2.14955e+06  85230  835  803  2537  6543  0  2.14714e+06  674510  88470  68949  9432  1608  43984  3837  7452  2604  18606  39814  48924  32175  8392  701673  376652  760729  325449  233529  411244  279640  7932  133268  43525  322043  
1787  2872  735  1912  3225  1279  12216  27697  5333  8940  50612  1004  1825  4878  12593  215809  24482  72237  8793  151824  1841  1195  1239  2015  4545  1850  3529  2695  4980  7871  1198  25098  4188  16352  70207  12786  34046  18570  2697  19030  8293  10902  15326  2326  3718  47128  101783  43019  67557  77176  378378  65628  3336  2956  8058  52289  2.11059e+06  0  1.00426e+06  1.80801e+06  460347  38406  4563  109592  9239  30148  13626  21314  30799  250403  570637  688760  1.75628e+06  312668  432663  335036  77766  202580  125841  9244  72386  32600  193191  
3708  6622  1422  3057  5317  1257  14965  25229  3958  9496  29265  888  2241  3128  7950  44919  27574  162655  32159  168709  11408  11385  11087  11662  20623  7660  7568  7262  26266  28876  3511  53374  5957  24730  137045  19666  66317  38362  11343  54664  18763  10533  10073  5062  5756  10861  9524  28251  72197  92272  100449  15902  1464  1302  3435  28404  742510  1.11687e+06  0  3.04008e+06  856456  176089  65941  903165  36133  73229  10360  25958  40832  137179  79600  13746  111489  2267  40907  148358  26742  213964  74960  9952  62018  57145  137838  
1929  3639  1069  2155  3103  1323  12853  31142  8440  8450  5296  848  1852  1969  8979  5437  8529  62911  15915  60676  5544  3518  4975  5211  11209  4416  4392  3761  15023  14825  1912  24850  2695  12233  71823  11418  34625  20807  7159  26698  9205  8536  10726  4047  4380  31181  73456  95279  60764  461753  273872  1787  2133  2010  2969  47036  50362  2.35508e+06  2.77923e+06  0  459514  63944  13026  1.95507e+06  21451  93582  18129  29153  40842  751423  2.50076e+06  1.82042e+06  265553  3117  43171  123164  42831  136215  41440  7535  42390  41653  75957  
12181  21607  6669  24863  15904  4433  41852  137238  17247  32416  130540  41980  34375  92495  164819  150806  69596  530967  116124  1.16272e+06  79855  42185  58473  69887  99731  44166  34451  23525  94179  92301  9626  148210  15415  68400  410557  50213  199620  99980  21597  244970  52190  12183  10852  7838  19662  9273  3987  34804  329876  9507  15995  400867  154405  142932  576466  2.06806e+06  29628  32251  1.13174e+06  46543  0  1.49745e+06  816108  200297  840182  76629  110519  89936  58848  191614  71751  15403  107695  3355  29355  339839  42446  213846  104126  23708  149328  90105  252805  
806  1547  364  743  536  125  2764  3468  488  257  328  434  588  560  2679  251  504  41391  9638  22058  73618  41204  19019  50674  16946  7047  6281  2591  8822  6331  318  5348  249  1994  58742  1595  9514  5286  2730  69566  3914  1680  1736  913  1200  1243  253  3731  9730  271  631  118  1128  1236  1558  103646  431  475  183207  5065  940922  0  870334  176404  546023  19189  32625  20855  12906  19742  13082  858  18011  247  4405  63016  3889  33006  11128  2330  36989  17988  13999  
402  690  182  435  180  56  1398  1590  247  107  216  176  258  237  921  101  156  21187  3333  9121  30453  42192  14446  46307  9645  3746  4886  1780  3257  2371  73  1831  76  545  54983  696  3864  2707  1793  58877  2016  1735  1352  962  1162  755  139  3472  5419  104  283  68  482  583  934  68740  211  169  107599  939  347756  590591  0  114748  523647  18064  25981  13928  12248  7288  12351  306  10970  88  2198  53294  2149  15744  4124  1427  42746  9472  6346  
1670  3825  1528  2661  2127  1041  16087  24956  5036  3737  1872  860  2700  1142  5588  1259  2261  135276  27616  56420  72658  78722  48469  145738  31070  18291  7665  4723  18138  13721  849  13659  873  5518  89625  9451  23960  19611  13232  70791  9643  15739  20997  8939  8443  22766  12903  70213  88094  196241  73330  845  1584  1794  2224  51994  9137  23102  759212  1.20571e+06  389425  209396  375288  0  626544  723672  28567  55350  92638  1.21394e+06  864827  41738  248122  1044  48988  225616  30315  200244  48910  11861  79987  86299  68222  
829  1361  711  1938  403  280  3418  8185  1803  656  1115  965  1003  948  1936  556  389  22473  4519  11766  28082  62601  17370  256371  23759  6361  10070  4281  6579  4997  199  3518  129  1049  113448  1690  7829  8631  6736  89635  4718  8853  5202  4601  5594  2295  598  16837  22200  736  996  179  3204  3956  5893  691746  644  783  45476  3690  540887  436617  804530  620354  0  1.56332e+06  355774  83854  89112  65474  97641  971  47811  379  5894  127726  7647  38352  8766  5641  267237  26235  23094  
641  1348  534  1372  776  314  4503  8054  1814  1197  1082  441  686  650  2014  877  1395  26249  7011  15446  8188  8872  6231  29899  17168  4111  2974  2375  7288  5714  449  6153  525  2626  31488  2966  9813  10422  6993  18643  4329  10299  6213  4527  5883  12562  6641  33088  23244  19439  8338  395  1204  1507  2258  45516  1543  5477  59598  45709  79973  27542  67484  1.02853e+06  1.48709e+06  0  1.47947e+06  1.2342e+06  429350  3.43267e+06  253177  4555  65636  313  8825  223168  38184  61543  17157  10339  695793  82485  45799  
94  163  100  364  138  359  818  7600  2615  975  1014  254  401  439  444  486  291  2383  705  2849  999  1355  654  3035  1237  420  859  407  761  715  71  814  84  414  9685  764  1904  1735  1079  5264  983  712  464  239  540  702  322  1554  7853  697  455  74  1009  1362  1979  163652  275  527  8541  5649  45505  27322  29998  47309  247970  1.33039e+06  0  1.12792e+06  213480  23545  14486  546  7693  171  1745  36926  3333  8990  3518  948  385867  43993  14416  
544  256  167  1560  170  206  1605  5467  1497  784  1202  803  625  763  544  521  300  2239  622  2828  603  1081  423  2725  960  273  812  1483  698  687  62  986  87  434  6036  1084  2349  1782  1858  2652  1342  25252  3458  654  5259  5715  1762  3789  12384  786  1996  402  2323  2837  4668  78125  2312  1573  18465  5174  23746  13318  10617  56392  34322  1.27843e+06  1.17133e+06  0  356058  18753  9526  603  13121  201  28131  152477  27385  52128  15400  9016  475777  244989  38146  
1996  428  385  4982  322  202  2782  5688  898  931  1031  1244  905  994  824  807  745  4339  1011  5315  864  3162  521  9282  2028  425  1803  5079  1917  1735  143  2207  172  744  6447  1703  4715  4610  5621  2776  3055  407489  20526  3452  28393  22831  7127  21899  26700  2445  7308  1220  2594  1261  948  5824  9835  9565  41074  6624  33775  18445  15282  97838  40679  231331  30263  306482  0  326421  469701  6983  483497  988  120829  133308  38567  141396  28374  34381  116108  300926  41114  
1167  2175  520  1222  1805  675  6590  15067  4718  3175  2048  409  897  1156  4998  3145  5066  40677  11580  37806  3556  4966  3155  12172  8699  3199  3147  2400  11070  10163  1262  16039  1757  7700  38177  5757  20865  12461  3705  15791  5327  6880  9576  2687  2930  69062  44614  107637  29970  160513  62896  723  966  915  1479  21003  7139  43683  75014  129755  109107  36048  20293  1.12593e+06  66746  3.20445e+06  17832  71190  309262  0  4.32052e+06  43223  91668  568  15724  64897  24082  35925  11924  3667  84648  17065  32827  
1226  2325  650  1461  2144  995  9469  23027  6979  4499  5387  581  1032  1765  7074  8976  10256  51653  11164  68840  3688  7172  2784  19643  6683  2433  3161  2459  7192  9225  1231  18361  2071  8736  49093  8319  22818  14500  3673  18458  6367  9558  30362  2542  3720  165768  167011  178319  39295  229523  183265  2149  1562  1540  2594  35427  27562  518339  168197  724219  230815  75827  31796  853502  81268  184209  15862  23245  335911  3.67111e+06  0  2.12729e+06  3.58626e+06  3773  65372  107970  44439  36914  20821  4841  77893  25196  52520  
495  943  186  479  912  354  3347  7251  2082  1331  2183  294  404  822  3539  3924  4152  21632  4178  29804  1472  736  720  1239  2175  870  1304  849  2663  3578  580  7753  962  3831  20818  3209  9686  5016  733  7958  2181  1485  11934  410  503  57889  72449  51201  11416  32769  49549  835  891  846  1399  25579  12536  613541  49002  789940  168591  52451  6576  88990  10020  25841  12417  11018  14321  187898  2.7519e+06  0  773086  966  28193  28663  13946  9162  6367  770  9602  4107  18042  
3302  4034  1370  5626  4023  1944  17773  43451  8828  7376  29268  1829  3022  4617  11618  93200  21238  92717  17529  148700  6990  10231  4135  27581  10417  3659  5540  6596  10394  13329  1685  31718  4319  17140  86488  16530  42071  26030  8619  26583  11142  406819  182476  8564  26831  212717  252683  78598  134693  21483  340245  23213  4299  3679  6951  81382  487243  1.68082e+06  391499  133099  703321  195705  52741  569074  121065  77787  40293  73593  780581  111452  3.80874e+06  1.30874e+06  0  964159  1.29334e+06  276032  144803  303434  86209  25787  123728  102801  144903  
95  133  43  99  175  118  915  2393  514  392  2485  59  148  251  373  7376  811  3643  441  7186  137  75  77  131  199  76  138  106  214  316  49  1087  168  732  3313  763  1652  870  123  616  298  2175  3978  122  223  10657  15294  2190  6470  1066  67192  2265  148  148  389  2378  217866  298985  26926  2511  36692  4062  393  2317  764  771  910  2426  5124  1854  3811  4940  598153  0  377263  10154  3978  21696  6244  463  3189  2127  8443  
569  1198  608  1110  1466  1577  11137  46597  8319  9284  11896  399  1670  5126  1647  24549  3301  13507  2649  23883  1116  1550  678  3876  1549  506  862  747  1613  2113  293  4581  605  2853  24888  7130  10806  7312  878  4383  2046  1.15498e+06  233000  3977  3867  1.02304e+06  1.37346e+06  42130  176581  19836  1.56062e+06  21364  863  984  2752  13938  1.3126e+06  867305  175472  29590  176596  34844  7637  87779  16091  15199  6203  57699  158392  40553  60142  26691  1.67767e+06  810515  0  100583  55176  230572  48983  3513  27785  34228  69830  
8987  32250  10422  18520  26979  14657  293239  395621  62105  39654  32024  8668  38554  21075  19094  26635  10154  61551  19254  88521  11287  15679  9852  33579  23532  5951  21326  16338  20660  23328  2944  27659  2325  12737  531260  161888  109631  113533  49971  84823  115349  132992  88746  66995  68418  62219  47830  463472  1.49096e+06  74574  495384  113837  14291  18782  28253  199806  419461  52064  651720  43411  930988  193805  76267  276944  121169  345620  136292  653101  480150  184976  318733  9024  161257  2464  39235  0  2.15908e+06  1.29874e+06  1.0832e+06  207262  2.81116e+06  1.34308e+06  4.23934e+06  
1787  6540  5603  21357  2278  796  36780  36768  4081  3791  4448  1233  2096  1528  2229  5860  1446  7278  1429  13065  516  1527  480  3685  1525  454  1183  1242  1335  1728  216  2882  335  1514  23615  11041  7179  5981  4373  5436  5061  288830  148764  153113  201016  23008  10632  744446  411194  27608  84006  10703  3373  2678  2804  13799  39717  5957  42755  3026  85055  9165  5535  20710  16604  43803  8072  88764  61097  15659  26333  612  16998  272  4774  1.27913e+06  0  390804  247087  353991  351980  96817  289950  
4107  10496  7983  18609  8581  4500  99916  179774  19900  40563  27461  6972  18174  16795  5918  10382  3221  17418  5793  29111  3624  4993  2149  10206  8129  2500  4599  9127  10267  10140  997  9594  795  4577  91289  42896  41665  48864  42351  22091  16049  176889  127997  71203  100507  60038  16669  309685  959455  62029  437949  52595  18034  16914  13497  69283  425016  67605  311648  37625  374112  78166  19082  132288  35097  26829  16160  86957  103241  74873  43106  4670  83492  2563  74595  584461  709242  0  1.92857e+06  308126  188108  213427  425936  
567  2841  1249  2363  2538  1405  26909  47643  6574  9668  6744  1461  5967  3209  2273  4933  1187  6849  2589  10377  935  801  1136  1708  2062  491  1103  753  1832  2299  399  2649  284  1266  38805  14151  11696  17020  2395  13256  13293  8668  29071  6485  8640  19094  6491  44553  441241  34676  246524  24335  2404  3989  4806  21855  183439  20975  98685  19638  112393  14300  2992  29815  6513  9489  4578  16244  12076  26705  12992  1153  13475  662  8981  452867  293746  1.69959e+06  0  7369  549426  200779  972617  
3311  166  949  13559  61  21  1353  1340  69  163  174  5365  1979  1189  1048  187  144  726  230  2047  170  650  122  1503  650  191  2033  5576  492  820  37  1188  30  172  2144  1286  5054  1622  13212  1448  1351  111063  3124  8394  133651  568  187  15541  3164  211  1712  329  26767  13311  5421  5286  2075  489  3937  491  12347  2820  2081  7395  7619  6357  553  14786  53650  5180  22238  142  13624  43  1000  45005  328908  126466  5653  0  10923  32186  4087  
2000  1276  872  3658  749  345  6019  9558  1583  2316  6248  1733  1387  2967  3561  3852  2542  13580  4065  18161  2792  5855  3197  13024  10257  2748  10017  7743  8636  7895  459  7999  418  3264  80564  13334  23420  38433  56664  59930  57064  9630  3585  2823  14414  2619  1496  16140  33317  3072  33336  4396  6030  10256  20652  151412  20669  3047  34289  5606  64145  27385  33386  52071  102449  382210  785816  1.58155e+06  262191  71734  96475  1163  38057  302  4927  2.13136e+06  137687  113005  189992  31603  0  1.83576e+06  262183  
607  601  554  2633  431  198  3835  4974  833  983  822  963  912  804  1327  890  706  5252  1669  5441  1434  3495  1172  8164  1980  589  1541  1531  1831  1957  165  2470  166  1083  20411  4600  6495  9146  10674  14275  18122  8402  2042  1535  12498  1690  980  8064  16425  901  5851  749  3282  2334  1949  15545  3583  1350  73139  5238  49368  36519  23688  112784  23631  27481  36591  807155  246125  7785  30716  1363  39723  222  20122  1.18908e+06  85016  218341  110065  46980  1.6123e+06  0  213603  
29913  72176  18015  18619  58021  19370  251067  698944  58555  461259  298865  5590  28563  87235  90096  501629  64289  324949  115695  390032  24267  22746  52075  60857  92943  36548  92384  33106  59567  106959  32894  84188  6723  43774  3.38723e+06  1.15712e+06  1.01502e+06  2.80675e+06  40375  217911  250091  16384  24545  10805  33562  26864  36153  132694  1.13449e+06  126797  688638  140597  7267  8032  15320  90486  445881  47975  352142  46941  522677  86836  24971  126277  66242  39281  60455  82885  54055  39677  41581  6359  54642  3442  43162  4.10014e+06  695594  1.59681e+06  3.75248e+06  16381  986190  392132  0  
