4670969  
2555752  
637754  
4167864  
4214000  
4055709  
8103868  
13251691  
4451511  
6880514  
3102301  
2575166  
2262328  
3657576  
3025291  
5494911  
7770480  
6792641  
8861821  
8749024  
1586540  
1319761  
4187294  
4079524  
7973250  
2138466  
2294382  
2052289  
8284014  
9970252  
3208490  
10478765  
876276  
7191507  
11410190  
4196151  
5800677  
2510890  
758519  
4888942  
2348312  
5305018  
2534753  
477903  
4149734  
3505644  
4635624  
8263021  
12940254  
4988334  
7363301  
2366911  
2758902  
2103529  
3183806  
2712818  
5812142  
7490483  
6401827  
8686507  
8190975  
1766574  
1213812  
5194818  
3758924  
7731029  
2234512  
2316072  
2081099  
8369384  
9633231  
3476949  
9694576  
931821  
6698400  
11252465  
3243847  
5163450  
2694414  
620284  
4785678  
2403846  
13733952  
