553904  
603971  
588121  
442955  
790017  
539897  
413324  
303039  
267844  
239862  
530453  
601569  
639238  
851293  
301792  
595079  
263268  
886320  
673131  
700007  
774564  
262905  
469544  
696342  
388386  
550058  
544438  
564437  
614062  
406248  
222947  
308879  
623539  
468214  
347781  
443213  
446577  
580065  
781787  
706957  
888207  
617340  
445010  
394271  
611122  
432641  
826845  
599723  
394726  
563224  
405277  
905202  
599580  
517867  
684703  
867361  
714014  
668236  
780853  
504565  
802810  
548616  
663214  
485723  
561767  
558693  
568175  
704869  
531776  
597851  
433352  
605857  
559468  
539175  
514166  
347716  
410069  
580390  
523708  
685261  
789840  
498109  
678137  
496409  
438047  
438235  
379820  
517687  
782530  
468444  
826315  
458743  
420201  
532481  
387185  
430040  
500299  
691547  
472295  
486816  
377162  
438154  
597901  
331039  
359512  
655522  
409755  
678295  
398088  
412628  
597634  
506719  
271467  
246368  
271503  
686747  
787039  
191499  
255174  
213580  
571559  
277960  
158240  
498493  
340939  
439716  
468096  
479124  
716759  
586519  
620704  
347611  
406441  
422845  
352291  
445682  
396052  
164896  
388286  
326314  
544010  
260175  
212092  
168690  
219676  
224490  
183271  
190327  
165421  
154800  
352672  
156469  
133098  
216497  
198262  
138811  
169416  
426198  
435815  
268140  
79557  
108944  
105301  
104809  
175225  
122520  
58449  
157051  
143278  
307020  
248975  
783695  
265093  
228572  
242911  
406717  
403062  
503165  
365469  
914835  
793676  
499470  
620896  
338900  
421195  
526220  
567024  
257714  
480193  
586270  
194295  
682593  
619849  
192865  
410172  
192946  
706559  
289804  
355229  
582654  
880680  
485998  
603542  
297750  
447430  
623529  
585817  
348014  
452336  
132276  
533291  
323744  
167587  
195690  
279042  
266842  
221098  
163722  
215001  
151859  
177180  
168740  
295115  
172752  
146212  
131348  
125136  
236350  
212294  
100943  
128050  
150597  
145679  
84507  
335389  
520353  
366033  
300262  
365980  
586628  
859032  
332250  
421686  
851857  
360342  
728758  
976047  
326234  
474168  
608490  
628863  
724929  
558402  
444444  
320079  
657092  
537153  
427260  
143689  
192573  
344570  
316970  
299766  
306430  
172947  
236628  
321764  
218295  
370303  
614941  
241949  
267225  
181999  
303661  
337524  
447947  
196086  
141020  
154635  
110516  
170732  
393137  
356035  
686866  
462058  
344021  
347025  
516961  
617013  
637043  
406966  
265011  
74519  
333312  
429767  
234820  
221487  
396157  
404195  
466150  
831393  
648871  
554632  
485394  
745795  
416251  
266269  
363127  
429176  
334515  
285214  
417608  
585941  
469020  
533057  
439122  
641580  
531998  
709630  
681265  
313148  
484215  
462948  
421624  
884776  
729203  
635601  
570470  
563395  
895553  
384197  
242041  
294946  
186836  
228666  
244713  
292147  
257567  
161229  
160716  
332387  
205971  
196544  
176159  
253786  
220368  
280288  
107074  
206322  
73730  
133330  
136887  
235933  
293935  
326274  
113371  
323765  
422511  
460568  
428259  
225243  
182687  
204756  
305938  
254614  
248879  
474254  
528601  
556656  
620521  
452022  
336576  
395917  
158433  
615786  
182954  
283448  
269825  
278422  
413362  
533228  
267602  
254554  
266792  
282902  
234361  
269784  
419997  
483585  
583462  
294172  
383240  
604496  
485014  
430610  
396918  
428558  
454303  
1026700  
578603  
905993  
780716  
796484  
677631  
888696  
396558  
297903  
368681  
286942  
540898  
488237  
1402688  
733161  
884357  
951038  
825699  
595105  
1126761  
1025618  
825450  
590923  
695824  
564605  
622949  
769457  
532543  
875940  
873826  
597238  
769760  
698689  
1218753  
685737  
599759  
425484  
794988  
662924  
519256  
563620  
437223  
633176  
896768  
714476  
739683  
933000  
896780  
425624  
742783  
853895  
888635  
905611  
558200  
432092  
514983  
548934  
733095  
636560  
467668  
369965  
349654  
375297  
610768  
678185  
482088  
593377  
758328  
511551  
439171  
561807  
578769  
427690  
314575  
443911  
366216  
796969  
624879  
543285  
686319  
370509  
495410  
760739  
830251  
367681  
260428  
194665  
296720  
350814  
428153  
428685  
317521  
558962  
703434  
388766  
435835  
525483  
512096  
836078  
458680  
540232  
505562  
1084316  
9950655  
3503288  
5438821  
2205489  
812823  
4337034  
2236410  
440273  
457496  
471139  
527417  
1002767  
605050  
450469  
345141  
268514  
284852  
670129  
755590  
618609  
989099  
283258  
689347  
443728  
948593  
810256  
434382  
594721  
137314  
436472  
772683  
481727  
466802  
625461  
400734  
557259  
370632  
256947  
379555  
425444  
348930  
349066  
465924  
395337  
360867  
670249  
712092  
534768  
232775  
588339  
467812  
718373  
429764  
884352  
501990  
487708  
525132  
320781  
819246  
616819  
483950  
508179  
930358  
975674  
467965  
556597  
456935  
784925  
411790  
529458  
664313  
511048  
672777  
604230  
777045  
600832  
687522  
379558  
472684  
529437  
413434  
327218  
256722  
276039  
469841  
318538  
571495  
705019  
659779  
758924  
468056  
431222  
487791  
514926  
445604  
841232  
471553  
861583  
466153  
268029  
411214  
410048  
460732  
460632  
621475  
534906  
494475  
454290  
367460  
652491  
295320  
365316  
508295  
546781  
750725  
449963  
383991  
540271  
481576  
268010  
165867  
233600  
707997  
1200465  
318206  
207890  
276747  
659630  
299927  
222318  
576999  
324775  
388695  
392630  
475820  
973876  
625501  
768245  
340366  
493580  
395970  
333048  
455181  
593422  
165840  
284627  
266303  
500103  
288437  
231914  
196472  
187865  
232449  
216080  
224614  
321526  
191882  
255206  
153675  
98305  
152520  
113341  
133491  
117780  
358363  
229121  
156281  
98721  
115640  
94424  
106353  
167637  
61853  
105714  
300370  
129944  
253511  
67734  
406560  
294398  
315182  
251735  
244284  
482696  
370563  
293590  
961614  
859126  
601577  
574632  
201770  
276689  
383014  
470771  
285518  
546252  
400202  
256797  
559879  
428026  
261406  
311194  
183180  
840399  
316779  
308733  
513225  
798134  
523135  
612453  
423177  
225526  
782731  
636529  
410222  
473466  
115386  
352195  
265137  
207588  
195006  
227039  
351410  
190931  
125288  
180505  
171648  
149966  
275304  
341995  
188008  
120270  
141830  
120258  
201518  
285958  
133919  
98702  
130356  
140906  
97161  
299247  
504334  
257053  
477109  
298679  
587043  
811069  
521808  
480123  
790719  
395925  
733355  
832185  
153877  
348573  
509486  
689163  
649400  
293440  
164831  
443697  
719147  
429392  
462650  
99589  
111243  
306676  
181870  
217816  
267684  
242657  
347121  
271724  
315057  
348545  
637522  
286525  
253563  
232646  
308057  
302348  
442269  
184822  
200326  
120944  
177787  
415747  
383539  
297459  
416423  
383816  
317841  
316767  
450543  
855581  
962735  
551719  
187370  
208727  
380540  
380583  
265618  
370479  
334443  
366873  
792488  
1143744  
341217  
194228  
299440  
269740  
563158  
376341  
649587  
495603  
292290  
332866  
309075  
695806  
532755  
489439  
509681  
649935  
555005  
664647  
602559  
436343  
509033  
391400  
494713  
779459  
790792  
727067  
424145  
517346  
831358  
503185  
101588  
349493  
195911  
373021  
314521  
212699  
190821  
140917  
211976  
424079  
186559  
131762  
176796  
216834  
40730  
86553  
160144  
196787  
278403  
243852  
307547  
1119440  
431602  
454643  
175854  
365789  
363397  
477855  
451376  
387830  
326814  
421378  
205207  
302619  
379165  
434504  
591303  
734812  
706660  
524297  
374823  
138086  
169659  
562557  
202259  
213986  
346520  
257968  
354925  
496952  
297486  
256777  
322538  
313368  
239399  
350868  
611348  
320860  
617682  
254842  
413315  
660224  
477435  
419654  
282156  
435119  
535208  
896014  
620100  
926992  
694015  
489346  
706894  
924000  
215116  
240868  
416544  
259312  
588547  
683069  
1211476  
784664  
832850  
727321  
628507  
495816  
1139700  
891975  
687963  
608938  
617802  
565328  
806316  
835850  
986621  
960868  
1291397  
820914  
627491  
649832  
856993  
569497  
575518  
523204  
737731  
775284  
719797  
538475  
619995  
530657  
952418  
741722  
480974  
995716  
1024392  
488608  
804610  
925592  
920538  
796281  
818951  
393582  
595372  
620770  
823262  
843728  
831749  
389939  
345487  
357077  
372468  
254216  
517245  
570919  
689244  
394421  
409972  
549763  
623539  
379011  
308937  
278834  
389035  
764866  
663248  
576953  
706826  
240709  
506577  
900139  
888317  
488192  
278635  
168749  
313575  
444240  
430380  
451259  
354736  
478711  
