4808236  
2638232  
663765  
3973193  
4151510  
4318277  
8094748  
12079593  
4054522  
6966911  
2690264  
2639148  
2089912  
3141931  
2884650  
5501278  
7104310  
5771944  
7968895  
7700981  
1374765  
1155107  
3443217  
3372450  
6718122  
1733610  
1899546  
2153209  
8118624  
9753157  
2893969  
9245884  
750943  
6447418  
1748720  
1614247  
1376816  
1847334  
950438  
2412374  
1826582  
4308520  
6634413  
2337789  
889975  
2336265  
1552916  
80337  
473410  
713043  
1095002  
415424  
470467  
424839  
58669  
89222  
958627  
99443  
1023661  
3516369  
1037319  
4993397  
2121124  
611266  
4108220  
3389229  
4321842  
7714151  
13066317  
4535895  
6963669  
1867929  
2705341  
2059603  
2978583  
2596084  
5550953  
6482567  
5468277  
7438258  
8052565  
1551140  
1199355  
4483153  
3781522  
7010156  
1929171  
1682494  
2186861  
8350919  
10204652  
3282287  
8763415  
882109  
6426629  
1509125  
1613069  
1922230  
1678526  
1461855  
2430231  
1519470  
3973704  
6074961  
2702553  
740429  
2209573  
1648163  
67956  
514140  
676760  
1037455  
411233  
469795  
501137  
103776  
99512  
982811  
145819  
988280  
3314669  
1202625  
9176644  
10572406  
5747968  
210455  
