4026871  
2125984  
564784  
3383433  
4178245  
4244657  
6784367  
12301461  
3898824  
6812865  
2908759  
1961373  
2467730  
3705721  
3071913  
5541005  
7550259  
5791419  
7255333  
8596464  
1313741  
1131896  
3621754  
3859227  
7201002  
2225985  
2234070  
2071195  
7642638  
9254336  
2666085  
9224114  
742379  
6576980  
10817290  
3903063  
5946744  
2091388  
679162  
1562334  
2485789  
87658  
475342  
708430  
1108178  
413466  
473394  
426099  
58507  
88642  
961101  
103645  
953164  
5564209  
1467711  
4912780  
2080884  
500432  
2975860  
3565876  
4754170  
8018346  
12426123  
5151338  
7724462  
2119965  
2333689  
2062012  
3301071  
2716372  
5653404  
7043020  
6017909  
7737688  
7662014  
1493930  
1093813  
4751689  
3856379  
6608307  
1991960  
1625714  
1807424  
7807032  
9167554  
3304805  
8393260  
842064  
7136716  
10585097  
2593201  
4706199  
2439353  
691281  
1596615  
2213523  
67107  
498008  
675974  
1033534  
410647  
473644  
500718  
109041  
99503  
969793  
141162  
940196  
5561563  
1570426  
16752852  
