4732179  
2513320  
556071  
3396354  
4236031  
4042189  
8225778  
13441646  
4361432  
7123399  
3043623  
2477256  
2424356  
3695938  
3004509  
5794758  
7298496  
6202606  
8546823  
9397156  
1503388  
1390741  
4462583  
3920239  
8093048  
2140179  
2130806  
2126191  
9457812  
10526561  
2869667  
10111686  
813594  
6653205  
10719020  
3808098  
5688701  
2374496  
671202  
3923798  
2464257  
4223765  
2185004  
566019  
3416265  
3317667  
4699950  
8245957  
13699401  
4616708  
7466150  
2452685  
2628469  
2045202  
3744653  
2949247  
5783123  
7171625  
6582708  
8744814  
9509203  
1942918  
1214978  
4334740  
3597084  
7638873  
2211131  
2063132  
2309023  
9163660  
9847195  
3412463  
9381634  
975262  
6591684  
10987588  
2961062  
4809860  
2511071  
718973  
4191516  
2057877  
11297145  
