0  1.10907e+06  47476  1.10415e+06  224145  32148  319302  39479  458  10277  2590  52609  491  518  1994  14792  59227  32367  13308  28486  23774  53638  62658  106690  69166  2931  48935  279764  37224  66468  4463  254646  1675  959125  272003  319767  381757  35757  47299  126407  69141  44783  3033  6976  72828  347  360  5017  7861  482  1432  832  3155  617  715  1602  2413  771  10133  984  12373  1985  2271  3361  8147  2804  465  1071  3778  2908  1573  410  2575  150  5078  16149  21413  3784  1869  4687  3731  4127  84829  
1.07506e+06  0  11094  23234  766769  13535  335103  46874  1368  6712  4758  1140  185  398  2504  11606  36615  29111  11815  48907  9798  18470  23923  35393  54879  2082  40317  20941  20834  13593  1917  12600  278  45091  877118  864342  250963  67580  5455  135917  67168  3495  9777  5730  4067  1376  1736  16011  18664  3012  2856  1021  206  135  313  1048  2693  621  7969  1098  7839  1298  1418  4512  4112  2191  434  1047  1929  1937  1175  300  1919  136  985  21900  4888  5404  2582  1293  3538  5604  183122  
24214  3596  0  212226  498  65  179890  105147  102  427  558  301  125  135  328  987  546  2050  416  4327  958  1829  1372  3793  6199  230  4130  2793  2264  1212  12  525  17  758  59041  101801  23090  4947  805  14393  7624  3006  7454  7830  5537  588  306  8785  10539  360  316  98  84  37  47  141  277  60  658  125  789  103  147  431  501  325  42  153  386  322  212  29  247  15  180  2116  2559  1013  350  495  491  917  9038  
1.05666e+06  9051  154112  0  550  115  21793  598421  197  686  838  1.16272e+06  36415  56469  46484  1022  841  4904  1383  32902  4834  8757  5359  17985  51830  10158  96789  289234  13763  25521  155  40101  58  5154  72219  127364  72711  7420  46633  32588  33923  267474  17546  61207  1.56323e+06  1098  818  20861  72247  699  978  261  104861  6892  12041  10357  722  423  3040  929  13240  1469  1061  3118  7192  2498  314  1716  15478  5443  4486  181  4764  34  20939  10400  97917  8391  1877  29884  4386  5228  18216  
308136  1.12899e+06  2136  2925  0  1.04922e+06  1.08676e+06  308993  25239  40214  6952  274  435  997  2893  36209  117888  34426  43845  44734  4181  5290  23864  9683  17612  1349  11652  9360  23728  31516  7651  45533  1249  585944  428514  291935  337338  69804  1335  35776  18748  821  2021  422  458  11054  17332  85877  72461  6923  4921  1998  182  670  482  1563  5026  1297  10533  5608  8942  1518  2112  15687  4082  3937  612  1360  1737  3744  4303  529  5008  191  6378  36473  4070  55742  14889  200  5042  3835  162939  
94522  185973  745  1290  1.19045e+06  0  518844  376575  409867  1.35506e+06  6466  204  250  841  1970  125424  207442  30970  62002  20256  1375  1233  12532  2074  7657  754  1714  7394  30870  41276  11015  126731  9403  998614  86570  64491  331254  70645  393  7244  3671  636  1495  163  196  5652  24883  60752  86659  28291  9606  2082  86  1408  513  1093  4874  1153  7164  3399  6006  651  559  4880  1534  2419  397  988  1371  2127  2202  443  4161  216  5037  24518  4600  22717  11136  129  4033  2496  89154  
428730  602774  222522  61424  1.81997e+06  528224  0  1.7333e+06  883909  101984  16457  759  737  1758  6085  38235  80984  85552  181793  112767  10826  17846  49605  34721  76379  3142  45037  22042  118801  46230  3205  16084  547  25566  1.14389e+06  1.18972e+06  262540  117581  4776  143620  72070  6419  22285  8397  5106  36874  60169  300610  244303  27176  13512  3633  553  1765  1003  3697  10577  2781  22835  17011  19109  3704  5618  40976  11542  11815  1619  4143  5614  11114  11798  1179  12848  368  19588  100039  19628  155872  35495  1703  13994  12115  359865  
23687  49816  107755  515539  154554  95003  1.594e+06  0  1.59863e+06  448547  656102  784433  911826  643543  213241  30304  35890  48957  43030  504014  22093  17807  21913  29285  56725  48278  48276  18137  19697  18054  6018  18578  765  39185  852418  778746  498909  259339  3752  99115  46316  24705  86087  33670  115414  58809  155435  577665  1.94264e+06  233030  181852  61276  108874  131641  39509  42752  29802  6485  42997  35996  101842  11139  10669  69831  29423  27106  4006  11757  16184  23358  23335  2402  30174  679  45617  323265  82798  312819  148752  3341  48506  30521  558301  
1304  2558  269  456  76864  554341  812694  1.38783e+06  0  1.23439e+06  1270  39  33  79  157  8292  19794  38231  93132  3250  161  215  7250  428  5867  173  676  1310  25968  7664  1108  3467  127  3551  42590  41372  25584  18620  185  3056  1436  573  1288  147  123  3868  27696  43851  133484  62689  22028  1190  26  858  250  583  2214  721  3276  3892  2453  350  275  3034  839  2299  329  866  1121  2210  1986  244  4421  110  5517  17472  7668  18669  11824  64  4266  1828  43069  
37507  43711  1127  2315  118715  1.19016e+06  186518  748010  1.05417e+06  0  75926  272  255  5754  1562  2.13474e+06  296399  71576  47823  26625  1126  865  5717  1527  5785  694  3908  10546  13557  48730  9439  189927  42854  594137  353221  268395  529253  457070  1624  22724  12410  750  794  247  279  1675  8770  9498  199584  64913  196536  59593  91  297  897  1072  33825  2612  13538  7820  9487  694  466  4770  1444  4013  683  1261  1564  2774  1847  423  4922  352  5716  30191  10800  25399  18255  243  7035  3360  454964  
1040  1091  917  2407  2332  527  4272  732699  832  113339  0  3173  11283  1.00406e+06  8957  55539  11171  7171  926  462267  2839  1147  535  845  1478  1086  1243  1252  728  1236  337  10073  2021  5428  25340  9042  17000  10114  335  3261  1524  1037  788  256  808  1359  2346  4918  147964  4873  253436  346450  980  3063  16199  3313  123039  15055  33966  3986  37644  1627  399  2323  1593  2755  748  1243  1913  2173  1635  1040  12638  2281  7301  32155  6829  25914  14399  341  7823  2637  31664  
19390  1130  4848  704730  859  75  6256  942249  110  371  1359  0  396197  184762  119379  618  668  2880  476  134837  5749  2530  822  3354  15403  14696  27859  31277  1848  1094  29  3158  44  1582  9008  7005  7991  2487  3547  10294  11900  105247  2844  2671  351493  638  675  7649  111238  308  604  498  523884  49233  47066  49881  592  223  2193  542  53693  4839  1330  2398  11591  1110  389  981  7909  2852  1684  123  2277  42  12811  7064  16318  7859  2734  16883  2008  2923  5561  
3257  1000  2705  23745  2459  526  7977  959350  1307  997  6808  346125  0  724067  398250  1744  1825  7104  1199  379274  17385  7227  1175  9260  34480  55373  38641  11512  2673  934  123  2422  113  1810  23767  8922  15820  7269  1192  30955  11313  23059  2639  1420  34465  1901  4625  11553  130196  1565  1879  4026  109695  417007  116310  83285  1878  575  5370  1151  121179  7971  1849  3419  12252  1908  1197  1362  3317  2237  1769  312  2756  96  6698  18083  4921  17699  10065  5279  3851  2561  19482  
3769  1936  3295  39827  5665  809  10693  748201  1489  5164  1.05365e+06  241153  745450  0  569027  13243  7936  17417  2707  951924  22399  8688  1696  7261  23368  35156  25893  7559  2316  1911  359  6585  899  3831  37849  14791  32034  15633  936  22134  7373  29424  1508  801  51426  2001  4506  12706  134694  2318  42898  94652  69955  158810  669465  158994  35243  5390  19391  2111  219750  10473  2231  3329  8080  3098  2669  2550  3244  3190  2608  890  7656  936  7054  28574  6406  19037  11293  3882  7324  3075  33028  
4096  1650  1902  21817  3088  332  5769  259419  485  1102  2207  104478  130757  397959  0  2292  5343  35625  4378  1.75607e+06  93486  87468  3575  469121  155940  292370  158221  7037  9418  3263  305  6271  285  3443  48787  7602  24804  11791  1173  147706  22148  11445  1248  668  20345  859  1864  5884  43699  881  5174  7634  21450  20395  115764  251549  8062  2439  31331  1782  161029  10913  4434  4828  11214  6599  6011  5785  3043  5781  3584  1295  6486  488  2739  30565  4291  9613  6880  2632  11758  3678  26610  
23927  25354  699  2579  44736  181592  28016  49487  42903  2.38247e+06  130841  481  390  1976  1144  0  2.09972e+06  571687  37078  49258  985  804  7338  1371  6723  535  3732  16818  15882  57188  11602  293615  70552  589207  216576  43511  481944  326562  2282  20162  10057  843  684  175  348  1166  2103  3782  17171  2206  105188  49640  187  270  2434  1440  148295  24338  44860  4831  23888  898  522  3154  1541  3270  657  1134  1683  2716  2155  1586  17085  2971  4779  24842  3828  14767  9291  515  6670  2936  318954  
71443  86591  2035  12651  136987  77098  87315  98454  25861  184979  125865  4502  3767  17156  15315  1.99742e+06  0  532922  1.47222e+06  382067  5161  3169  19621  4906  30060  3674  13374  45983  97560  617372  503111  2.20637e+06  621543  682962  180027  36934  538192  96598  6059  85907  22234  2769  1926  662  1852  2601  4461  9707  28920  3062  134407  78696  1564  1603  13204  14297  258132  51012  186960  8677  137775  4546  1592  7379  6240  9668  5232  5942  5881  8650  8814  8959  59326  10060  12109  96813  10642  37113  22785  1675  22756  9306  141034  
45544  17335  2575  21629  44104  17290  116098  80038  170360  129143  17647  1338  402  1122  6411  535186  574970  0  2.86267e+06  504858  65851  21220  812568  67648  145779  25011  23851  52895  73903  79326  3408  158750  3785  77032  171318  19377  249823  100689  9670  135519  39974  4189  2703  1343  2055  1456  2329  8853  26150  4810  19231  11415  431  541  2833  10199  45089  12074  175420  15497  171305  27656  35973  78859  52603  50629  7248  12142  10559  33812  17993  6647  30576  2844  6076  174679  10218  29088  15253  2071  66869  14133  119288  
88602  31032  4233  41907  67161  15658  182626  86926  147542  28927  5129  2264  430  927  6090  29012  1.54878e+06  2.4711e+06  0  74849  6461  6701  1.75396e+06  31242  395769  41722  35217  101877  966153  1.42532e+06  324664  533883  4022  173862  199137  26651  444501  143166  14933  188260  59182  2783  1347  785  2498  1115  2421  8883  19309  4490  7825  3089  274  314  886  5799  9998  3793  61903  7113  82192  12683  9878  25618  17899  27270  3885  7026  4724  18040  7236  2315  10421  612  2633  76872  5828  16454  8874  1322  26418  7677  132581  
43087  16891  5277  33573  15520  2184  29275  401996  3136  39345  441650  52233  68378  315113  1.63494e+06  51934  70484  1.09227e+06  37820  0  1.27016e+06  789591  40191  781279  191286  180062  147497  51796  66637  46609  3213  104517  7113  51836  392367  38617  216563  93674  10751  539373  67814  13887  8227  4297  11181  4682  6461  26159  109383  5186  55379  53034  18023  21896  94841  209878  107351  30222  445140  44468  1.17501e+06  116239  114977  222559  175158  161709  32200  46203  31161  110097  51468  15517  77813  6386  17127  472616  29908  82741  50127  5586  196619  40705  212374  
5753  1764  366  3340  731  46  1742  5878  54  362  277  834  599  1644  56139  308  640  144214  1886  805276  0  554329  26708  158694  21230  21560  12217  5762  5629  4203  120  7992  82  3658  50098  1409  17461  7162  1119  94118  6632  583  277  204  475  124  164  735  3571  99  360  277  893  923  1785  13889  455  371  25291  2622  116475  151169  82928  34499  62442  12866  2716  2764  1233  3530  1822  427  2022  45  612  29309  946  2687  1509  335  24346  1747  9327  
13976  3894  798  7078  823  41  3290  6161  35  215  191  692  426  1417  44817  190  377  60180  1071  286792  436339  0  35968  493884  39455  33610  15072  11786  12641  8018  79  10360  43  5252  52543  1709  23980  6447  1645  100193  8623  747  375  246  550  65  82  678  1869  57  275  229  334  307  556  5275  351  182  13967  984  39821  115991  139265  28416  89569  8726  1679  1662  1058  2026  1203  144  1270  35  380  22355  667  2332  694  282  23585  1261  6994  
59374  25648  2982  19841  20591  2180  41021  44289  8712  3670  2409  1277  341  758  2887  4800  8026  799930  1.37987e+06  79368  39233  57364  0  381252  687184  85746  35680  61720  1.10694e+06  583589  5230  242202  1760  88047  120285  13301  298989  86105  11486  112353  53996  1418  556  358  1326  351  640  2941  5337  877  2680  1372  152  108  308  4760  4687  1312  34083  4847  70300  19781  31295  61046  44694  14487  2184  2634  1817  4469  2648  753  3696  232  1142  50926  2030  7502  2963  796  24944  3298  61236  
51886  13039  3179  28744  2133  80  11730  20993  67  415  292  3119  1974  7129  411484  484  553  93962  13758  597788  174825  733147  599269  0  1.59868e+06  696449  100559  56783  104452  34145  142  27466  77  14753  137343  5965  71654  10313  6165  377331  36058  2077  878  624  1797  141  168  1668  3458  100  800  795  674  565  831  8920  1099  258  7550  1308  30454  8449  20874  30640  199096  9585  1959  2103  1629  2372  2031  159  2062  59  650  37204  1162  5127  1153  528  36157  2354  17918  
42686  13495  3305  29397  6939  1962  38323  48695  7207  2686  2554  10493  7391  23560  84561  4500  4824  112127  157660  74336  35017  60655  1.27381e+06  2.09955e+06  0  1.7507e+06  1.42746e+06  211919  3.04213e+06  59223  750  41193  815  25967  303684  72972  141901  78873  23673  1.15985e+06  575178  2863  598  416  3711  449  821  2913  9003  924  6438  5398  1220  608  1141  3809  9839  2092  29528  3514  40806  7297  6311  14506  13932  9876  1744  2448  2313  5295  2960  1091  5224  351  1557  33175  3030  10365  4830  1313  15131  4536  84100  
4862  1630  583  4096  509  47  2101  12774  127  202  154  4234  3462  12011  80947  256  334  24272  18683  40381  25209  47296  111928  543046  1.53999e+06  0  426059  18803  60717  8085  104  6543  96  2843  26871  2939  18160  3917  2920  434556  46094  573  81  70  922  51  82  298  1848  48  973  1007  531  270  308  1463  1188  189  2909  455  6124  1315  1497  2346  3436  1481  314  385  300  566  314  93  516  39  182  5024  306  1339  478  202  3286  452  8458  
61189  3158  1115  45961  574  104  5331  33985  174  1584  939  16784  11466  32612  116974  2542  1131  17844  5352  38439  9909  8626  19769  35019  1.27756e+06  642940  0  409981  17804  2910  68  5655  87  9354  142121  30352  83396  56552  37190  659127  573742  13758  293  274  12822  152  274  914  5574  181  6509  6330  1785  683  1150  2651  8469  1026  6994  644  9894  1027  907  1958  2681  1957  592  1008  2355  1772  930  281  2010  189  1929  12988  10605  5640  1755  3667  4803  3853  63692  
466128  18092  7159  311000  3624  330  21261  19500  236  2130  1395  25389  2174  1536  2594  3378  2329  26162  8302  21149  14079  24360  31564  52762  209937  3716  286366  0  170821  404070  489  360731  238  94192  91376  29131  388183  58743  89982  107684  314065  61569  507  864  58457  164  216  1337  2958  284  1017  517  2014  426  582  1330  1978  647  8609  1047  9016  1445  1423  2999  6352  3059  455  1111  5037  3291  1738  332  2571  130  5136  10582  46709  13036  2234  10629  4577  4713  35724  
33461  12561  2385  17530  18683  5960  87005  32595  22196  4430  5086  1369  459  1124  5320  7234  17469  115670  515403  57427  28723  38870  1.42701e+06  118649  3.06239e+06  27118  35668  515592  0  3.86239e+06  8545  91855  2047  51468  150984  24539  176864  74282  28293  296799  109541  1868  978  528  1349  776  1368  5001  11227  2502  6548  3140  227  252  837  4868  11415  3726  52178  6021  71172  11500  6262  16789  14470  18502  2542  4745  3455  12207  5430  2031  9196  639  2334  42832  4490  17309  7956  1373  13990  6486  74752  
79771  25742  2984  35756  64760  11323  89124  136957  11006  11011  34468  2778  1318  5479  9007  31943  641106  241307  787847  161163  40585  51782  721368  105721  133980  11353  16779  615639  3.52152e+06  0  1.23781e+06  3.20831e+06  4794  123727  174750  32238  356444  184595  12724  126050  52035  2555  1427  607  2155  1550  4261  10615  27689  6528  23742  17405  612  780  4420  9145  61402  14709  87997  5349  84582  7508  4590  9957  14055  13131  3671  5122  4267  10361  6275  4143  24488  3539  5378  59825  6490  21979  13385  1239  16405  6825  183193  
5472  8625  296  1295  41710  5084  20575  99493  3457  4142  7239  296  284  1082  2350  11741  1.03886e+06  30349  548351  37539  1759  912  15571  1886  11524  2034  1803  6447  38300  1.8352e+06  0  1.04106e+06  2620  23266  41402  9747  119472  75846  482  6415  3301  337  348  112  163  817  3050  7447  14418  3491  4884  3718  138  333  1091  1993  12790  3140  20042  1108  16081  686  319  1392  963  1318  766  906  780  1166  1330  1142  5944  770  1481  14847  1581  6279  4122  201  3125  1431  65336  
377128  62241  2917  67396  75920  84708  27143  116608  5865  202099  94069  7677  3913  16260  24748  292090  1.9475e+06  496020  292972  498089  67125  55191  336758  93026  91136  17372  14922  548248  58876  3.59367e+06  641164  0  754437  1.22516e+06  110186  26105  794654  82228  9200  87935  29999  8620  2361  911  8257  2398  3747  10003  31365  2803  60164  59355  2015  1971  13783  22364  192504  46968  236388  10281  183652  10087  5713  12810  15954  14984  8513  9164  7636  12694  11604  12389  73990  12649  13706  120035  15630  42116  26109  2744  29394  11527  117744  
5824  3713  78  461  5060  12080  822  3892  135  65598  7601  297  276  1268  711  66604  285946  13717  3179  23966  544  273  2605  327  1093  230  244  3279  855  4031  2020  573891  0  275473  2445  853  68553  5686  139  542  392  124  75  30  100  107  137  325  1166  117  5575  3737  84  84  683  560  12899  2501  7453  370  5261  188  71  294  274  374  211  213  212  321  274  323  2646  508  685  3202  395  1676  881  72  802  299  4334  
979811  372724  4573  23572  947895  1.56003e+06  28989  160116  3574  1.03177e+06  46634  2351  1367  4190  5802  1.14053e+06  1.26071e+06  251331  86613  175047  11557  11320  77780  20953  26389  4479  17395  147601  30783  163980  34093  1.54718e+06  665650  0  42574  35760  1.7248e+06  34574  5361  16716  23463  2233  766  340  2389  1154  3143  8047  21574  3480  25380  15518  509  562  2518  3118  44956  8757  34711  2418  29105  2155  1343  3754  3856  3560  1171  1579  1983  2884  2288  1606  11384  1920  3346  23650  3407  11802  6516  922  5915  2637  38275  
331684  290544  102672  210562  48247  15027  707236  2.01178e+06  29998  496319  223424  25905  11382  25726  85664  391419  106764  485741  102293  866854  65661  54718  105680  99866  654339  33048  633991  230258  222769  84643  3503  71027  2110  31045  0  3.01695e+06  743882  633385  257190  1.89543e+06  1.06248e+06  9619  6539  3756  16707  13239  29615  104283  214764  23928  39963  25696  2649  4123  4530  14101  32075  6987  80051  18131  69721  15448  18520  89756  34032  26202  6295  12070  18847  17007  14048  2713  21066  1180  14326  552928  17793  114829  50970  5626  58457  56483  3.8492e+06  
282693  157226  144480  430653  18662  3340  517241  373907  6489  42641  48415  58726  891  1889  5392  52265  23538  61992  9364  134836  5543  5739  9940  11110  158431  3326  143524  45199  50210  11737  360  16234  1101  17517  2.63499e+06  0  293821  225207  631237  341604  221419  11391  3290  4363  36344  2797  2980  26635  41941  2775  9975  7595  2758  501  1160  2125  9030  1778  12096  2221  11481  1626  1792  8793  3887  3216  765  1551  2655  2726  2077  460  3580  339  2219  87084  7183  17090  7514  1997  5707  6865  509555  
413591  320684  118315  263797  236135  39072  518061  1.42112e+06  10820  524980  178140  37430  7328  14598  26766  528360  111115  333271  108882  405349  32560  33171  124177  60238  88117  13041  65623  229695  70399  91299  11306  237187  5300  480826  321478  1.01072e+06  0  2.17912e+06  361966  99902  124193  15141  4487  2763  23438  5630  10490  44519  133602  15732  62257  31351  2738  2841  3086  5838  36199  6193  35229  6359  39453  4492  3788  13693  10940  8639  1807  3273  5154  7172  5124  1432  10764  961  7594  59736  18242  57599  23310  5785  13560  9025  274241  
50180  57558  19075  31640  32871  8412  84287  356974  2896  240359  55846  4032  1781  3338  8572  195506  36759  119313  59734  169448  9976  3932  26155  4768  29060  4399  21153  16108  39392  46103  6893  14795  693  8425  141177  229231  1.7988e+06  0  47406  39861  58394  2031  913  615  2863  1261  2552  9559  30245  2675  15708  8716  497  689  947  2179  11778  2163  11401  1702  12589  1362  1018  3669  2566  2384  736  1040  1413  1893  1404  427  3258  356  1736  17228  4075  18624  18411  1255  7045  4934  532073  
105607  839  306  217366  108  30  1258  1812  60  1789  848  22764  285  220  363  2562  1002  5220  1268  4938  1353  1129  3246  2353  44265  440  68654  79988  9338  3677  33  3806  67  1039  122237  365839  204452  26568  0  16867  72544  19606  97  252  18833  25  50  231  669  50  374  171  892  98  166  271  470  109  1261  245  1209  246  279  900  1139  843  115  422  1961  1110  511  44  662  21  1061  8785  21285  5049  715  6851  1260  3021  20849  
27160  10168  3487  28375  1077  171  15607  51533  319  4573  1993  13605  13164  39929  144807  4154  2438  48220  8398  129649  53938  67240  40547  197822  1.21716e+06  390999  1.24265e+06  137885  288158  39901  151  15253  152  4219  1.86047e+06  102055  77242  43584  48156  0  1.77664e+06  4107  788  621  4099  420  612  2376  10211  434  9011  9986  1671  1040  2221  8813  13653  2633  31800  2915  38284  4939  7959  13108  19787  13395  4486  5656  6638  7776  4156  1163  6934  586  2649  68037  4566  17489  6502  5990  49602  17004  147004  
9399  4645  1494  9075  756  205  10553  20920  277  4755  2654  1626  805  1585  5124  7428  2451  30190  7903  22917  10433  5783  26856  7939  731012  9752  1.56808e+06  236643  27047  10581  104  8777  110  2010  761113  111561  113685  190068  47695  1.33842e+06  0  1162  262  269  926  207  365  1353  3224  304  1499  850  213  108  266  931  2355  686  7653  972  6857  1234  1267  3648  3601  3090  578  1588  3754  2789  1399  322  1973  134  867  26962  1886  10765  3414  3305  6520  12659  192710  
48648  10054  7984  58756  865  166  25838  14859  541  1283  1266  4608  687  587  632  2462  2262  8737  1119  8893  1763  16605  1402  34266  9775  156  19970  39803  1371  1286  71  4537  174  1394  11652  11148  8241  2914  10675  2995  4290  0  1.11071e+06  93596  856247  391746  70587  273895  44475  2101  15738  2909  2148  801  1141  9250  18396  17243  35466  22705  27238  10252  22709  92391  156440  42046  3883  25837  139958  41242  114025  11879  330507  2552  1.20971e+06  300514  324525  351538  42810  99343  81656  35536  82873  
33296  27934  18409  15497  1356  198  114013  49495  707  830  865  409  79  122  228  1837  1079  4181  621  4358  982  7605  844  14909  787  88  602  481  414  319  38  940  97  540  10110  8301  3406  1806  468  1755  994  819585  0  10765  5379  565778  30318  253205  22097  6506  20903  3844  180  237  447  11040  14700  8181  32393  11745  32532  7343  15275  62647  55589  33352  3845  21660  23758  25554  35995  4128  25108  503  47721  477189  225977  185048  57271  5453  94523  41325  89567  
22167  12402  13137  31680  402  17  25306  8071  78  96  118  1190  26  40  51  162  151  631  88  719  226  1970  184  3873  297  26  198  229  134  113  6  142  8  131  2824  14566  1326  380  172  664  395  43269  5210  0  88636  501  459  133449  108126  725  1786  304  45  29  58  779  1102  482  2896  975  2407  967  2388  6718  15212  3632  303  1579  2216  1914  3075  129  1765  28  1676  28073  58677  35016  3579  3313  7943  3482  5931  
152031  16458  29138  1.49593e+06  800  88  41793  109300  190  331  382  488443  23378  26927  21094  577  548  2776  540  17006  1843  3473  1339  6777  21681  3613  49170  99624  3051  4199  36  8559  41  2614  15725  57393  16324  2415  15615  7801  12026  931738  4646  96260  0  1152  1346  7937  455289  1253  2459  439  778525  10234  15468  19038  1457  1013  5304  2884  22359  3678  2982  10067  29580  9289  932  8480  48106  15090  15018  503  11998  48  30572  28313  412475  33391  4439  137190  16883  22666  9114  
4622  3454  2124  2274  3150  1382  25144  28317  4022  2303  1947  97  85  193  310  3787  2055  6453  1199  6316  1125  4740  1154  8773  865  131  552  685  625  593  132  1724  138  1369  17633  3925  8099  4862  317  1829  1029  553658  759101  1565  1114  0  760918  720586  51884  7280  42890  7766  184  1127  865  20154  41296  35718  59474  30914  57843  10278  14896  102777  36603  44144  6276  20326  23160  79387  114205  27125  116378  3469  430597  525050  195701  321391  129062  1609  78494  33983  120931  
1645  2150  511  799  7851  7160  36124  104377  32988  10845  2364  82  206  298  257  3932  2375  4026  2302  5046  740  1259  1004  2326  1218  123  997  1262  1172  1291  355  2062  100  3472  47558  6965  22527  11064  204  2471  1850  107410  86035  1173  1020  923684  0  594104  271164  437370  1.29541e+06  4136  109  4755  1437  17264  65022  69761  22277  58506  22295  3278  3246  31993  15202  50072  4370  10974  6561  109675  86077  28265  162989  17035  955909  121570  221925  113034  54544  500  23938  7051  74107  
50207  47388  25624  22735  40359  21174  350850  363405  64237  5699  2426  728  422  438  686  4720  4797  8413  6020  12351  1679  3700  3626  6814  4097  325  3131  3740  3042  3506  986  4775  123  9974  128802  46554  66512  25753  630  8631  5811  250401  372076  187940  8245  1.26397e+06  987947  0  1.37812e+06  732125  141795  5986  262  9380  1344  17643  27602  23581  65221  164137  50366  7008  6284  93985  27694  140288  11568  30936  16045  258999  133634  9881  21766  489  14245  371778  538656  101892  63679  4003  67735  23962  136617  
70557  66569  39035  104367  83744  43444  547126  1.76818e+06  267704  235304  83081  41885  20834  20357  12001  19379  11478  26524  20928  86590  22053  9103  9668  9793  12689  3185  10326  10485  9068  7923  1835  11461  380  23253  345625  128240  183147  82001  2348  23769  15766  29240  58303  98486  528378  56493  161423  1.63797e+06  0  1.60091e+06  514610  405958  1.14137e+06  1.94265e+06  912621  207418  29029  8073  59790  29060  667685  73129  13011  40716  102178  26221  11489  15066  14897  26070  30932  2887  31903  951  52978  301822  1.12615e+06  233398  151342  6755  75418  25613  304157  
2559  3702  650  807  4738  9152  31653  129084  76726  67273  2646  37  56  102  121  1856  1473  3421  4029  3405  245  234  889  396  1037  81  781  1075  1649  1417  326  1539  37  3582  44791  8665  24074  12814  158  1827  1638  1760  7095  1153  753  8289  576032  679169  1.50449e+06  0  1.6351e+06  870  45  3383  367  2536  18858  22348  45677  173792  7668  810  346  47147  2784  64152  4504  9944  2155  103028  42982  3159  9172  159  6617  22080  161965  23765  17518  421  7425  2613  39532  
3126  4226  776  1399  3806  2107  20594  176648  29927  240727  47483  143  105  688  252  30936  7219  9101  5199  7287  393  428  1004  761  1410  141  1368  1648  1121  914  130  3841  545  5469  48217  12374  28683  20073  405  2757  2748  23287  27001  2744  1775  49185  1.03137e+06  225084  826931  1.3179e+06  0  134158  285  1024  2668  7362  2.05066e+06  139780  91367  105229  20214  1666  864  27303  5982  31628  3270  8014  9788  59920  51617  22549  324498  87988  752347  178656  714384  272465  192875  1808  78687  17313  198557  
1701  1779  273  1125  1815  761  6770  95407  2975  371285  309210  449  893  6372  1631  109296  21433  20400  2192  16142  887  309  594  319  1604  867  1440  1588  862  1036  227  9783  1980  7265  26976  8192  17472  12579  354  3573  1818  667  539  216  670  1049  1516  3798  447757  1188  271452  0  3321  6034  670235  3055  88201  5079  32185  719  297936  3448  260  853  1281  1024  562  721  1192  1103  1210  1073  9570  1758  3653  20943  6766  14565  9792  455  5844  2093  32932  
39785  1948  3974  330962  2909  208  15710  158947  281  781  1331  529448  86670  46699  28412  1359  891  3150  600  60868  10288  3221  1128  2425  6522  4037  9442  18360  1302  2250  52  2692  63  1313  17548  10050  11577  3434  2992  4953  4197  28941  1344  1797  633738  581  743  6048  925374  475  975  2959  0  322194  214652  233492  755  367  4058  745  314466  37410  6822  3222  64911  3067  1742  3550  12369  4655  2213  164  2351  69  4894  10078  36062  8574  3124  73265  5239  14153  9687  
5004  1502  1461  25281  4228  2107  19076  207640  6677  1781  3871  39106  402488  152413  53320  2745  1866  4781  1272  101867  9368  2891  799  2074  3623  3969  3496  2586  1001  989  175  1894  107  1882  29027  6167  15788  7226  527  5079  2071  4251  1360  1364  23994  4119  9992  23878  1.06726e+06  4339  2973  9650  302638  0  370338  172430  1777  597  6450  1531  291322  25483  3741  3997  32429  2470  3091  2415  2563  2255  2332  314  3424  126  5529  15369  13855  22975  11136  9891  4063  3170  22304  
7408  1714  957  32232  2867  1528  9023  135668  7175  41558  104729  36331  79385  650047  151476  67292  24855  41889  5018  354165  20691  5832  1696  2782  5608  4286  4981  4623  2404  2970  462  14548  2540  7362  42075  7798  24236  12494  997  10072  3041  4513  1205  808  18121  2999  5874  13329  753969  2653  30932  701821  139620  355303  0  550814  20036  6344  34599  2037  969091  59251  7606  3403  27360  4468  4049  3835  4571  5189  4473  1945  13768  2123  5895  30595  17007  17395  11805  13103  10267  5379  35919  
12394  1837  1226  59031  2085  735  7700  44017  1941  1930  11757  34883  9353  39950  224850  6562  7510  38866  6782  265819  37417  11371  4670  7530  9823  7849  8414  6858  3920  4099  342  9408  546  4258  34243  5179  19478  9165  1867  17990  4267  5860  1624  1243  25337  2922  4615  10355  147146  1044  3016  2638  124595  126928  576527  0  4221  5607  76061  3967  1.51637e+06  160493  59135  15813  660755  34302  153227  95773  10303  12484  10130  4539  18066  879  7173  56581  22702  26725  20823  15706  76744  14215  40973  
1734  1404  296  1314  2596  783  7426  24464  2216  49560  24370  220  141  770  532  77228  26268  24855  2021  13876  417  373  842  566  1648  271  1487  1910  1158  1557  330  13292  2734  6774  24272  4861  15397  8396  740  3818  2439  13192  12695  1170  973  29606  50654  35360  52336  49845  1.63825e+06  71322  622  923  2040  4674  0  1.43549e+06  742876  63881  37638  1576  678  18571  3982  17814  1780  6699  18498  39256  48765  24855  655436  501966  691188  223184  131103  458449  250233  2951  91919  24028  256553  
5520  3742  670  3830  6007  1941  12961  28692  5037  21986  63861  1059  840  6499  5560  214730  99255  162729  11712  113093  3147  1434  3620  1812  7470  2562  5205  6889  5200  8582  1866  59953  9883  25479  100410  15152  54070  25515  2233  15364  6515  15703  24964  2221  2820  57138  156809  97356  71115  83345  281970  60453  4884  5008  30336  52146  1.98816e+06  0  780877  1.551e+06  312567  19027  3212  37766  28671  67249  14100  21817  28832  131616  427864  599139  1.73376e+06  511203  325323  291612  103089  196480  103807  6008  90773  35567  173224  
7738  3821  834  5197  4770  1115  13783  27592  4339  10687  6727  619  217  626  1351  26803  25929  116773  17735  72109  10408  6724  17315  7442  11694  1000  5514  9143  11216  8472  804  25590  2720  11215  84335  9206  42085  19059  4061  28385  9856  16752  11484  5000  4439  11166  10888  76290  60835  170004  127440  18529  1177  1266  1613  20296  746324  734428  0  2.6555e+06  715029  132927  24745  609762  60548  241065  26487  46939  45125  160911  79630  13883  123568  4883  60194  204012  32072  274192  145510  6911  122287  73125  176172  
4547  2933  739  3138  5447  1331  18416  37735  6302  10279  4449  394  236  522  1279  9322  12679  71638  9803  50590  6355  2985  9344  3975  6800  770  3086  4898  5638  4180  507  12512  994  5759  62806  9181  29248  13956  4503  12919  5801  20538  23006  6096  5310  32183  89679  292409  93465  258622  79909  3785  1035  1935  2740  42053  37523  1.66665e+06  2.16194e+06  0  246366  30933  5327  1.50262e+06  61175  674650  66140  123521  65205  964410  981455  561385  286486  3163  64052  268369  47545  321246  143553  6807  126715  128895  184707  
34674  13400  2936  39910  11357  2201  25261  80098  6112  34370  56908  17454  10540  31886  72495  87249  70394  522936  83522  988628  229531  59515  89569  42140  60182  12425  23169  37017  49632  37632  2504  90768  6812  44559  302695  23759  169537  70984  8115  134789  31783  16450  7743  5949  21051  7217  9137  27588  333937  3974  34576  374163  97007  100591  558629  1.64404e+06  33696  26132  1.27461e+06  51595  0  2.09992e+06  629271  178496  823915  201492  139637  132445  47656  133856  69699  14236  86633  4675  22515  247434  35920  97285  62997  10341  245081  52133  190780  
3363  1331  254  2411  889  88  1790  4106  171  793  818  558  118  259  2025  974  1619  94985  13739  67548  199832  117461  41644  17993  9424  1323  2186  3674  6154  3385  141  7011  188  3949  41633  1771  16389  6525  881  24022  3302  1647  1030  546  794  386  371  1934  8692  158  737  430  1892  1867  3492  108091  686  882  202948  5494  817963  0  376544  97999  232637  31074  29305  27515  5319  8523  4793  846  6370  99  1966  55398  2628  12605  7314  811  60389  10088  22868  
824  303  45  669  202  18  465  977  32  117  119  174  44  86  649  185  252  20786  2485  22966  73061  118360  14221  23719  2209  467  683  877  1128  685  26  1203  22  619  14126  410  2961  1134  295  14917  819  1637  783  551  534  136  85  1207  2438  63  146  71  529  483  806  67090  136  251  41265  1049  283243  320644  0  142705  607639  24410  20715  19955  4351  4966  3403  217  3549  19  1066  24148  1071  4716  1256  519  67733  4265  4883  
6163  3077  780  3430  3891  531  12453  21980  1848  4130  1200  341  127  218  1730  2089  3098  205644  26359  114095  48538  27314  95016  54481  17523  2328  4147  6476  10221  5631  259  10913  360  6586  115508  6708  31168  12354  2983  44634  6847  17020  16496  5169  3776  8622  10969  125704  52329  53625  12331  996  566  761  629  56067  7641  11660  424674  1.54548e+06  235874  89623  404773  0  564827  1.12318e+06  78810  105485  42020  870142  990704  10413  117134  517  26402  242604  21928  175447  52555  3930  143583  77404  106059  
2687  951  399  4984  670  143  2840  5301  404  575  764  1596  169  305  1503  802  879  27633  3915  24986  43313  80735  21265  148499  5438  991  1973  2521  2534  1426  54  2337  70  1323  47850  1918  7356  2885  2131  39617  2292  24446  7109  9532  8677  1241  1076  12778  23984  588  1163  392  4523  2836  4404  695749  1107  2124  122633  18480  475631  237331  541811  365852  0  1.5892e+06  482172  181437  58556  79277  50541  2610  52269  203  12676  104711  12852  44865  11480  6933  395858  38110  34513  
2513  1226  342  2273  1415  250  4802  9895  976  2128  1382  367  146  241  1315  2103  3432  28303  3862  30789  8991  11841  5931  16593  4533  715  1847  2704  3047  2163  174  5124  311  2672  40704  3087  12309  5771  1965  19341  2769  14737  8208  5943  5060  8140  20729  70833  34158  18866  6470  849  949  1427  1029  55510  3570  11536  84957  205689  55694  34143  25476  947890  1.45874e+06  0  1.46017e+06  1.77383e+06  379941  3.58185e+06  188674  5367  48608  316  13325  287656  45293  78724  37801  8385  848360  188063  67294  
492  183  83  1356  215  82  783  2206  309  412  1169  560  68  161  671  687  439  3729  552  5242  2329  1658  1010  1509  699  207  370  453  417  284  26  743  55  429  5838  384  1896  860  301  2850  442  1385  419  426  1051  445  712  4022  11232  927  529  152  1625  558  550  129620  434  625  14362  20761  28560  13668  11335  54654  428190  1.243e+06  0  792014  32913  35909  10063  691  6898  58  2092  17942  2964  8619  4052  1359  359163  31460  7957  
1054  308  125  2914  392  140  1304  3756  438  566  3695  1130  135  531  1552  2146  1220  5480  680  9382  1416  1577  752  2109  1199  540  1637  2056  541  445  49  1415  97  790  8214  839  3096  1496  468  3107  864  15060  1144  571  4369  957  1397  6705  16624  1451  912  319  3814  1041  956  159666  917  985  14568  15938  32955  11815  13506  34513  86555  987491  571754  0  247804  35385  4876  661  5430  85  12246  73862  13929  18801  8114  3733  507643  252502  16219  
6627  1168  481  11793  841  121  3715  8538  420  1835  1644  1816  532  421  479  2601  2295  7605  945  6994  1399  5181  1078  8580  2624  139  7545  12620  834  653  85  2776  175  1237  16755  4131  6446  3273  5814  2510  3256  183592  7814  8249  34174  9321  3743  11765  34688  887  7099  2783  4022  2051  1513  9492  12238  6461  44059  22766  21205  9937  14982  90165  57221  380764  7379  358106  0  581096  431466  2744  435635  994  235065  265317  54290  198076  28838  67988  247484  519521  88447  
5293  2564  558  3220  3073  596  7711  15844  2064  4031  4677  385  196  815  3671  10268  14651  61909  8032  84855  3613  9484  3445  17070  5053  862  2788  5676  5621  5873  574  17652  1524  8741  51216  5707  32854  14635  2076  15400  4724  15062  24895  4695  4660  61985  108406  227096  41007  49696  20600  3012  922  1360  5193  41799  9282  61493  124818  435337  119419  18844  18586  1.01709e+06  118562  4.47633e+06  39080  147334  319007  0  4.59091e+06  35978  133119  1239  25489  152730  28158  130463  67096  4824  250171  31151  86671  
4230  2569  706  3353  3605  848  10036  19364  2790  4195  9232  484  266  1114  2131  21357  28033  84406  9582  66056  4107  16048  4394  31974  4785  671  2467  4558  4480  5068  876  21864  2080  8467  58349  7221  28850  13816  1712  12310  4074  46647  108650  10862  11247  243386  209920  270129  58581  22996  35362  6077  1364  1823  7368  55450  20347  459773  164488  663909  154299  31543  30571  674855  192437  285774  23365  26846  411892  3.82064e+06  0  1.78344e+06  3.5652e+06  2086  64887  161512  39093  121693  54814  4143  171625  28414  88148  
1140  787  189  772  1216  443  3814  7663  1563  1675  4869  136  101  575  756  12208  13271  33839  3407  23085  887  609  1083  846  1465  250  781  1403  1257  1729  384  9271  1009  3245  20593  2584  9845  5025  436  3537  1273  4643  69192  1126  1090  174614  129778  139450  18985  3139  20667  3423  624  832  3220  31905  12563  621559  63507  618658  66572  11861  1973  29322  20777  27075  9898  9307  10182  59277  1.90242e+06  0  826532  1390  25193  73541  18975  38832  19241  1026  22536  9428  31623  
6541  3498  953  6768  5819  1472  14207  33075  3763  13180  31980  1129  568  3243  3786  87068  67807  153200  13994  103466  4714  12109  5236  23548  6932  1426  4475  7642  5730  8253  1865  44470  4742  15582  98032  12873  46007  23109  3560  16734  6401  195016  64319  13665  20112  119327  135919  56443  97316  4314  219044  32532  3542  3893  16949  73746  494784  1.40097e+06  293841  243982  252409  38618  25248  257373  176499  124378  27501  30021  468215  131168  3.41299e+06  1.20751e+06  0  744259  1.08354e+06  206189  108523  378734  71330  19215  138184  56138  142606  
199  161  33  187  408  90  1009  2174  248  1344  3307  70  34  284  277  10387  3746  6033  392  4574  141  88  136  119  316  143  221  260  190  294  62  2071  344  898  4579  739  2315  1137  107  567  253  4244  3485  162  181  8799  7542  1548  6291  221  81652  4676  215  288  1215  1797  266617  273409  17759  3333  14078  704  183  1731  1238  1976  406  1074  4125  3050  5596  7048  516755  0  275516  9270  6420  55532  9311  411  3565  2487  9145  
3912  1662  862  5443  4934  1444  15849  50945  5163  10800  14532  714  392  1243  1113  31370  14521  26768  2493  20588  1211  2359  1249  4546  2271  419  3042  4966  1278  1803  368  9333  1272  4558  38141  6275  16873  8451  1351  3977  2141  1.15191e+06  132854  21416  23943  633521  1.51266e+06  45877  222487  4873  1.31949e+06  21515  1325  3134  5667  21496  1.2246e+06  539154  132592  40272  67928  7549  5043  43576  30738  33392  5843  31286  121974  63477  127575  87593  1.31091e+06  840651  0  69059  64745  372369  32401  9384  23989  34494  53131  
14418  12459  5955  14823  22558  3466  99047  224043  12665  23092  14984  2091  2099  2265  3157  23055  10945  47424  8398  54735  15562  35212  11016  52344  23037  1352  28420  17558  6879  4858  547  10914  750  8257  395212  65601  73268  47489  18586  34405  55901  247672  246177  129936  70605  72747  56784  430304  1.4562e+06  23035  560112  127551  7520  38574  12371  341098  604670  119177  732225  122917  754235  151648  99311  414669  404685  706871  117348  637168  722170  399873  171785  20377  174905  2421  53105  0  1.30273e+06  1.76637e+06  1.19965e+06  166291  2.72732e+06  1.51717e+06  3.56188e+06  
8207  3321  2237  12991  1877  319  13915  19345  1473  3700  3625  1058  98  367  705  6872  3894  12247  1683  13303  2061  6357  1339  11629  2270  257  2408  4200  1233  1028  111  3245  316  1683  18235  7019  10319  6315  5072  3450  2657  161563  136184  85644  61241  12375  16139  159351  332043  54745  159367  15755  781  1044  2018  31732  64911  25973  77284  15462  99291  16503  11362  46861  104117  98020  10470  72748  92248  61140  53617  4026  62893  5324  19690  1.33503e+06  0  321637  167222  560807  398747  132970  200579  
11416  9147  4906  17283  25620  2334  91183  173188  6195  31782  21808  3097  1307  1537  1669  33631  9497  20506  4021  22769  3726  6373  5228  11095  7223  818  6502  9201  5175  3183  408  7545  825  6477  112545  34475  76624  37899  41575  14601  15127  208016  178685  120247  68615  103096  27520  283340  833213  28888  400676  106329  10016  11802  6103  55615  491484  64275  266328  86072  163475  22875  15989  123853  66106  111376  15500  52825  63752  128533  60921  8288  74041  2722  132063  516176  620783  0  1.98926e+06  190866  225932  124205  410342  
2372  2420  1201  2351  7322  814  25060  50809  3357  10269  4001  196  215  333  454  8606  2470  5951  1538  8089  1200  884  1318  1566  2011  225  1320  1170  1068  849  115  1756  161  1718  35083  10971  21945  32165  1845  4225  3295  33491  50106  25418  10176  26266  9607  79491  394341  15657  216721  23891  314  3703  1622  23534  145960  21873  94786  35986  81446  7406  1791  21284  17994  34177  5212  11962  7592  46426  17817  2654  11643  457  5007  210486  209020  1.66759e+06  0  3219  467702  72005  866672  
5391  957  739  14046  130  38  2309  1694  123  219  191  3404  712  482  484  433  398  1998  351  2661  496  1261  437  2442  1582  98  1996  3254  991  420  20  568  38  217  3069  3886  6107  2397  11835  1520  4302  146168  2386  12694  22510  370  670  8198  7261  844  1071  309  22727  9666  5702  5050  937  850  6241  2343  9130  2273  2001  8594  23423  16195  1747  11367  99293  45368  20526  278  18988  44  11210  62052  356897  76510  3721  0  29303  49241  5137  
4944  2199  619  8593  931  157  4457  7269  401  1566  2836  3163  802  876  3642  3316  4278  18281  2427  23394  5485  8326  4508  11349  8551  1436  10618  7561  2747  1629  162  4328  302  1827  52220  5993  12314  7826  8122  28498  18754  23423  5357  4119  6974  1869  1709  11014  30525  1199  24316  4265  18356  5074  3171  118248  24476  4938  48474  16345  81756  29435  35626  59720  157745  524924  541110  1.03219e+06  322306  187487  71007  1288  43081  159  18849  1.68861e+06  147993  99022  141084  38171  0  1.50151e+06  174346  
1774  1114  316  2645  453  54  2754  4709  148  832  522  700  226  177  245  766  650  2912  510  3203  942  2924  760  4574  1274  105  1781  1405  415  286  24  555  34  275  20169  4497  3742  4075  2220  1809  3874  12821  3261  1711  2051  1012  686  5540  15868  344  3100  818  3152  1314  586  9798  2978  1401  33250  12695  15355  8784  13704  76273  25313  154338  12390  691749  428304  27210  10213  650  22658  160  27802  695053  78400  81854  36822  13553  1.39621e+06  0  165339  
52288  50670  13239  23119  26553  11196  126577  682326  16248  638924  175441  2661  2255  5410  15617  485091  71327  231730  100501  355026  26476  14841  58781  30854  116337  12838  107749  50453  61594  43998  4972  30976  1695  21703  2.20846e+06  603652  899581  2.73296e+06  15062  153052  293407  26676  29203  14363  8607  16428  24497  88823  542378  29060  740086  127494  951  4419  4679  62106  625928  79661  379268  102059  294695  40622  19561  139147  66539  100614  22728  57341  87258  74377  37722  8872  52914  1788  27503  2.19018e+06  317565  1.17069e+06  3.02984e+06  6393  945306  352748  0  
