4355949  
2738889  
726916  
4417161  
4027488  
4111990  
8280089  
13102025  
3756261  
7035356  
2909823  
2583611  
2428551  
3482417  
2949486  
6202852  
7811606  
5986320  
8965204  
9125393  
1649958  
1549161  
4340556  
4077069  
8397325  
2018390  
2150868  
2203806  
9333889  
10814347  
2963573  
9920630  
914660  
7469310  
11382386  
3098354  
5011623  
2252660  
713385  
4147479  
2157665  
5409378  
2278967  
560960  
3887587  
3089653  
4637951  
7609803  
12327271  
4635319  
7441751  
2374145  
2871766  
2071785  
3280316  
3026713  
6147299  
7559386  
6554360  
9109063  
9292897  
1881923  
1349970  
6250509  
4088876  
7984452  
2178388  
2042095  
2291853  
9102581  
10312852  
3266411  
9277185  
1068914  
7063187  
11580119  
2537805  
4706621  
2334884  
721626  
4239309  
2172945  
12945121  
