3776487  
2312418  
417666  
3378402  
4025045  
4402846  
8086182  
13273413  
4307680  
7249166  
2855974  
2525493  
2483494  
3597806  
2908408  
5185560  
7078834  
5547007  
7615077  
8315269  
1354298  
1283961  
3840709  
3675751  
6944461  
1921028  
1837023  
1678249  
7137603  
8781597  
2888145  
8831280  
819874  
6797889  
1792427  
1628019  
1364035  
1710382  
930566  
2359483  
1834283  
3497008  
6319782  
2474141  
783146  
2402576  
1561288  
87620  
467869  
698193  
1100321  
411847  
472077  
422136  
59056  
82465  
948459  
106357  
936015  
3600583  
1119519  
4310531  
2079688  
478511  
2926617  
3296058  
4687207  
8512697  
13688891  
5022663  
7443623  
2496891  
2246433  
1863210  
3504121  
2930871  
5559489  
6960417  
6142331  
8125892  
8845674  
1833242  
1198818  
4449670  
4198569  
7240877  
1846580  
1668646  
1387020  
8767143  
9823051  
3431580  
8667445  
924222  
6557536  
1492406  
1650781  
1937134  
1674298  
1406633  
2406150  
1531209  
3121446  
6014256  
2579057  
574048  
2226676  
1611204  
69116  
494149  
677168  
1047716  
412261  
467334  
497969  
108674  
98145  
967441  
146718  
927027  
3293415  
1293162  
9366066  
11678747  
5330090  
208836  
