0  1.8509e+06  71917  849032  654553  8109  556454  10007  319  3719  879  5006  1525  462  1079  4149  6512  18070  15524  14480  9009  17605  75955  28719  22859  2369  12076  466289  17359  33027  2010  467049  3302  1.10388e+06  73772  149698  246488  20802  84273  27077  60620  22444  208  1571  34182  246  113  1978  2707  329  719  304  4639  1769  1180  892  1070  584  3773  1971  5220  1175  480  1658  799  580  70  487  1609  874  937  169  1063  57  489  3549  29353  2002  586  9520  1393  2120  32458  
1.12115e+06  0  9352  11162  1.00691e+06  4357  410712  19223  483  4453  1648  805  434  254  1103  5816  3612  13170  9006  15742  9996  20135  53950  34406  27381  2712  8247  73504  16770  27958  1835  193245  714  68727  340460  439398  324026  75127  58196  56374  29135  743  400  449  2007  456  202  3456  4569  612  849  509  490  326  372  689  683  433  3209  1546  4684  859  378  1380  670  446  118  323  537  663  591  129  601  46  287  5948  1220  1592  889  925  1726  1412  138040  
64420  9458  0  264405  3229  134  173252  76940  161  378  137  4063  88  31  123  414  149  771  472  1186  564  922  2188  1778  1902  175  1551  3592  1610  1986  56  1153  30  696  21531  97806  18937  3944  30648  4267  6112  10698  2862  38414  45351  640  87  27393  17254  368  249  29  814  185  137  101  122  53  290  314  446  120  64  562  186  285  12  894  1435  348  399  21  424  6  413  1937  17089  1591  383  13529  905  4121  6459  
696570  4350  730213  0  800  304  21461  626620  475  674  371  1.28746e+06  7009  1557  2120  467  240  1306  818  7389  1778  1584  3294  2680  2839  453  10230  74197  5508  6298  84  14517  50  8147  12143  79989  33881  3132  54492  5234  19871  184070  6509  277026  1.90392e+06  2985  692  93491  243291  1453  933  201  191759  5509  2580  1280  592  279  1041  1567  3230  1103  462  3618  1064  1598  99  2439  6304  1590  2483  104  2869  28  3199  15365  126310  17188  3113  45256  2741  7097  7362  
739273  819550  3575  3030  0  1.1178e+06  1.14616e+06  137390  28734  43256  3475  375  657  343  2217  24045  66508  44155  57814  39288  13569  23166  118775  25904  21604  2314  8175  14492  31206  76235  39752  263014  4930  549228  495410  268537  525848  111196  9010  53437  23877  511  387  332  1104  9767  7620  49536  41150  12677  3591  971  273  378  446  929  2800  1397  6154  2937  7800  1240  673  2851  1110  753  187  502  696  1094  1314  376  1499  99  505  16486  2176  7408  4245  526  3174  2080  207276  
31333  30572  1460  1000  1.056e+06  0  449577  335210  355425  1.6184e+06  2537  95  1161  195  1012  76011  119973  22618  54986  18789  4008  4679  32251  5381  5517  699  1705  10879  19247  55458  33508  293499  8867  1.01587e+06  119135  27178  357136  81859  2128  10235  5124  838  780  390  742  23584  30384  119731  122857  94239  20538  975  148  449  445  640  3370  1598  5435  4038  4425  943  556  3893  715  858  131  781  1145  1440  1903  490  2219  95  1273  47509  5051  22895  10084  689  3532  2839  109183  
307897  680171  440002  24341  2.12694e+06  653861  0  1.48863e+06  1.08168e+06  202915  5876  813  1325  472  2592  27311  20022  38783  71454  48293  14931  26263  94927  34604  38718  3610  28979  26663  52015  80325  15854  24284  587  12352  1.01205e+06  1.05311e+06  458371  137447  167304  166715  88236  2192  5586  4869  6030  62990  40070  336213  244991  57302  13894  1486  957  1001  810  1537  3235  1549  7928  6021  10020  1884  1030  6775  1827  1686  338  1896  2692  2590  3312  566  3299  121  1854  60084  10501  30760  16685  4246  6856  8220  315719  
14027  17369  164149  770667  79907  362985  2.0778e+06  0  2.34114e+06  525366  495207  678388  1.36329e+06  678402  121603  23576  11041  30807  17810  454527  67375  32038  28541  27707  18935  11868  23510  15029  17450  19671  3195  40904  1153  9930  599957  369076  373097  143789  108444  84325  48066  38973  30115  215816  422297  129831  101679  811013  2.57271e+06  496359  287312  25873  133891  82525  134629  21386  38551  5135  20082  20163  89346  14050  5168  21475  8527  4334  1465  6808  8507  7293  10757  1863  13266  373  11383  273765  88412  161363  73612  15658  27479  24486  427009  
419  2449  614  526  12018  616314  1.16503e+06  1.81458e+06  0  1.51149e+06  1419  52  115  81  96  22145  3222  17606  28793  8321  370  354  3483  299  1229  82  868  957  3627  4016  1096  9335  276  1576  55344  7723  48101  23181  2063  2294  2912  731  643  252  458  14592  27940  66314  164504  136601  77696  988  69  151  531  325  6685  997  3912  3704  2024  538  231  2099  302  417  84  570  868  940  1253  383  2094  59  1490  41372  4404  20567  8285  561  3819  2407  62837  
18576  21915  3075  1821  112166  1.24926e+06  164130  876452  1.51836e+06  0  70787  233  743  1120  800  2.31139e+06  217151  63978  68652  26229  2476  2464  21397  2592  4581  555  2944  10516  18005  41656  24992  320713  60629  661943  254289  37043  688370  382108  9627  30584  13505  1264  982  406  1312  7029  9877  30665  221883  84696  530477  23167  252  335  1294  535  149152  9878  8424  7157  4213  649  331  2958  467  718  134  842  1382  1628  1797  852  4438  282  2720  49811  7399  38947  21464  1550  13092  5010  395375  
540  668  829  3038  1495  727  4017  653103  1633  117985  0  11333  31892  1.0661e+06  2853  106927  6762  10672  699  763766  3265  542  629  527  506  252  700  1064  1260  2238  1007  4578  530  1377  15339  2644  9474  8814  1978  3726  2234  1272  668  1425  3579  2243  1563  6282  139803  14247  384841  303114  2388  6995  42791  6959  161560  19806  31517  8820  48539  1663  537  2580  1040  1394  2083  2933  1226  2987  3540  4728  12948  1345  2409  28943  4918  22070  14461  1230  14811  3556  35347  
27383  3143  20594  978616  813  295  18189  1.14179e+06  405  470  3761  0  333336  92109  94992  547  308  1874  756  196055  37513  17861  2696  14637  4379  4559  10352  47491  4357  4962  96  7409  41  4244  6630  19258  29502  1625  11281  15561  13707  42041  1258  28967  361904  3691  667  26064  215080  896  817  1096  578697  48679  19507  14009  718  390  1851  1106  30173  6974  2003  2089  2629  681  342  1208  3677  907  1394  145  1809  38  1469  6584  34354  5795  2404  7179  2347  2425  4125  
2873  1378  6036  51601  4085  3318  12486  966209  2674  1678  22257  362877  0  387572  188643  1824  600  3592  930  490877  71649  32105  2530  24215  7160  11162  10959  7179  2022  1925  144  2076  69  1250  13505  5509  11889  2263  2268  33805  3540  11245  1425  13770  65463  9662  5290  36355  225782  9104  3388  6013  96509  395428  73489  43021  2758  1263  5813  2632  115077  27261  7671  3862  10824  1157  1438  1935  1955  1402  1983  425  2166  98  1526  25871  7058  20103  8579  3781  6116  2795  15520  
1439  1074  2446  19343  2365  1381  5662  778637  2643  9492  1.12665e+06  71763  406777  0  520728  16268  3391  8620  1180  1.0474e+06  75552  37764  1979  31102  8808  15192  15083  2092  2576  2495  542  3470  371  1563  28936  3279  8510  4131  1241  58725  3492  3601  722  4346  19855  2321  2247  8020  141390  11607  52965  93807  21946  135684  721330  74874  42689  5758  18832  4270  191388  33042  7169  3513  9170  1682  4652  5492  1439  2016  2148  1314  4343  423  1401  23044  4437  13929  7399  1468  16180  3535  20660  
3904  4862  4589  24706  6340  954  9452  237569  654  1603  3041  104785  158189  514784  0  2029  5099  18278  10141  1.89413e+06  155599  85961  11892  590101  38563  103908  62238  5596  16461  13756  1238  11718  686  7914  97134  6950  26337  9938  2315  360301  16927  5550  1488  7973  27798  2268  947  10586  51873  2850  5110  12072  19371  14898  90729  245174  12976  10830  82110  16864  130271  16043  6120  8832  8236  3919  3456  5973  4695  11000  10811  3703  8809  462  2410  36788  7723  14603  8912  2561  29601  10005  32016  
18526  22723  3341  1580  97162  114751  38718  65032  102750  2.23073e+06  108505  230  599  1649  855  0  1.5972e+06  516541  159916  55691  2192  1622  25802  1581  9377  542  1509  9648  35045  39808  18624  583562  312258  709167  198796  24468  539422  321037  5768  37498  11254  692  479  264  826  2447  2197  7506  19139  6475  63231  15158  171  237  918  691  87665  40905  32921  14120  11774  651  310  3867  488  1628  256  1076  1385  5009  5271  6849  19963  2029  2297  17869  3277  9431  5841  1032  7756  3810  313316  
31424  51264  4663  2734  217361  289117  73015  82576  10478  390734  40433  561  1119  2166  8509  2.13096e+06  0  689920  1.51492e+06  235521  14766  4722  59145  4721  17062  1777  7112  21444  100181  641751  672487  1.93448e+06  619570  640847  204489  49841  556996  163390  11267  62269  27295  2200  1536  715  1447  5355  4855  16854  25275  11168  51159  22579  410  588  2197  2643  181328  105947  203578  48295  74044  2553  1661  12502  1998  5096  797  4217  5761  18537  23357  20793  50127  4511  5900  66040  10977  24592  16033  3283  32051  13022  183911  
37646  54189  10588  5221  73901  23830  77938  85669  107338  206835  32727  494  889  1212  10737  523380  410683  0  3.17806e+06  956992  105941  12580  790948  19144  128427  31317  23053  40789  191295  164717  26415  195763  28527  154360  264437  37576  402314  172188  12265  185475  75505  3628  2325  1339  2536  3618  2132  11914  18987  5152  20227  5299  518  585  1076  3161  49187  44254  203831  65661  141613  16411  30229  108478  30843  12108  1779  5941  10137  25664  26863  16989  38055  2320  5451  84709  11544  23936  11263  3906  46485  17486  185909  
54522  87335  9401  4785  141290  111382  200997  86326  135000  193109  5564  729  1407  1802  16022  109638  1.67443e+06  2.85026e+06  0  217315  18778  7322  1.50016e+06  11111  187973  18413  21318  49010  763394  1.87046e+06  751492  359588  26141  243040  196447  36324  483337  191436  11037  183451  74621  2360  1677  957  2105  3537  2275  14415  26602  10656  14057  2676  491  558  977  2612  17131  17264  109214  33347  50047  5014  4217  22117  4437  5595  876  3528  6826  16880  16340  5831  14650  770  3256  49158  8036  19142  9052  2892  27773  12610  162910  
45980  73853  25354  40918  45295  6336  109042  604351  8894  31889  676105  133818  224909  451059  1.56467e+06  77083  59624  1.12954e+06  126146  0  1.79603e+06  653034  141379  1.03322e+06  92158  139319  76624  76933  253524  202043  12305  157473  6608  99072  497059  70063  354940  133538  20374  683139  126376  16318  7102  14274  38897  9852  4737  35278  140174  12208  57485  67565  28958  34198  108412  140033  122684  93622  553952  151532  1.20354e+06  73823  71833  164455  100414  38398  12812  21745  31412  75500  74820  34570  78701  4256  15341  209813  39550  71899  35674  12803  195211  52603  232072  
5340  8564  2633  2909  4669  481  12219  19951  259  1098  429  6934  6897  7742  71797  543  1206  124366  7734  828118  0  394386  106238  179118  15779  43961  8724  8556  24043  20566  826  19276  1260  12167  68537  6878  39579  12404  1864  88514  15436  1430  711  714  2249  814  212  2516  6989  355  536  446  2523  3941  6164  22053  836  1277  38378  11529  159455  143230  56372  55817  42771  7719  2851  2523  2570  4862  3996  718  4392  246  1732  24488  3211  6528  2211  1087  27757  4719  22084  
6359  11204  3320  2664  4143  314  15612  13568  109  722  208  4264  4282  8460  59801  334  460  14460  1924  299841  506651  0  61836  579929  26104  40352  6214  9281  13410  19571  580  17952  899  10418  65064  6763  40624  8133  1509  77674  13442  687  311  330  1574  481  127  1591  5300  193  241  282  2359  4072  6579  23781  253  449  13216  3047  98372  97397  66651  13704  41535  7113  2598  1968  1403  1778  1737  378  2747  107  1037  21424  1449  3561  1136  646  24985  2975  16376  
72187  98287  11014  5678  72542  7817  82833  55910  8609  15149  781  340  545  450  7561  4784  18441  1.06395e+06  1.52319e+06  64273  132042  55067  0  195589  828003  79315  38813  51626  1.42462e+06  792611  51944  330896  7642  261013  194848  26233  332581  101973  7990  114344  99189  1590  1125  779  1545  1504  524  7550  10451  1747  1817  395  272  301  420  1767  1860  2134  53390  43051  86861  17251  22555  92147  23158  11512  2232  2490  3236  7147  5845  922  4952  289  2133  61025  3996  8533  2743  1463  24391  6214  74773  
15906  25686  13439  6197  5070  357  44095  26969  162  535  174  4972  4071  8430  547388  324  536  32177  5138  570896  295549  726917  479473  0  1.38254e+06  670933  52523  35172  78969  111610  723  40835  358  11147  135677  30054  99141  9334  4640  374530  30353  689  365  545  2278  366  87  2405  5422  260  412  487  1674  1727  2979  10128  483  347  7297  3431  38799  8674  10656  30623  107598  13596  4258  2314  1318  2257  1723  177  1331  50  463  30659  1316  2681  749  704  39374  2236  100863  
16155  23788  11257  5792  6216  844  39186  26545  1262  1792  365  5371  2725  3897  31822  1089  1442  81914  58100  59499  47554  71919  1.13284e+06  1.57792e+06  0  2.0672e+06  1.50624e+06  143372  3.20505e+06  148985  2276  48747  318  19072  154525  35368  195516  131596  14093  552997  293812  906  428  577  2377  518  183  2421  5380  509  943  807  1357  667  1233  3570  1152  844  15136  10130  21153  4916  2432  12215  8964  15401  2631  1952  1851  3525  2586  377  2082  120  862  26360  1950  4750  1862  1076  21793  4356  70671  
1659  2264  1302  1143  695  74  4231  6665  56  200  68  3133  1659  2460  28637  189  170  16155  4089  31670  38189  47956  94205  483552  1.76782e+06  0  417393  6286  135451  20152  180  5375  62  1880  30116  4153  11617  2735  1321  345763  16470  231  58  179  1029  96  20  411  1462  60  188  425  706  347  730  1883  346  167  2759  1333  8701  1672  653  2292  1889  2085  740  475  294  570  441  59  340  25  108  6523  351  616  268  138  6283  585  73670  
8037  2549  2857  5881  847  232  7592  14423  455  1300  373  6295  3319  4610  32842  1233  1097  22619  14122  28154  10151  10398  52927  36547  1.05596e+06  582412  0  234013  60641  11182  631  6678  213  3546  137988  25217  124500  131271  29470  478408  615693  941  121  325  3474  174  86  862  3049  379  945  916  1580  431  845  1128  1076  436  4556  1621  4575  735  508  2100  1225  1329  433  662  1551  1501  1389  149  937  34  218  6299  1245  3772  980  1305  4441  4763  28571  
232556  40716  40108  92737  9000  2868  85297  26617  1038  4222  815  10730  4088  1289  2840  3778  7166  31359  21786  30209  24277  50546  126605  65323  183220  9161  267137  0  420607  584364  2509  323719  3909  60189  125584  125826  330687  85803  83592  130719  538550  11088  390  483  27245  401  195  2627  5216  985  1945  326  7406  3212  2154  2056  1804  1083  8182  4186  11727  2635  1001  4075  1937  1448  277  1054  3716  2622  2735  368  2337  115  792  6904  12398  7430  1680  9926  3751  7557  27179  
18143  27364  7710  3861  29188  15072  47933  20797  7463  9249  1821  449  517  737  8912  4677  17706  123211  406023  85772  41604  46423  1.4722e+06  116513  2.74413e+06  142903  81403  416351  0  4.18985e+06  56531  89330  880  46405  124956  32242  134723  46409  11178  281008  80423  1459  868  502  1157  1413  574  4298  6247  1410  3716  1012  345  469  720  3123  8213  5795  43637  20470  31500  7002  2878  12954  3628  3736  788  2069  3268  7342  5867  1837  6836  565  2568  20974  4543  9620  4351  1567  10550  6608  44652  
36641  71571  15782  8821  175488  109495  138298  60528  10857  30870  11754  600  883  1313  9537  24096  671136  157791  897202  113665  39543  56281  748873  92035  119180  17612  19665  300768  3.59817e+06  0  2.08938e+06  3.38189e+06  3521  109934  219956  69620  319489  97229  14033  176909  79295  1655  1017  616  1473  3271  1979  12214  17445  4630  17122  5904  423  570  1164  3085  52443  29946  78592  25684  40813  5194  2622  12850  3448  3802  796  2441  3764  9961  9759  6084  17227  1751  3264  32907  6118  13838  7575  2018  15708  8039  97411  
4132  27273  1113  671  107389  79276  50613  23868  4025  20131  5561  111  251  383  2114  13053  1.12283e+06  46566  562418  35796  6049  4079  59939  3219  4977  1233  2276  4151  59428  1.92497e+06  0  1.19746e+06  2247  23207  63470  16374  81944  29713  2271  13849  9051  373  257  132  328  1471  1047  5890  7607  2315  6547  2716  92  109  333  541  22498  13000  33022  6942  12162  650  396  2435  587  1003  194  716  981  3064  3692  2973  6740  599  831  11693  1803  4110  2761  528  5673  2288  33719  
277889  204171  26258  43907  339398  379586  100253  108038  7184  330379  29579  1837  1527  2199  11447  504438  1.47652e+06  302884  330333  210317  68678  97204  724683  107754  93605  14386  17568  474651  147569  4.09721e+06  889768  0  623214  1.58116e+06  285994  101484  721232  143808  21303  158475  90339  4333  1318  790  6930  4202  4434  15705  26853  18322  26936  12445  1670  1350  2418  4565  96146  46383  105298  28689  63266  6379  3486  14177  4906  4592  1054  2926  4298  11414  12016  9096  25731  2877  4432  45919  10780  17985  10564  4081  20936  9558  145878  
5458  6257  414  304  21220  27701  4371  10511  341  66123  1510  36  86  117  496  207596  292294  16485  8051  15470  1520  607  2622  466  497  182  324  2707  2265  5325  3732  509519  0  290837  8299  2107  78404  13887  967  2073  3191  64  47  36  135  279  263  1056  1800  1150  1501  661  27  38  99  111  4790  2156  2594  850  2146  102  110  435  132  135  26  83  131  353  357  296  1080  126  196  1641  297  827  430  117  576  392  8729  
1.26372e+06  275398  14958  17279  1.28118e+06  1.74053e+06  70523  70224  2342  1.23016e+06  7095  840  984  498  2915  1.32014e+06  890274  117618  108422  65956  14838  15211  159525  14295  14141  2483  4104  142407  30945  99193  56267  1.62956e+06  690410  0  64067  31619  864430  42968  7111  18120  38118  1296  320  261  5127  2378  2190  11014  14798  6397  5892  2293  1054  544  633  890  14977  7062  13603  4406  11272  1114  832  3063  1134  934  187  557  1059  1931  1973  1236  4045  450  762  10811  2583  5166  2499  1059  3809  2134  41537  
88123  205364  126830  38713  75672  50548  1.00899e+06  1.59885e+06  53819  444025  135277  3391  10533  12581  35309  391043  89971  494411  180626  625869  95809  92233  385342  97469  330847  39543  498488  228567  319954  239174  15920  135916  6984  40442  0  2.80197e+06  655829  785287  701473  2.74688e+06  1.51677e+06  4191  3804  3855  21810  28494  24549  132777  274146  78272  73293  48222  2393  3359  8208  7697  26730  10287  53245  21662  69705  8384  7542  33328  19733  20631  6933  8908  12887  13395  14111  3208  12260  547  4828  260832  17610  73998  38839  7065  90170  52594  3.74853e+06  
63043  97470  134241  40464  19091  7569  750660  428862  3958  39098  29683  668  628  857  2402  82920  13077  43671  13689  74285  8445  7392  32836  10532  72470  6043  110033  64158  135023  97996  2196  30003  1817  6690  2.15315e+06  0  294820  318190  1.00435e+06  792590  349469  774  726  1720  4571  2057  1604  12488  24810  4261  6887  5052  485  405  820  883  6362  2386  11172  3179  10534  913  607  3066  1228  1143  361  1048  1649  1761  2009  590  1746  89  467  48097  3050  6420  4048  2424  5952  6142  470837  
141607  286160  153281  48586  330208  81847  928021  1.2122e+06  43219  424500  127703  3498  9900  6872  12650  411819  104219  235089  164653  245381  37314  36221  202827  47386  49652  6717  24479  47712  92814  115427  25602  107439  12581  161074  304174  960758  0  1.9718e+06  335122  65725  119154  2877  3211  3768  9388  14549  8331  74688  231087  35337  81802  51849  2137  2778  6909  2940  24484  7678  23588  11378  29052  3214  2426  12326  4042  3393  522  2101  5034  5726  6483  1686  7389  486  2984  59075  10342  57702  18456  13816  14495  16455  232500  
8120  22086  11851  6048  40370  16469  132021  304518  11797  170433  37095  617  2176  1701  4710  195704  34577  102855  73893  121261  12882  5500  42708  4104  17414  1740  20938  14719  46032  46379  9147  22310  1990  6708  147611  173621  1.86597e+06  0  73210  64565  161095  733  705  674  2403  3695  2229  16869  47669  10266  18094  10420  392  629  1527  1011  7784  2652  10083  4133  12345  1057  989  5063  1895  1575  272  870  2064  2286  2713  675  2872  152  747  19747  3160  18567  8553  3860  6650  8981  492275  
96855  20224  84355  73675  1832  436  166406  71654  1592  3784  770  1380  691  220  396  3438  1099  6659  3617  6565  1734  1902  8827  3050  13005  758  20251  31570  16322  9217  258  4482  93  791  186224  631848  222686  42437  0  35626  85605  1686  307  502  3874  261  102  1834  4656  499  1028  171  1280  778  521  332  594  267  1397  1436  1633  507  301  2608  845  902  66  656  2649  1689  1790  94  1134  26  206  7597  3087  9657  1065  11327  1674  9351  17352  
12792  13226  12507  12871  3241  838  41042  61874  704  1966  1247  33351  25058  54289  149361  1943  1894  39270  12173  139178  57629  55867  74556  138639  629348  578097  1.42238e+06  83678  324494  143401  1080  34924  519  6725  1.96819e+06  114526  94457  37967  104569  0  1.13333e+06  4595  1323  2089  17975  1800  693  5607  14729  1245  4187  8481  6641  1914  7777  10188  8200  7346  70038  21563  47728  7411  8648  24478  25389  26656  10192  8997  8595  16471  13658  2610  10571  614  2939  89730  7905  18097  7817  3954  115311  19487  87205  
32212  4687  5295  6979  1133  500  17802  13216  1272  3480  830  876  613  1269  4502  3353  2983  48463  31006  20792  9703  11014  96990  9287  229063  12184  1.24294e+06  317736  64573  21241  1489  15873  389  10916  732613  77435  227219  289840  114065  1.02925e+06  0  571  190  171  3872  282  171  1261  2357  904  1740  404  420  216  322  687  1215  681  4161  2279  4706  925  755  3739  1888  1687  447  982  3279  2664  2837  234  1627  44  233  10121  1559  8827  2194  2333  6223  13329  82069  
7306  1006  9776  24281  641  558  8539  17916  1395  1976  1351  6041  694  210  569  2558  1631  4808  1273  8052  1674  3382  2419  1624  988  250  968  2965  2276  1807  291  2721  188  1430  9511  8260  7130  3895  6753  3564  2941  0  2.03596e+06  61882  887148  843599  61461  652484  85738  6491  36616  1308  23682  4508  2966  5379  36065  21869  30896  78248  20900  10740  8455  153642  18052  30236  1671  103734  881608  49435  81511  7330  1.01196e+06  4790  1.36805e+06  226683  233917  387164  77770  106312  33884  165202  90093  
500  1184  6210  3328  326  332  12459  23413  656  773  531  130  173  61  239  819  467  1671  500  3077  649  1217  869  565  406  108  352  447  793  576  112  727  62  442  4921  1830  2686  1609  1584  1445  1054  1.0559e+06  0  5352  4094  733042  15056  220203  19664  2979  8205  553  799  601  492  1837  6441  4627  10670  25372  7297  3774  3124  52234  5829  11250  637  14374  86404  15819  29253  2134  387947  1343  62571  233436  273191  200119  52187  26978  34321  33172  75817  
8683  484  40063  70735  71  44  10755  22938  71  80  44  510  53  11  36  58  39  162  71  306  75  138  114  101  77  12  99  102  78  82  14  78  3  51  1010  5313  584  268  614  274  280  28136  4913  0  172277  4586  596  131611  77512  262  612  36  451  64  57  184  536  279  729  1753  683  316  256  4037  706  1456  66  1493  2274  1501  2195  102  2207  31  4971  28085  71856  30762  6933  19326  3814  3671  8578  
98565  3550  276669  1.67125e+06  621  179  33854  204800  223  452  220  429886  5788  1331  1266  383  245  1104  727  4244  1093  1080  2529  1563  1507  276  8595  83511  3616  4389  76  23614  103  22109  5899  32633  18355  2103  17278  3268  12669  844408  2818  245862  0  1484  390  23734  444556  553  900  202  1.0346e+06  6334  3024  1616  870  402  1373  2371  3567  1484  640  6127  1797  3034  140  4735  17114  3073  4452  145  5977  50  6144  21682  197447  23384  2685  58649  3423  10323  7907  
438  1029  1469  1441  3629  9425  45935  57059  9888  6123  1390  314  420  154  489  2251  1243  3348  1255  6277  1413  1949  1748  780  685  233  583  540  1328  1367  262  1760  131  738  16745  3020  7256  3902  1109  2794  1590  612124  835403  5500  3938  0  986068  1.05782e+06  157613  22213  86984  2276  774  1288  1532  5814  41472  22327  29843  53068  19700  9383  5706  95576  7169  12203  1223  12459  21392  33131  60096  12431  249895  6126  661293  413319  171790  289204  111928  10520  37351  30172  174277  
331  623  616  804  2945  29458  43803  110784  45452  29599  2556  194  773  415  389  3704  1725  3370  1210  6665  1047  1267  1679  580  685  180  569  562  1304  1478  353  3080  171  838  28112  3008  11867  5642  777  2980  1708  67501  57282  2839  2322  1.5879e+06  0  806776  282645  687696  2.06992e+06  6626  588  1215  3445  7262  109810  69970  28729  73464  25262  7197  3687  66101  5725  8762  1088  6470  17477  67529  101218  30117  302099  18961  1.15701e+06  264419  140328  198231  83857  6284  30723  19032  145444  
3874  14454  50046  32323  23747  95828  468637  498144  81411  30735  2108  1363  1916  354  1159  3912  2518  6265  4594  12202  2416  3471  6088  2248  2417  505  2197  1800  3843  4642  836  4935  224  1690  86162  22823  40067  15637  5479  9628  6378  407632  401496  264944  27980  1.87031e+06  1.4422e+06  0  1.99462e+06  1.21542e+06  317045  3064  2000  2705  2181  8520  28631  24724  34275  105605  26919  10909  6579  93075  11006  21972  1782  26703  45649  82554  83513  7828  72094  1236  49650  686539  815432  376174  117817  54586  97894  60540  251476  
26548  24383  138445  240146  46395  177598  772293  3.19098e+06  360963  404403  52304  97413  94865  27694  19394  24753  5599  14635  9656  112006  25074  14159  14741  8941  6559  2170  6877  7542  8379  10096  1628  12893  484  4106  245051  92942  125344  52499  29968  27786  18682  36982  39092  144031  692556  222369  150550  2.10396e+06  0  2.35727e+06  768566  497961  1.36618e+06  1.3481e+06  1.00355e+06  152213  37954  8537  86377  39716  543734  108953  29920  46405  54709  11863  8341  18639  16907  16978  24523  3770  30762  830  29823  461604  602205  324056  143006  38073  93393  42304  354491  
334  1251  824  758  5998  54683  76877  136249  82501  55039  1232  120  208  114  140  2335  1542  2260  1810  3437  376  388  1486  341  617  74  735  787  1193  1642  394  4645  141  793  29755  3179  15535  6634  1159  2519  2406  2650  3034  790  1002  92855  1.00428e+06  980393  1.88905e+06  0  2.17874e+06  859  177  285  445  1028  23309  27268  25797  114733  4365  1060  454  21490  918  3049  208  1380  2778  31758  23866  1829  8945  238  5923  60935  139080  74470  34022  2006  11457  4966  57214  
933  1193  1137  1317  2938  11207  22080  196791  92645  342425  41845  300  357  1545  344  40609  5252  7802  1554  13241  1148  1217  2622  924  1433  287  1278  1950  1968  2428  689  4333  582  1756  53703  5361  29371  19709  2076  9177  4878  59774  35596  3030  3810  273059  1.98041e+06  404880  980986  1.51842e+06  0  99866  1143  1167  2969  3471  2.50593e+06  207443  107158  114652  24303  4943  2225  39066  2879  5222  674  7354  36356  38931  56855  25546  625920  212470  952000  204648  266505  447358  259104  16365  147195  45839  257919  
832  784  601  2010  1412  1202  3676  67825  8213  233815  388126  1512  2825  20351  1247  121960  9150  15688  1233  70793  2895  1106  1068  407  636  328  722  861  1535  2670  1130  6184  883  1844  36912  5926  16006  16322  1373  5207  2006  614  310  258  1562  1765  1186  2805  536065  1992  224551  0  7133  22713  863277  7640  252694  3410  37298  1898  671223  15363  2208  1299  2035  429  488  725  744  989  1267  1025  2864  265  1113  15082  2931  9149  6776  793  4565  2378  37730  
46538  2097  24882  425610  2332  1004  35287  381552  1465  1007  2078  718474  153830  35847  28413  565  319  1955  999  61902  18059  9446  3066  6430  2139  1594  5642  33685  3142  3516  106  7360  51  5554  11117  24293  18494  2673  16591  7546  8116  54258  2059  21227  839570  3263  715  24584  1.23594e+06  1134  1321  3887  0  422942  136530  116413  986  794  5127  3063  155561  63864  18460  5030  22832  3073  2806  6585  17204  3012  4948  324  6292  116  4875  7282  64708  10586  2239  57597  12182  11284  6560  
7910  1344  5584  38796  8426  15008  67028  242342  14077  7289  6864  45199  251333  82471  16776  1926  839  3256  1817  77876  24134  11598  3664  4629  1475  871  1526  4818  2255  2397  261  2921  95  1734  33099  10562  23405  6801  4733  6727  2913  6040  1425  3464  40500  11100  5552  21211  1.38125e+06  9350  3967  21184  280892  0  401221  175595  2668  1292  10162  4483  366764  125273  30276  5576  39846  2914  5396  6843  8429  2638  3681  582  5029  190  3626  20976  13276  24139  6897  26437  17748  8076  22737  
6435  1171  3541  28105  1838  3743  9191  160595  20257  51158  157533  20530  35436  559623  54724  48443  4959  8450  1797  255012  33323  14640  3376  5094  3222  4037  4571  4335  3104  3219  708  5294  565  2533  33009  7714  13355  8757  3988  16874  3119  5032  969  1465  24820  4911  2837  7920  768547  7571  17129  1.14949e+06  100723  400323  0  601765  32060  5836  31092  6673  945508  186651  36115  5667  43329  4055  11122  13242  8249  3841  4634  1796  8146  662  4055  20102  9191  16076  6052  12797  39647  10468  27315  
4494  1991  2831  19181  1723  622  5668  32375  775  1613  7832  13306  9755  49506  223943  10755  2373  9741  4480  201820  46264  27311  5430  17864  7729  10727  11294  2931  5884  4893  461  4895  301  3314  27378  4296  10391  4599  2336  42066  4385  3623  1088  1324  13334  3454  951  4611  106570  688  1875  6896  52337  112039  525278  0  4470  4280  51951  14829  1.52653e+06  235425  112667  11625  815564  23878  121849  88269  9058  7456  6999  2124  8917  775  5132  41683  7629  14766  6859  5246  277520  44031  18912  
1221  1164  1071  1436  2370  2495  7742  30634  6622  97328  30802  309  226  640  293  102021  28314  22704  2028  26375  1207  1046  2483  874  1431  295  1067  1895  3233  6510  3165  15617  2453  4133  30113  4769  14973  10318  2962  12734  4187  32636  17306  2895  4476  59107  65337  118002  73060  198238  2.3002e+06  74075  1697  1428  2463  2709  0  1.93845e+06  1.03609e+06  119550  33637  4303  1455  16869  1650  2737  538  6681  28112  13280  26201  33253  835770  420111  593194  188353  74060  465678  261373  29959  132202  54837  211772  
3819  4799  1882  2074  8976  4969  14110  30398  7727  56747  64781  478  406  1028  3481  234571  113228  112072  9834  172614  4129  2569  7728  2356  4556  1874  4488  5978  15120  31249  15399  70180  10686  18472  91767  12927  45372  24422  5879  47103  12721  43633  27400  4273  5659  143810  183621  135704  63246  148573  560168  8570  2408  3130  5227  9860  2.24322e+06  0  764414  1.68366e+06  75713  15918  3238  66892  4376  10546  1914  14759  41376  108260  482373  626147  2.20504e+06  295825  439369  237305  135085  323052  105608  26623  92076  55135  169880  
15242  23249  5418  3336  17521  3805  32485  40707  6223  21944  42797  476  530  898  6990  45079  55718  224017  52234  284188  26989  16216  95555  8625  22472  4902  11725  20015  64074  66033  11295  72031  2817  41357  205909  23258  112518  51222  10181  114834  39859  17539  9451  4115  5826  15516  5204  57296  103970  108941  115094  25784  1520  1951  2966  16286  1.04927e+06  597704  0  3.01502e+06  995838  155079  24804  628701  35468  63746  9554  25246  45054  89845  82667  22880  100945  5174  37899  182694  40541  131364  47329  18794  128172  76005  130236  
8880  13444  3850  2887  10623  4621  26866  40596  9036  23172  23031  503  484  637  4950  38365  31521  156342  41551  138423  19711  9351  112389  6969  19267  4146  7992  12237  42809  39553  6273  44993  2881  24956  139184  14925  71424  32863  13087  69136  25885  34322  23844  7210  8667  106005  89766  284565  93238  232371  124477  2446  1990  2525  3052  18454  22164  1.85503e+06  2.45539e+06  0  306318  38139  7066  1.51299e+06  22784  190382  17681  56846  84670  434226  1.07962e+06  777724  378613  6976  89966  308080  79075  251193  65890  33728  156555  173722  151047  
29952  38565  12482  32641  30134  6802  61657  145394  12418  40309  130304  19491  19965  34242  72541  150508  67995  271381  83039  1.50327e+06  219615  77913  120129  33032  45623  22476  33608  34669  119099  99351  12656  105741  5382  65885  360094  45382  198110  93443  16878  251413  70918  20545  9797  5895  22566  18370  6696  31298  523171  5953  56254  624993  87664  210963  649128  2.16253e+06  114089  33291  1.0962e+06  188923  0  2.43865e+06  840173  152820  969077  54461  144378  95632  48070  90319  77929  20158  83212  5567  35501  197089  50343  109556  45011  18856  333789  79260  180972  
4383  5340  1710  5059  3081  434  7665  10502  518  984  1609  2516  1148  1425  5999  1999  1229  54241  18643  44906  157872  56363  51551  11089  10916  3787  4379  4922  20940  13220  550  12079  518  9232  58014  4641  24102  10474  2361  62141  11110  5871  3268  1446  3783  4779  941  6654  24345  555  1300  971  11816  24348  33581  139868  1408  3718  183558  45253  1.37959e+06  0  308508  137013  184764  17045  46082  21522  11484  15107  14613  4515  28786  1634  13504  64395  12276  34123  12377  4923  80880  25538  34184  
943  822  599  2501  477  98  1670  3365  135  233  360  1248  507  510  1926  369  179  12997  2544  14310  37446  51080  16179  15231  3818  2585  1601  1048  2964  2095  102  2120  124  1506  47489  1139  4329  1828  1188  71459  2017  5027  2365  1696  2882  2160  322  5165  12257  199  505  181  6124  10872  14309  153387  464  707  33055  7639  499510  299486  0  120127  653725  44055  93777  24178  13221  12479  13218  1168  14997  532  5755  56452  11904  25139  3730  4799  104374  21807  18955  
5033  7204  2676  2713  4703  1095  15148  19825  1652  3318  1817  518  412  623  4276  4944  3646  151552  35750  45786  38576  47868  164043  53018  18652  4643  5406  6672  26993  19006  1173  18112  1006  13241  119116  7077  37162  16686  8538  69054  15938  45556  32817  15148  14118  42354  13394  90553  52009  15322  8926  697  1491  1541  1429  16297  4686  17235  542683  1.37598e+06  295031  201464  184533  0  441916  1.38118e+06  46818  75124  85862  1.30146e+06  1.04051e+06  16813  180214  2026  48532  405182  94177  249827  22259  31603  86673  186437  116111  
1456  1161  1062  3378  682  207  3083  7713  365  422  982  1519  658  522  2583  830  378  11506  3100  14501  26109  88382  16747  158429  9519  4230  2702  1503  4096  3310  160  2791  137  1854  77897  2013  7039  3078  2622  77460  2955  8795  3523  2653  5224  3719  652  8355  37380  460  939  180  8110  11080  13148  1.08106e+06  732  1145  49886  25060  677554  219464  598642  489920  0  1.94898e+06  756964  152841  50294  66969  59958  1167  33390  565  7417  142105  19446  35611  4228  9891  384946  64250  67244  
1306  1719  814  950  1199  279  3386  4571  367  1248  1461  237  130  147  1244  2683  2243  15423  4618  14115  9485  21365  17264  22334  13774  3219  2449  1880  6846  4823  488  4917  343  3057  65463  2374  9628  4463  2605  50558  4150  10107  4922  3076  4003  4920  1437  14543  11184  2619  1777  198  1096  1343  1670  54610  2499  4185  60409  264263  42632  22169  58268  1.33111e+06  1.64192e+06  0  1.82886e+06  1.20695e+06  321769  2.89462e+06  179156  1634  35124  287  6134  257329  33160  43280  8174  9901  520281  119497  79063  
213  315  132  280  203  50  590  1340  57  121  347  108  59  56  354  239  153  2224  812  2701  2936  5309  3086  4259  1825  696  520  339  1148  876  38  780  39  473  13705  394  1598  705  341  11674  691  645  330  191  436  543  138  960  5676  107  169  54  600  864  1002  90425  201  268  8850  12226  21150  12686  28720  70672  332821  1.52918e+06  0  685109  64811  47081  12159  164  3744  57  695  25085  1704  3285  705  718  225341  64270  58084  
539  480  569  997  291  139  1505  3645  263  420  1329  321  170  105  691  1081  537  2188  735  5047  1899  2884  2367  2543  2153  906  1065  886  1281  1144  92  1108  68  619  15774  1285  3354  1849  2189  11847  1936  15924  1482  863  2581  1759  634  3652  15079  614  2819  311  2043  2081  2372  75695  3669  2455  13601  15108  26605  9186  11663  37809  47442  1.02835e+06  609190  0  234096  59696  9430  1224  7648  310  7648  165460  28757  54190  28396  12530  473091  469303  39435  
2323  887  3342  5125  629  285  4235  6431  674  996  943  1044  472  173  653  1942  1563  5473  1881  8608  2079  4974  3353  3024  1680  447  1820  3287  2802  2298  322  2672  202  1602  10329  5147  13498  7519  13691  5892  6250  405038  48971  10566  28829  17335  5398  40193  16742  3901  12124  643  7290  4476  2992  6617  15379  11920  28789  59833  21564  11492  10524  156909  36268  206796  5583  263478  0  305478  381986  4031  254332  1887  147831  191521  87663  207287  31616  64470  134667  471804  53016  
2862  4062  1358  1282  3527  871  7589  11051  1358  2924  2666  181  181  231  3019  6116  6842  22975  7975  46691  5576  8607  11276  6649  4551  1392  2836  3774  13581  10657  1447  11576  812  7515  44488  4856  23880  11770  4164  22909  8470  21818  14693  6442  6427  28111  16025  60102  21071  18736  8531  455  727  1025  1351  11864  3789  16536  65712  345101  50921  19615  15550  1.36746e+06  138647  3.01108e+06  69020  58133  381881  0  4.02918e+06  4143  69488  404  23127  180105  37456  58953  10051  9839  234921  56905  49114  
2295  3200  1391  1649  3747  2477  11921  19550  4335  5716  13298  339  217  352  2853  21340  14980  37258  6595  74732  6863  9665  8776  4191  3439  1221  2647  3159  10419  10270  2744  15706  1497  6506  45690  5521  23071  12939  4597  18553  7715  31061  31886  8307  7701  209073  161069  214387  49412  38130  51143  1711  1243  1942  2434  13683  12570  341734  103238  776935  68646  34042  24024  904921  51663  152239  7954  17889  252742  3.65524e+06  0  1.20732e+06  3.25851e+06  1748  56438  169302  63075  87532  21246  12443  65190  56291  71035  
578  766  332  456  1374  1334  4230  7520  2455  2885  9186  122  77  183  963  13359  8619  18495  1759  39482  1306  875  1351  446  764  388  751  765  2269  3701  1485  7125  756  1878  16959  2205  6846  4260  891  6158  2036  3576  5572  848  942  107181  99278  103869  16368  14269  35355  963  633  1140  1559  7373  8252  722564  23784  1.18756e+06  29196  9891  2660  100671  3583  4360  1534  3810  6167  60301  2.07116e+06  0  777884  1116  10079  51892  21328  21767  9888  2563  16126  9352  24847  
2963  3311  2675  3939  4999  3706  17095  37715  6475  15222  29387  1009  717  920  3140  81310  37542  54863  7401  100895  13690  16907  10045  4757  3866  1459  3117  4147  10858  14713  5870  29785  4042  9172  55824  9256  29741  16321  8810  23955  9421  474108  370724  16825  18064  512530  327711  145951  121709  22390  422710  8353  4743  6590  8007  30672  752765  1.83454e+06  251687  529070  138520  82472  50397  708275  51994  81051  7929  38841  362921  126592  4.0797e+06  1.00786e+06  0  933928  1.17717e+06  355542  172493  490699  129893  42302  96528  131802  186874  
173  132  142  279  240  188  765  1956  291  781  1350  76  42  59  142  5519  2179  1828  237  3949  378  186  235  75  131  58  132  161  407  674  297  1527  253  440  1924  418  1158  545  364  899  309  9404  5480  581  763  20372  23352  3837  6841  405  97163  745  417  620  756  1969  219143  187681  13459  4849  8540  3518  648  3734  751  532  327  1831  8609  2115  7485  12512  553730  0  406070  13106  8698  43965  8685  3173  4290  5807  8743  
1238  1049  1932  2965  1468  2635  10803  27834  3920  5486  5440  647  625  316  812  15354  6805  9923  1670  18580  3504  4080  2744  1156  1009  355  905  1637  2519  3055  1058  5961  751  2179  15900  3578  8749  4702  3031  5403  2673  1.20616e+06  370465  20144  13682  1.65213e+06  1.89097e+06  90034  134254  9767  1.4293e+06  5449  3002  3468  3463  12534  1.46889e+06  609940  96314  133930  49523  26087  13003  184319  12191  17959  2549  54427  217783  61334  141353  92619  2.15799e+06  973415  0  243567  77126  347321  106501  27498  31326  128629  123500  
4959  6177  6583  11752  9340  21097  83958  304568  57376  67551  25354  2914  4327  3333  10101  24485  10461  40894  12450  99537  27893  35826  25985  18998  17942  7452  13976  8532  15375  13350  2089  15770  1007  7776  281499  31072  65799  57134  18335  89749  44563  198341  189363  78492  62578  240035  67271  561870  1.28824e+06  73517  730891  104869  10486  21387  31279  124946  619972  117635  594016  340265  423254  188722  96911  700935  152991  266040  41460  560224  558181  377251  267785  59685  246742  7107  37271  0  1.94739e+06  1.05519e+06  1.03506e+06  270863  2.50676e+06  1.67655e+06  4.92316e+06  
2398  1180  9920  10519  1012  1551  13198  27922  2483  3264  5104  439  313  262  2152  6624  1886  6968  1744  23081  2902  3499  2346  1486  1491  1078  1662  1034  2292  2042  354  2554  174  1311  17700  7453  7526  5649  3968  6710  3130  136465  191049  82000  56661  78782  62195  497178  233844  22049  90388  13684  1862  2531  3443  16876  86575  30441  48197  31423  48312  18251  10037  67290  19902  63166  5475  91062  78325  92045  47188  15862  56974  2953  10648  1.62746e+06  0  357102  306178  526093  515249  182566  274709  
5149  2976  10519  16840  5133  11593  58493  229712  48217  76154  18946  2654  2878  1987  2768  12908  5209  13912  4803  31512  4950  4679  7040  2779  3543  1208  4219  6692  5345  5052  956  6678  503  3306  69583  18232  73522  37643  65578  12206  14586  176441  266823  108598  84024  281487  43163  539670  934804  51833  577481  58400  12909  13309  11971  36444  556742  92097  212855  135216  121947  39241  12188  137243  19908  25023  5148  38300  52001  68127  55493  20577  113408  3700  60450  492165  919793  0  1.97412e+06  622563  160987  172973  354080  
561  693  1395  2447  1996  4617  20175  55098  8507  13674  4802  531  1066  373  1061  4569  1629  4247  1369  11563  1270  911  1920  617  1066  483  1024  854  1497  1467  319  1933  134  799  21241  3556  12113  11837  4084  4488  5216  23907  60112  17641  12016  91854  18930  116617  335260  19479  311408  22985  1476  3759  3809  13949  268314  34906  68890  53603  41043  10823  2523  23706  5437  5976  1864  31038  22332  30397  18243  6846  31893  1115  16267  221223  215193  1.87912e+06  0  27646  356877  253855  507349  
3293  566  8557  10756  119  51  6100  8364  154  317  182  1211  515  93  141  264  182  807  322  1377  386  570  539  341  349  58  452  782  537  339  35  386  15  172  1742  9614  6175  2508  10738  762  1820  129047  17212  38597  60340  2586  675  66200  20501  656  3785  381  9073  4855  2220  1537  3235  1140  3938  5722  4420  2176  1252  14962  5107  9805  390  10584  28906  11432  10327  496  9057  98  2482  64130  508565  109715  7732  0  14601  51975  8978  
3059  3435  1606  4496  2558  509  6307  10902  763  2449  8116  1682  461  756  5727  7527  5299  15352  5496  41823  11019  14770  15602  16662  17795  7584  9420  6013  9018  9086  986  8161  464  5350  127860  5209  21230  12725  7684  105702  17892  4668  2113  1145  6795  2612  1125  6763  35313  1330  35343  5145  8325  13116  19351  210652  25029  4120  36377  20487  75242  20508  35356  61179  147926  312299  402816  1.03337e+06  160787  228402  60430  1446  17236  338  3885  1.57997e+06  98329  54179  132626  14384  0  1.46715e+06  157418  
961  911  1557  1818  455  314  4599  6835  836  1336  1234  369  143  125  796  2081  1181  3690  1294  7429  2737  3609  2594  1797  1838  621  2024  1812  1751  1403  202  1577  130  757  15281  3539  7803  5900  8239  8889  7158  23004  4131  1625  3944  4173  1806  10353  14480  2581  14974  1077  1828  2389  2952  16886  18162  11219  46988  42873  31336  16538  8902  80542  14878  38435  9955  977831  393543  45624  30629  5541  30344  993  14150  841971  130145  154798  162291  43307  1.24451e+06  0  191390  
14330  42931  20097  8643  29040  23712  260779  541756  35363  426216  137337  1431  4421  5649  11716  337192  39234  195224  96885  236943  33582  23134  130628  33162  105407  26149  91137  51446  69493  48641  8462  40373  2859  13386  2.62556e+06  716766  471710  1.90566e+06  67309  223675  361673  35109  42643  15983  24703  76448  29759  157934  661744  47132  536569  117773  3298  7180  14534  41961  423101  58216  191236  107102  146281  45887  20285  142531  55061  49859  24312  105506  99461  47723  44626  18981  66652  2654  14582  3.03962e+06  473264  826265  1.97265e+06  26719  642533  528348  0  
