4782734  
2632748  
613508  
4239784  
4176838  
4144367  
7975837  
12652152  
4219816  
7014929  
2866547  
2364011  
2038308  
3413174  
2955298  
5433281  
7386993  
6521862  
7818443  
8889930  
1472779  
1268322  
4953099  
3518638  
7775901  
2242709  
1879931  
2223200  
8255407  
9522341  
2927606  
9612883  
820523  
6979390  
10803055  
3738891  
5808557  
2446354  
830008  
4645755  
2173778  
5798270  
2073694  
470988  
3806927  
3458094  
5087706  
8560174  
13775746  
5047222  
7876043  
2487399  
2763687  
2122219  
3365730  
2760670  
6198612  
7567097  
6860054  
8011831  
9171218  
1850459  
1202508  
5655939  
4240867  
7633849  
2103226  
1945418  
1947244  
8105148  
9039159  
3249634  
9934026  
936935  
7316665  
11266422  
3284136  
5602567  
2512183  
680410  
4066991  
2297647  
10364955  
