0  1.02186e+06  60584  801791  272889  39844  477608  33507  1298  6350  1822  5810  2778  2819  2749  7618  41313  16870  13587  13252  8594  10279  41073  58690  39435  3684  39939  179492  37622  128535  13104  237542  756  874905  103353  153893  314947  33343  108090  31329  41472  17948  1565  7835  19717  2179  390  6443  7605  360  815  1947  1657  120  152  439  1478  974  4098  938  6361  743  455  1861  1550  569  143  977  2486  751  2555  349  3562  56  849  7184  29932  3138  1328  5923  1763  1646  68837  
885908  0  8121  4334  684224  17572  612498  22576  1102  3596  4616  1104  315  313  818  7098  8843  17809  4802  17727  6207  6209  15582  40204  31957  3115  5791  32148  25702  45233  2195  34676  109  7851  289338  313670  233863  35669  27874  55112  26897  2078  2709  3055  1724  14236  1563  22384  18235  399  808  1028  409  47  66  262  867  519  2984  731  4771  553  347  1753  1205  493  121  291  552  750  1174  226  789  36  321  11186  4050  3903  1787  952  2076  1940  119445  
31195  9030  0  155617  1792  225  210570  134789  254  511  432  787  267  333  317  796  433  1864  1327  2289  1016  1014  3096  7586  8997  934  3723  28419  10015  20029  450  6127  12  344  11684  60710  103544  6027  26623  6109  12509  8348  6194  19372  11730  10914  677  23037  19503  192  282  313  766  60  72  195  311  166  822  329  1395  220  251  1376  1232  363  69  511  886  536  1710  128  754  17  494  2831  8265  4423  529  2798  767  1194  8888  
798826  7177  211383  0  1706  357  31586  931086  366  767  1387  814747  27026  25031  18693  935  489  2394  969  19408  3709  1522  2271  5698  11832  2474  37072  115577  7317  15625  259  38346  22  13461  12601  75661  82771  5323  48411  9163  17672  242050  32625  203312  1.03837e+06  23318  2383  104613  207489  591  994  559  216693  4353  5805  6043  693  517  2271  1705  14050  3349  2369  9863  10419  2100  338  11713  15936  4171  23497  805  20272  26  10135  12506  97845  27135  2407  33934  3616  10048  11286  
181483  892156  2857  1991  0  1.03163e+06  1.39715e+06  178569  75739  21800  9654  482  236  645  1461  19235  73130  43929  31705  40319  9908  8777  29474  39897  24655  2712  5783  10214  22858  33740  8197  32295  1163  264037  650105  428691  260927  94783  16953  60158  23808  788  1188  1136  657  25129  16882  65740  67306  8463  2671  2051  258  91  176  441  1751  943  5320  1528  8504  1061  713  3409  1708  828  197  351  644  1408  1675  381  1210  42  553  30480  6087  8061  6079  668  4149  3207  315762  
106281  153735  1563  1165  1.20879e+06  0  546033  294298  352553  1.36532e+06  6135  503  274  643  660  73169  245595  57029  101387  20478  3598  2815  15850  11364  13714  1508  2787  7983  27923  58308  19388  133272  6459  971564  168248  151053  195864  53199  48311  13079  9837  571  528  441  316  11733  25271  64974  139682  66606  25096  8189  197  89  342  217  3332  1196  5612  2336  8285  741  404  2693  740  639  113  200  442  1392  1329  375  1616  58  1476  20697  12335  10066  5257  419  2907  1871  114534  
434043  863363  292993  28420  2.21867e+06  472058  0  1.32842e+06  1.09298e+06  64656  10405  2283  825  1032  1891  16811  22558  69845  131368  43219  12661  11601  74379  70140  96222  12179  12287  63625  117405  127171  9049  31545  308  12926  523737  504830  520806  97541  97388  71211  46491  10126  15503  18580  9143  182918  144890  519209  388114  68687  12303  4556  1369  351  755  1013  3765  1797  11624  7498  18686  2599  2074  13719  4907  2943  536  1312  3046  6673  8244  1033  4003  115  3159  90980  31050  33036  14278  4017  10580  8232  287673  
22993  74923  224949  1.31018e+06  181431  139868  1.92416e+06  0  1.50901e+06  304813  622082  1.1943e+06  1.32792e+06  568311  237359  19817  23368  98029  66352  641945  86182  26956  67663  81930  63777  41379  45747  50666  32444  34817  3284  29820  469  48547  628496  378834  833495  272962  103598  92110  42459  158059  61983  149107  258293  264294  221078  829935  2.58576e+06  345013  123085  97681  280025  19979  33873  19008  12110  3226  28119  16265  117714  30419  9507  38763  25157  8056  2013  10152  14969  17026  31463  2340  19897  220  17327  271872  158277  152133  57998  23181  32349  21822  601179  
3203  4507  1027  523  88922  392845  1.26107e+06  1.28702e+06  0  1.31258e+06  2926  177  80  128  153  9532  28360  59851  246981  6085  1185  807  28637  3075  24981  3044  1814  3367  63181  62347  9773  6160  122  15689  46082  59204  106902  29246  21102  4936  3815  745  685  375  185  15089  45495  100899  222464  134948  74360  16112  105  38  419  160  8597  548  5824  4070  8588  726  398  3818  645  749  137  226  464  2121  1728  208  1841  47  2675  27176  28752  19084  8524  435  3586  1857  59108  
33853  17409  1510  1216  63367  1.2073e+06  156868  730551  1.26464e+06  0  64030  469  168  973  520  2.19494e+06  206860  79186  76205  25333  4321  2223  17498  7390  14918  1971  3963  10233  25144  28556  7737  293440  66089  648563  145545  82229  433364  321970  26770  10717  10238  1305  1169  446  362  5241  8944  15631  235679  83242  467645  124277  285  68  1182  338  107017  3909  16539  10215  13944  1019  547  4699  907  936  202  402  993  2255  2104  604  4468  175  3684  33285  79748  37239  25654  962  13461  6763  270881  
683  1219  2660  5896  2139  1387  5016  781084  2672  155220  0  4825  13755  776822  5162  80052  9056  68811  1004  920894  16398  3297  1025  3461  1165  554  809  1130  998  1372  273  4510  982  2151  22835  6562  19342  11090  1800  2848  1652  1688  991  1283  1618  4561  4996  14417  178044  19732  213319  391914  1035  442  13187  2845  56453  9817  25279  4737  53696  4326  571  4382  1248  1464  1160  1381  878  2248  2372  2156  7018  421  2367  29121  14284  19461  11832  635  8205  2513  35046  
13351  3655  10700  1.2625e+06  2006  332  21521  1.12608e+06  356  608  1546  0  417299  203243  139879  582  238  2499  567  105007  20297  3218  1581  10211  11865  11224  55062  76135  3349  2835  48  12183  18  3929  14941  16030  59122  4204  14357  20142  14075  76622  6065  32685  233245  7449  1906  30387  203242  519  516  876  683548  35525  25711  28250  363  248  1589  763  40762  9364  3752  3614  11871  889  551  5204  6250  1553  7449  278  7407  24  3901  15679  25485  12009  2878  12406  3849  4157  12621  
7846  1269  4084  183084  2260  666  16189  836038  1125  975  12454  654545  0  937147  392576  588  306  3867  630  391406  55976  8807  1508  17558  15929  30589  63450  55622  1995  1578  37  9179  21  2273  19544  6788  23924  4253  5895  62976  10747  11015  859  6323  31021  3447  1434  10653  232790  704  816  6073  164738  321568  145137  41316  856  401  3396  712  71179  20166  4711  1765  9996  637  809  1642  1763  723  1611  202  1485  27  827  9258  4832  4346  1979  5142  3142  1271  13439  
5493  1299  4573  131730  2198  626  8364  678816  1567  5420  796328  302702  995945  0  528631  3828  1164  11616  1064  888495  67004  12923  1574  16340  13247  28912  49799  26446  1756  1295  87  5346  119  1725  20136  6043  15151  6257  2855  71162  8471  12728  1062  4757  25382  5261  4276  16061  152465  3415  13680  60369  66793  108504  578184  51136  5986  1759  9341  1776  144589  33137  7977  2733  11960  1340  2324  3228  1548  1426  2309  659  2748  94  1091  14628  6128  6677  3763  2104  6186  1847  16726  
2960  1502  2915  69448  1768  402  5206  198716  571  1082  5425  125453  210583  490795  0  899  3119  55918  4407  1.76174e+06  134411  42508  3222  483346  17824  82160  65728  12134  3218  3122  354  6053  485  2827  30654  5101  16104  8707  2428  119412  12612  10298  1031  3779  16034  3400  2172  9991  53002  1204  2043  6876  23840  13747  75715  168075  2145  3194  34825  9795  182450  22211  5138  6353  16146  3074  2498  2897  1843  4966  5227  2004  5209  259  1184  25388  5151  10581  6038  1992  11440  3921  29119  
31668  19771  1879  1444  55122  115747  57338  59702  137382  2.35993e+06  82528  443  174  1730  906  0  1.90312e+06  688314  116527  64449  5129  2461  20988  8063  27162  1524  4078  10744  70826  55241  13514  448517  388059  657075  141421  24433  497593  222713  3831  11678  7570  702  645  358  377  2747  2547  6844  16556  4925  89454  78581  275  70  875  418  67811  19640  24196  2701  22876  1399  489  3737  855  1601  376  407  797  2514  2767  3957  13974  1001  2468  16067  12641  13696  9344  714  6999  6179  178370  
102285  79318  3162  2055  211797  199005  147589  92614  111451  359437  52351  426  273  3049  5079  2.07702e+06  0  785120  1.54833e+06  287829  14470  5463  30298  14777  24871  4464  6403  16631  193106  1.08884e+06  1.20805e+06  1.72457e+06  587411  544711  155829  40301  393851  92883  8529  40705  15379  1466  1403  972  642  4809  4254  12154  27970  6535  14949  88159  329  121  1928  2111  67253  46258  130559  12611  158064  4338  1887  13460  3394  6348  1365  1430  2571  10660  13162  12937  30197  1852  5157  74049  12970  27432  20722  1885  24360  11223  124704  
19649  26096  5690  3728  63651  135712  193454  161559  273138  209831  116280  1065  354  1173  3464  838112  1.06083e+06  0  2.57846e+06  668301  104201  39043  668775  50343  112028  19774  13173  19740  97471  80968  4926  103822  6263  86247  188393  35189  411027  134563  21054  195371  28148  2568  2107  2390  1416  4612  4043  13276  33699  11486  16010  22120  562  121  738  7296  21294  21692  150398  38913  196061  19288  20582  68220  25534  19396  4657  4021  4306  23777  22034  8611  20353  1017  3310  120982  13161  40492  18559  4497  54458  17012  164628  
23659  26976  5132  3076  224259  233016  541066  86289  530365  73969  3974  884  329  697  3918  52883  2.69738e+06  2.39784e+06  0  98408  10556  3640  1.32447e+06  23045  451875  49751  22635  25107  1.32286e+06  2.26784e+06  1.04513e+06  210305  7033  118065  123124  34561  292359  72527  19206  170845  25686  1601  1362  1589  906  4564  5828  16630  28572  11167  7263  6457  430  108  379  4146  6741  9992  78958  21972  118799  7214  5483  26728  8786  9463  2357  2188  2593  15114  14424  4808  10910  503  1862  58623  8412  26653  10683  3242  27444  10082  88824  
10506  18784  11241  36395  13268  4545  36780  579286  4840  26265  810999  65617  144691  529815  1.79372e+06  54866  39669  719769  42849  0  1.74732e+06  759058  43639  1.04569e+06  90841  158380  117408  41411  51219  50472  3064  59758  4310  22126  240348  37779  179381  63029  26736  494185  42466  13449  7278  10332  12973  18936  12182  48660  183569  15880  56190  178971  17820  8718  49253  157517  91508  61703  518789  115219  1.54608e+06  163360  50105  196517  79355  66047  22011  17535  14173  64371  61036  27355  67361  3922  12211  352442  48215  118264  69737  11395  146266  43498  216222  
1448  2565  705  1081  1621  327  3353  16630  218  952  3406  943  1307  2072  43038  492  734  133827  3945  820195  0  654682  81944  383669  29108  31603  14229  4857  4659  4692  175  8273  220  4597  39048  3009  23915  7352  2180  94481  5908  577  365  506  419  848  369  2159  5229  552  1303  1823  296  96  290  8823  830  615  44270  8116  92163  151666  40088  63312  60295  10952  3162  2143  1105  3510  2992  556  2606  173  571  35664  1568  6571  2498  649  22485  2615  13857  
1392  2624  498  579  1177  122  2470  5423  70  276  539  451  590  1010  23123  191  247  68411  1411  196646  638648  0  71676  911217  33903  35194  10172  3488  2654  3087  104  4505  137  2573  28179  1560  15355  3380  1309  77941  3947  181  109  152  153  235  90  560  1321  84  255  388  103  17  82  3799  156  123  12789  1150  22359  70528  33561  17814  137141  3002  1019  779  314  652  672  101  524  20  91  9554  385  1750  480  266  15610  673  4947  
37556  35728  4065  2335  27949  6055  69903  51674  21481  4890  1675  709  454  809  1901  4397  10007  727363  1.36047e+06  101872  109889  88001  0  475384  878292  64690  23240  16367  1.29874e+06  688801  7085  150824  1681  75510  109900  17387  187961  49085  10780  137618  22069  733  601  685  569  1705  1346  5236  7505  1326  1812  1005  289  48  97  10926  1231  1602  41825  5186  168368  35928  65280  158326  66854  15953  2602  2369  1364  4244  4274  849  2826  151  533  92766  2576  10998  3578  1805  44871  4569  60016  
11156  24893  5151  3468  7618  477  23316  24690  373  1071  1275  2922  3020  4548  473341  1009  923  73858  33746  538970  420572  990200  636384  0  1.74886e+06  470790  63749  23505  29699  31883  385  24956  322  5410  98538  10107  95228  12494  10088  371370  20058  617  416  612  670  728  282  2053  4403  258  685  943  576  91  159  6001  503  392  11711  2311  29418  17392  19635  45571  183997  8547  2342  1938  926  1579  2027  252  1180  72  239  23448  1378  7937  1537  1436  43272  2215  26095  
27334  35695  8843  6428  14237  2937  65204  40243  11737  3081  1144  3331  2675  4730  14915  3456  3783  89069  213260  44838  59888  45925  1.03494e+06  1.67841e+06  0  1.49971e+06  876215  191451  3.36852e+06  130697  1436  52497  827  17146  152525  31280  154895  35640  22848  642359  86069  1204  605  924  1103  1511  950  4428  7485  838  1386  1472  823  69  125  1720  1404  1657  15511  3285  28019  4844  5631  18059  14509  21398  1733  1534  1118  3301  4419  783  2427  104  444  25726  3222  13769  3025  2371  22085  4096  41094  
2482  4151  1817  2644  1784  484  9780  14681  1032  660  354  2730  2383  4432  52511  766  896  22834  35384  34137  30802  44976  78751  485129  1.52341e+06  0  405359  45448  58197  18872  268  12183  275  4476  25090  5220  36716  7739  5078  430226  29492  575  128  310  668  304  166  847  2764  175  373  378  638  55  56  408  266  321  3810  990  6296  1285  1087  3855  2976  1546  353  362  298  868  1215  152  617  27  114  5987  1082  3882  756  686  4712  1067  26147  
23986  2248  6925  23508  1015  259  8248  23614  381  1409  797  14311  9315  15225  61138  1545  895  10263  3416  26002  10687  6719  11309  38948  941703  416298  0  320040  16828  3721  117  35176  126  26391  138826  29342  65168  32389  19447  504752  466787  4035  248  1465  4300  732  247  1738  5586  213  1240  817  4956  244  269  633  650  337  2412  562  5066  662  674  1618  1969  874  326  675  1087  476  1029  170  1147  25  352  7850  8189  1878  792  3056  5050  1558  38775  
150545  24520  77363  152717  5001  1355  108174  34027  1111  4257  1835  13752  5982  5106  5241  5180  2874  13052  5512  12215  7858  5587  22282  29140  160372  11662  397015  0  210856  284496  837  550447  276  75429  201048  102426  404820  126742  66409  157970  592144  18910  1255  8475  21005  2387  638  6567  7605  468  3213  1014  5767  251  288  728  1562  537  3232  900  5238  934  889  3537  3643  1976  317  1565  4275  4268  10307  259  4738  43  1173  7584  46441  13074  4636  12915  4571  7014  41969  
45352  39929  11383  5656  31609  13352  167577  45135  63151  13549  4560  1050  514  1112  2983  42206  26442  98301  550515  60848  27543  13031  1.31995e+06  68764  3.15502e+06  70490  44696  538658  0  4.63152e+06  30987  107063  1460  33451  161189  43994  212684  95253  33733  264259  102149  958  839  890  819  2977  2610  8494  14004  3351  3768  10838  393  60  301  2744  8673  7158  44368  9153  67109  7791  5830  27322  9688  9018  1704  1447  1673  8426  11566  2648  7685  421  1342  32438  4507  23124  8838  2600  15294  8357  67458  
107578  63418  16198  9733  64403  35331  221960  65835  97564  30647  19566  923  493  1894  7423  78348  718245  179560  950299  179706  49558  36291  574582  185006  246033  25904  16260  353989  3.8156e+06  0  1.63831e+06  3.45156e+06  2405  78335  150836  40241  337627  138230  28550  153770  60446  1169  1141  1078  894  3334  2920  9228  19445  4722  6308  38777  379  78  910  2745  28406  19070  66275  9728  93323  6058  3851  16958  8934  6196  1501  1355  1840  9187  12488  5659  14928  890  2516  43922  7460  27158  13262  3028  17740  10049  102719  
11174  7255  759  439  18580  12167  24182  20014  10383  8184  5132  85  42  371  1144  17624  1.43968e+06  26011  487939  34850  4475  2130  21408  5557  8776  1790  1369  2890  45279  1.80886e+06  0  927571  847  17736  16822  4721  90300  33237  1106  6277  2053  145  153  133  77  514  432  1457  3770  786  1179  9914  54  9  222  310  6883  4321  11715  1216  15360  581  254  1472  551  644  155  162  248  1048  1252  1248  3022  204  467  7255  1328  2841  2158  194  2470  1320  16633  
489782  112201  44708  106674  89002  77267  102191  98303  10744  208024  39599  4091  2051  4159  14439  288547  1.61663e+06  411527  269282  416924  112838  70890  433161  276250  204424  33008  36497  394800  152551  4.46668e+06  1.03355e+06  0  840072  1.04908e+06  187233  66629  716716  114609  24179  146260  77582  12499  1922  5674  14198  4098  2116  9818  20736  2596  6966  50963  1665  172  1612  3853  42354  26859  96306  10716  135224  8758  5270  19332  11869  6645  1744  2285  3868  9348  12987  8078  21934  1238  3806  66136  33759  30350  17633  8125  22683  11036  134710  
9655  4684  262  188  10633  11385  1627  6295  331  60139  3855  38  17  166  351  153239  272245  28117  4570  28797  2691  947  2931  1771  1765  432  998  2681  1602  4963  2291  452934  0  286743  3733  1439  85847  3833  222  1207  784  72  82  43  31  209  122  448  1055  163  648  5387  31  6  126  148  3748  2060  3600  319  4720  283  201  767  314  281  90  85  107  356  359  492  1419  112  246  2778  531  1039  730  68  800  405  3896  
1.1118e+06  215434  3260  16024  661315  1.61556e+06  20609  87291  6734  1.13031e+06  14544  1595  649  1366  2590  1.27632e+06  1.06379e+06  146172  77295  98154  22517  11834  82085  36904  37531  5987  70335  135120  27005  97430  34234  1.62675e+06  878119  0  62151  27835  943330  27915  4923  20579  43477  2624  381  1072  2255  1539  1221  4692  10564  1623  3417  17759  720  64  386  684  12522  6465  15207  1671  20532  1640  1073  3679  1945  1166  299  419  771  1414  1827  1642  5137  314  961  12707  6957  4800  3257  1395  3808  1915  40589  
57069  292897  80429  38873  249083  36465  559499  2.18582e+06  52788  466430  184444  7232  6316  19530  36295  263174  61526  669866  75786  644492  140331  83813  244132  270907  317061  46947  296085  228930  395866  265388  6047  147855  1638  28258  0  3.88059e+06  816397  641926  561718  2.81938e+06  1.28947e+06  11193  17140  15515  8305  37266  17291  120295  297848  22124  28710  25315  2542  659  1723  7176  15880  7611  56277  10024  96914  14181  10553  39460  31607  17459  5704  8031  9930  12041  18126  3186  12268  532  4184  423033  54095  81338  40857  12062  99797  64842  4.76662e+06  
28982  100604  41265  19517  53230  48469  209695  178501  28641  68143  52061  4075  1380  1621  3252  62964  16681  104379  9707  119945  15192  7799  25963  32884  61672  6309  39655  69919  100640  64898  1405  28376  1437  10742  2.03687e+06  0  579793  370571  992833  440088  185205  2351  2411  3047  2061  5957  3469  16811  27717  2625  4896  4893  1115  126  251  781  3267  1531  9909  1633  15392  1638  1148  5021  3182  1619  415  701  1350  2087  3376  604  2258  111  703  43397  10375  15382  10213  2655  9569  9833  710026  
118709  193212  126157  74581  217350  35902  384193  1.32824e+06  41917  346019  101370  26153  6627  10489  9633  304783  107726  408582  139627  272493  63519  35116  157560  122019  108841  15830  40851  81229  99787  113246  17862  106787  10257  276103  390778  701232  0  1.56815e+06  376193  105970  128126  7660  7471  9415  8077  19160  8572  54303  139656  11859  37814  31343  7876  962  1339  1944  18725  6558  22068  4526  35322  4895  3621  12658  7806  3205  768  1310  2387  3846  6188  1876  7178  415  2103  38930  28527  42277  15575  13323  12126  8447  260265  
4339  25222  14187  7144  54765  5724  58110  387200  20249  170675  29842  2721  579  1822  4002  103054  27928  151283  97823  130954  35280  12248  67140  18744  38680  5063  11005  17173  75169  51027  9482  15232  433  5364  183236  205653  1.69533e+06  0  35394  36177  91126  1666  1623  1609  1276  4408  2099  11993  38401  2787  10177  6551  681  164  288  846  5754  2014  9724  1699  15694  2517  1674  5874  2819  1534  332  460  991  2437  3959  688  2442  123  684  25681  8859  20193  34270  1902  17295  22673  591752  
67101  21453  48019  46477  7115  5729  98849  55175  2489  2544  932  6985  4090  2921  2382  1270  561  4935  1344  3994  2329  1336  5686  4389  6507  937  9782  22029  6533  5611  92  3866  15  830  72396  561159  267193  39778  0  16439  31346  1902  460  1574  1985  2551  1892  6081  6187  548  482  192  1141  86  86  238  303  115  1236  294  1520  396  525  2050  1575  679  108  300  617  1090  2379  68  844  14  259  4162  6477  13312  2583  5608  1705  1701  29251  
12869  15168  10455  29765  4385  1012  30298  60188  1523  3579  2236  28574  31506  58165  114633  4545  2206  52412  17027  106876  52033  53130  70859  275917  375107  395959  1.46731e+06  134759  162457  82876  724  41924  284  11222  1.6188e+06  116734  187380  74650  76067  0  1.69576e+06  5729  1238  2580  6246  5067  2110  9491  17814  1421  3528  4801  4454  517  1039  10374  4344  5670  42744  9964  82952  9140  14010  32627  53091  22014  8343  9874  6314  9271  11840  2737  8064  344  2020  119039  9614  29400  8213  6565  135800  18126  124750  
8842  4814  5530  8241  1873  621  12965  18308  723  4160  2172  4864  4104  7664  24868  4286  1427  18447  4156  16673  13146  7955  34625  25396  85352  23089  988542  185961  31083  20354  157  19095  84  9631  995486  133032  161831  191651  92833  1.38704e+06  0  1410  356  653  1685  2226  812  3875  5327  590  3125  1050  1145  93  148  819  1628  618  3815  684  6824  1041  782  2376  2332  1179  422  728  1240  1413  2591  228  965  37  456  21769  4875  5346  3759  2900  7491  8961  170025  
8901  9987  35197  69511  1400  245  35308  40718  778  1244  1687  6083  1221  1392  954  2133  1558  7699  1440  9205  1104  4681  1580  3691  1775  333  2384  7343  1436  1008  56  2721  64  883  10582  21432  7010  2516  3821  3707  2724  0  1.4843e+06  140473  781992  401308  75573  787895  83627  3713  12747  3270  37885  5614  6735  12071  18340  13375  35362  23903  38053  10087  19657  130651  81608  21342  2493  90573  148358  37843  125712  20497  362454  1475  1.1027e+06  201140  224100  368841  59979  32682  34822  52215  77563  
6169  15635  44872  69356  2219  223  54265  51213  583  789  1046  418  132  211  224  1284  1047  5062  892  6209  708  2826  1025  2487  1079  165  667  1494  1171  955  50  765  37  214  10922  19844  5838  2172  1979  3158  2019  1.06134e+06  0  10999  11165  859317  25083  278636  42415  2698  6998  4448  910  155  188  2153  9091  6211  22844  12739  22304  5174  12924  88979  41434  13463  1288  6699  14946  26269  63169  10100  94155  310  31584  279700  257121  207632  38039  14811  45904  22591  75552  
5051  5913  38007  64594  457  41  23917  22443  109  85  143  439  171  186  131  204  156  870  181  1049  154  616  269  625  459  78  751  2240  313  367  11  674  12  147  2248  11495  2580  460  1471  753  737  58196  2819  0  222900  2435  957  125192  96246  316  430  174  1013  240  349  675  344  388  1991  1878  3157  1084  2140  14042  9853  2178  178  1935  2483  3672  11510  717  2760  24  2547  7245  30656  33098  2070  6403  1621  2727  4013  
21912  17521  85799  1.35292e+06  1528  177  59896  214318  242  315  802  214311  17897  16811  10465  428  262  1579  397  13395  2235  989  819  1994  3292  982  11104  27725  1457  1775  38  8112  22  2627  7836  39247  15888  2191  11337  3787  5235  854608  7575  280601  0  6397  1407  25278  721163  366  518  492  1.21945e+06  16789  21454  20432  442  489  2270  2128  37109  7101  4872  12684  17322  2607  517  11982  16758  4860  28900  1041  19341  17  9627  8904  117495  26635  1844  27517  3526  7956  7199  
3937  17813  26929  26749  11358  2342  94517  72409  7371  2765  2169  252  120  198  211  1916  1255  5303  1217  6581  755  1440  1427  2023  1298  218  741  1416  1408  1173  63  869  61  336  14717  17207  8222  3366  2243  3235  2824  566667  707991  6119  2867  0  789866  952112  124774  15339  27395  4689  336  154  374  2509  26368  23584  46201  46036  27679  6201  10670  111658  15816  16320  2079  4557  14655  82272  101289  43087  96552  1827  531188  286520  162407  244840  87798  4523  38269  17142  109207  
586  2688  2211  2186  9390  13388  66530  141028  82540  16796  5223  208  126  197  129  2235  1645  5581  4406  5932  831  1149  2400  1560  2031  335  720  1108  3126  1738  132  878  43  746  13189  4686  10370  3784  2005  2778  2588  214359  155084  14494  2140  1.17894e+06  0  604844  334545  560398  1.50001e+06  5989  320  201  1352  1831  69487  55525  64438  122719  19780  3861  4664  94771  15939  17874  1982  3275  8456  100372  94159  39324  184371  7403  1.14655e+06  107971  471957  176780  44136  6476  21338  12799  68837  
15801  80504  105810  135245  82921  28915  593979  514903  102654  7936  4872  1417  489  1014  751  3876  3008  11037  4736  14004  2800  4878  6178  8826  6531  906  3905  7075  6274  5504  261  3120  81  1692  79056  71731  50127  16103  10520  16120  14269  546402  352108  289061  22649  1.72448e+06  1.07388e+06  0  1.81602e+06  1.0903e+06  129556  8679  1364  442  1041  2867  12604  7578  78953  163455  62826  9151  16974  247038  53162  48157  6204  7616  14726  167077  134357  10307  21802  350  21379  253931  305889  344460  72492  23744  37900  31539  148537  
24663  96984  142248  254449  126827  88345  922612  2.62463e+06  453753  144005  100227  66323  94299  56854  17906  8988  7149  29229  24431  97172  12130  9170  18051  20236  18788  5011  9417  16363  20234  14454  868  9094  173  6512  252973  136792  138581  55157  23970  31605  21597  93065  67957  237060  877113  135229  167685  2.19104e+06  0  1.54764e+06  408143  706557  1.33899e+06  573242  563212  76912  26034  7569  85255  43152  464715  82312  41842  186358  101699  22703  7765  15913  26468  49223  81971  6612  41597  1009  76452  462551  593138  759865  254251  36387  82707  44356  427331  
672  2171  1313  1428  12197  32559  131054  241481  208195  29072  7947  191  85  189  129  1606  1673  6306  9555  5716  840  800  4236  1602  4066  644  1077  1538  5604  2501  175  1144  31  1272  19494  5131  17163  5691  2918  3972  3823  20668  14668  6994  975  43599  806536  1.07072e+06  1.52136e+06  0  1.72806e+06  3088  191  98  334  633  17295  6113  98966  177628  20140  1486  1972  71572  9671  14117  1731  1897  3898  58181  42504  2120  8661  164  15075  47312  311750  99258  24043  5149  10859  9456  44219  
741  1471  964  1121  3160  9962  20906  304370  124077  396856  117840  345  114  537  180  31564  3886  11713  10307  11185  1033  818  5095  1809  4401  798  1338  2109  6055  3489  262  1626  124  1800  24870  4786  28481  19314  2171  3477  5883  36859  20301  4910  1113  107177  1.30143e+06  202542  705405  1.47612e+06  0  69074  540  279  2241  1958  2.27133e+06  119910  166550  101321  25665  3555  2022  45791  8236  10298  1486  3086  8488  49795  48475  33539  480682  109469  978391  117512  682474  272504  157657  7606  65458  20134  155063  
689  1152  703  922  2739  3532  12514  199076  36491  330438  412646  608  1869  22213  626  60616  24710  20751  7248  49950  1827  432  4123  1232  3579  727  825  1123  4158  2068  339  3520  536  2407  24733  4513  22482  16678  1115  3219  2725  827  727  1501  862  2394  2808  7300  576290  5165  227704  0  1054  3369  493405  1590  64257  4902  38264  1012  355262  7114  807  2541  1336  697  330  503  954  1216  2326  2153  5831  410  1861  13847  12016  17204  7771  1032  3056  3053  30327  
9936  4469  16028  468728  2665  353  27182  316316  448  552  1398  607691  102044  56948  37469  590  251  2070  553  38637  6370  1632  1439  4310  5866  3208  30087  42075  2264  2069  32  7349  22  3219  17650  17325  28377  3896  5806  7503  8252  109437  6455  43043  923082  4918  1141  21772  813730  343  780  1247  0  284693  149362  168089  563  369  2128  966  199593  31548  17803  4933  55801  1613  2216  17848  23091  2720  13815  501  10567  26  11837  10853  53934  12831  1972  126777  9371  10249  13125  
5433  855  2708  23640  1459  995  11060  105858  2609  833  5351  40968  327734  180376  75439  776  326  2296  379  85211  13434  2306  635  3524  2003  2166  4528  11636  571  445  19  2740  15  856  7416  4142  4352  1291  1015  4208  1450  16380  632  7270  65145  1322  727  3396  858036  516  1080  5007  538162  0  638452  274157  616  363  2246  562  225368  32225  16478  2707  42053  1473  3123  18180  29672  1819  6143  285  5453  49  9497  8754  10401  8296  2367  149635  12895  11430  7086  
1969  1716  3212  13729  2924  2001  17555  118274  12671  33798  110619  23355  88417  587928  99971  10169  3441  13675  1820  186092  18514  4197  2172  4482  1914  1101  2040  3919  1584  1035  101  2039  168  984  16348  5136  9437  6047  1261  5825  1185  13133  1415  7835  41534  3035  2584  9271  802250  1765  4787  651726  148980  292764  0  439436  4323  1664  11290  1744  864276  137573  36536  6017  55881  3281  9066  19256  11040  2189  4946  793  4566  148  4314  26919  17756  24523  12025  39252  27344  6795  23506  
2025  1399  4805  17838  1137  465  7746  27511  1462  942  9983  8557  8984  48901  188802  1466  1256  17331  4200  162583  13652  4176  2843  5227  2145  1260  2295  3690  1590  1235  99  2258  139  940  9664  5624  5982  2454  2122  9592  1472  43023  1104  12550  63461  1943  786  4746  126563  461  1364  2201  90344  86475  458178  0  939  1607  45156  4189  1.62031e+06  176040  67602  9174  688323  43770  249699  236243  38229  6297  9696  2231  10185  477  7239  40364  25650  21318  11294  25311  215196  28269  22058  
517  953  649  970  1935  1749  9184  19811  9438  134501  53380  278  123  1045  246  61318  19867  17947  2970  24708  1045  397  1690  962  1994  221  474  723  3521  1473  267  2889  506  1528  11677  2498  11438  8872  886  3273  2021  15935  8763  1890  1122  40352  67665  28400  76645  52252  1.90508e+06  68313  576  311  1322  2622  0  1.79931e+06  823387  123764  37307  4301  1291  40083  3754  12398  2307  3883  9186  47740  41197  32430  659184  430680  874514  128860  169669  391869  211266  8612  85332  27029  187453  
1734  3066  1515  1717  5561  5377  17803  23829  8639  36258  74558  279  177  2604  1779  149389  91133  152024  16045  182754  4598  1079  5293  2644  9866  753  1386  1912  21084  8243  1542  16164  2384  7361  46155  9039  31182  16433  3319  17769  4156  31561  38566  3241  1607  152684  212594  74920  56291  46722  329551  79862  776  515  4700  16891  2.41996e+06  0  943895  1.81391e+06  258920  12165  2974  55371  9713  11574  3643  5669  9677  156103  701310  932433  2.08647e+06  415457  403715  139705  68920  221457  85472  9147  56894  27306  117102  
2726  5098  2468  2777  5384  3274  18522  33481  8030  17189  20450  413  213  763  2645  27782  40805  160352  46830  131658  16154  8042  19652  12287  17995  2591  3213  4596  31642  13790  1145  16905  1294  7104  62755  12198  50147  22812  15640  52531  10574  15031  10731  10652  4404  43870  72749  115931  155711  183570  150999  45318  1055  490  1641  13672  752579  960275  0  2.85362e+06  1.25167e+06  189228  35869  915500  42400  76646  15686  11856  16613  119714  97489  23686  131112  5529  62267  145905  40498  340552  101549  18261  102435  51989  131642  
2319  5357  3425  3902  5367  2655  23249  34939  8579  9377  13338  389  180  725  4056  18788  21768  153889  42030  133076  11318  3646  11969  8071  11938  2095  2739  4090  20874  11377  928  13748  1169  6209  55393  12635  43977  21832  17046  37968  9936  21170  17596  15403  5980  270784  229950  406088  84625  160030  118863  7368  1319  503  1405  28459  42994  1.886e+06  2.69528e+06  0  306850  26369  8116  2.15544e+06  25573  167503  26263  18983  18575  1.29681e+06  1.88536e+06  1.59409e+06  340032  11933  50056  141130  41644  218355  57243  17696  90310  56908  104470  
8827  15570  9571  19442  15438  8069  51543  145480  20503  36259  107456  8638  12635  49278  72990  61862  74675  541690  158820  1.18735e+06  101203  35499  82700  68689  50566  11321  13691  14814  77593  40180  3082  48957  3637  21737  200669  36619  143483  62496  31840  209519  28817  29116  10069  28086  41742  16809  9962  59040  584308  25767  28418  375670  64264  29525  480853  1.83843e+06  14903  32049  1.02204e+06  73047  0  2.39687e+06  725695  131238  999516  89147  130516  106404  44009  124786  102534  20640  74447  3300  17226  252278  66520  203857  68701  25387  277108  67460  189572  
1156  2077  720  913  1196  362  4048  9246  1285  1770  3772  305  452  983  3309  2331  1882  54752  16614  84049  89509  56751  41866  41652  10398  2819  2283  1855  5571  4417  150  4493  232  2085  27574  2814  16816  5866  3162  61381  3567  1880  1162  1724  1258  1770  804  5595  21415  829  2046  2001  994  566  1617  100122  702  604  288555  8482  1.03283e+06  0  399486  141453  295967  25273  38003  26618  8702  10054  8483  869  7894  343  1877  40821  5278  22400  7102  2369  80996  11382  19959  
199  371  218  336  197  48  855  1656  103  165  720  71  76  226  582  222  268  9843  1863  13577  22112  43021  18324  32020  4943  1119  748  423  910  746  23  603  28  243  13989  605  2727  1124  1166  39937  843  988  679  895  635  871  124  1936  5129  99  310  219  471  243  565  86622  235  133  105293  921  337680  397662  0  145148  688075  16511  31550  19360  6008  3807  4439  246  4179  116  731  21508  2066  11604  2241  1392  69341  6616  5481  
2456  5493  3522  4408  3453  1094  18830  25884  3246  4020  5031  408  179  471  1715  7398  5834  156950  25144  98966  89133  57206  169711  125853  42220  9228  4430  3697  13485  8470  242  6526  290  2793  70332  8633  30924  13971  14006  139141  8523  21964  24521  23982  8748  113043  49770  212830  121557  34923  19256  3555  1469  466  855  18946  8372  9765  1.02704e+06  1.61807e+06  217421  345817  662278  0  521350  788139  49957  28518  26552  1.06752e+06  860276  57748  174310  2498  28015  244497  39908  291584  65770  19146  142873  97303  117485  
767  1524  1785  3004  594  138  4524  6835  373  432  1707  426  234  515  1408  680  669  18368  4264  24831  21688  91510  32605  176168  12723  2771  2182  2047  3559  2858  52  1832  74  572  51716  3621  10882  6652  9952  86904  4356  9925  4426  9322  6516  3143  858  12599  22971  460  1269  572  3222  1452  1847  687935  1087  566  106962  4592  499721  334431  584234  444978  0  1.76842e+06  508985  191466  46563  41015  51270  966  28091  290  4188  76045  17470  82620  7800  12705  341638  43453  21386  
809  1884  2124  3127  1016  377  6739  9262  775  1034  2194  278  150  404  717  2848  2700  27285  6375  22883  8984  8738  16984  23988  13395  2302  1896  2818  6709  4264  121  2546  117  874  47572  5425  14791  12759  16725  47524  8223  10552  5545  11484  5745  15471  9477  40468  26985  5608  4629  1431  1835  998  1402  52574  2943  1416  53254  49701  50191  30957  32609  838312  1.71823e+06  0  1.65966e+06  1.03222e+06  368310  2.81189e+06  194391  2200  44320  350  5257  130708  32152  104168  13004  18012  605212  81195  35465  
193  291  319  783  183  96  1188  2713  252  231  817  136  90  128  201  594  543  5538  1460  5792  1589  1842  2158  3012  1323  337  322  597  1229  791  33  551  31  192  5333  956  2567  2246  2741  5095  1404  2088  594  1298  1661  1739  1440  5644  8867  851  767  318  877  410  338  117113  578  310  17918  8275  35259  23898  19922  69390  364890  1.40198e+06  0  715120  155865  52236  22393  410  7004  95  1613  20190  6212  13217  2336  3939  493617  53615  12405  
580  459  931  2656  285  167  2290  5482  510  516  2629  617  299  708  275  820  525  3510  789  5105  701  852  1360  1819  1418  331  636  1116  640  496  24  640  24  224  9798  1318  1968  1034  1166  5903  864  39604  2097  2657  6866  3312  1122  4613  18971  459  1433  567  4669  3569  4119  140767  1222  577  10936  3083  31525  13530  9750  22931  74640  890400  787048  0  451164  27370  9051  434  15594  146  29614  92380  19844  17081  3426  15736  476850  375325  29838  
9840  2073  6674  30350  556  228  8281  11901  585  1519  1078  3592  1183  997  825  1937  1065  3501  678  4281  556  1263  1035  1644  2553  429  5418  18280  1306  896  33  5081  41  1510  8052  7500  6056  2676  5508  4985  3674  168683  10733  12590  31787  14368  3787  18204  34431  961  7085  1856  9394  4542  4012  15695  6485  2987  16495  5484  19116  5918  10864  49807  22267  183461  48803  257957  0  246181  222906  1665  344896  752  131739  206584  146247  103995  24714  98477  231553  505266  52431  
1151  2685  3008  3916  2110  885  11324  14967  1919  3163  6198  292  138  503  1480  12196  10249  62651  13877  54377  5783  4747  7117  7437  5733  1056  1249  3150  10503  5622  362  5341  467  2229  26288  6936  17288  16317  14601  18316  9817  18242  18760  14045  5619  127776  35390  106119  36587  11815  11011  5840  1198  395  929  14137  7823  20433  65954  166542  91244  23244  22725  1.05996e+06  102205  3.58044e+06  58397  86581  266388  0  4.31344e+06  56633  54552  486  13042  164644  43319  109739  27142  14994  336406  66002  50484  
1708  5428  7000  8813  2965  1289  22235  25340  2512  3867  9890  507  227  663  1196  16245  14749  66510  10277  65213  5037  7664  6895  7741  6116  979  1381  3446  11687  5472  430  5618  567  2278  26501  9105  16163  15937  12165  15673  10230  61419  68962  30086  10872  322614  105224  185447  60020  12331  26775  8945  1830  536  1239  23099  24012  506421  137726  744111  158332  48314  48090  811647  116294  137693  12960  11597  284354  4.0136e+06  0  2.14131e+06  3.48637e+06  804  50409  184706  65940  140937  39807  23133  146670  115771  75441  
512  1569  1629  1674  1340  740  6487  7261  981  1838  6300  69  46  285  562  9248  10574  41560  5146  42618  1216  620  1761  1043  2888  261  437  588  5908  2096  286  3392  375  1389  12335  3001  6613  3415  1190  5372  1336  9969  23814  2802  931  133275  72259  36846  16122  1749  20693  5108  185  124  608  15200  25066  855852  46218  664706  98905  17049  4037  71088  10349  8062  3324  3481  2735  76046  2.68281e+06  0  1.08763e+06  1053  42623  49407  14058  36179  13755  1681  16859  7601  26731  
5116  5290  8101  18505  4402  3345  26681  38995  10460  18555  47745  1627  664  2321  1654  89952  46119  99566  10381  127482  5877  7855  7106  8499  8555  1163  3456  9727  15490  7351  852  11519  1479  4841  36825  13480  27269  20202  15377  19194  10721  297741  134333  27514  20027  312842  193342  72620  134798  8358  348558  51771  4695  1873  4889  40102  355166  1.63029e+06  321334  172347  346874  85591  61304  566806  128647  94038  17158  45656  373257  106820  3.76097e+06  1.52145e+06  0  660080  1.06657e+06  213682  166353  349576  69652  44034  97251  126322  122397  
79  171  123  169  332  251  1811  2425  640  2151  5533  38  20  258  72  11359  3268  4620  268  8693  300  77  192  160  223  29  36  77  405  200  36  531  117  277  1534  391  1289  692  124  436  144  8727  5886  479  248  19178  11575  2750  14060  553  75471  6661  98  69  414  1666  242430  272656  26924  3271  24381  2538  402  4146  1350  1290  504  1041  2437  4860  6354  10967  449688  0  400584  6420  5889  69955  5634  1247  2429  2228  5621  
502  1940  1970  2813  2075  1458  13839  27939  6716  6364  11067  440  163  413  280  14078  7223  15673  1726  23060  1050  1206  1273  1337  1296  197  402  733  1914  981  138  1620  237  755  8892  3256  5200  2784  1125  3027  1110  1.03045e+06  151298  10014  3639  1.01363e+06  1.48611e+06  55641  191521  11553  1.399e+06  12819  1746  683  1303  7615  1.36687e+06  466355  209014  47330  87893  13968  9880  121416  15850  20874  3736  57112  120715  74940  92548  84364  1.5826e+06  976442  0  115823  92721  342360  60239  10958  33050  121993  66319  
5113  28653  21987  24566  31587  6824  198469  340373  22736  25063  22339  3958  2174  2013  2412  14360  8694  54255  10092  78052  11272  18448  22053  30211  18560  3740  8013  8452  14000  11532  487  8691  412  2912  385754  85078  67989  68869  42204  75895  49327  141840  132204  106682  32715  179924  51811  442033  1.90002e+06  32132  466742  161175  6544  4741  9903  75948  272904  66557  475833  62955  603721  129796  151347  591809  201275  230005  48408  205968  498267  424859  453880  20084  157570  3983  93099  0  2.32424e+06  1.11923e+06  810790  179650  3.00018e+06  1.72919e+06  4.89667e+06  
3190  13794  17459  23606  4130  728  50837  66412  4221  5320  6619  1816  687  658  669  4411  2437  14015  2044  19932  1515  4683  2353  4874  2487  454  2858  5521  2416  1742  122  2035  121  723  26186  16800  12052  7264  5769  6270  4902  143824  108274  55947  22426  46291  81076  242121  180132  63143  145066  53558  2662  971  954  7040  66908  18030  54327  18282  68762  10822  18107  100822  87835  47886  5249  22681  64930  70006  154757  12727  59430  3527  30756  1.26271e+06  0  835253  280123  552989  323622  156276  439709  
3384  14013  18173  22912  8556  2948  75452  128635  12607  31889  20987  2254  857  964  798  14523  5946  19714  3979  29490  3765  4950  8026  12607  6619  1402  2031  4299  5554  4451  188  3598  239  1190  37958  23167  51864  25929  36171  22631  9482  99952  98976  126905  29830  130755  58419  274133  927425  40811  339338  74714  5663  3040  4228  22568  321784  43843  372677  81840  218760  31956  23617  213637  51062  43607  9161  20152  52345  105165  108440  9553  67642  2888  46376  474271  870346  0  1.74158e+06  250643  135932  176009  399939  
609  3115  3076  3456  3258  980  21659  38067  3469  8373  5803  292  200  222  263  4602  1773  7090  1356  11133  1045  752  2378  2888  1264  266  356  614  1674  998  90  811  70  376  16506  7493  9760  20780  4003  3050  4125  15329  22961  25100  4602  61107  8925  71367  495797  15419  175040  28058  451  432  1289  9169  103194  11852  95691  43510  85751  9918  4399  55090  9148  12402  3231  4253  6436  38863  28735  3073  15814  706  7167  266287  179446  1.69118e+06  0  7413  323410  63249  843379  
4310  5161  15058  30037  668  32  17724  18386  112  176  204  3759  1336  900  644  205  148  857  179  1282  252  440  377  714  1172  205  2871  8432  476  476  15  1620  5  354  3185  11468  4548  1177  3667  1534  1637  47701  12847  18961  30506  4273  2614  25800  23254  871  1649  382  20721  5344  3310  3814  1283  534  2547  1419  4904  1070  1729  8994  8639  2920  1486  27880  96580  8924  57800  721  35773  59  15724  27669  474292  149119  4342  0  10556  39627  7371  
1247  2492  1522  3355  1366  607  6580  11137  1190  2579  7478  1207  441  1625  1638  4361  7938  33091  7868  37462  5562  8061  15705  24963  19289  3941  5448  3709  7788  4952  294  4666  276  1542  133230  5231  18114  12103  8928  90506  8965  12124  2492  3966  7688  4176  1534  9004  35363  1052  21134  3162  5411  4940  7004  171116  10670  1640  36277  6013  87218  38361  47576  69207  162017  217582  333199  846370  220156  117148  82443  847  16873  217  19650  1.58372e+06  122772  86622  99408  50323  0  1.51082e+06  165774  
571  1091  1266  2834  510  247  4177  5183  546  2252  1248  683  153  234  187  3381  2340  3658  720  4178  752  1361  1653  2090  1672  338  996  1506  1417  926  57  994  64  352  15804  3933  4733  5976  3890  7507  5708  29896  2171  3129  4523  4326  2230  7366  17988  711  8640  2552  1980  1336  1283  20480  6579  1986  19958  3079  18099  7592  13346  58165  17913  14298  21826  617920  310504  50707  56186  804  34789  329  92099  817650  123480  60362  29128  49398  1.22265e+06  0  184992  
18905  68694  34375  17439  62145  14078  189247  900383  44964  647695  189097  1972  1073  4793  10307  459971  48024  374861  71150  363254  51372  22310  127517  136280  74700  14341  43132  33287  97239  52500  4442  31075  1390  12289  3.39421e+06  1.09218e+06  765778  2.44334e+06  110497  193809  313866  47816  38297  29832  11875  54541  23711  136433  991084  32207  651236  164965  2062  1070  2996  35169  358757  50153  322994  61322  327737  49268  36594  199355  54390  64845  14674  38756  70201  61224  73561  11444  67187  2682  40879  3.80628e+06  690222  993631  2.5964e+06  29845  751130  514582  0  
