0  1.12051e+06  51001  638559  249311  11650  357563  9114  2610  4774  254  3293  1289  979  1242  12668  11405  23286  6203  6190  2442  6399  75496  60789  37206  2863  42438  179661  26101  30256  677  220907  1971  1.08251e+06  60177  174610  439511  34418  207748  17142  63860  447  28  996  2194  55  94  2100  1236  41  229  354  524  137  93  98  314  160  1999  451  1552  321  161  361  419  78  30  20  17  94  19  3  67  6  5  1539  1406  317  269  386  253  117  45080  
882506  0  22428  5807  645783  22373  468979  16096  1144  5113  223  2146  970  712  825  5715  5494  8624  3622  1898  843  3317  21022  30461  16308  1096  2398  16329  5666  4238  196  20822  577  19448  265928  354838  483964  84954  69760  8332  11619  1044  93  1600  799  237  480  5902  3120  110  177  221  152  65  32  63  189  119  878  176  715  148  87  223  237  71  18  28  16  68  13  1  31  2  13  3149  2263  682  668  407  150  130  164959  
45383  18826  0  86442  333  78  143251  48343  61  122  11  262  114  80  106  236  226  501  134  165  83  338  1510  3184  1927  198  562  4402  989  968  15  556  12  48  7891  36238  43331  4053  16606  1337  2953  4999  116  10912  2696  61  23  20257  4380  8  9  18  49  19  11  14  21  9  109  25  94  22  9  65  49  19  2  6  6  13  3  0  7  0  4  260  2022  207  67  305  21  12  5922  
664668  1143  164499  0  799  215  3418  495156  94  156  146  696773  12745  7202  11181  272  398  756  240  12343  891  501  1144  2329  1228  385  17616  89450  766  3071  11  37465  39  6397  5791  33098  11676  1202  34023  2359  14037  37056  747  143113  753775  929  574  106203  238355  165  78  79  74855  15057  10355  7895  66  99  458  199  8700  343  121  1295  939  568  96  177  179  476  421  1  558  6  252  4786  128185  5551  1433  11527  478  219  3587  
285907  868265  1941  2443  0  814923  1.35314e+06  51618  4954  30724  1006  682  293  229  381  41277  31418  38331  17466  5126  1683  5534  63593  42250  18731  1148  2394  8674  7787  4426  854  41704  5411  429583  990100  446421  522457  100736  6138  16236  7433  239  332  336  758  2563  4276  8888  17817  690  407  863  50  54  37  133  534  405  2857  411  2016  298  140  580  423  200  67  75  29  259  41  4  119  7  19  11725  3484  1817  1214  704  374  303  440067  
9200  30766  1470  2226  983440  0  488441  214316  168010  1.19655e+06  1012  483  230  200  299  66334  43817  61766  44001  4786  975  2301  34627  16357  9229  696  1238  3473  8905  8192  1465  128752  6685  835938  358310  56231  475382  68869  5709  6676  3452  89  97  217  349  1755  9456  15221  56846  5996  1597  1086  48  72  45  99  569  359  3056  504  1970  234  97  575  289  177  52  43  21  311  58  6  145  15  41  7716  1833  2698  1591  235  375  200  174093  
261333  625047  279855  10397  1.61977e+06  609465  0  1.35096e+06  596850  261757  1083  849  542  399  546  4670  3604  55838  29108  4951  786  1899  45109  12256  18509  1177  2810  10922  35828  9219  184  5391  38  787  421911  309079  188091  55979  42868  14746  9777  1649  1208  3119  2833  12861  28687  57433  103623  10052  2754  588  197  211  109  187  503  326  2131  806  1509  249  113  1304  491  379  89  91  55  787  135  9  241  16  111  13581  10613  6728  3382  2195  753  359  176637  
1812  27933  91259  1.16609e+06  101923  117322  1.46499e+06  0  1.42616e+06  311057  351018  792125  1.27472e+06  380375  201623  5990  3683  49695  3834  415121  28491  6800  13140  15456  10380  21434  9521  6582  2339  1863  208  5358  110  953  415049  172935  453375  284901  32965  22826  7274  13657  5318  35221  105606  24006  45113  178675  2.97854e+06  71420  89868  67301  48990  34602  21355  17197  8491  1956  26940  16096  100546  7417  1645  13470  5798  4389  1865  749  454  3058  1240  41  2211  111  716  114814  50907  50971  25405  5204  8985  1681  443552  
660  1664  221  194  24770  262898  814116  1.40462e+06  0  1.75995e+06  640  53  28  27  46  6936  2021  68518  54242  2532  238  41  50224  344  19315  929  323  712  47775  7655  167  4567  51  794  25757  5068  69060  55865  477  936  949  27  23  27  39  121  913  1311  16709  1710  7056  535  2  5  2  15  1085  74  1416  706  522  85  29  364  73  112  7  8  6  103  23  2  46  3  35  1987  542  1306  799  46  230  67  54652  
6829  14231  1302  1673  86161  817718  196668  762331  1.18081e+06  0  37780  396  194  289  248  1.66856e+06  62432  75279  60811  12649  971  570  56287  3781  15353  1036  1907  3474  47109  19166  2450  265668  58086  563817  230590  115668  849953  631746  7011  9870  4241  145  64  115  174  232  1764  3419  56386  5765  98885  18244  36  26  321  225  17484  589  5311  1759  2249  232  99  1324  417  506  130  354  181  537  358  9  291  31  98  12973  5075  4084  4981  1214  2833  1475  518376  
38  101  124  1307  236  521  754  808368  201  133625  0  623  8190  818013  8169  45762  425  28872  429  457099  7744  727  343  583  522  1393  607  190  219  84  13  451  55  82  8803  4763  3023  3634  168  1900  229  197  61  100  301  185  614  1136  316202  3396  150447  499953  177  1593  19907  4811  88967  3528  45372  3201  59645  2058  345  2387  900  1179  671  327  99  1129  539  35  964  198  91  35388  7401  3352  8929  299  6854  647  31120  
574  288  2487  996909  456  122  2602  1.07634e+06  58  92  750  0  388059  125868  131464  91  129  850  173  139631  8489  2254  399  2575  813  2286  4635  3464  169  127  2  198  3  310  6837  3149  4321  1004  2678  2776  5927  3080  157  4855  94026  298  325  5105  182702  213  59  336  276632  56698  28409  19523  35  39  298  74  44393  1772  372  431  1198  387  298  124  137  204  176  1  266  4  183  1977  3789  1370  427  6232  328  126  3715  
204  177  804  46853  500  265  2263  1.06744e+06  86  165  3111  340783  0  555267  201824  82  66  2237  412  308287  9584  2390  262  2533  498  1659  1721  1077  110  85  4  140  2  136  3378  1231  2226  780  819  1875  1889  1968  49  1244  11520  210  263  1462  213651  142  71  1169  96797  301796  68265  17438  46  34  622  154  101038  5324  989  322  1965  733  1090  266  133  218  147  0  217  1  157  2036  1845  822  359  4038  697  158  2196  
224  265  637  32400  680  306  2094  571300  229  2270  784025  137802  596948  0  468477  1590  177  6878  1105  839285  24683  4814  534  4832  719  1779  2083  1287  225  123  10  291  8  195  5478  1674  3006  1557  837  2869  2275  904  49  589  6337  192  533  1458  160621  541  4091  42776  17431  117903  586421  67356  1543  105  2029  338  241965  12076  2133  774  3172  1282  2099  417  63  360  129  2  210  9  42  7448  1302  1075  767  816  1486  251  6659  
278  560  475  56866  541  163  1324  121396  1290  736  4879  129322  171275  420942  0  283  213  43994  2077  1.33401e+06  43557  35808  4338  515729  9754  68204  16312  2332  1135  666  13  1021  10  197  27742  777  3755  1613  618  66466  2696  2813  36  859  13268  137  242  989  70000  178  531  3867  32047  28322  82774  306715  313  237  11920  1172  121355  4105  2103  2653  4102  702  655  227  98  465  233  6  429  32  81  6794  1389  1042  613  1426  5562  285  4942  
12479  20870  1162  1591  105861  63702  54993  50450  48367  1.62117e+06  36233  553  293  258  371  0  1.71639e+06  582170  141886  23332  338  428  57832  3199  10609  1364  3150  7576  47336  34096  4975  350309  437869  605910  196123  37154  965560  519390  3679  5884  6604  68  24  69  105  133  509  783  7171  500  18430  14973  22  18  135  189  33454  3361  26043  1216  4742  84  37  439  215  503  97  104  38  633  137  37  830  205  46  5301  1717  1027  1611  181  1314  844  307312  
13267  23568  1823  2677  104824  60619  53926  53905  32473  193835  22043  1102  550  482  3607  2.04657e+06  0  667956  1.3616e+06  70193  883  945  43713  4425  13384  6508  8388  14159  137389  445222  433067  1.2824e+06  513805  291047  426862  63689  856240  357453  11350  26211  18263  243  80  118  222  375  1502  1629  12365  1645  4071  43134  30  45  589  1110  27088  18825  196762  8170  110957  625  161  1571  701  2631  347  199  118  3547  650  218  4079  808  178  21318  3129  2088  3562  232  2599  1850  399995  
11272  23169  2586  3515  47523  49054  123087  85139  149298  197143  43308  1407  653  603  4180  586323  323321  0  2.24448e+06  644999  88938  5443  719365  13704  116589  17156  12687  30304  155134  22798  1569  72605  1607  14552  159992  24926  354970  285282  10694  109700  40394  2127  441  248  542  1134  1946  2848  12703  2995  10369  12031  80  66  234  2477  18118  19379  195600  38726  100890  12515  5976  26755  5774  7234  1259  872  801  11322  2059  360  7297  734  476  52140  6339  9913  6749  646  12847  5142  234295  
8109  17412  1095  1638  58128  65733  197249  43402  180392  173075  2466  699  298  242  805  114333  1.88704e+06  2.62343e+06  0  12504  411  381  1.20309e+06  2065  102065  5510  3543  8663  454231  1.36292e+06  571381  90873  1792  19360  101823  13459  266648  204205  4201  22021  11819  237  49  49  131  196  574  807  5192  950  2392  6542  20  19  209  372  5204  6564  50776  4873  34069  411  303  1676  518  1293  165  98  108  1850  340  92  1626  222  66  9279  1239  1381  1568  129  2082  758  174876  
1817  3917  1167  68305  4292  2488  7040  576359  5855  28441  797825  107075  204135  439649  1.74613e+06  22689  3083  713531  15373  0  1.15842e+06  400820  50749  535883  54836  137213  52677  11787  7904  4814  127  8418  189  1631  81521  6721  32328  22700  2148  221197  7476  3989  797  1871  9605  2291  3804  7957  189164  6051  22415  113702  16573  32067  80292  90429  42067  15996  330994  54581  1.68049e+06  76727  24839  58403  31322  13780  12184  3669  1578  13914  2120  233  7754  815  806  115199  15335  18860  11075  1408  26458  7238  80936  
679  2236  216  1866  1481  229  423  10805  131  380  574  1622  988  1040  11680  101  41  77271  128  625512  0  565419  40515  113112  3756  6769  4246  2248  470  448  2  618  2  80  17381  697  8416  2303  548  38383  3379  165  40  62  226  105  90  269  2906  54  344  485  169  118  96  880  188  109  11402  2669  29076  93829  33252  15592  12352  571  485  187  62  271  63  2  309  26  33  10231  375  1014  421  62  8409  338  3824  
3195  12176  976  1880  8232  773  1373  7395  52  247  85  982  553  500  14151  258  125  9138  132  172862  441461  0  59057  491605  4220  3499  6499  9027  1015  1316  5  1745  3  130  30981  1819  39518  5294  2265  52001  16490  86  22  70  148  60  47  232  1882  29  25  96  161  235  78  887  24  27  4297  417  15948  78451  32329  6581  33099  539  616  171  31  112  33  0  145  9  14  11947  170  472  258  53  14965  219  6921  
39513  62663  3061  2988  44657  11069  60071  21719  67777  30525  526  821  389  276  484  4200  3578  713881  728837  87160  35425  50926  0  217432  519535  19172  10402  22615  1.12332e+06  337355  3200  204372  458  32770  59153  8130  193753  94221  8134  15816  36984  73  14  60  118  75  148  389  2263  196  2148  599  22  18  19  136  808  350  5119  1752  4903  1620  1102  3386  1193  223  97  62  40  216  37  4  165  24  21  4404  369  643  344  154  1373  398  70600  
33457  97018  9755  9520  47402  4419  9445  28681  623  1098  228  2203  1159  1033  437213  893  480  37483  792  398824  98765  571603  329156  0  1.29123e+06  263707  27814  49080  8903  20601  43  30174  32  3456  86617  6726  162035  16445  8404  202553  47900  158  29  211  347  114  167  672  4199  73  212  224  191  446  140  1582  127  56  3266  615  22202  25249  27668  20656  93111  2430  1289  337  45  201  63  2  194  5  21  21896  339  668  495  129  32683  311  19502  
26491  59866  6922  5458  28424  4034  22331  15471  16681  6941  275  976  493  341  7233  1196  1052  58855  15104  28176  7290  4621  508167  1.29665e+06  0  1.48811e+06  698330  68959  2.42364e+06  34675  536  41826  107  7780  56129  5655  104907  27547  4924  245083  22143  76  23  120  159  67  89  324  1713  80  554  367  30  27  27  150  506  282  4041  897  3702  798  459  1248  9820  7584  307  63  37  225  36  6  126  21  9  3603  256  354  257  135  2623  263  32045  
1710  3237  971  811  1443  232  2042  3272  1638  555  130  248  193  80  30155  414  404  12542  1174  9832  2152  1738  12598  205623  1.65314e+06  0  509679  18780  37862  8330  26  7206  18  467  10507  834  9180  2681  730  207899  8842  23  6  20  48  18  27  57  730  31  136  118  11  11  15  93  108  60  2158  391  2505  284  176  403  412  116  45  15  17  86  17  1  50  2  7  1258  103  129  89  35  814  91  25213  
12325  1878  3698  12004  392  101  2204  3615  341  484  270  2724  1223  833  11325  1037  1004  11400  1005  9242  2023  2656  7587  10248  608628  476042  0  187868  2677  693  16  1024  122  5346  78307  14941  36259  29201  29096  364646  364080  36  6  45  448  37  66  162  1063  33  142  210  124  63  44  143  272  118  2620  430  3117  437  299  707  653  120  108  67  38  107  26  1  66  9  27  2646  189  339  127  403  1853  340  23976  
262016  38725  28207  87651  7118  972  16691  6136  1307  2088  290  2986  977  721  1135  9834  9169  14514  4005  3137  1496  6486  33424  48616  63858  3138  168537  0  92155  386073  330  411591  2187  104697  85204  16569  195317  44993  41618  77065  314796  104  11  400  2027  36  110  456  949  48  142  303  279  66  49  102  246  146  2581  484  1890  302  174  388  452  88  25  38  26  161  30  2  89  7  10  1148  237  497  144  586  388  231  26146  
35026  49351  4466  3047  29648  7685  54501  11987  49052  26452  688  546  251  184  643  10202  5622  53294  81917  5245  1739  6381  898942  32054  2.22528e+06  28444  7775  124362  0  3.10696e+06  20245  82230  347  18833  122067  11319  191042  149904  4781  98932  18232  72  22  85  106  59  127  316  1657  177  637  1381  13  11  31  104  2167  934  8711  1300  5358  515  233  712  596  233  45  36  28  296  58  11  247  44  23  2369  292  537  467  108  564  416  150822  
92636  95300  5893  3502  52024  15941  16895  15799  14392  19971  2140  413  183  152  798  14229  262312  69959  544401  14977  3826  11393  426241  87917  67580  5518  3827  340441  2.6742e+06  0  1.03432e+06  2.83758e+06  919  53860  200598  25215  290968  179175  5269  38272  15984  71  14  105  111  95  228  427  2775  266  1000  3281  9  4  63  156  3079  1269  15808  1411  11647  687  348  811  871  289  78  36  38  398  59  12  314  39  14  3552  472  590  589  84  749  565  245357  
4351  3455  241  273  4795  3435  2741  4863  2616  5377  890  102  52  49  161  6313  345745  16571  335036  3087  141  148  14389  839  7559  689  580  1745  80627  1.61718e+06  0  778421  992  4680  112354  15302  103090  66534  1864  1652  1712  8  4  5  18  18  70  121  1063  81  345  1212  6  1  24  45  1139  386  4598  249  3321  31  16  95  49  76  15  8  6  101  14  3  82  14  3  837  110  149  198  21  146  189  132994  
321382  90348  8464  29997  82759  105155  37044  36715  47297  287588  16026  957  443  379  2763  274786  1.17032e+06  444912  158147  70852  8143  9782  437506  104442  142941  13045  9461  373317  182436  3.73128e+06  546213  0  624518  804994  177892  26947  554624  183737  6916  45279  18740  226  64  181  340  271  894  1483  8914  1077  2429  22463  44  28  186  958  7322  4718  67524  4730  43701  1243  606  2121  1334  1015  287  122  90  1379  220  62  1183  180  75  10392  1561  1660  1568  120  1646  967  172761  
3784  6303  204  372  24738  8181  1943  5473  970  46494  1887  148  70  45  135  225518  279806  20993  7977  2989  60  66  2997  507  1899  535  1304  3404  1575  859  827  362898  0  224346  2555  408  143960  13953  501  844  1603  11  2  12  29  22  85  155  837  55  140  2539  6  4  11  34  910  244  2631  169  1234  33  17  56  33  49  15  6  3  67  7  0  55  12  7  416  87  87  76  9  61  41  4603  
1.11237e+06  144874  2006  4094  794330  1.38315e+06  12427  33371  5478  925851  2604  480  228  179  411  1.02609e+06  519827  65155  24885  9818  1501  1157  67422  10809  16222  1416  16822  55384  12683  11389  2906  1.01563e+06  606802  0  18744  3567  624141  22760  1270  2758  17709  37  16  79  122  195  1068  1919  8361  433  397  3562  18  24  35  95  1559  534  6421  470  4362  141  60  311  159  112  18  17  13  145  31  2  123  11  10  1839  359  466  333  34  173  94  16734  
17163  89253  44281  43045  154447  53636  293700  1.47414e+06  15085  375071  83968  3306  1659  2943  7381  235795  66714  438315  40237  95975  12598  36405  275020  124372  155114  32131  260896  244753  92907  58721  1147  47601  106  2786  0  3.00436e+06  401571  279767  310362  1.93013e+06  780582  1445  747  2981  3824  5763  15737  39137  369166  21994  16958  46582  652  522  647  2497  7974  4299  40975  8328  31860  3744  3006  11346  12134  3524  4124  2267  1040  2556  551  67  1508  115  269  198895  12954  19577  11358  9533  49035  22230  4.7378e+06  
20329  43779  73681  28021  19897  4690  79447  79136  1503  36988  24869  1431  647  893  694  53082  14041  73965  4008  14874  1240  3491  24895  14051  13393  1895  28155  39484  7684  5458  148  4640  34  979  2.2128e+06  0  105214  83823  847597  91542  68988  583  65  1148  2165  231  581  2910  21940  729  2567  11891  589  143  197  297  1791  608  5382  885  3553  276  133  916  464  264  175  200  96  253  45  6  154  13  30  19084  4503  1955  1245  1592  1224  1626  615848  
96588  265252  151344  81447  429809  172798  187689  735311  17744  473724  9442  16916  7806  5896  5884  500919  378248  212379  101880  23011  3253  8825  133575  50287  39260  3805  37086  49310  45308  46544  15907  93073  15320  148384  186615  272745  0  1.72592e+06  312983  16662  142283  581  246  2543  2722  1190  3203  9649  55054  3251  3310  5638  382  325  243  366  2596  1091  12584  1423  9854  555  256  1026  813  320  109  63  57  389  83  7  300  38  31  8597  2356  3810  3427  685  1136  770  334805  
4069  33948  10629  12963  73874  17395  27313  232184  6866  280368  12865  491  336  575  357  126250  41234  87766  33758  6855  811  1687  42636  6193  11434  1418  9332  8409  14058  10569  1827  7263  392  2190  64592  71312  1.56893e+06  0  20881  10222  55847  133  71  478  279  338  857  2112  25267  804  2940  9302  17  33  106  93  831  233  2611  488  1891  134  85  589  343  104  61  61  37  142  39  5  80  14  13  3476  624  2739  3632  640  1342  1416  462048  
18824  12947  37017  14650  1883  547  20788  14224  177  786  547  641  271  202  211  1841  1533  5224  659  962  185  913  4388  4336  2121  341  9914  13189  1203  1086  34  879  11  189  163849  509714  221251  9167  0  13151  31703  111  7  173  193  20  49  371  649  20  68  137  28  12  9  33  86  50  570  110  388  47  40  200  132  46  14  55  89  58  25  0  36  3  4  1103  350  1416  145  4518  211  527  29442  
1887  3405  1390  3348  1933  434  2679  9050  1162  2304  1025  1524  888  819  23630  1264  998  63718  4453  37627  16094  39733  13064  72651  202476  403621  797654  104441  68752  33709  41  15243  29  434  1.34228e+06  11647  20874  9467  8434  0  1.13214e+06  684  138  105  597  361  671  1198  4643  1069  1823  3973  429  201  494  2702  4981  4675  49234  7117  51781  8363  8847  14079  28459  4491  4923  2860  1238  3005  702  93  1754  161  380  83272  2005  7160  3142  11642  96980  9495  90729  
3102  1322  1269  6548  820  343  2938  3470  535  1193  1093  3630  1570  1251  1852  2823  1680  14472  1740  3062  822  4835  30209  21196  13593  25128  772327  177017  3101  2376  26  1104  23  1834  800302  97470  95661  174487  89517  1.11652e+06  0  96  26  28  378  127  275  494  1236  55  227  296  133  77  58  148  297  165  1636  374  1464  251  206  846  651  157  115  338  224  189  53  3  91  6  51  3069  398  1555  631  2754  2358  4626  119843  
168  365  3769  4600  174  43  1265  3254  99  265  287  467  165  280  456  121  204  3781  547  1625  276  680  236  1320  128  59  71  166  141  67  2  225  10  39  2704  3414  673  596  597  1070  188  0  1.39362e+06  30461  622742  332141  38382  449138  10839  1385  6034  198  9075  4790  2782  3334  5896  10364  24556  15158  7616  5131  8780  124629  90091  47439  3511  12000  130680  73417  31211  374  414466  1375  921369  66228  39359  294342  32365  30427  18072  18900  28358  
39  163  361  480  300  67  1118  2303  45  488  321  11  7  7  33  204  107  1589  205  549  114  318  117  536  88  71  85  74  81  40  1  100  6  11  3935  1061  461  442  160  1005  100  873537  0  649  515  668012  12281  154643  10791  595  3030  376  94  72  52  860  3546  6307  15897  9076  2904  2379  3593  72906  35880  17471  1608  1882  6576  24727  7166  162  98738  346  25988  203350  99844  393053  110414  5779  12350  4373  76660  
936  1216  29419  37739  175  8  4993  6694  2  4  4  66  8  6  10  0  2  56  6  38  8  8  11  35  15  1  4  28  9  6  0  7  0  0  212  22617  162  31  1238  27  21  29725  266  0  163156  372  166  110145  45865  21  29  14  56  53  32  37  38  114  293  154  110  85  160  1379  1564  967  85  108  488  638  344  1  483  6  169  3093  34026  8844  937  9221  598  241  1149  
1100  1266  45642  726170  430  65  5011  91254  13  36  103  76402  2718  2829  4608  15  28  227  34  4518  146  135  82  339  69  50  547  2033  45  63  2  394  0  49  1178  10651  935  153  3846  244  864  615168  287  210718  0  535  464  7139  653724  143  85  153  647768  34717  23068  19071  73  122  650  317  20604  770  526  2513  5549  5094  377  2220  1876  4202  4873  1  6210  15  1999  5774  72764  7176  671  26706  2767  1003  1742  
33  314  345  746  2362  1480  16852  13615  300  574  704  14  15  18  49  318  333  2825  345  1238  196  367  258  531  136  64  104  187  176  79  14  251  12  43  7867  1756  1530  732  254  1054  246  394197  641022  962  790  0  924659  743458  61961  1854  20722  428  76  79  52  3630  16551  19981  40739  26406  7146  3177  3281  106907  30027  18959  3562  4637  4136  34157  10634  784  50058  2612  304749  374735  247327  271725  81140  2160  26177  5661  107608  
45  238  173  410  3249  5095  21951  38868  1051  1913  1452  11  25  42  74  538  508  3381  432  1665  179  347  383  501  200  71  119  198  191  92  10  391  23  74  13451  2306  3536  1678  244  1097  323  17176  11842  565  546  1.08877e+06  0  624515  143721  537585  1.08669e+06  1275  65  106  115  4841  56423  46602  55378  42200  9822  3247  2621  131714  22611  48690  3938  4607  3178  155443  62962  2896  67930  7694  769296  443147  140271  546084  130412  1358  21023  6181  199215  
1167  4458  30462  20356  19908  35303  141391  167331  4603  9417  721  66  56  52  99  687  818  2580  640  1512  155  258  980  810  321  53  164  412  202  218  57  1215  34  191  31692  24976  14629  4475  1133  1096  473  232778  167922  136252  10223  1.12361e+06  1.17958e+06  0  1.78778e+06  1.1814e+06  52189  1139  171  314  245  1734  12719  4021  20997  9493  5208  2010  1615  41777  14327  42089  1511  1196  1793  92138  8328  66  4574  153  2549  183899  262453  159980  33533  23069  12950  2819  69416  
841  8782  53061  273198  38988  64815  312097  3.21183e+06  22426  58093  151909  43662  120040  68325  45725  4807  2526  19327  2905  80101  5520  3443  5273  7699  2851  4120  2160  2016  1058  683  112  3239  97  631  211967  44645  82569  49747  5511  7622  2463  21592  20824  76553  573992  73805  227935  1.43075e+06  0  1.36895e+06  313146  304125  490377  1.01502e+06  596705  190341  11790  12404  91178  56678  305952  43034  8312  49776  33192  20220  13618  4268  2017  12756  7731  371  12650  671  7759  397124  372945  548193  198328  13662  56604  5970  348661  
27  189  79  373  2083  21588  28182  94275  3564  8884  590  14  9  22  25  279  364  1466  408  1182  82  33  379  135  140  42  60  98  93  98  25  981  2  71  9269  738  8856  3523  85  368  147  960  454  186  230  2120  1.09017e+06  916515  1.4315e+06  0  1.55431e+06  658  13  16  18  381  22199  2942  47035  47840  3795  480  109  112464  956  86622  432  167  148  221531  89532  183  3716  232  713  24893  40087  35333  12480  388  5452  617  23935  
74  188  95  288  419  992  2813  68680  4038  102424  20257  59  30  123  58  16004  842  10948  556  4216  170  89  2489  183  759  139  262  281  412  110  12  602  66  119  10699  1976  7242  8516  292  1404  672  9302  4180  418  513  58749  1.22935e+06  202162  623046  1.40737e+06  0  75978  81  73  352  2603  2.02157e+06  135550  86412  47323  6965  1438  489  102920  4339  50930  1779  6705  3798  144446  93781  2779  275528  117743  727616  104431  197780  499733  171167  3172  72762  13719  121958  
149  297  111  417  769  762  1990  160280  1771  249201  336089  203  839  6372  1696  119018  9091  94915  2437  107022  708  454  2513  896  1849  450  426  580  3540  578  158  6731  762  795  39180  17650  10477  15098  567  3337  879  283  116  137  432  930  1773  2489  527455  306  125670  0  902  9200  531542  19257  37606  668  21393  1239  323797  8471  1559  1249  3178  2499  4178  1282  295  396  134  8  502  165  189  6606  3392  4221  3225  1749  2842  1937  34859  
222  118  1652  176068  290  78  1767  151307  13  52  676  330436  91120  26473  41419  32  22  337  48  44612  1290  1055  74  2066  160  498  631  711  35  23  0  101  0  55  3189  1383  1287  458  800  672  538  43173  70  1821  637149  202  208  1803  1.01608e+06  189  55  1612  0  339338  180997  160148  50  67  400  121  184311  6687  1387  856  10663  2320  991  1159  1984  1623  2146  0  2645  9  2851  1855  5010  1371  257  98794  1454  938  2127  
34  186  756  15100  628  447  4519  170657  91  211  2306  36478  237610  116325  43430  57  42  943  131  76937  2008  1763  121  3482  120  305  164  113  21  17  3  63  1  38  4020  930  1994  733  336  550  122  32773  130  1018  53313  426  372  1446  915409  270  139  5208  397430  0  468314  208254  86  84  611  182  290741  23291  4243  965  14453  5596  7257  1822  1754  2082  2805  2  3405  11  2072  3823  4604  1981  709  52722  4311  868  3187  
53  131  520  14625  465  639  3063  144994  339  19188  98195  11450  48517  499990  100306  5413  227  9338  1062  215460  4625  3967  523  7134  416  850  399  186  145  65  6  366  24  89  11234  9147  2279  5639  240  1791  281  14259  164  835  40488  1175  1940  2938  873131  297  1285  509659  116026  421057  0  672160  670  111  2712  408  748498  54114  9761  891  15455  4605  6903  1413  687  1155  1220  2  1540  12  713  5932  3849  2804  1194  17555  3371  597  12252  
87  180  619  21188  442  221  1765  65669  290  957  8629  10820  12248  30460  271185  406  182  9454  1523  99191  2240  2435  793  4132  556  920  467  234  173  83  5  373  15  74  4948  801  1615  1186  229  3931  364  19023  331  1017  47472  1344  1275  1780  301772  189  533  13304  125749  169871  467761  0  352  338  32923  9763  1.20322e+06  33726  19209  5270  565871  56175  125427  15782  816  3098  2150  9  3878  675  784  22195  4883  11478  5021  6514  100499  8910  13108  
72  153  130  332  308  333  854  6831  485  21836  11472  28  16  34  24  24689  3333  16750  506  6500  80  91  936  168  654  178  225  253  1342  218  27  1153  317  274  5318  997  2741  2574  267  2302  625  6507  3431  612  591  33515  58691  18804  27340  95231  1.68815e+06  30306  41  52  220  1245  0  1.62167e+06  692688  37966  3734  819  298  52448  2787  21935  1031  6634  5131  36261  38454  1351  340539  447737  505492  110189  80395  439734  224063  2448  68326  16628  148177  
239  561  302  627  800  401  1383  11271  290  2484  22396  35  16  23  161  8943  8761  43633  3461  20745  200  290  1873  714  1866  631  917  2404  3756  1199  153  6157  387  553  28404  5009  6028  5231  886  14625  2871  5869  4188  1040  839  31226  129321  21888  48137  23522  269923  6457  32  52  64  4728  1.62206e+06  0  540767  1.42728e+06  17906  1050  505  64625  4510  36948  2992  5868  4690  196031  499197  485130  1.41189e+06  174930  254929  389814  45868  491629  606154  1590  184578  43964  550055  
1301  2805  792  1709  3891  1130  3270  19107  3096  4790  35381  173  92  106  722  13275  19241  204525  23828  56396  5318  3725  16928  3660  8889  2462  3649  10461  11336  4512  459  17602  860  2271  101246  15539  30796  23862  3423  49687  10278  16082  6389  3155  2988  20478  18947  25557  103764  54327  67082  15853  166  179  269  4368  738180  462616  0  2.66816e+06  727817  146828  8484  736044  12821  136785  7033  3951  4583  129741  39852  1417  80293  28099  9913  178373  20681  206599  85296  3677  30407  20943  159930  
334  725  369  892  823  409  1409  9272  937  2337  6482  52  34  27  175  2009  4753  37003  4968  11413  638  455  3901  818  2062  721  1069  3228  2699  1389  99  3776  134  436  23481  3615  7137  5240  888  16143  2686  10925  5093  2038  1919  16467  46322  32535  55472  120849  95683  1651  103  100  79  3085  28848  1.8124e+06  2.58373e+06  0  82572  8553  565  1.7595e+06  5149  254568  4858  1967  2129  569428  1.34108e+06  858184  161447  20447  7427  92566  14825  113240  54347  1571  19720  8596  80145  
3097  6648  1385  18647  10338  3836  11275  217339  11737  10151  124175  17852  35071  50811  166142  12408  19016  518190  69515  1.46662e+06  50088  30477  54419  37955  20907  12500  9018  13707  11553  5579  571  28800  998  5514  173699  25038  71760  57605  5509  67406  18441  14522  1855  1856  21205  6461  9160  13696  435327  4403  10148  272504  60353  173766  347034  1.6099e+06  6754  3232  826062  212271  0  1.61398e+06  547488  62378  731503  65855  131014  42207  3621  18122  3248  106  13059  2506  2097  159000  22926  60375  22030  2977  103205  17498  160597  
335  839  120  342  775  221  690  7282  764  749  2270  175  281  485  1952  547  235  33680  3416  48886  143594  90809  13852  27704  2590  1539  1319  1021  506  271  10  911  35  241  17350  642  5215  2785  373  17292  1841  3007  957  456  581  1944  2175  3875  27779  1185  2420  2338  100  1502  398  20089  589  365  233391  28521  975357  0  424335  112623  211307  12658  13389  6367  1064  3558  1289  19  6837  1048  865  44282  3929  24847  8173  754  29058  5574  14627  
65  154  36  134  121  30  166  1426  118  93  287  67  104  143  645  61  35  4864  548  4579  22518  27430  2378  20600  662  601  524  186  90  43  2  127  4  41  11615  135  864  479  85  14919  330  2734  586  261  537  776  554  2279  4943  23  146  312  99  781  171  35910  88  92  23799  1984  395439  346092  0  114246  533967  14799  25384  12220  904  2525  1480  3  5041  87  465  29339  1816  8187  1937  554  62592  3803  6009  
94  240  633  1927  364  371  1620  8964  544  1171  801  38  32  44  233  310  270  11855  1436  4157  4064  6835  5258  26989  997  418  441  400  314  127  6  429  16  134  10488  883  2269  1727  680  6155  867  39285  13471  6232  5713  27213  59923  98339  59358  146945  60435  791  317  279  185  2261  10991  22668  871709  1.33253e+06  68646  102719  128795  0  292695  563484  16898  4447  7075  923209  753843  7125  189999  4445  11905  130573  13261  212349  35890  5515  13566  34147  70214  
134  416  270  1045  404  93  533  4179  222  305  461  157  198  160  783  116  104  7320  1202  5887  6438  37839  2717  107421  2066  1181  1146  516  188  120  4  341  9  83  23480  450  2239  1066  368  29305  1037  42133  7433  2986  10312  5607  3382  25597  20926  686  850  526  1747  2184  1266  644190  567  545  47389  12464  594112  145729  552364  480348  0  1.89461e+06  503235  49456  9707  65791  49987  38  108268  752  4952  89507  10634  49789  4248  8421  220229  19577  37365  
62  186  272  1141  264  200  856  5620  327  481  590  115  522  93  321  210  270  7691  1499  2832  501  945  758  7534  3376  382  358  282  314  108  12  414  15  114  6733  564  1467  1226  381  4525  424  50117  9527  3883  11129  7655  23950  62269  30606  44754  10733  612  1668  2789  774  86873  1747  5383  89185  54625  22739  10156  11994  576912  1.55882e+06  0  1.58447e+06  618059  81134  2.6246e+06  77270  104  136332  1326  6026  98918  14404  65203  12110  9140  234157  18471  34826  
28  68  46  301  118  52  366  4186  130  129  331  80  847  97  300  76  128  4279  648  2398  419  794  550  1446  608  531  492  144  89  52  3  180  6  45  8845  221  679  526  157  6650  257  3815  666  293  1221  982  812  2392  21538  362  386  738  736  3522  370  191517  206  283  23876  9305  30094  6436  7777  29232  445300  1.59078e+06  0  516295  11793  22515  10738  7  14608  553  688  41294  2407  10179  2920  1363  253317  19342  22360  
21  29  28  109  42  22  131  1142  34  152  174  39  193  39  100  67  53  1527  177  728  158  438  245  570  248  299  300  85  38  23  1  72  2  21  5010  176  346  283  770  3958  284  8414  1624  131  1024  6103  3123  1062  5237  55  4202  270  873  1021  392  16465  6113  6197  6527  3526  6073  1738  2013  11988  22294  590594  603170  0  152980  4093  862  68  5969  1224  65812  72320  10383  32347  1570  6877  259540  287837  16162  
9  9  78  559  32  20  102  497  12  153  110  205  76  113  172  91  51  647  83  426  39  162  88  236  63  44  82  69  37  16  0  43  4  5  1191  211  222  272  1224  934  363  75412  10637  431  6814  13534  5853  4561  2671  160  6670  96  4368  2269  1466  1871  11758  16923  13878  9482  3523  1041  1479  21788  12473  49733  5863  136754  0  114822  29205  230  198772  3442  139415  53961  12759  68878  3059  15653  46528  155128  15264  
111  306  220  644  767  988  3683  7413  585  929  2303  42  26  38  548  730  1434  18726  2854  6279  415  760  801  1674  642  247  298  831  809  384  46  1438  63  228  9037  1452  3274  2554  407  4191  862  19388  11465  2145  3400  25910  180670  211387  29921  215652  67738  745  354  275  163  4721  6679  43329  100599  162821  14538  6250  9284  1.05186e+06  96085  2.58369e+06  12194  6054  219304  0  3.20971e+06  4594  297511  1280  3845  93368  25568  60842  45084  2719  60051  9609  62773  
58  161  102  318  618  754  3850  7684  238  648  2817  22  12  17  94  767  1750  10661  1173  4318  130  261  457  486  391  148  228  730  791  300  33  1261  57  106  8448  1451  2004  1478  271  3833  638  5610  9903  482  957  43769  395407  180611  35539  136296  125348  758  180  138  77  3952  23567  318298  49349  396651  6642  2002  2619  374823  32656  68585  5065  1477  118125  3.37523e+06  0  1.19628e+06  3.74928e+06  545  2838  122842  55345  50105  50472  1388  45231  8123  69683  
16  39  12  33  122  121  630  1991  57  134  861  8  2  7  17  251  466  2751  291  1197  20  18  118  60  119  51  71  180  228  85  12  334  13  28  2213  382  443  308  66  1062  164  292  1189  51  56  6352  99191  35187  8889  18417  37482  228  3  5  3  698  8593  619246  12526  816738  1330  151  52  19451  666  2497  467  173  70  113103  1.96003e+06  0  900282  236  688  18601  9518  8172  10362  123  3014  840  14184  
186  442  457  1607  909  523  3077  9458  393  1429  8021  202  90  132  409  2273  5079  31962  3567  13246  614  1191  1418  2048  1265  485  689  1962  2399  941  121  3783  149  380  22252  3830  4954  4131  1088  11009  2206  253799  67207  3100  12039  78905  282457  78195  51561  10552  228633  2185  3310  2039  1257  14913  190351  1.16268e+06  335106  243752  44921  18245  12523  504851  145586  147751  19136  11188  233130  406434  3.80762e+06  1.02095e+06  0  761346  549928  228724  54559  323658  225697  9233  108597  48131  170229  
5  15  26  79  25  15  89  417  18  46  648  0  1  2  8  233  202  1394  132  707  16  21  56  28  70  23  20  68  126  32  3  147  9  17  733  121  171  140  42  374  73  1447  741  148  125  5522  20114  1104  3779  235  59181  139  3  4  3  1642  199086  149954  33099  22729  5429  1049  134  9490  894  2729  967  1813  2297  1928  1166  793  479988  0  237889  4751  901  37226  10605  122  2207  1379  5085  
14  43  124  329  146  171  576  4024  69  390  952  36  17  28  81  454  385  3293  381  1349  144  297  197  398  155  52  67  169  209  79  9  319  12  26  2442  433  602  490  94  1039  214  888948  91718  1561  1825  736626  1.24459e+06  10529  26361  1556  1.25054e+06  407  672  442  335  4227  1.08512e+06  488312  86162  56456  13210  4289  2919  106568  30297  22128  3648  64404  57933  34052  16120  3823  891187  580424  0  39886  7361  391391  37196  3354  8609  25489  26539  
710  2835  5252  13690  8026  5683  41135  305659  2984  55515  65540  224  369  631  1304  17890  7336  68570  6375  41436  2800  6775  4981  7526  3464  1906  2507  2683  3305  1239  145  5283  217  659  313674  50617  20461  17714  9853  26377  9725  69311  47976  23975  19521  185599  257873  368695  1.87566e+06  14741  324196  99271  1507  2450  2116  123032  365627  159777  454350  163934  140111  41239  51247  650610  265698  240634  130981  157297  137264  175251  95928  1572  120818  1582  5611  0  1.92609e+06  710467  328623  55383  1.86284e+06  534324  4.90649e+06  
263  630  5909  19919  1245  336  7145  30348  252  2534  13977  71  41  43  291  6352  2409  19929  1871  13603  311  347  706  433  603  188  258  557  1030  331  43  1616  55  146  15786  8405  2785  2240  3965  2938  777  29298  49248  17504  26818  92213  36015  251563  195747  5275  39901  5260  352  550  250  24342  44364  33841  62502  18969  22375  4333  2477  26519  14200  29105  15143  10004  12225  19923  9235  325  15116  908  1305  1.21334e+06  0  95805  35568  473119  146282  21588  180685  
104  771  7002  22348  2059  1640  12455  69332  558  19750  10365  103  94  121  149  2453  564  4819  521  2313  294  651  1011  858  647  641  941  449  296  122  16  421  26  72  15918  5210  5008  6276  8260  9158  2006  99890  72067  43203  23848  149739  261431  312626  939559  18211  406868  20453  826  1207  680  8935  367224  325206  216561  101501  32892  10113  4908  176482  32550  56373  6993  9125  16408  64841  19013  3158  134372  10547  127541  288160  219262  0  1.73007e+06  216990  147690  74689  309820  
36  228  1210  3967  617  485  3129  19711  212  15461  7029  10  14  43  34  2156  237  2540  185  1510  68  67  339  145  157  49  103  119  127  42  6  180  14  30  6643  2031  3481  5587  350  1104  1116  4508  12447  4772  3965  28185  58462  27353  273633  3881  213532  15845  24  165  109  2704  149850  62841  65469  23800  10547  2525  658  23705  1876  8774  1508  2692  539  12566  3044  536  14038  585  3673  123556  36004  1.53478e+06  0  1045  390987  68099  439108  
50  95  1236  2153  67  31  484  1938  11  311  67  410  245  340  543  82  25  377  47  657  24  59  78  138  41  32  95  63  22  8  0  16  0  4  927  1182  271  362  3737  757  362  39880  4448  12417  17290  1293  1653  86801  19150  347  1317  92  12862  9327  6839  3187  732  515  1475  601  3250  512  851  5396  9149  6744  642  4151  6644  4555  2284  6  3058  65  6135  8847  420259  153586  636  0  5645  13840  1651  
96  272  112  360  281  112  469  3707  123  2908  2875  56  245  105  555  690  231  6176  683  3939  1643  5868  1817  8290  3373  3581  3825  643  231  157  5  365  10  45  70341  2001  3274  4496  7419  59669  5667  4511  1074  388  2189  2248  1784  4644  23537  524  40008  3465  541  1014  416  45172  21901  5798  14579  3812  15596  10596  12664  24195  147746  190657  540050  661658  64263  45652  25995  34  28023  163  1335  1.23776e+06  50219  114500  160852  21780  0  1.10635e+06  170032  
14  42  44  109  60  32  243  1133  28  445  172  7  43  7  19  142  69  787  104  272  130  436  345  435  238  220  388  159  68  16  3  44  2  8  7307  1261  695  1057  3377  4678  3214  1852  430  135  511  1396  939  2149  4942  66  2248  278  71  157  51  6839  2088  1025  8224  3079  2896  1533  2575  52527  14070  8921  29981  668593  103597  4825  2090  15  3113  117  5821  625706  59979  71734  12442  18239  1.14841e+06  0  123921  
17893  45050  51215  20180  54402  26601  69093  717923  14895  796203  130574  274  213  1800  1186  457158  76143  355169  45946  68313  2692  4420  64810  19250  21553  9937  35241  17252  21062  9660  1880  9585  259  1240  3.33256e+06  811299  995240  2.03113e+06  52714  107496  176448  16032  17752  13021  5430  19455  60994  78555  781069  13367  381255  113484  98  322  771  23414  409046  152412  296882  53300  45732  5430  3815  92351  49313  27619  15321  32319  10125  30603  5953  1080  21888  721  2135  2.72671e+06  179154  971897  1.9045e+06  1989  364562  152676  0  
