4628887  
2573156  
457271  
3667559  
3586770  
4320659  
7294136  
13173833  
4193006  
7258640  
3211457  
2297031  
2502026  
3810583  
3138317  
6394801  
8368503  
6837001  
8513453  
10088504  
1604875  
1587285  
4454442  
4367525  
9006825  
2396741  
2108382  
2587163  
9431191  
10591353  
3211061  
10107751  
881107  
7301988  
11834062  
4192702  
6511935  
2680478  
794089  
4693465  
2311754  
5145999  
2011369  
447934  
3158247  
3236495  
4896691  
6868820  
12889092  
5057823  
7491402  
2851794  
2671366  
2024283  
3699180  
3050075  
6356356  
7857260  
6384174  
8151097  
10018384  
2039597  
1347699  
6195741  
4543600  
8786253  
2398055  
2068601  
2346430  
10072057  
11191036  
3379452  
9829635  
1078916  
7221027  
11997215  
3675817  
6274488  
2657975  
733108  
5014369  
2273083  
12989715  
