4412038  
2631467  
634734  
3701921  
4029333  
4279199  
7280633  
11693562  
3789883  
6721460  
2958415  
2263921  
1948753  
3508239  
2544309  
5841700  
8034502  
5944831  
7804808  
8102997  
1246506  
1116924  
4559666  
3551310  
8021121  
2204337  
2164938  
2135342  
8671221  
9977566  
2944109  
9501660  
787389  
6478433  
10264247  
2821967  
5143156  
2109694  
636351  
4685894  
2204557  
4445593  
2078363  
522171  
3855096  
3337877  
4677617  
6702333  
12161195  
4251755  
7123537  
2536229  
2403613  
1887301  
3330889  
2607710  
5907812  
7811713  
6117955  
8323239  
8603370  
1489760  
1148035  
4670875  
3742737  
8044146  
1943280  
1924541  
2387494  
9224197  
10716243  
3506400  
9636076  
964556  
6415129  
10553413  
2275349  
4049066  
2072431  
547613  
3530809  
2001378  
11289573  
